wavl,flux,ivar
3290.987726031931,0.0,289105195696188.5
3291.027736201583,0.0,289105195696188.5
3291.0677463712586,0.0,289105195696188.5
3291.117759083386,0.0,289105195696188.5
3291.1577692531127,0.0,289105195696188.5
3291.1977794228633,0.0,289105195696188.5
3291.2377895926365,0.0,289105195696188.5
3291.277799762432,0.0,289105195696188.5
3291.317809932251,0.0,289105195696188.5
3291.3578201020923,0.0,289105195696188.5
3291.3978302719574,0.0,289105195696188.5
3291.437840441844,0.0,289105195696188.5
3291.4878531542367,0.0,289105195696188.5
3291.5278633241755,0.0,289105195696188.5
3291.5678734941375,0.0,289105195696188.5
3291.607883664122,0.0,289105195696188.5
3291.64789383413,0.0,289105195696188.5
3291.687904004161,0.0,289105195696188.5
3291.7279141742147,0.0,289105195696188.5
3291.7679243442917,0.0,289105195696188.5
3291.8179370569187,0.0,289105195696188.5
3291.8579472270467,0.0,289105195696188.5
3291.897957397198,0.0,289105195696188.5
3291.937967567372,0.0,289105195696188.5
3291.9779777375684,0.0,289105195696188.5
3292.0179879077887,0.0,289105195696188.5
3292.0579980780312,0.0,289105195696188.5
3292.0980082482965,0.0,289105195696188.5
3292.14802096116,0.0,289105195696188.5
3292.188031131477,0.0,289105195696188.5
3292.228041301817,0.0,289105195696188.5
3292.26805147218,0.0,289105195696188.5
3292.3080616425655,0.0,289105195696188.5
3292.348071812974,0.0,289105195696188.5
3292.388081983405,0.0,289105195696188.5
3292.428092153859,7.92,4.608986370807822
3292.47810486696,6.2368,7.432452161611445
3292.518115037465,6.3161,7.246991708742161
3292.5581252079937,6.5443,6.750397767584817
3292.598135378546,5.9432,8.184931702816412
3292.63814554912,3.1469,29.193739999692724
3292.6781557197173,5.3441,10.122938115256582
3292.718165890337,6.5366,6.766310832319311
3292.7581760609805,4.0416,17.699012014430178
3292.808188774316,2.849,35.618095447239
3292.8481989450097,3.9699,18.344105671890713
3292.8882091157275,2.726,38.90486163603278
3292.9282192864675,3.1977,28.273540216848176
3292.9682294572303,4.2274,16.17741047459644
3293.008239628017,2.8684,35.1379294282618
3293.048249798825,5.0373,11.393576996835469
3293.088259969657,4.724,12.95495578175012
3293.1382726832294,3.4778,23.902671377819996
3293.1782828541113,4.1131,17.089019630169336
3293.218293025018,5.986,8.068305361536554
3293.2583031959466,6.0821,7.815353761504789
3293.2983133668977,3.8708,19.295418727301918
3293.3383235378733,3.8559,19.44482983623165
3293.37833370887,3.7576,20.475502613664776
3293.41834387989,5.1381,10.95092041541357
3293.4683565936975,7.4636,5.1899009373536575
3293.508366764769,7.9403,4.58545002791501
3293.548376935864,6.5182,6.804565511122658
3293.588387106981,3.9311,18.708005656009362
3293.628397278121,3.4894,23.744013708673073
3293.6684074492837,6.2775,7.336388401436223
3293.7084176204703,3.8703,19.30040455788834
3293.7484277916788,4.7249,12.950020927133897
3293.7984405057223,4.6842,13.17603839811861
3293.8384506769817,4.3114,15.553175068141833
3293.878460848265,5.1061,11.088609633161798
3293.9184710195705,5.4999,9.557540620305803
3293.958481190899,4.5195,14.15386089710507
3293.998491362251,4.145,16.826997003983557
3294.0385015336246,4.3579,15.223032575868064
3294.0785117050223,2.9741,32.68469756224883
3294.1285244193004,4.1627,16.68420287261579
3294.1685345907485,1.9039,79.7566993393195
3294.2085447622203,5.1479,10.90926581907297
3294.2485549337152,4.5166,14.172042434055287
3294.2885651052325,2.9211,33.88150942255153
3294.328575276772,4.1238,17.000453141667386
3294.3685854483338,8.7097,3.8110917513256903
3294.40859561992,6.4752,6.895240022124852
3294.4586083344343,4.3465,15.302991216179725
3294.498618506071,5.5696,9.319824383868248
3294.5386286777302,6.6524,6.532795394216992
3294.5786388494125,4.4888,14.34812633034901
3294.618649021118,4.8772,12.153870045717488
3294.6586591928462,5.0934,11.143975747422457
3294.698669364597,6.6795,6.479893353986293
3294.738679536371,5.5971,9.228467966166729
3294.78869225112,4.8418,12.332241622037255
3294.8287024229453,4.0235,17.858610672732052
3294.868712594793,4.2512,15.996781701116607
3294.9087227666637,4.8924,12.078466641149337
3294.948732938557,4.3933,14.978695018027654
3294.988743110473,4.5167,14.171414901457972
3295.0287532824123,4.2213,16.224198658788698
3295.0687634543747,5.4941,9.577730637081062
3295.118776169359,5.057,11.304980503556836
3295.1587863413724,3.188,28.445855451255575
3295.1987965134085,3.1469,29.193739999692724
3295.2388066854674,4.4417,14.654036088768631
3295.2788168575485,1.8121,88.04224267217744
3295.318827029653,6.6806,6.477759625040166
3295.3588372017807,5.314,10.23794125201333
3295.39884737393,4.7514,12.805971389890361
3295.4488600891505,3.8063,19.954903807688613
3295.488870261352,3.1951,28.31957388794688
3295.5288804335755,1.1892,204.43034674360945
3295.5688906058226,4.0205,17.885271937340217
3295.6089007780924,4.0086,17.991618589667862
3295.6489109503846,2.8516,35.55317414158119
3295.6889211227,3.4378,24.462138997718178
3295.728931295039,4.815,12.469904670567768
3295.778944010493,4.1625,16.685806197510534
3295.8189541828824,4.8074,12.50936307532806
3295.8589643552946,4.2138,16.282003846218284
3295.898974527729,3.2439,27.47392532879085
3295.938984700187,4.623,13.527200337583617
3295.9789948726675,3.7653,20.391843877099962
3296.0190050451706,3.8929,19.076960392091507
3296.059015217697,3.1762,28.657608175120036
3296.1090279333866,3.2554,27.28015990328314
3296.1490381059634,4.4599,14.534679504841803
3296.189048278564,3.4088,24.880127381817886
3296.2290584511866,4.0074,18.00239523758406
3296.2690686238325,4.8877,12.101707051138433
3296.3090787965007,4.1073,17.13731718415759
3296.349088969192,3.7851,20.179060930965825
3296.3890991419053,6.4713,6.903553509411148
3296.43911185783,2.3744,51.27997015081759
3296.4791220305956,4.417,14.818385937026722
3296.5191322033834,3.7401,20.667561379799785
3296.5591423761944,4.2403,16.079129170955913
3296.5991525490276,2.7455,38.354178424761145
3296.6391627218836,4.0071,18.0050909124569
3296.6791728947624,4.8211,12.438369012564289
3296.7191830676643,5.2,10.691756083650684
3296.7691957838233,5.5636,9.339936932869469
3296.8092059567766,5.2008,10.688467072202627
3296.8492161297518,4.9135,11.974952493475204
3296.889226302751,3.7947,20.077090343258842
3296.9292364757716,3.4697,24.01440298286095
3296.9692466488154,1.9688,74.58513053783886
3297.0092568218824,1.7159,98.19094552130943
3297.049266994972,4.2629,15.90909235430999
3297.099279711366,5.065,11.269297027612344
3297.139289884506,3.852,19.4842240244786
3297.17930005767,5.898,8.310864717756397
3297.2193102308556,5.2537,10.4743044179087
3297.259320404065,4.515,14.182088627028353
3297.299330577296,3.7481,20.579429262499644
3297.3393407505505,5.0241,11.453525149040205
3297.379350923827,3.4516,24.266923689634815
3297.4293636404564,4.6013,13.65509130740504
3297.4693738137844,3.1259,29.587308354254034
3297.5093839871356,2.7763,37.507904165292
3297.549394160509,4.4756,14.43288570081959
3297.5894043339053,4.9611,11.746264051975517
3297.629414507324,3.9803,18.24836946538999
3297.669424680766,4.2288,16.166700760120026
3297.7094348542314,5.4138,9.86396041632681
3297.759447571094,3.3388,25.934317711509966
3297.7994577446093,3.9135,18.876653260370208
3297.8394679181483,3.9602,18.43407875298342
3297.87947809171,4.2679,15.871838038156742
3297.9194882652937,4.524,14.125717359204769
3297.9594984389005,3.4507,24.279583772016792
3297.9995086125305,3.8429,19.57661067179881
3298.0395187861823,3.4641,24.092108197659254
3298.089531503279,4.1845,16.510816273946062
3298.1295416769826,3.2055,28.13611065460601
3298.1695518507076,4.3758,15.098742214495324
3298.2095620244577,3.2187,27.90580960731801
3298.249572198229,2.8496,35.60309783361559
3298.289582372023,3.6425,21.789965236812975
3298.329592545839,4.7201,12.976372781301704
3298.3696027196793,4.4521,14.585653106593062
3298.4196154370106,3.6898,21.23488964085825
3298.4596256109016,3.6346,21.884791493623784
3298.499635784815,5.3298,10.177331219194144
3298.5396459587505,3.1288,29.532486440101394
3298.57965613271,4.507,14.232480185746507
3298.6196663066917,4.5845,13.755353414298698
3298.659676480696,3.6839,21.302962140894987
3298.699686654722,5.4856,9.607435234195433
3298.7496993722884,5.752,8.738119726779752
3298.7897095463663,3.1165,29.766060187022607
3298.8297197204674,4.3508,15.272757544281845
3298.86972989459,4.2315,16.14607632159883
3298.9097400687365,3.7853,20.176928627316425
3298.949750242905,4.641,13.422474041653835
3298.989760417096,4.1784,16.55905936805131
3299.02977059131,4.1301,16.948628177497213
3299.0797833091106,4.2765,15.808066015525398
3299.1197934833754,5.3934,9.938720423536253
3299.159803657664,2.8025,36.80987513561012
3299.199813831974,4.7097,13.03374512000887
3299.239824006307,4.0763,17.39896465291875
3299.2798341806633,4.3282,15.432669466187507
3299.3198443550423,3.9978,18.088958073477084
3299.3598545294435,3.5835,22.513386994448506
3299.4098672474765,3.3342,26.005927164914965
3299.4498774219296,4.5351,14.05665447467058
3299.489887596405,5.0929,11.146163993921299
3299.5298977709026,4.5236,14.12821560640091
3299.5699079454225,4.2717,15.843612205837386
3299.6099181199656,3.4256,24.63668911450248
3299.649928294531,3.5824,22.527214886848366
3299.6899384691196,3.1041,30.004349063149387
3299.7399511873878,4.8359,12.362351672188437
3299.7799613620273,5.5619,9.34564732553267
3299.8199715366895,4.011,17.97009430374585
3299.8599817113736,4.7676,12.719091521282932
3299.8999918860814,4.456,14.560132845727844
3299.940002060811,4.2002,16.38761486310531
3299.9800122355646,3.6178,22.08851644134451
3300.0200224103405,3.9398,18.625473597378097
3300.0600325851387,5.0814,11.196672085119278
3300.1100453036674,4.0733,17.424602883706736
3300.150055478517,3.4049,24.937155805067835
3300.190065653389,2.9655,32.87454472766618
3300.230075828284,2.9963,32.20216109446638
3300.270086003201,4.2092,16.317610671922058
3300.3100961781406,4.3536,15.253118643302562
3300.3501063531035,4.6521,13.35849790870187
3300.4001190718373,3.6552,21.638809771100373
3300.440129246851,4.0798,17.36912483708365
3300.480139421887,4.3105,15.55967051676124
3300.520149596946,4.398,14.946697640325429
3300.560159772028,4.458,14.547071505653603
3300.6001699471317,2.9917,32.301264462320574
3300.6401801222582,3.4897,23.73993146900184
3300.680190297407,2.767,37.760458980815734
3300.7202004725796,5.1838,10.758686544144972
3300.7702131915767,4.7619,12.74955927449761
3300.8102233667996,4.4549,14.567324082290108
3300.8502335420444,3.672,21.44126059002927
3300.890243717313,4.0516,17.61175184238143
3300.930253892604,4.2144,16.277368071458348
3300.9702640679175,3.5686,22.701780019192338
3301.010274243253,4.0598,17.540679137698383
3301.050284418612,4.5256,14.115730993848064
3301.100297137843,4.0116,17.96471926756129
3301.140307313253,4.5418,14.015212712342977
3301.180317488685,4.9804,11.655402437495718
3301.22032766414,4.9097,11.993496363799363
3301.2603378396175,4.8711,12.184329290377237
3301.3003480151174,3.4777,23.904046022450686
3301.34035819064,4.2056,16.345558420951107
3301.380368366186,3.9965,18.10072810437837
3301.4303810856495,4.763,12.743671013821931
3301.4703912612463,4.772,12.69564718335122
3301.510401436865,4.7517,12.804354423612113
3301.550411612506,5.0998,11.116023012667972
3301.5904217881707,4.983,11.643242640454998
3301.630431963858,4.5135,14.19151663772655
3301.670442139567,4.2885,15.719722144671188
3301.7104523153002,4.1713,16.61547791913973
3301.7604650349967,4.2024,16.370461185621394
3301.800475210779,4.3466,15.302287088279227
3301.840485386585,3.1017,30.05079989607804
3301.8804955624128,3.1999,28.234676260775316
3301.920505738264,3.6329,21.90527806911652
3301.9605159141374,4.7704,12.704164891613225
3302.000526090034,3.1938,28.342632894257218
3302.040536265953,3.6474,21.731458310647593
3302.0905489858833,3.8272,19.737555028314556
3302.1305591618525,4.0655,17.491528107243635
3302.1705693378444,3.3545,25.692126126924283
3302.2105795138596,4.3165,15.516444237612172
3302.250589689897,4.5483,13.97518291321891
3302.290599865956,4.1138,17.083204426179726
3302.330610042039,4.3165,15.516444237612172
3302.3706202181447,4.5588,13.910880728173543
3302.420632938308,4.0428,17.68850659389459
3302.460643114464,3.6194,22.068991766013195
3302.5006532906423,4.3561,15.235615902087407
3302.540663466844,3.9525,18.505972810838696
3302.580673643068,4.5801,13.781795026320717
3302.620683819314,4.5583,13.913932664337995
3302.6606939955823,3.3626,25.568498272572242
3302.700704171875,3.6643,21.531466700854363
3302.7507168922707,4.7794,12.656363993281722
3302.7907270686133,4.0904,17.279219634448154
3302.8307372449785,3.3573,25.649289363159916
3302.870747421365,3.8498,19.50649922296987
3302.9107575977755,2.6546,41.02583125797725
3302.950767774209,3.8561,19.4428128428412
3302.9907779506634,3.9072,18.937576049670177
3303.030788127142,3.6063,22.229615563844394
3303.080800847771,3.6432,21.781592648903548
3303.1208110243,4.0167,17.919128668049787
3303.1608212008514,4.7052,13.058687688888766
3303.200831377425,4.6063,13.625463021685727
3303.2408415540217,3.8448,19.55726695557508
3303.2808517306403,4.8121,12.484939109882205
3303.320861907282,3.3801,25.304428992867795
3303.360872083946,3.5767,22.59907297121004
3303.410884804809,3.5569,22.851375227904214
3303.450894981523,4.104,17.164888270866843
3303.490905158261,3.7364,20.70851407176112
3303.5309153350213,3.8359,19.648125192651616
3303.570925511803,3.8582,19.42165334637625
3303.6109356886086,3.7807,20.226057259950114
3303.650945865437,3.8198,19.81410319628476
3303.6909560422864,3.5645,22.754034642367586
3303.7409687633813,3.6817,21.328428912504492
3303.7809789402822,3.5317,23.178644792514383
3303.8209891172064,3.2911,26.691530419456804
3303.8609992941524,3.6159,22.111735665251917
3303.901009471121,3.782,20.212154907519892
3303.941019648112,3.7489,20.570647069113427
3303.9810298251264,4.3438,15.322021055453819
3304.021040002163,4.3456,15.309330554880207
3304.07105272349,5.2322,10.560562660820313
3304.1110629005775,3.4711,23.995035419565298
3304.1510730776877,3.6256,21.993577644586495
3304.19108325482,3.362,25.57762525848883
3304.231093431975,3.2138,27.990969023158385
3304.271103609152,4.0967,17.22611574392294
3304.311113786352,4.202,16.373578032163824
3304.351123963574,3.5158,23.388766925872222
3304.401136685134,4.503,14.257776740673977
3304.4411468624066,4.6642,13.289277837772522
3304.4811570397032,3.6033,22.26664639099715
3304.5211672170217,4.3918,14.988928577998514
3304.5611773943624,4.7116,13.023235264637018
3304.6011875717254,3.8924,19.0818617847439
3304.6411977491116,4.6012,13.65568485851022
3304.68120792652,4.8584,12.248112922348895
3304.7312206483116,5.0657,11.266182764498268
3304.771230825772,3.3314,26.049660835386547
3304.811241003253,3.6859,21.27985009034319
3304.851251180757,3.8938,19.06814264299235
3304.891261358284,3.4431,24.38688732695748
3304.931271535833,3.8599,19.404549519122053
3304.9712817134055,3.1867,28.469068896707707
3305.011291890999,3.4318,24.547750686366637
3305.0613046130234,3.4604,24.14365624471899
3305.1013147906688,3.5339,23.149794439372844
3305.141324968336,3.9657,18.38298204830571
3305.181335146026,3.3941,25.09610792328104
3305.221345323739,4.2722,15.839903886619314
3305.261355501474,3.8951,19.055416683481297
3305.301365679232,3.7721,20.318389029275693
3305.341375857012,3.0566,30.944138413250613
3305.391388579269,4.8741,12.16933504273096
3305.4313987570995,3.8545,19.45895758225326
3305.4714089349523,4.5711,13.83611815857131
3305.5114191128287,3.7702,20.338873171459124
3305.5514292907264,4.4277,14.74685213421942
3305.591439468648,4.7981,12.557903038429592
3305.6314496465907,2.4465,48.30199865588098
3305.671459824557,5.1373,10.9543313187108
3305.7214725470462,3.6555,21.635258205089066
3305.7614827250623,3.7956,20.067570249321776
3305.8014929031015,3.3602,25.6050355573352
3305.841503081163,3.8811,19.19313893994425
3305.8815132592467,4.3147,15.529393188392467
3305.921523437353,4.6282,13.496820530912409
3305.9615336154825,5.0344,11.406707015605726
3306.001543793634,3.9769,18.2795852176727
3306.0515565163546,4.2463,16.033721831315127
3306.091566694556,4.791,12.595150860963882
3306.1315768727814,3.9217,18.797796289498944
3306.1715870510284,3.3519,25.731999282744415
3306.211597229298,4.6741,13.23304262980406
3306.2516074075897,4.3167,15.515006465129327
3306.291617585905,4.6451,13.398789796036557
3306.3316277642416,4.333,15.398496483936738
3306.3816404871945,3.9634,18.404323884121506
3306.4216506655825,3.3208,26.21622733710141
3306.461660843993,3.6,22.30748727486557
3306.501671022425,2.9189,33.93260222164483
3306.5416812008802,4.5527,13.948183077016372
3306.5816913793574,4.0874,17.30459354924545
3306.621701557858,4.6984,13.096514743572259
3306.6617117363808,4.4319,14.718914943831974
3306.711724459565,4.0306,17.795749348297072
3306.7517346381383,4.2952,15.670718620320244
3306.791744816734,4.1955,16.424351801837958
3306.831754995352,3.8098,19.918256181254865
3306.8717651739926,4.4038,14.907352647905793
3306.911775352655,3.3326,26.03090433555998
3306.9517855313416,3.8054,19.964343831055945
3306.9917957100492,4.1796,16.54955223151306
3307.0418084334656,3.6983,21.13739128170943
3307.0818186122237,4.6337,13.464799277253466
3307.121828791005,3.4275,24.609382493686557
3307.1618389698087,4.1181,17.04754749216772
3307.201849148634,3.8821,19.183252197205785
3307.241859327483,3.508,23.492891867784504
3307.2818695063534,3.8839,19.165475300988536
3307.3218796852466,4.1739,16.594784190431078
3307.3718924088957,3.5924,22.401973518162823
3307.4119025878385,3.566,22.73489618809714
3307.451912766805,3.1632,28.893644044957707
3307.4919229457937,3.6758,21.396952056805294
3307.5319331248047,3.2705,27.028834820626834
3307.5719433038385,4.0271,17.826695773072053
3307.6119534828945,4.6667,13.275043244388494
3307.6519636619732,3.395,25.082803948796276
3307.7019763858534,3.9558,18.4751096619831
3307.7419865649817,3.2449,27.456994339568578
3307.7819967441337,3.3818,25.27899478368082
3307.822006923308,3.627,21.976602150985716
3307.8620171025036,3.0555,30.96642260121415
3307.9020272817233,3.8773,19.230778353495566
3307.9420374609645,3.9388,18.634932231087017
3307.982047640228,3.9553,18.4797809316047
3308.032060364339,3.0523,31.03138637517641
3308.072070543653,3.4411,24.415243337746066
3308.112080722991,3.9207,18.807386509992117
3308.1520909023498,3.1635,28.88816424127898
3308.1921010817314,4.3399,15.349571329789464
3308.2321112611353,3.554,22.88868305381862
3308.272121440562,3.7521,20.53557445216748
3308.3121316200104,3.3947,25.087237431262704
3308.3621443443535,3.6978,21.143107873903855
3308.402154523852,4.2681,15.870350588242417
3308.4421647033746,5.3646,10.04571942630154
3308.482174882918,3.1943,28.333760713872355
3308.5221850624857,3.3102,26.384396548452198
3308.5621952420747,4.2144,16.277368071458348
3308.6022054216855,4.1686,16.637008556807885
3308.6422156013195,3.5402,23.067474855734442
3308.6922283258937,3.5445,23.01154033870161
3308.7322385055777,3.936,18.661454769786985
3308.772248685285,4.3676,15.155490031010512
3308.812258865014,4.3024,15.618313107608856
3308.8522690447653,3.7679,20.36371123690954
3308.8922792245403,3.9216,18.798754981418867
3308.932289404336,4.1822,16.5289815030039
3308.972299584155,2.8516,35.55317414158119
3309.02231230896,3.1958,28.307169153950397
3309.062322488829,3.8747,19.25659546775291
3309.1023326687214,4.5635,13.882241544772809
3309.142342848635,4.6873,13.158615914628433
3309.1823530285724,4.0526,17.603061335249087
3309.222363208531,3.8185,19.827596825768357
3309.2623733885116,4.1,17.198397065396517
3309.302383568516,3.9869,18.18800200221805
3309.352396293552,3.781,20.222847751962497
3309.3924064736057,4.1583,16.71952947901511
3309.432416653683,3.9434,18.591482076550626
3309.4724268337823,5.1101,11.071256911946604
3309.5124370139024,4.0657,17.489807262756006
3309.5524471940466,4.6015,13.653904321284262
3309.592457374213,3.9595,18.440597249007578
3309.6324675544015,3.4699,24.011634752769616
3309.6824802796696,3.8015,20.005328105489482
3309.7224904599075,3.2011,28.21351150471434
3309.7625006401695,4.1676,16.644993488450933
3309.8025108204524,4.5446,13.99794804747799
3309.8425210007595,5.0988,11.120383690040995
3309.882531181088,4.1261,16.981505401785117
3309.922541361439,2.8924,34.55722738970142
3309.962551541812,3.6556,21.63407454405572
3310.0025617222072,3.4021,24.978220294083563
3310.052574447733,3.7813,20.21963900785023
3310.09258462818,3.6573,21.6139671593478
3310.132594808648,4.1972,16.411049725746942
3310.1726049891386,4.4264,14.755515480784142
3310.212615169652,4.3618,15.195822125418482
3310.252625350188,3.8152,19.86191185513959
3310.292635530746,3.2975,26.588021720055448
3310.342648256475,4.2995,15.639389219949345
3310.3826584370836,4.4619,14.521652391961846
3310.4226686177135,4.5508,13.959832490015362
3310.4626787983675,4.435,14.698345528196917
3310.502688979042,4.1496,16.789710872913197
3310.54269915974,3.1055,29.977302464069567
3310.58270934046,3.2317,27.68175059596372
3310.6227195212027,4.2985,15.646666737571303
3310.6627297019686,4.0912,17.272462682548195
3310.712742427956,4.0202,17.887941347043594
3310.7527526087706,3.212,28.022349998273135
3310.792762789608,3.2246,27.803785416910785
3310.8327729704683,4.4261,14.757515798744805
3310.8727831513506,3.9297,18.721337903614977
3310.9127933322557,3.8103,19.913029048460814
3310.9528035131825,3.6416,21.800737088029074
3310.992813694132,3.598,22.332294035332634
3311.0428264203506,3.9167,18.84582087646051
3311.08283660135,4.0278,17.820500033663613
3311.122846782372,3.8847,19.15758238902654
3311.1628569634163,3.916,18.852559002257802
3311.2028671444828,4.6165,13.565319554863063
3311.242877325572,3.7021,21.094020847568668
3311.282887506684,4.2402,16.07988759343515
3311.3228976878167,4.513,14.19466139723005
3311.3729104142662,4.4456,14.62833622394401
3311.41292059545,3.9479,18.549123370683365
3311.452930776657,3.2734,26.980964791975406
3311.492940957886,3.0838,30.400673621511217
3311.532951139137,4.012,17.961137249766484
3311.572961320411,3.716,20.936508237734234
3311.612971501706,4.2845,15.749087636881136
3311.6529816830243,3.5826,22.52469977717337
3311.702994409704,3.7771,20.264631026438877
3311.743004591072,4.4075,14.882334365133747
3311.783014772463,4.3939,14.97460452832592
3311.823024953876,3.5882,22.454447364576644
3311.8630351353117,3.8218,19.79337064772706
3311.9030453167693,4.4664,14.492405346631944
3311.943055498249,3.7988,20.0337758084688
3311.983065679752,4.2193,16.239583239213328
3312.033078406662,4.6671,13.272767831987194
3312.073088588214,3.7463,20.599209772268615
3312.1130987697893,3.7665,20.378852342213285
3312.153108951386,3.3887,25.176154501385117
3312.193119133006,3.3924,25.121266548813228
3312.2331293146485,3.9939,18.12430265544685
3312.2731394963134,3.6434,21.779201367261795
3312.3131496779997,3.7453,20.610211269760814
3312.363162405139,3.7815,20.21750026936421
3312.4031725868767,4.1136,17.084865610111965
3312.443182768635,3.8291,19.71797233751203
3312.4831929504167,3.9726,18.319178802085656
3312.523203132221,4.243,16.05867202951464
3312.5632133140466,4.5797,13.784202589066094
3312.6032234958957,3.8935,19.071081213280213
3312.6432336777666,2.7294,38.807994857215505
3312.693246405136,2.9999,32.12491973151697
3312.733256587057,3.2065,28.118563974720047
3312.7732667690007,3.6607,21.57383639677239
3312.8132769509657,3.4603,24.14505173055164
3312.853287132954,3.621,22.049492966878695
3312.8932973149645,3.9171,18.841972140644227
3312.9333074969963,4.5597,13.905389772925165
3312.9733176790514,4.044,17.678010523975498
3313.023330406652,4.3404,15.346035092649261
3313.0633405887565,3.2438,27.47561928898214
3313.103350770884,3.8904,19.101486257020206
3313.1433609530336,3.3671,25.500201327048092
3313.183371135206,3.4784,23.89442599960553
3313.2233813174,4.1319,16.933864568374933
3313.2633914996163,3.9208,18.806427157723597
3313.3034016818547,3.7763,20.27321795953869
3313.353414409685,3.2069,28.111549898427384
3313.3934245919736,3.1971,28.28415340420688
3313.4334347742847,3.6098,22.1865295677237
3313.4734449566186,4.1589,16.714705611337056
3313.513455138974,4.4514,14.59024076784947
3313.5534653213526,4.4159,14.825769370089175
3313.593475503753,4.2504,16.00280401746315
3313.6334856861763,3.849,19.514608766780643
3313.683498414236,4.3931,14.980058887055712
3313.7235085967086,5.2086,10.656478590503621
3313.763518779203,3.324,26.16577515835758
3313.803528961721,3.6693,21.472826658254675
3313.843539144261,4.3137,15.536594055210294
3313.8835493268225,4.051,17.616969236134988
3313.923559509407,3.8037,19.982193272339842
3313.9635696920136,3.5142,23.410069376200013
3314.013582420303,3.5606,22.80390787157104
3314.0535926029597,3.5329,23.16290155488758
3314.0936027856387,3.9043,18.96571904717084
3314.1336129683405,3.8791,19.212935368829864
3314.173623151063,3.8064,19.953855329523293
3314.21363333381,3.39,25.156849064376974
3314.2536435165775,3.7295,20.785211156594887
3314.293653699368,3.6988,21.131677007646935
3314.343666427886,3.1726,28.722681546940837
3314.3836766107265,4.002,18.051010178062207
3314.4236867935892,3.5145,23.40607295049512
3314.463696976475,3.5895,22.438185775235837
3314.503707159382,3.8512,19.492319679928688
3314.543717342312,3.7352,20.721822168794723
3314.5837275252634,3.5228,23.295909732528703
3314.623737708237,3.2989,26.565459459508133
3314.6737504369853,3.436,24.487775418408535
3314.7137606200104,3.0924,30.231819548975157
3314.7537708030563,3.6567,21.621060681206224
3314.7937809861246,3.6721,21.440092813399932
3314.8337911692156,4.0402,17.71128017135173
3314.873801352329,3.498,23.627405679079107
3314.9138115354644,4.2386,16.092029654486613
3314.9538217186214,4.4831,14.384635127302847
3315.0038344476006,4.4689,14.47619515125737
3315.0438446308076,3.2678,27.073518081793527
3315.083854814037,4.0127,17.954871296017483
3315.1238649972897,3.8624,19.379437846915216
3315.1638751805635,3.9927,18.135198753864895
3315.20388536386,4.3362,15.375777515482573
3315.2438955471794,3.6214,22.04462230489255
3315.2839057305205,3.9541,18.490999209585315
3315.333918459728,3.186,28.481580215736187
3315.3739286431187,3.8421,19.584763981162393
3315.413938826532,4.2428,16.060186034109417
3315.4539490099683,4.1176,17.051687908525057
3315.4939591934253,3.9103,18.90756137041487
3315.533969376906,4.0949,17.241263276540174
3315.5739795604077,3.4329,24.532021599181828
3315.6139897439325,2.9677,32.82582203559993
3315.6640024733692,3.5179,23.360851557815817
3315.704012656944,3.6139,22.13621652866024
3315.7440228405408,4.2897,15.71092851168154
3315.7840330241597,4.3593,15.21325631891001
3315.824043207801,3.9887,18.171590134496334
3315.8640533914645,4.5771,13.799867135597069
3315.90406357515,3.5762,22.605392709053422
3315.944073758858,3.4308,24.562062987336713
3315.9940864885243,3.4457,24.350098304833725
3316.034096672282,3.6173,22.0946232162658
3316.0741068560624,3.3879,25.188045817916294
3316.114117039865,4.4217,14.786900588312745
3316.1541272236886,3.7122,20.979393551061506
3316.194137407536,3.4705,24.003332933826954
3316.234147591406,4.266,15.885979248086938
3316.2741577752968,4.4053,14.897202502878542
3316.3241705051914,3.1807,28.57657697341035
3316.364180689133,3.8618,19.385460200729437
3316.4041908730965,3.8683,19.320367217394878
3316.4442010570815,3.5869,22.47072663817761
3316.48421124109,4.0894,17.287671401500535
3316.5242214251202,3.2134,27.99793801611332
3316.564231609172,3.4637,24.097672996541625
3316.6042417932467,3.4964,23.64903506247121
3316.6542545233706,3.4763,23.92330350515626
3316.6942647074948,4.2034,16.362672961800712
3316.7342748916417,3.8789,19.214916696086004
3316.7742850758104,3.8551,19.452900949244835
3316.814295260002,3.1708,28.755301381200148
3316.8543054442143,3.7745,20.292558525884964
3316.8943156284504,4.213,16.28818796047907
3316.934325812708,3.8119,19.89631604365177
3316.9843385430613,4.4557,14.562093563874162
3317.024348727368,4.5641,13.878591845769208
3317.064358911698,4.4799,14.405192399596887
3317.10436909605,4.4197,14.80028633206986
3317.1443792804234,3.2617,27.174878010115222
3317.1843894648205,4.2136,16.28354954456624
3317.224399649239,4.1551,16.74529207611072
3317.2644098336796,3.4489,24.30493367638956
3317.314422564262,3.7385,20.685255730789034
3317.354432748752,4.4626,14.517097039858788
3317.394442933265,3.6739,21.41908913741956
3317.4344531178,5.0363,11.39810202746497
3317.474463302357,3.2815,26.847930496102446
3317.5144734869364,3.4956,23.65986089354773
3317.554483671538,4.0761,17.40067210732246
3317.5944938561615,3.4747,23.9453405658435
3317.644506586972,3.8619,19.38445628016196
3317.684516771645,4.2249,16.196561452102028
3317.724526956342,4.8005,12.545349584805992
3317.7645371410595,3.3315,26.04809701956445
3317.8045473257994,2.8624,35.28539202269003
3317.8445575105616,3.913,18.881477654558164
3317.8845676953456,3.4789,23.887558109744987
3317.924577880152,3.4387,24.449335881646267
3317.9745906111916,3.2341,27.640681037190852
3318.0146007960484,3.5458,22.994669951131034
3318.054610980927,3.2977,26.584796780564485
3318.094621165828,3.7076,21.03148387959175
3318.134631350751,3.3097,26.392368987505666
3318.174641535695,4.2304,16.15447410376824
3318.2146517206634,3.5639,22.76169679123817
3318.2546619056525,3.0365,31.355161336649477
3318.304674636921,3.7115,20.987307847922587
3318.34468482196,4.0074,18.00239523758406
3318.3846950070215,4.9385,11.854018607839054
3318.424705192105,3.5852,22.492041645071566
3318.4647153772116,3.6913,21.217635094186843
3318.504725562339,3.2692,27.050335163670454
3318.544735747489,3.08,30.475734521592315
3318.584745932661,3.7952,20.07180056603444
3318.6347586641573,3.6228,22.027587691089696
3318.6747688493797,4.3476,15.295248481362831
3318.714779034624,3.8722,19.281468675216715
3318.75478921989,4.0263,17.833780575444344
3318.7947994051788,3.8556,19.447855914862686
3318.834809590489,3.9417,18.607522022268146
3318.874819775822,4.5042,14.250180697348108
3318.914829961177,3.6844,21.297180599565074
3318.964842692902,3.3797,25.310419091146624
3319.004852878307,4.5353,14.055414747072701
3319.0448630637334,4.2422,16.06472933277304
3319.0848732491827,3.3083,26.414711050486225
3319.124883434654,3.091,30.259211408342843
3319.164893620147,4.5734,13.822205068629774
3319.2049038056625,4.9708,11.700465561351473
3319.2449139911996,4.7082,13.042051363529582
3319.28492417676,3.824,19.770602406145063
3319.33493690874,3.8063,19.954903807688613
3319.3749470943494,3.4626,24.1129861387382
3319.414957279981,4.106,17.148170585867266
3319.454967465635,3.2955,26.620303415246163
3319.494977651311,3.0719,30.636663471889
3319.5349878370084,3.1703,28.764372308198602
3319.574998022729,3.9709,18.334867569074582
3319.6250107549104,4.1708,16.619461919781234
3319.6650209406803,3.8623,19.38044137764606
3319.7050311264716,3.7185,20.90836588913096
3319.745041312286,3.7854,20.17586260223123
3319.7850514981224,4.531,14.082105079699772
3319.825061683981,2.5811,43.39562009958677
3319.8650718698614,2.6397,41.49028545832964
3319.905082055763,3.5,23.600410652513496
3319.945092241688,4.4485,14.609269869935929
3319.9951049741253,3.6349,21.881179199085462
3320.0351151601,4.1741,16.593193966655946
3320.0751253460967,3.8749,19.254607690670536
3320.1151355321153,3.8839,19.165475300988536
3320.1551457181554,4.5286,14.09703508029755
3320.1951559042186,4.2586,15.941236072016185
3320.235166090303,3.8861,19.143781520664927
3320.275176276411,4.1132,17.08818870496552
3320.3251890090755,4.0134,17.948608620624004
3320.3651991952324,3.7397,20.671982838453374
3320.405209381412,3.912,18.89113199305692
3320.4452195676126,4.1846,16.5100271607669
3320.4852297538355,4.8784,12.14789150878575
3320.5252399400815,3.0536,31.004970209340755
3320.5652501263485,3.3668,25.50474593852278
3320.605260312638,3.9037,18.971549568483454
3320.65527304553,4.3326,15.401339895052397
3320.6952832318693,4.2284,16.169759593079757
3320.7352934182313,3.5063,23.515678044985766
3320.7753036046147,3.4803,23.868343763066683
3320.81531379102,3.7178,20.916240024387985
3320.8553239774474,3.6905,21.226834900845763
3320.895334163897,4.5831,13.763758394277875
3320.9353443503683,4.9014,12.034150170784327
3320.98535708349,3.4003,25.004672479853664
3321.0253672700105,3.9142,18.869902214246853
3321.065377456554,3.3705,25.448780511707778
3321.1053876431192,3.6256,21.993577644586495
3321.1453978297072,4.4475,14.61584026184063
3321.1854080163166,4.6736,13.23587422593111
3321.2254182029483,4.4229,14.778877856824982
3321.265428389602,3.7605,20.443934446641162
3321.3154411229507,4.6706,13.252882904296497
3321.3554513096547,3.0489,31.100634633413577
3321.3954614963795,3.8252,19.758199919814135
3321.4354716831276,3.4222,24.68566715737921
3321.4754818698975,3.702,21.09516046399491
3321.515492056689,2.969,32.797082249947714
3321.5555022435024,3.281,26.85611396700292
3321.595512430339,3.7805,20.228197356436784
3321.6455251639145,3.7654,20.390760774763823
3321.685535350801,3.6033,22.26664639099715
3321.725545537707,3.9984,18.08352962319636
3321.765555724637,3.333,26.02465667050963
3321.8055659115894,3.3733,25.406550653027427
3321.845576098563,4.0238,17.855947825597802
3321.885586285559,3.6531,21.66369523779577
3321.9255964725767,3.5415,23.05054293143066
3321.9756092063813,3.1894,28.420888093975403
3322.015619393448,3.5258,23.256282994380616
3322.0556295805377,4.3977,14.948736961432505
3322.0956397676496,3.6973,21.14882678548426
3322.1356499547833,4.2666,15.881511561819206
3322.175660141939,3.6645,21.529116489556074
3322.215670329117,3.6634,21.542047415550446
3322.2556805163167,3.6552,21.638809771100373
3322.3056932503473,3.5858,22.48451523971233
3322.345703437597,2.9922,32.290470212310524
3322.3857136248685,3.4136,24.810206704159835
3322.4257238121622,3.4914,23.716818650876636
3322.4657339994783,3.6664,21.50680866105323
3322.5057441868166,3.7426,20.63995937443911
3322.5457543741763,3.4567,24.195369909081446
3322.585764561558,4.0286,17.813423142947336
3322.6357772958154,3.7121,20.980523890787296
3322.675787483247,3.1914,28.385277423131086
3322.7157976707003,4.6778,13.212117030834323
3322.755807858176,4.0806,17.362315086369964
3322.7958180456735,4.0473,17.649194455303235
3322.8358282331933,3.594,22.382031854714356
3322.875838420735,3.1128,29.836864506210343
3322.915848608298,4.104,17.164888270866843
3322.9658613427837,3.9994,18.07448763473687
3323.005871530397,3.8168,19.845263149540386
3323.0458817180324,3.8987,19.0202419787765
3323.0858919056896,4.039,17.721805889692533
3323.1259020933685,4.389,15.008059303763295
3323.1659122810697,3.6695,21.470486041207497
3323.2059224687932,3.9987,18.08081631435874
3323.2459326565386,4.2546,15.971224744923727
3323.295945391251,3.5174,23.367493539192168
3323.335955579046,3.1233,29.63658892039985
3323.3759657668634,3.2336,27.64922965466912
3323.415975954702,3.5575,22.843667756328802
3323.455986142563,3.63,21.940292209066254
3323.4959963304455,4.3585,15.218841597889373
3323.536006518351,3.8116,19.899448128940996
3323.5760167062776,3.8299,19.709735711879766
3323.6260294412173,3.3599,25.60960822397144
3323.666039629194,3.1585,28.97969826215848
3323.7060498171923,3.8848,19.156596117872986
3323.7460600052136,3.2556,27.276808224504578
3323.786070193255,3.6979,21.14196436995423
3323.8260803813196,3.8456,19.549130809279134
3323.8660905694064,3.4032,24.962075727923548
3323.906100757515,3.431,24.559199525961898
3323.9561134926817,3.9102,18.90852847175532
3323.9961236808394,3.3521,25.72892882255902
3324.0361338690204,3.2001,28.23114714791857
3324.076144057222,3.4227,24.67845534890586
3324.1161542454465,4.1603,16.70345803548048
3324.156164433692,3.7661,20.383181474027374
3324.1961746219595,3.8607,19.39650847619225
3324.2361848102505,4.367,15.159654865733888
3324.2861975456435,4.1154,17.069923672373477
3324.3262077339837,3.8169,19.844223300553796
3324.3662179223447,3.9569,18.46483910134417
3324.406228110728,3.4409,24.41808165862741
3324.446238299134,4.1265,16.978213376438596
3324.486248487561,3.6805,21.342339131292892
3324.526258676011,3.6512,21.686247669486246
3324.5662688644825,3.7122,20.979393551061506
3324.616281600103,3.3137,26.328690484834073
3324.656291788624,3.7486,20.573939732728796
3324.6963019771665,3.3506,25.751970678032674
3324.7363121657318,3.2741,26.969429010778164
3324.776322354319,4.2636,15.903868858743097
3324.8163325429277,3.6695,21.470486041207497
3324.856342731559,3.1069,29.95029241913826
3324.896352920212,2.906,34.23453063210016
3324.946365656058,3.9666,18.374640999183555
3324.986375844761,2.9279,33.72431372453832
3325.026386033486,4.4847,14.374372989150917
3325.066396222232,3.8658,19.34536412544108
3325.106406411,4.0575,17.5605706898722
3325.1464165997904,4.4488,14.607299616293668
3325.186426788602,4.0428,17.68850659389459
3325.2264369774366,3.8728,19.275494712164523
3325.27644971351,3.8531,19.473100730755203
3325.3164599023935,3.5041,23.545215282686133
3325.3564700912993,3.3624,25.571540058331458
3325.396480280227,3.6164,22.10562179483434
3325.436490469176,3.6916,21.214186708573756
3325.476500658147,2.9263,33.76120237911509
3325.5165108471406,4.0526,17.603061335249087
3325.556521036156,3.6634,21.542047415550446
3325.606533772457,3.2937,26.649407234498987
3325.6465439615213,3.975,18.29706421325167
3325.686554150608,3.653,21.664881330641457
3325.726564339717,2.9654,32.87676197241855
3325.766574528847,2.758,38.00730343527837
3325.8065847180005,3.1469,29.193739999692724
3325.846594907174,3.4308,24.562062987336713
3325.8866050963707,4.5084,14.223642294654825
3325.9366178328974,3.7109,20.994095095932522
3325.976628022144,2.6111,42.4041687889
3326.016638211412,2.8926,34.552448848490506
3326.0566484007013,3.5539,22.88997115976618
3326.0966585900132,3.5508,22.929956439519007
3326.1366687793466,4.204,16.35800269498248
3326.176678968702,3.9302,18.716574751033285
3326.2166891580796,3.5005,23.593669124615012
3326.266701894833,3.7591,20.45916512970708
3326.3067120842597,3.6099,22.185300380426504
3326.3467222737086,3.2018,28.20117638509174
3326.3867324631797,4.222,16.218819220185367
3326.426742652672,3.4812,23.856003922555498
3326.466752842187,3.0022,32.075716488512015
3326.5067630317235,3.9942,18.121580165215537
3326.546773221283,4.4334,14.70895661278556
3326.5967859582615,3.3303,26.066872108023677
3326.6367961478695,3.0306,31.47736516833292
3326.676806337499,3.2972,26.59286022968087
3326.7168165271514,4.3179,15.50638402535281
3326.7568267168253,4.3667,15.161737926920786
3326.7968369065206,3.1836,28.52453883899324
3326.8368470962373,4.2674,15.87555757795828
3326.876857285978,4.0393,17.71917358061906
3326.926870023183,3.8694,19.30938392406132
3326.966880212972,3.0415,31.252154996794804
3327.006890402782,3.8486,19.51866543524406
3327.0469005926147,4.0212,17.87904563795409
3327.0869107824697,3.9584,18.450847587679895
3327.1269209723464,4.0657,17.489807262756006
3327.166931162244,3.1458,29.21416006347653
3327.206941352165,2.7674,37.749543980052664
3327.2569540895965,4.73,12.922109938944683
3327.296964279565,4.0477,17.645706386911797
3327.336974469558,3.2649,27.121634745381378
3327.3769846595706,2.9669,32.8435268380936
3327.4169948496065,2.9043,34.274619958277555
3327.4570050396637,4.4034,14.910061105251645
3327.4970152297424,4.7088,13.038727913560528
3327.5370254198438,4.0371,17.738490810215023
3327.587038157502,3.5619,22.787265258316765
3327.627048347652,3.545,23.00504953164049
3327.667058537824,4.1354,16.90521271816417
3327.7070687280184,4.3067,15.58714065368773
3327.747078918234,4.6125,13.58885767708347
3327.787089108472,4.0776,17.38787232266539
3327.8270992987327,3.7437,20.627832006470534
3327.8671094890137,3.6295,21.946337614056144
3327.9171222268974,3.8339,19.66862989533602
3327.957132417228,3.3708,25.44425084981806
3327.9971426075813,3.7131,20.969224602839912
3328.0371527979555,3.4264,24.62518605317911
3328.077162988353,3.9629,18.40896833143995
3328.1171731787713,4.1761,16.577304292917916
3328.157183369212,4.0106,17.97367900148736
3328.1971935596744,3.8336,19.671708368993077
3328.247206297783,4.0865,17.312216622968936
3328.287216488295,3.4632,24.1046317068644
3328.327226678828,3.6621,21.55734444438298
3328.3672368693838,3.5275,23.23387270765185
3328.4072470599613,2.8314,36.062276133370766
3328.44725725056,3.759,20.4602536868671
3328.487267441182,3.4674,24.046272066077957
3328.527277631825,3.786,20.169468225510876
3328.56728782249,3.6847,21.29371280443888
3328.6173005608516,3.4643,24.08932652103723
3328.6573107515655,2.9419,33.404101062893446
3328.697320942301,4.3376,15.3658537743862
3328.7373311330593,4.0399,17.71391072162281
3328.77734132384,3.1853,28.494099784112784
3328.817351514641,3.1504,29.128909312031823
3328.857361705464,4.508,14.22616656620393
3328.9073744440248,2.9932,32.268897938184764
3328.947384634897,3.3412,25.897073613941203
3328.9873948257923,3.6683,21.484535486655844
3329.0274050167086,4.4154,14.829127300389306
3329.067415207647,3.4754,23.93569560668153
3329.107425398607,4.2589,15.938990327217327
3329.147435589589,5.7545,8.730528954251136
3329.187445780593,3.9275,18.742317391016865
3329.227455971618,4.087,17.307980960280695
3329.2774687104325,3.8369,19.637884863398046
3329.3174789015065,3.7402,20.666456236782583
3329.357489092603,3.9852,18.203522523375533
3329.397499283722,4.2713,15.846579798909262
3329.4375094748625,3.8882,19.12310816311529
3329.4775196660253,3.5635,22.76680704080048
3329.517529857209,3.4658,24.068479293871416
3329.5575400484154,3.2213,27.86078070478714
3329.6075527874536,3.7687,20.355066751762553
3329.6475629787083,4.401,14.926327360926479
3329.6875731699856,3.1392,29.33713157523449
3329.7275833612853,3.7567,20.48531449901955
3329.7675935526054,3.5493,22.94934177912579
3329.8076037439478,3.9697,18.345954130278372
3329.8476139353133,3.8918,19.087745949750058
3329.887624126699,3.3781,25.334400766617446
3329.937636865963,4.3081,15.577011619490502
3329.977647057399,3.0944,30.19275279621297
3330.0176572488554,3.3029,26.501153872820005
3330.0576674403346,3.357,25.65387389002368
3330.0976776318357,4.0013,18.05732652986355
3330.1376878233586,3.7672,20.371279679485475
3330.1776980149034,3.0962,30.15765742771114
3330.21770820647,3.0994,30.095416571902977
3330.2677209459584,4.0757,17.404087770243983
3330.307731137574,3.5364,23.1170752825834
3330.3477413292117,4.1039,17.16572479676743
3330.3877515208706,4.0074,18.00239523758406
3330.4277617125517,4.0964,17.228638946097927
3330.4677719042556,3.8318,19.690194397794542
3330.5077820959805,3.9399,18.62452813010734
3330.547792287727,3.4236,24.66548205532449
3330.5978050274407,4.4279,14.74551998889003
3330.6378152192365,3.7453,20.610211269760814
3330.6778254110545,3.8128,19.886924223291736
3330.717835602894,3.7205,20.885892844648488
3330.7578457947543,3.8904,19.101486257020206
3330.7978559866383,3.6362,21.865536253003892
3330.8378661785423,3.9938,18.125210288529267
3330.877876370469,3.1903,28.40485500410053
3330.9278891104077,3.0354,31.377891069567458
3330.967899302384,3.6157,22.114181923635883
3331.007909494382,3.7896,20.13116572507355
3331.047919686401,3.6677,21.491565381235546
3331.087929878442,3.3842,25.243152896794953
3331.1279400705052,3.4575,24.184174507207192
3331.1679502625902,2.9793,32.57070296760299
3331.2079604546966,3.7083,21.023544583829185
3331.257973194861,3.6671,21.49859872672795
3331.297983387017,3.4931,23.693739569733765
3331.337993579194,4.1445,16.831057326812157
3331.378003771393,3.9576,18.458307748495262
3331.4180139636146,3.245,27.455302101490773
3331.4580241558574,2.7664,37.77684036032577
3331.4980343481216,3.6019,22.28395911737372
3331.5380445404085,3.7396,20.673088424810388
3331.588057280797,3.8337,19.67068213080674
3331.6280674731324,4.0856,17.3198447350126
3331.66807766549,4.2037,16.360337578419003
3331.708087857869,3.3948,25.08575947317701
3331.7480980502705,3.3407,25.904826181923465
3331.788108242693,3.3733,25.406550653027427
3331.828118435137,3.5403,23.06617173777517
3331.8681286276037,3.5716,22.663658886851017
3331.918141368217,3.499,23.613902379496334
3331.9581515607324,3.87,19.303396983880276
3331.9981617532703,3.904,18.968633971795654
3332.0381719458287,3.9083,18.926917504106736
3332.0781821384094,3.2517,27.34227755665894
3332.1181923310123,3.5096,23.471476294443814
3332.158202523636,3.3616,25.583712631026163
3332.198212716282,3.2699,27.038754869437614
3332.2482254571205,4.1458,16.82050354287162
3332.2882356498158,4.1197,17.034308288993685
3332.328245842532,3.4089,24.87866768777262
3332.3682560352718,3.8677,19.32636205488946
3332.4082662280316,3.0011,32.099234360364434
3332.4482764208137,3.2105,28.0485411406412
3332.4882866136177,3.2815,26.847930496102446
3332.528296806444,3.9975,18.09167321528695
3332.5783095475063,4.0203,17.88705147741061
3332.618319740381,3.1093,29.904074339736006
3332.6583299332774,3.1711,28.749860884440313
3332.6983401261955,3.1075,29.938727859319922
3332.7383503191368,3.7255,20.829868494227064
3332.7783605120976,3.8226,19.785086738648932
3332.818370705082,3.4708,23.99918363879703
3332.858380898087,4.0227,17.86571451125479
3332.908393639374,3.8783,19.220862517115275
3332.948403832428,2.9454,33.3247604980916
3332.9884140255053,3.1857,28.48694473449339
3333.028424218602,3.8877,19.128027352600643
3333.0684344117217,3.8332,19.675814124940533
3333.1084446048635,4.5486,13.973339525937694
3333.1484547980263,4.4328,14.712938732102506
3333.188464991211,3.7017,21.098579867444332
3333.2384777327234,3.7807,20.226057259950114
3333.278487925957,3.4234,24.66836412523704
3333.3184981192126,4.0006,18.063646197541473
3333.3585083124894,3.1706,28.758929237031463
3333.3985185057886,3.6303,21.936666165000936
3333.4385286991096,4.0875,17.303746851868624
3333.478538892453,3.7985,20.036940409493383
3333.518549085816,3.7286,20.795246527892054
3333.568561827553,3.9359,18.66240305033758
3333.608572020966,3.6327,21.907690145538073
3333.6485822144004,3.1507,29.12336244689995
3333.6885924078574,3.8975,19.031956050975722
3333.728602601336,3.6102,22.18161343137217
3333.7686127948364,3.7005,21.112265798595104
3333.808622988358,3.423,24.674129780684964
3333.8486331819017,3.2443,27.46715105435558
3333.898645923862,4.1654,16.66258058559922
3333.938656117455,3.5733,22.642099519086454
3333.978666311069,3.3346,25.99968848930671
3334.0186765047056,3.3708,25.44425084981806
3334.0586866983626,4.017,17.916452274459942
3334.0986968920424,3.7716,20.323776591700938
3334.138707085743,4.0791,17.37508665593282
3334.1787172794666,3.8376,19.630721395552815
3334.2287300216512,3.9202,18.81218437262701
3334.268740215423,3.7091,21.014476606507458
3334.3087504092164,3.2954,26.621919043044787
3334.3487606030317,3.2916,26.6834220542041
3334.3887707968697,3.6332,21.901660701342507
3334.428780990728,3.4586,24.16879351268848
3334.468791184609,3.6374,21.851111494577676
3334.508801378511,2.7895,37.15376705552705
3334.558814120919,2.9318,33.63465051498775
3334.5988243148695,3.28,26.872492137549564
3334.638834508843,3.0862,30.353409527432873
3334.678844702838,3.3006,26.53810101736495
3334.718854896854,3.5291,23.21281025042034
3334.7588650908915,3.7218,20.871304789697664
3334.798875284952,4.0047,18.026678125403734
3334.8388854790323,3.0482,31.11492039997918
3334.888898221665,2.827,36.17461956492022
3334.9289084157954,3.3723,25.42162067056079
3334.968918609948,3.456,24.205172263985137
3335.008928804121,3.6801,21.346978895040504
3335.0489389983168,3.4337,24.520591756545855
3335.088949192534,3.2955,26.620303415246163
3335.1289593867723,3.2687,27.058611357808118
3335.1689695810333,3.515,23.399414514772577
3335.2189823238896,4.247,16.028436840644144
3335.2589925181983,3.7513,20.54433419249384
3335.2990027125297,4.3166,15.515725326389763
3335.339012906882,3.7804,20.22926753205555
3335.3790231012567,3.289,26.725625944705286
3335.419033295653,3.5363,23.11838271665852
3335.459043490071,2.8036,36.780995905432526
3335.4990536845107,3.7484,20.576135281028474
3335.5490664275903,3.4981,23.62605482797667
3335.5890766220787,3.4509,24.276769564341787
3335.629086816589,3.4586,24.16879351268848
3335.6690970111204,3.6871,21.266000909277693
3335.7091072056737,4.0422,17.693758134641318
3335.749117400249,3.497,23.640920564500885
3335.789127594846,3.3847,25.235695432046104
3335.829137789464,3.5492,22.950635009071462
3335.879150532768,3.4403,24.426599591548804
3335.9191607274347,3.8018,20.002170990407087
3335.9591709221236,3.3984,25.032639843620892
3335.9991811168347,3.4341,24.51487983049782
3336.0391913115673,4.1905,16.463569428472095
3336.0792015063207,3.6381,21.8427036430471
3336.1192117010964,3.5397,23.073992102262412
3336.1592218958936,3.1437,29.2532033611824
3336.209234639421,3.6034,22.265410539787474
3336.249244834267,3.3216,26.20360062111575
3336.289255029135,3.4378,24.462138997718178
3336.3292652240243,2.8974,34.438060557240725
3336.369275418935,3.0396,31.291237529598767
3336.409285613868,3.6551,21.639993820776674
3336.449295808823,3.6172,22.09584487514662
3336.4893060037994,3.6208,22.05192890322915
3336.5393187475497,3.9171,18.841972140644227
3336.579328942574,4.1368,16.893772335610656
3336.619339137621,3.5705,22.67762547865241
3336.6593493326895,2.7984,36.91781609657328
3336.699359527779,3.422,24.688552765950153
3336.7393697228904,3.5563,22.85908660089831
3336.779379918024,3.9182,18.83139419428003
3336.819390113179,4.0785,17.380199229804074
3336.869402857153,3.9893,18.166124448068526
3336.9094130523563,3.6091,22.19513673987348
3336.949423247581,3.0552,30.972504284798454
3336.9894334428286,2.9049,34.26046274729241
3337.0294436380973,3.1551,29.04219012125677
3337.069453833388,3.3387,25.935871292145123
3337.1094640286997,2.9987,32.15063594463619
3337.1494742240334,3.5774,22.59022978959767
3337.1994869682303,3.6043,22.25429250740552
3337.239497163612,3.6838,21.30411873167091
3337.2795073590164,4.0094,17.98443953278775
3337.319517554442,4.3204,15.488443679490393
3337.359527749889,4.0224,17.868379543519524
3337.399537945358,3.8312,19.69636219830217
3337.4395481408483,3.2097,28.062524766710563
3337.479558336361,3.5484,22.960984785057402
3337.529571080781,3.937,18.651975938178413
3337.5695812763424,3.5342,23.145864474115125
3337.609591471925,3.3626,25.568498272572242
3337.6496016675287,3.7374,20.697433781672576
3337.6896118631544,3.7765,20.27107071465417
3337.729622058802,3.2142,27.9840026318675
3337.7696322544707,3.7302,20.777410889191213
3337.809642450162,3.6926,21.202698159346635
3337.859655194805,3.8465,19.53998371201299
3337.899665390544,3.188,28.445855451255575
3337.9396755863054,2.9209,33.886149452376614
3337.9796857820875,3.1034,30.017886091111258
3338.019695977892,2.7651,37.81236993907732
3338.0597061737176,3.3042,26.480304824737996
3338.099716369565,3.6938,21.188924214872337
3338.1397265654346,3.2677,27.07517514480762
3338.189739310301,3.7185,20.90836588913096
3338.229749506219,3.7184,20.909490493337792
3338.269759702158,3.537,23.109233006752326
3338.3097698981196,3.0739,30.59680962263723
3338.349780094102,3.6557,21.63289098015654
3338.389790290106,4.0613,17.527724589461908
3338.429800486132,3.4394,24.43938485034201
3338.46981068218,3.3593,25.618757232746272
3338.509820878249,3.5576,22.8423835568527
3338.5598336233647,2.7949,37.01033691315648
3338.5998438194824,2.7649,37.81784047672392
3338.639854015622,3.1782,28.621551813363737
3338.679864211783,3.3143,26.3191585899475
3338.7198744079656,3.6628,21.549105558804268
3338.75988460417,4.2222,16.217282729138326
3338.7998948003956,2.8853,34.72750993183737
3338.849907545708,3.3866,25.207387183669695
3338.889917741982,3.3544,25.69365799559999
3338.929927938278,2.3554,52.11061354390635
3338.9699381345963,3.2439,27.47392532879085
3339.009948330935,3.6539,21.65421000054654
3339.0499585272955,3.7117,20.985046163329834
3339.089968723679,3.9013,18.994898561064183
3339.1299789200825,3.7987,20.034830592169904
3339.169989116508,3.6235,22.019077787542393
3339.2200018620706,4.1218,17.016955226714447
3339.2600120585444,3.5388,23.085730108218428
3339.3000222550404,2.9197,33.91400965839595
3339.3400324515574,3.0557,30.962369140590493
3339.380042648096,2.6304,41.78418876364521
3339.4200528446568,2.9368,33.520219818228604
3339.4600630412388,4.0412,17.702515901109955
3339.500073237843,4.0062,18.013181570921077
3339.550085983628,3.7834,20.197199167225506
3339.59009618028,3.3438,25.856816305585486
3339.630106376954,4.1624,16.686607946627564
3339.67011657365,3.861,19.39349437364403
3339.7101267703665,3.4713,23.992270537559488
3339.7501369671045,3.4631,24.106023810630813
3339.790147163865,3.9168,18.844858581960498
3339.830157360647,3.2084,28.085270472782756
3339.880170106655,4.0777,17.387019505888695
3339.9201803034853,3.3403,25.91103074306435
3339.9601905003374,3.8735,19.268528596953402
3340.0002006972104,2.5923,43.021449815977654
3340.0402108941057,3.619,22.073870507165
3340.080221091022,3.6263,21.985087440148405
3340.12023128796,2.7459,38.34300500376278
3340.16024148492,3.4328,24.533450891408034
3340.210254231151,3.5957,22.360872998895687
3340.2502644281585,3.5065,23.512995598020645
3340.2902746251884,3.1709,28.75348771070356
3340.3302848222397,3.3288,26.090369528091564
3340.3702950193133,2.7523,38.16489227558585
3340.4103052164073,2.9917,32.301264462320574
3340.4503154135236,3.8814,19.190172114737837
3340.4903256106613,3.7779,20.256049547811624
3340.540338357114,3.3783,25.331401193654447
3340.5803485542997,3.1793,28.60174981254515
3340.6203587515074,3.4439,24.375558752829736
3340.6603689487374,3.8554,19.449873693075258
3340.7003791459874,3.4831,23.829984553676557
3340.740389343261,3.1751,28.67746822338938
3340.780399540555,3.2502,27.36752084492586
3340.8204097378707,3.116,29.775613601270216
3340.8704224845455,3.9234,18.78150974096154
3340.910432681909,3.0172,31.757580729362047
3340.9504428792943,3.7722,20.317311773863697
3340.990453076702,3.867,19.333359559100522
3341.0304632741304,3.5401,23.068778084125853
3341.0704734715814,2.9947,32.23658003756055
3341.110483669053,2.6813,40.21284097448705
3341.150493866546,3.4049,24.937155805067835
3341.200506613443,3.4643,24.08932652103723
3341.240516810986,3.3522,25.727393798551763
3341.2805270085487,3.6059,22.234547667864213
3341.320537206134,3.7514,20.543238918468465
3341.3605474037395,2.9868,32.40733515532478
3341.4005576013674,3.4637,24.097672996541625
3341.440567799018,3.7343,20.73181166204504
3341.4805779966887,3.5335,23.155035950212756
3341.530590743808,3.0898,30.282719786283142
3341.5706009415267,3.3514,25.739677838303255
3341.6106111392683,3.2024,28.190609862845324
3341.6506213370308,2.7555,38.076300951506646
3341.6906315348156,3.3296,26.077833618750255
3341.7306417326213,3.6249,22.002072768097065
3341.7706519304484,3.6617,21.562054500587816
3341.810662128296,3.4025,24.972347731032556
3341.860674875638,3.4097,24.866994758509637
3341.900685073535,3.8136,19.87858152007608
3341.940695271454,3.7287,20.794131127774207
3341.980705469394,2.7717,37.6325060126611
3342.0207156673555,2.9899,32.340168611743046
3342.060725865339,3.6747,21.409764076090962
3342.100736063343,3.5184,23.354212407914368
3342.1407462613697,3.8303,19.705619334276285
3342.190759008933,3.9584,18.450847587679895
3342.230769207008,3.828,19.729306130745968
3342.2707794051043,2.9629,32.932266074895196
3342.310789603222,3.6231,22.023939985592065
3342.350799801361,4.1782,16.560644687253358
3342.390809999522,3.7516,20.541048633165467
3342.4308201977037,2.5865,43.2146097468299
3342.470830395908,3.0578,30.919855812855047
3342.520843143693,3.7385,20.685255730789034
3342.5608533419454,3.2248,27.800336779524375
3342.6008635402186,3.0099,31.9118126936292
3342.6408737385136,3.6376,21.84870875598228
3342.6808839368305,3.9132,18.879547674968837
3342.7208941351696,4.0931,17.256430797586834
3342.7609043335287,4.4197,14.80028633206986
3342.8009145319106,2.9008,34.3573788515804
3342.8509272799174,3.4838,23.820409200014094
3342.890937478346,2.9994,32.13563106932834
3342.9309476767976,3.5497,22.944169952259344
3342.970957875271,4.0372,17.737612069170307
3343.0109680737646,4.0194,17.895062695326867
3343.05097827228,3.5917,22.410706377364725
3343.090988470817,3.8852,19.152651794789293
3343.1309986693755,3.5555,22.869374504982755
3343.1810114176037,3.8893,19.112292623620966
3343.221021616211,3.5803,22.553648991186723
3343.2610318148395,3.9991,18.077199519069932
3343.3010420134897,2.9157,34.00712557853003
3343.3410522121603,3.4423,24.39822380037617
3343.381062410854,3.4263,24.626623495214034
3343.421072609568,3.4948,23.670694159945537
3343.461082808304,3.7332,20.74403085549938
3343.5110955567548,3.2217,27.853862855828428
3343.5511057555377,3.3732,25.40805705168242
3343.591115954344,3.2046,28.151916713115618
3343.631126153171,3.5602,22.809032343794414
3343.6711363520194,3.1667,28.829809872819055
3343.7111465508897,3.018,31.740746608158673
3343.7511567497813,4.4395,14.668563337395362
3343.791166948695,3.6895,21.238343075829185
3343.8411796973664,4.5774,13.798058325542856
3343.8811898963277,3.5693,22.692876490045858
3343.92120009531,3.0202,31.69452173134242
3343.9612102943147,2.6659,40.6787745774883
3344.0012204933414,3.8396,19.610275928748027
3344.0412306923877,3.0534,31.009032038839532
3344.081240891456,3.4322,24.54202926847799
3344.1212510905466,3.3246,26.156331589982347
3344.17126383944,3.5694,22.69160498490484
3344.2112740385783,4.4791,14.410338603296474
3344.251284237738,2.7558,38.06801133369297
3344.29129443692,3.1554,29.036668006724828
3344.331304636123,3.1757,28.66663291144805
3344.3713148353468,3.4249,24.646760906220607
3344.4113250345936,4.3904,14.998489365612869
3344.4513352338604,4.0887,17.293591328577435
3344.5013479829745,3.9772,18.27682766594669
3344.54135818229,3.3785,25.328402153380505
3344.5813683816277,3.4442,24.371312572569956
3344.6213785809864,3.9593,18.442460311502987
3344.661388780366,2.9038,34.28642433839839
3344.701398979767,3.1098,29.89445903948966
3344.7414091791907,3.2901,26.707758241495416
3344.781419378635,3.6299,21.941501090213432
3344.8314321279695,3.3072,26.432285436989027
3344.8714423274623,3.1378,29.363316248384187
3344.911452526976,3.7418,20.648785997038964
3344.9514627265116,3.7392,20.677511657297497
3344.991472926069,3.4065,24.91373583302101
3345.031483125648,4.0306,17.795749348297072
3345.071493325247,3.9249,18.767156827988504
3345.111503524868,2.6177,42.190611396719056
3345.161516274425,3.4382,24.45644748264127
3345.201526474094,3.189,28.428018269356606
3345.241536673785,2.5885,43.14785618574271
3345.2815468734984,3.7476,20.584920989634604
3345.3215570732323,4.5315,14.078997648369837
3345.3615672729875,3.7511,20.54652500333904
3345.401577472764,3.4605,24.142260879862945
3345.4415876725616,3.3242,26.16262673405609
3345.4916004223396,2.1494,62.57790268190637
3345.5316106221867,2.9531,33.151203195519706
3345.5716208220533,3.5983,22.328570384128845
3345.611631021943,2.8447,35.725856203641456
3345.6516412218534,2.5863,43.221293621699985
3345.691651421785,3.2505,27.362469391394857
3345.7316616217395,2.8239,36.254086142157256
3345.7716718217134,4.0973,17.221071002187013
3345.821684571713,3.1357,29.40265903787337
3345.861694771736,3.443,24.388303953991777
3345.9017049717804,3.2115,28.031076301457926
3345.941715171846,3.2727,26.992507976149952
3345.9817253719334,3.9171,18.841972140644227
3346.0217355720424,4.2417,16.06851688785195
3346.061745772173,3.6159,22.111735665251917
3346.101755972324,3.7733,20.305467616541954
3346.151768722544,3.8465,19.53998371201299
3346.191778922744,3.9119,18.892097834137775
3346.2317891229645,4.6914,13.135626299972365
3346.271799323208,3.3844,25.240169514266807
3346.3118095234718,3.9289,18.728962730574494
3346.351819723757,3.2115,28.031076301457926
3346.3918299240636,2.7883,37.18575364117749
3346.4318401243922,3.0117,31.873678697312464
3346.4818528748324,3.3573,25.649289363159916
3346.5218630752092,3.4704,24.004716271300815
3346.5618732756066,3.1416,29.29232498041176
3346.6018834760257,3.8264,19.745809100307795
3346.641893676466,3.2218,27.852133796176123
3346.6819038769286,3.1196,29.706931510582372
3346.721914077412,3.7303,20.776296923728687
3346.7619242779174,3.1285,29.538150603688965
3346.811937028578,3.3296,26.077833618750255
3346.851947229131,3.3473,25.802771842044297
3346.8919574297047,3.1934,28.34973363931726
3346.931967630301,3.1287,29.534374313592725
3346.9719778309186,3.6788,21.362068580970856
3347.0119880315574,3.4221,24.687109898422648
3347.0519982322166,4.3784,15.0808155449364
3347.092008432898,3.4518,24.264111682723925
3347.1420211837794,3.5194,23.340942596100607
3347.182031384509,3.6121,22.15828408307104
3347.2220415852603,2.4746,47.21125318081085
3347.2620517860328,4.0358,17.749920388664556
3347.3020619868266,2.8478,35.648119117952376
3347.342072187641,2.9989,32.146347765217925
3347.382082388478,3.3566,25.65998850476703
3347.4220925893355,3.5024,23.5680776448925
3347.4721053404382,3.6856,21.283314499457042
3347.512115541344,3.6384,21.839101763572675
3347.5521257422715,3.3817,25.280489851905077
3347.5921359432195,3.3482,25.788902081213234
3347.63214614419,3.6399,21.82110572316422
3347.6721563451806,3.9985,18.082625119058722
3347.7121665461937,3.2376,27.580951569550365
3347.7521767472285,2.9061,34.232174627156034
3347.7921869482825,3.6187,22.077530624787094
3347.8421996996326,3.5398,23.072688432017664
3347.8822099007357,3.8751,19.25262022135703
3347.922220101861,3.1212,29.676482393305122
3347.962230303008,4.0177,17.910209687446024
3348.002240504175,3.465,24.079594445762503
3348.042250705365,3.2525,27.32882874790977
3348.082260906575,3.18,28.589159237085866
3348.1322736581183,3.0849,30.378997218339883
3348.1722838593764,3.4939,23.682890480655665
3348.2122940606564,2.9118,34.09828332528406
3348.2523042619573,2.8359,35.947919891967274
3348.2923144632805,2.7091,39.391770729421005
3348.332324664624,2.9497,33.22767131980198
3348.372334865989,3.6178,22.08851644134451
3348.4123450673756,3.1143,29.80812963531181
3348.452355268784,3.6844,21.297180599565074
3348.5023680205736,4.1215,17.019432611708474
3348.54237822203,3.5355,23.128846183437318
3348.5823884235074,3.158,28.98887558427177
3348.622398625006,3.7354,20.719603261916753
3348.662408826526,3.1541,29.060608551103428
3348.7024190280677,2.9873,32.39648769701249
3348.7424292296314,3.3122,26.352542888932653
3348.782439431215,3.1445,29.238320500125557
3348.832452183225,3.7736,20.30223918929525
3348.872462384857,3.773,20.30869681391833
3348.9124725865104,3.103,30.02562564926311
3348.952482788186,3.3851,25.229731839362568
3348.992492989882,3.4348,24.504888761282423
3349.032503191599,3.564,22.760419497687273
3349.0725133933383,3.3094,26.397154185533847
3349.1125235950985,3.1343,29.428931508810056
3349.1625363473286,3.2114,28.0328220512246
3349.202546549137,3.5845,22.500827228603868
3349.2425567509667,3.4574,24.18557350745346
3349.282566952818,3.2819,26.841386412200972
3349.32257715469,3.7763,20.27321795953869
3349.3625873565834,4.0036,18.03658524153277
3349.402597558498,3.1671,28.82252801113105
3349.442607760434,3.3529,25.71665247589936
3349.4926205128845,4.0504,17.62218894867238
3349.5326307148694,2.551,44.42573677089837
3349.5726409168747,3.5211,23.318409857796727
3349.612651118902,3.3117,26.36050089366796
3349.65266132095,3.2832,26.820134655669875
3349.692671523019,3.5991,22.318645199450934
3349.73268172511,4.2069,16.335457901461282
3349.7726919272222,3.6998,21.120255408905795
3349.822704679893,3.1558,29.029307636968266
3349.862714882053,3.5393,23.079207888311714
3349.9027250842337,3.7269,20.814222069160024
3349.9427352864363,3.673,21.4295871154922
3349.9827454886604,3.2393,27.552009946496504
3350.022755690906,3.3557,25.6737543835278
3350.0627658931726,3.2813,26.85120343555006
3350.1027760954607,2.9173,33.96983324571913
3350.152788848351,3.219,27.900608395654427
3350.1927990506865,3.781,20.222847751962497
3350.2328092530443,3.9858,18.198042424676505
3350.272819455423,3.8472,19.53287374076884
3350.3128296578225,3.6963,21.160271571823404
3350.352839860244,3.7689,20.35290649054347
3350.3928500626866,3.4374,24.467832499824087
3350.4328602651503,2.8927,34.550059949560854
3350.4828730182594,4.0582,17.554513158801882
3350.5228832207717,3.3558,25.672224294475708
3350.562893423304,3.5265,23.247051304164213
3350.6029036258587,4.1217,17.017780961606817
3350.6429138284343,3.2143,27.982261440403022
3350.6829240310312,3.1727,28.720870961644998
3350.7229342336504,3.5231,23.29194250288365
3350.76294443629,3.4337,24.520591756545855
3350.8129571896184,3.8094,19.922439369514315
3350.8529673923063,3.6306,21.933041019768858
3350.892977595015,2.9839,32.47035798437231
3350.9329877977448,3.402,24.97968875851992
3350.9729980004963,3.6072,22.218524328192103
3351.0130082032692,3.2729,26.989209167753504
3351.053018406063,2.9795,32.56633047572493
3351.0930286088783,3.5792,22.5675139997078
3351.1430413624266,3.6092,22.193906837229658
3351.18305156529,3.4953,23.663922496754573
3351.2230617681744,3.5415,23.05054293143066
3351.26307197108,3.2833,26.818500950674615
3351.303082174007,3.7143,20.95567750219481
3351.3430923769556,4.0405,17.708650206999906
3351.383102579924,2.991,32.31638550774781
3351.4231127829157,3.0438,31.204942449708124
3351.4731255366837,3.0079,31.954264120086513
3351.513135739722,2.9509,33.20065238676735
3351.553145942782,3.1807,28.57657697341035
3351.5931561458638,3.184,28.517372321872887
3351.633166348966,3.2964,26.605769381025475
3351.67317655209,3.7968,20.05488732028804
3351.713186755235,3.5932,22.391999356539184
3351.753196958401,3.8106,19.909893756385692
3351.803209712389,3.9204,18.810265007284634
3351.8432199156027,3.0664,30.74666393445658
3351.883230118838,3.1234,29.634691238066242
3351.9232403220944,3.2726,26.99415760715462
3351.9632505253726,3.0597,30.88146677707084
3352.0032607286716,3.5839,22.508361826480453
3352.0432709319925,3.3981,25.037060032104165
3352.083281135334,4.0342,17.764002733318627
3352.133293889541,2.748,38.28442457091365
3352.17330409293,3.1936,28.346182933272893
3352.213314296342,3.5222,23.30384723317856
3352.253324499773,3.4563,24.200970525458814
3352.2933347032267,3.7629,20.417864244124264
3352.3333449067018,3.1752,28.675661911496796
3352.3733551101977,3.5278,23.229921313882667
3352.413365313714,3.9871,18.186177363631657
3352.46337806814,4.3613,15.199306565769096
3352.503388271705,3.0109,31.890618696673243
3352.5433984752913,3.4851,23.80264170550124
3352.5834086788986,3.2467,27.426557973762876
3352.6234188825274,3.0699,30.67659523928204
3352.6634290861775,3.6049,22.246885111583772
3352.703439289849,3.8019,20.001118784790187
3352.743449493541,3.328,26.102914478835938
3352.793462248186,3.0243,31.608644396300026
3352.8334724519264,3.4117,24.837848352044947
3352.8734826556874,3.9551,18.481649935523514
3352.9134928594704,3.2172,27.931837494661
3352.9535030632746,2.6675,40.629989951263674
3352.9935132671,3.1567,29.01275703400861
3353.033523470946,3.6586,21.59860983271443
3353.073533674814,3.4085,24.884507234831897
3353.1235464296774,3.3916,25.13311899457478
3353.1635566335935,3.393,25.112382715748343
3353.20356683753,3.4287,24.592159591358595
3353.2435770414877,3.2759,26.93979952241112
3353.2835872454675,3.2934,26.654262511035007
3353.323597449468,4.4139,14.839207939056944
3353.3636076534885,4.4039,14.90667564888169
3353.403617857531,3.9769,18.2795852176727
3353.4536306126142,3.6168,22.100732524031876
3353.493640816705,3.7646,20.399428010352807
3353.533651020817,3.7897,20.130103324629747
3353.5736612249507,2.874,35.00113010288019
3353.6136714291047,3.4418,24.405313110885192
3353.653681633279,3.6968,21.154548017705526
3353.6936918374763,3.7972,20.050662349100715
3353.733702041694,4.4307,14.72688889187907
3353.7837147969963,3.7576,20.475502613664776
3353.823725001262,2.7521,38.1704394962773
3353.863735205549,3.0481,31.116962027261113
3353.9037454098566,3.8882,19.12310816311529
3353.9437556141856,3.6512,21.686247669486246
3353.9837658185365,3.2328,27.662915693861102
3354.023776022908,3.0231,31.633743062458585
3354.0637862273,3.1101,29.88869208518855
3354.1137989828217,4.1991,16.396201814193983
3354.1538091872617,3.6782,21.369038448329068
3354.193819391724,3.7761,20.27536554561669
3354.2338295962068,2.9363,33.53163658843294
3354.273839800711,3.5059,23.521044316203636
3354.313850005237,3.8208,19.803732852332804
3354.3538602097838,3.636,21.867941768031553
3354.3938704143507,3.6185,22.07997120896866
3354.4438831700913,2.927,33.745056149074706
3354.483893374706,3.4391,24.443648834005142
3354.5239035793425,2.8942,34.51425617502779
3354.5639137840008,2.9742,32.6824997183175
3354.603923988679,3.6348,21.882383197884554
3354.6439341933797,3.692,21.2095901686462
3354.6839443981016,3.5846,22.499571830116025
3354.7239546028445,3.612,22.15951102574434
3354.773967358802,3.6944,21.1820422753351
3354.8139775635927,3.3939,25.099065799467827
3354.8539877684043,4.1091,17.122306399755516
3354.8939979732368,3.5595,22.81800432755475
3354.934008178091,3.4158,24.778258193454572
3354.9740183829667,3.1199,29.701218732533185
3355.0140285878624,3.353,25.715118550380765
3355.0540387927804,3.2378,27.577544306444636
3355.1040515489562,3.5252,23.26420024918895
3355.1440617539215,3.3309,26.05748202730627
3355.1840719589086,3.2999,26.549361137607484
3355.224082163916,3.4188,24.734791398999473
3355.264092368944,3.4569,24.19257032992149
3355.3041025739944,3.376,25.365928475590703
3355.3441127790657,2.9485,33.25472324856935
3355.384122984158,3.4887,23.753543030366203
3355.434135740552,3.9982,18.08533883508089
3355.4741459456923,3.5238,23.28268957382858
3355.514156150854,4.0852,17.32323662543192
3355.554166356036,3.9492,18.536913360873555
3355.5941765612397,3.3343,26.004367285516608
3355.634186766464,3.2007,28.220563778441374
3355.6741969717104,3.0508,31.06190853808427
3355.7142071769763,4.7369,12.884491411843259
3355.76421993359,3.1818,28.556821620382664
3355.8042301389046,3.5683,22.705597421535305
3355.8442403442405,3.8225,19.786121942853526
3355.884250549597,3.5186,23.35155754040627
3355.924260754975,3.9267,18.74995503966236
3355.964270960374,4.2585,15.941984759089017
3356.004281165795,3.3731,25.409563584316885
3356.044291371236,3.4553,24.214980576989255
3356.0943041280675,3.4042,24.947412428450605
3356.1343143335566,3.0745,30.584868631595022
3356.1743245390667,3.1537,29.06798082932607
3356.2143347445985,3.485,23.80400772997049
3356.254344950151,3.8253,19.757166906115977
3356.294355155725,3.3155,26.30011032255539
3356.3343653613197,3.0905,30.26900323794191
3356.374375566935,3.4061,24.919587732003894
3356.424388323985,3.3309,26.05748202730627
3356.4643985296493,3.7108,20.99522662402978
3356.504408735334,4.6324,13.472357645013652
3356.5444189410405,3.7006,21.111124795793447
3356.584429146767,3.0462,31.155791156355317
3356.6244393525153,3.5883,22.453195845571944
3356.664449558284,3.5226,23.298555115421568
3356.7044597640743,2.5607,44.08980261810953
3356.754472521343,3.118,29.737427514714245
3356.794482727181,4.093,17.25727402443196
3356.8344929330397,3.31,26.387585090529363
3356.8745031389194,3.0004,32.114213748212514
3356.914513344822,3.0926,30.227909462676177
3356.954523550744,3.5408,23.05965780402421
3356.9945337566887,2.9023,34.32187409135686
3357.0345439626535,3.2578,27.239980489478324
3357.074554168639,3.589,22.444438141495397
3357.1245669261507,3.6272,21.97417868492824
3357.1645771321846,3.475,23.941206298206573
3357.204587338239,3.1215,29.67077839583876
3357.2445975443156,3.3265,26.12646066117365
3357.2846077504123,3.5633,22.769362810965884
3357.32461795653,3.2555,27.27848398667812
3357.3646281626698,3.6345,21.8859957905858
3357.4146409203727,2.9295,33.68748549567359
3357.45465112656,3.2204,27.876355290949913
3357.494661332768,3.738,20.690789875690147
3357.5346715389974,3.183,28.535293680966383
3357.5746817452473,3.3965,25.060654155278716
3357.614691951518,3.7738,20.300087332193005
3357.654702157811,3.7417,20.649889722960665
3357.694712364124,3.3673,25.497172260856743
3357.734722570459,3.098,30.12262321475078
3357.784735328406,3.0186,31.72812979973945
3357.8247455347887,3.9885,18.173412578139597
3357.864755741192,3.3188,26.247834085012975
3357.904765947616,3.2787,26.893806167383627
3357.944776154062,3.369,25.47144697502998
3357.9847863605282,3.0405,31.27271561776279
3358.0247965670155,3.5117,23.4434127648559
3358.0648067735247,3.6865,21.27292380928291
3358.1148195316896,3.4076,24.897653735307387
3358.154829738246,3.1479,29.175194878367225
3358.1948399448233,3.2892,26.72237593798106
3358.234850151422,3.0405,31.27271561776279
3358.2748603580417,2.7699,37.6814323248375
3358.3148705646813,3.2303,27.70575012346852
3358.3548807713437,3.1961,28.301855334273863
3358.394890978026,3.8732,19.271513612420748
3358.4449037364097,3.3632,25.55937617102301
3358.4849139431403,3.4742,23.952233392035307
3358.524924149891,3.3865,25.208875903700086
3358.5649343566633,3.5182,23.35686772820097
3358.6049445634576,3.5142,23.410069376200013
3358.644954770272,3.4661,24.06431309599675
3358.684964977108,3.3849,25.232713371431053
3358.724975183965,3.1652,28.85714144621438
3358.774987942565,2.8986,34.40955224001954
3358.8149981494703,3.7407,20.660931851099782
3358.855008356395,3.2201,27.8815497219019
3358.895018563341,3.4798,23.8752033675501
3358.9350287703096,2.5883,43.15452457913586
3358.975038977298,2.9911,32.314224708410116
3359.0150491843083,4.0189,17.899515697746352
3359.0550593913385,3.5446,23.010241957544533
3359.105072150157,3.3102,26.384396548452198
3359.1450823572354,3.7712,20.32808818462484
3359.185092564335,3.5769,22.59654581810569
3359.2251027714556,2.8584,35.38421673182034
3359.2651129785963,3.6199,22.062895613764095
3359.305123185759,3.5699,22.685249061899444
3359.3451333929424,3.3119,26.357317259258476
3359.3851436001473,2.9209,33.886149452376614
3359.435156359182,3.1256,29.592988297715532
3359.4751665664353,2.8976,34.433306711275776
3359.515176773709,3.1212,29.676482393305122
3359.5551869810033,3.1581,28.98703977112812
3359.595197188318,3.5552,22.873234259646907
3359.635207395654,3.4429,24.38972070446683
3359.6752176030122,4.2003,16.386834565703452
3359.715227810391,2.9747,32.671513823259914
3359.7652405696435,2.9294,33.68978549219063
3359.805250777069,3.4801,23.871087250064917
3359.8452609845167,4.1469,16.811581169311722
3359.885271191984,3.4577,24.181376870849636
3359.925281399474,3.4607,24.139470513024783
3359.9652916069836,3.8278,19.73136787027236
3360.0053018145154,3.5137,23.41673236061553
3360.0453120220673,3.0336,31.415138525847517
3360.095324781538,3.6459,21.74934354288437
3360.135334989137,3.3881,25.185072199078927
3360.175345196758,3.4493,24.299296934473627
3360.2153554043994,3.528,23.227287611355983
3360.2553656120626,3.4559,24.2065730866629
3360.2953758197464,3.3218,26.200445367470646
3360.335386027451,3.3055,26.459480370597195
3360.3753962351775,3.2538,27.306995587137337
3360.425408994864,2.9998,32.12706157060444
3360.4654192026383,3.0889,30.300369052681873
3360.505429410432,3.1824,28.546054606566436
3360.5454396182467,3.8049,19.96959118324275
3360.5854498260837,3.623,22.025155786743188
3360.6254600339416,3.6704,21.459957998992422
3360.66547024182,3.6851,21.28909039498213
3360.7054804497193,3.6107,22.175470558393545
3360.755493209624,3.3276,26.1091903474516
3360.7955034175707,2.8574,35.4089877796434
3360.835513625539,3.6015,22.288909319325438
3360.875523833527,3.1314,29.48346519516897
3360.9155340415377,3.4046,24.941550726144396
3360.955544249569,3.9126,18.88533850166565
3360.995554457621,3.3202,26.225703364412976
3361.0355646656944,3.0001,32.12063669585424
3361.0855774258152,3.7247,20.838817230971596
3361.1255876339355,3.0,32.12277810660974
3361.1655978420763,3.0759,30.557033488938163
3361.20560805024,3.6031,22.269118402120526
3361.2456182584237,3.2853,26.785858172711286
3361.285628466628,3.9528,18.503163875521636
3361.325638674854,3.4291,24.5864226415819
3361.3656488831,3.5552,22.873234259646907
3361.415661643438,3.7327,20.74958860582549
3361.455671851732,3.421,24.70298840110335
3361.495682060047,3.422,24.688552765950153
3361.535692268383,3.438,24.45929299185889
3361.57570247674,3.4868,23.779437268764497
3361.6157126851185,2.9682,32.814763802938266
3361.655722893517,3.2489,27.389426649418386
3361.695733101937,3.2819,26.841386412200972
3361.7457458624917,3.1082,29.925244336459404
3361.785756070959,3.8112,19.90362539325011
3361.8257662794467,3.2457,27.44346081418657
3361.865776487957,3.0965,30.15181414914531
3361.9057866964868,3.3411,25.898623849098232
3361.945796905038,3.5499,22.941584694403467
3361.9858071136105,3.7659,20.385346557255048
3362.0258173222037,3.3956,25.073940508871612
3362.0758300829757,2.9064,34.22510807139231
3362.115840291616,2.8843,34.75159447088027
3362.155850500277,3.8786,19.21788926167995
3362.1958607089605,3.1521,29.097498013708726
3362.2358709176638,2.9538,33.13549252811573
3362.275881126389,2.9594,33.010208260066605
3362.315891335134,3.5751,22.619305466986628
3362.355901543901,3.5232,23.290620318202613
3362.405914304889,3.7245,20.841055316206344
3362.445924513703,3.8939,19.067163270491783
3362.485934722538,2.9335,33.59567842127788
3362.5259449313935,3.2896,26.715877702777362
3362.565955140271,3.3854,25.225260532011443
3362.6059653491684,3.1888,28.431584363291584
3362.645975558087,2.6424,41.40553939752642
3362.6859857670265,3.5338,23.151104650218755
3362.735998528231,3.7346,20.728481028496205
3362.776008737219,3.0841,30.394759574914577
3362.8160189462264,3.4451,24.358580686760643
3362.8560291552562,3.1813,28.56579878593079
3362.896039364306,3.2367,27.596292070600985
3362.9360495733767,3.5954,22.364604733836025
3362.9760597824684,2.9629,32.932266074895196
3363.016069991582,3.1116,29.859882329782995
3363.066082753003,3.1976,28.275308666527945
3363.106092962162,3.1107,29.87716318173637
3363.1461031713434,3.4225,24.681339693005555
3363.1861133805455,2.5752,43.59469384674654
3363.22612358977,3.4126,24.82474918468522
3363.266133799013,3.3458,25.82591298746674
3363.306144008279,3.4516,24.266923689634815
3363.3461542175646,3.3098,26.390774210642203
3363.396166979201,3.288,26.741884875319567
3363.436177188535,3.0278,31.53561032727121
3363.476187397889,3.2004,28.22585471913004
3363.5161976072645,4.1152,17.071582919489146
3363.5562078166604,3.7074,21.03375307584685
3363.596218026077,3.255,27.286865114397493
3363.636228235515,3.3284,26.096640872745066
3363.6762384449744,3.943,18.59525431502347
3363.726251206828,3.4464,24.34020779133995
3363.766261416334,3.0892,30.29448424989037
3363.806271625862,3.7311,20.76738842425464
3363.846281835409,2.8805,34.84334459639897
3363.886292044978,3.5262,23.25100706962457
3363.9263022545692,3.1683,28.800698971742975
3363.9663124641797,3.2277,27.750403555348576
3364.006322673812,3.5596,22.816722291516772
3364.0563354358815,4.1982,16.403232522524817
3364.09634564556,3.1779,28.626955928113365
3364.1363558552603,2.6978,39.72245430317108
3364.1763660649817,3.0394,31.295355744608827
3364.216376274723,3.3782,25.33290091354193
3364.2563864844865,3.6372,21.85351462954457
3364.29639669427,3.2131,28.003166468950933
3364.3364069040745,3.3463,25.818195814519637
3364.386419666361,2.9527,33.160185736909106
3364.4264298762128,2.9858,32.429046422796
3364.466440086085,2.7313,38.754020913161064
3364.5064502959794,2.7315,38.74834599638351
3364.546460505894,3.7122,20.979393551061506
3364.58647071583,3.9902,18.157930540961477
3364.626480925786,3.6604,21.577372848730555
3364.6664911357634,2.7162,39.186104038291376
3364.7165038982653,3.5447,23.008943686272275
3364.75651410829,3.2104,28.050288522228687
3364.7965243183357,3.2849,26.792381958729777
3364.836534528403,3.5727,22.649705193598166
3364.87654473849,3.1613,28.92838570417708
3364.916554948599,3.1551,29.04219012125677
3364.9565651587277,3.0064,31.986158304206462
3364.9965753688784,2.7873,37.21244069378338
3365.0465881315963,3.4173,24.75651048664744
3365.086598341793,3.5984,22.327329374017566
3365.1266085520115,3.493,23.695096230022724
3365.166618762251,3.3665,25.509291765007525
3365.2066289725103,2.7407,38.4886413017534
3365.246639182793,3.7709,20.331322779773515
3365.286649393094,3.9149,18.863154789142104
3365.3266596034177,3.9151,18.86122761812056
3365.3766723663507,2.946,33.31118764447513
3365.4166825767197,3.235,27.625303513345113
3365.456692787111,2.8159,36.46037512878924
3365.4967029975232,2.8915,34.57874309723991
3365.5367132079564,3.1263,29.579737639711954
3365.57672341841,4.0541,17.590037630506696
3365.6167336288854,3.4391,24.443648834005142
3365.65674383938,2.8696,35.10854785291531
3365.706756602528,3.4289,24.58929086550282
3365.746766813072,3.3133,26.335047958485227
3365.786777023636,3.0808,30.45990914232866
3365.8267872342203,3.7445,20.619018814657526
3365.866797444825,3.1803,28.583765821025036
3365.906807655451,3.1069,29.95029241913826
3365.946817866099,2.3824,50.93615651283011
3365.986828076767,2.6778,40.31802946551352
3366.036840840131,3.2729,26.989209167753504
3366.0768510508465,3.8121,19.894228397587987
3366.1168612615825,3.3548,25.687531342784265
3366.156871472339,3.4497,24.293662153219834
3366.196881683117,3.4231,24.67268817733324
3366.2368918939155,3.5096,23.471476294443814
3366.276902104735,3.2741,26.969429010778164
3366.3169123155762,3.4543,24.229002797765517
3366.3669250791563,3.6546,21.64591552718077
3366.4069352900437,2.9504,33.21190626907655
3366.446945500952,3.396,25.06803415870637
3366.4869557118814,3.6739,21.41908913741956
3366.526965922832,3.7128,20.972613430591604
3366.5669761338027,3.8369,19.637884863398046
3366.6069863447947,3.0653,30.76873511037856
3366.646996555807,3.1741,28.695540733142042
3366.6970093196037,2.9184,33.944230338891884
3366.7370195306635,2.9475,33.277291766389084
3366.777029741744,3.8665,19.338360103420662
3366.8170399528462,4.0302,17.799282002369264
3366.8570501639683,3.5962,22.354655515912924
3366.897060375112,2.9849,32.44860522347134
3366.9370705862757,3.6034,22.265410539787474
3366.9770807974614,3.6573,21.6139671593478
3367.0170910086676,2.7617,37.90553078146721
3367.0671037727043,3.6837,21.305275416640676
3367.107113983957,3.0241,31.6128254325314
3367.147124195231,3.8258,19.75200305262271
3367.187134406526,3.0599,30.877429985351608
3367.227144617843,2.8076,36.67626650865031
3367.267154829179,3.2115,28.031076301457926
3367.307165040537,3.1182,29.733612946783296
3367.3571778047626,2.8982,34.419051077894665
3367.3971880161666,2.836,35.9453848233186
3367.437198227592,2.946,33.31118764447513
3367.477208439038,3.1032,30.021755496078736
3367.5172186505056,2.8327,36.02918389982472
3367.557228861993,2.5255,45.32739985977069
3367.597239073502,3.1586,28.977863320706902
3367.6372492850314,3.8392,19.61436246602698
3367.6772594965823,3.2337,27.647519613936364
3367.72727226105,3.0162,31.778642220442666
3367.7672824726474,3.3869,25.202921814745366
3367.807292684266,3.2953,26.62353481793033
3367.8473028959042,2.7406,38.49145012678813
3367.8873131075648,2.8315,36.05972895861585
3367.9273233192453,3.2061,28.12558067644984
3367.9673335309476,3.094,30.20056008638323
3368.007343742669,3.3073,26.43068704084474
3368.057356507353,3.0726,30.62270577184623
3368.097366719122,3.7824,20.207880144233783
3368.137376930912,3.5138,23.415399536181265
3368.177387142724,3.4615,24.128313881941143
3368.2173973545555,3.7265,20.818690676931475
3368.257407566409,3.3373,25.957636087043596
3368.297417778282,3.0067,31.97977564841981
3368.3374279901773,2.9474,33.279549881676786
3368.3874407550743,2.9568,33.0682874316761
3368.4274509670163,2.9322,33.62547451201721
3368.4674611789783,3.4539,24.234615096622083
3368.507471390962,3.5875,22.463210928198922
3368.547481602966,2.9088,34.1686543138906
3368.5874918149907,3.1781,28.623353014905575
3368.6275020270364,3.2741,26.969429010778164
3368.6675122391025,3.2861,26.772817746908487
3368.7175250042155,2.766,37.7877672029042
3368.757535216329,2.877,34.928173128562506
3368.797545428463,3.225,27.796888783724828
3368.837555640619,2.6723,40.48416146840739
3368.8775658527943,2.6131,42.33928351847038
3368.9175760649914,2.6534,41.062947494734
3368.9575862772085,2.7708,37.65695724971955
3368.997596489447,3.5661,22.733621149761202
3369.0476092547747,3.3145,26.315982441920514
3369.08761946706,3.1832,28.531708057909963
3369.127629679366,2.9084,34.17805356907339
3369.167639891693,3.1311,29.489115260940206
3369.207650104041,3.5199,23.33431193097336
3369.2476603164096,3.2463,27.433317235503566
3369.2876705287995,3.5796,22.562470699495467
3369.327680741209,3.5394,23.07790377601386
3369.3776935067517,3.3125,26.3477698157351
3369.417703719208,3.3223,26.192559726221162
3369.4577139316857,3.3101,26.38599074724506
3369.497724144186,2.7383,38.55613805937001
3369.5377343567047,2.8451,35.71581133147444
3369.5777445692456,2.9224,33.85137244576232
3369.6177547818065,3.2529,27.32210806419424
3369.6577649943883,3.3288,26.090369528091564
3369.707777760145,3.2811,26.854476973523457
3369.747787972775,2.8945,34.50710209888894
3369.787798185424,2.8046,36.75477154150665
3369.827808398095,2.8667,35.17961650464949
3369.8678186107863,2.929,33.698987834127855
3369.9078288234987,3.0688,30.698590997568644
3369.947839036231,3.1885,28.436934762472927
3369.987849248985,3.5551,22.874521061679012
3370.0378620149563,2.7248,38.939136516410215
3370.077872227757,3.3285,26.0950728246144
3370.1178824405774,3.9126,18.88533850166565
3370.1578926534203,3.1699,28.77163214051558
3370.197902866283,3.8161,19.852544381511667
3370.237913079167,3.5812,22.542314395062437
3370.277923292071,3.1546,29.051397146707924
3370.3179335049963,3.2101,28.05553164683607
3370.367946271183,3.6304,21.935457683401225
3370.407956484155,3.5016,23.578847927358368
3370.4479666971474,3.6497,21.704077106017756
3370.4879769101613,3.3191,26.243089430143893
3370.527987123196,3.3891,25.17021200069516
3370.567997336251,3.4023,24.975283753649613
3370.608007549328,2.9144,34.037470835247575
3370.648017762425,2.9767,32.62762558849619
3370.6980305288253,3.2681,27.068547805393436
3370.7380407419682,3.3152,26.30487045027627
3370.778050955132,3.4996,23.60580595544115
3370.818061168318,3.2746,26.961193695994808
3370.8580713815236,3.9538,18.493805375205337
3370.8980815947507,3.6075,22.214829094209147
3370.9380918079983,3.0503,31.072092600032562
3370.978102021267,3.2526,27.327148344525487
3371.0281147878813,3.1236,29.630896420161754
3371.068125001196,3.1048,29.990821190219982
3371.1081352145325,3.5002,23.597713694665213
3371.1481454278896,3.55,22.94029222932678
3371.188155641267,3.5329,23.16290155488758
3371.2281658546653,3.1348,29.41954444259594
3371.2681760680844,3.0926,30.227909462676177
3371.3081862815243,2.4953,46.43121148495565
3371.358199048353,3.1758,28.664827623170712
3371.398209261839,3.7106,20.997489954680685
3371.4382194753457,2.9347,33.56820947521724
3371.478229688875,3.4117,24.837848352044947
3371.518239902424,3.3416,25.89087406501027
3371.5582501159934,3.2628,27.15655796733604
3371.5982603295834,3.5242,23.277404661130202
3371.6382705431943,3.2286,27.7349343895072
3371.6882833102377,3.1859,28.483368220273036
3371.7282935238964,3.2605,27.194884662162536
3371.7683037375746,3.0179,31.74285014120914
3371.8083139512737,2.9323,33.623181097995335
3371.8483241649938,3.1862,28.47800471170343
3371.8883343787347,3.2922,26.673696892025212
3371.9283445924966,3.3669,25.50323093305149
3371.9683548062794,3.2236,27.821038233219063
3372.0183675735357,2.8619,35.29772245423233
3372.058377787365,2.907,34.21098152266266
3372.098388001215,3.6664,21.50680866105323
3372.138398215086,3.7954,20.06968524048958
3372.1784084289766,3.7721,20.318389029275693
3372.218418642889,3.3055,26.459480370597195
3372.258428856822,3.3637,25.551778148331884
3372.2984390707757,3.0411,31.26037681127982
3372.348451838247,2.9829,32.492132626395346
3372.3884620522467,3.2186,27.907543667744616
3372.428472266268,3.2603,27.198221252101206
3372.46848248031,2.7158,39.197648032810676
3372.5084926943728,2.9589,33.02136544218252
3372.5485029084552,3.0105,31.89909376107535
3372.5885131225596,2.5626,44.02444748106587
3372.628523336684,3.134,29.43456590523313
3372.6785361043694,3.6045,22.251822964453023
3372.718546318541,2.9842,32.46382985991866
3372.758556532733,3.5758,22.610450408195653
3372.7985667469457,3.5928,22.396985604505414
3372.838576961179,3.2184,27.911012273526463
3372.878587175434,2.9917,32.301264462320574
3372.918597389709,3.245,27.455302101490773
3372.9586076040046,2.9731,32.7066882005066
3373.008620371904,2.9281,33.7197068941076
3373.0486305862464,3.3959,25.069510550583004
3373.0886408006095,3.6437,21.775615183085165
3373.1286510149935,3.5496,22.94546274506315
3373.168661229398,2.9213,33.8768703457
3373.208671443823,2.9259,33.77043399976842
3373.24868165827,3.7202,20.889261490854253
3373.2886918727363,3.6252,21.998431398299143
3373.3387046408498,3.262,27.169879796736502
3373.3787148553624,2.8813,34.82399860933099
3373.418725069897,3.4137,24.80875315897164
3373.458735284452,3.4975,23.634161672731942
3373.4987454990282,3.2765,26.929933876265423
3373.5387557136246,3.318,26.26049279048288
3373.5787659282405,3.8149,19.865035819742953
3373.618776142879,3.1654,28.85349499133505
3373.6687889112054,3.5847,22.49831653668974
3373.7087991258895,3.3078,26.42269723449355
3373.748809340595,3.0956,30.169349081793687
3373.7888195553205,2.8281,36.14648454224232
3373.828829770067,2.8864,34.70104584599869
3373.8688399848347,3.2989,26.565459459508133
3373.908850199622,3.6691,21.475167658068226
3373.9488604144312,3.138,29.359573434979698
3373.9988731829703,2.8746,34.9865204326112
3374.038883397826,3.0754,30.56697024758416
3374.0788936127014,3.4185,24.739132929407216
3374.1189038275984,3.5118,23.44207766192812
3374.1589140425153,3.3937,25.102024198617013
3374.198924257454,2.8142,36.50443833459925
3374.2389344724133,2.6682,40.608674269100206
3374.278944687392,3.2607,27.19154868616933
3374.3289574561454,3.344,25.853723478391277
3374.3689676711715,3.4967,23.644977291347594
3374.408977886218,2.5948,42.938590427174894
3374.448988101286,2.8806,34.84092546651577
3374.488998316374,3.093,30.2200915654658
3374.5290085314823,3.424,24.659719430532036
3374.5690187466125,3.5928,22.396985604505414
3374.6090289617623,3.5881,22.455698988221922
3374.659041730729,3.4351,24.500608744122474
3374.6990519459264,3.2225,27.840034885350065
3374.7390621611435,3.6533,21.66132334429472
3374.7790723763815,3.5929,22.39573888638428
3374.81908259164,4.0978,17.216868743372245
3374.85909280692,3.3949,25.084281645693334
3374.8991030222205,3.087,30.337679321208125
3374.9391132375404,4.2759,15.812502743631052
3374.9891260067207,3.5204,23.32768409089114
3375.0291362220883,3.3369,25.963859632034602
3375.069146437477,3.2835,26.815233988467472
3375.1091566528853,3.3095,26.395558974934012
3375.1491668683143,3.1565,29.016433722364102
3375.1891770837647,3.1006,30.072125918679326
3375.229187299236,2.9682,32.814763802938266
3375.269197514727,3.1461,29.20858883092126
3375.31921028412,3.6314,21.923378357853775
3375.359220499659,3.0277,31.537693500683115
3375.399230715217,3.0425,31.231614645902535
3375.4392409307957,3.8681,19.32236518659959
3375.4792511463966,3.1622,28.911921322488112
3375.519261362017,3.2378,27.577544306444636
3375.559271577659,3.2743,26.966134432137896
3375.59928179332,3.0123,31.860982553993974
3375.649294562927,3.1144,29.806215453349886
3375.6893047786352,2.9692,32.79266409466972
3375.7293149943644,3.5871,22.468220982473262
3375.7693252101144,3.525,23.26684023257917
3375.8093354258854,3.0403,31.27683017671254
3375.8493456416754,2.8686,35.13302993829955
3375.889355857488,3.0864,30.349475829112926
3375.9293660733206,2.8421,35.79125128530709
3375.9793788431402,2.9971,32.18497229058161
3376.0193890590185,3.0729,30.61672682017269
3376.0593992749177,3.3341,26.00748718467226
3376.099409490838,3.1169,29.75842076563345
3376.13941970678,3.693,21.198105352597764
3376.1794299227413,2.6556,40.994939488572676
3376.2194401387223,3.4762,23.924679930029647
3376.2594503547257,3.6473,21.73264997298762
3376.29946057075,3.1925,28.365720075479118
3376.349473340808,3.1096,29.89830460300722
3376.389483556878,2.8026,36.80724834582261
3376.4294937729683,2.4806,46.98314318667346
3376.46950398908,2.8633,35.26321352181056
3376.509514205212,2.727,38.87633379290595
3376.5495244213635,3.0717,30.640653138963522
3376.589534637537,2.9362,33.53392064239193
3376.639547407782,3.5519,22.915756130223436
3376.6795576240024,3.2117,28.027585291115223
3376.7195678402427,3.1356,29.404534475972156
3376.759578056504,3.1288,29.532486440101394
3376.799588272784,3.1654,28.85349499133505
3376.839598489087,3.067,30.734635119427224
3376.8796087054097,2.8363,35.93778122613547
3376.9196189217537,3.8103,19.913029048460814
3376.959629138117,3.7434,20.631138410231333
3377.009641908601,2.5556,44.26595089676037
3377.049652125012,3.0393,31.297415156992745
3377.0896623414433,2.8817,34.81433165729021
3377.129672557895,3.4403,24.426599591548804
3377.169682774367,3.3906,25.14794635131018
3377.2096929908603,3.4268,24.61943754339594
3377.2497032073743,3.5001,23.599062115799065
3377.2897134239083,3.313,26.33981757497045
3377.3397261946043,2.695,39.80503731530562
3377.3797364111856,2.7282,38.842141780886685
3377.4197466277865,3.168,28.806153906127296
3377.4597568444087,3.2652,27.116651213499843
3377.499767061052,3.4826,23.836827627344565
3377.5397772777146,3.6219,22.038536246580822
3377.5797874943987,3.6097,22.187758857179297
3377.6197977111033,3.2404,27.53330728171198
3377.6698104820125,3.2536,27.31035283160246
3377.7098206987625,3.3317,26.04496981034684
3377.749830915535,3.509,23.479503701551874
3377.7898411323267,3.1731,28.71363033219383
3377.8298513491395,3.4117,24.837848352044947
3377.8698615659723,3.4837,23.82177675429523
3377.9098717828256,3.2394,27.55030891691218
3377.949881999701,3.204,28.162461486101474
3377.9998947708223,3.2951,26.626766809033633
3378.0399049877437,3.2361,27.60652618271113
3378.0799152046843,3.3051,26.465885277799845
3378.119925421647,3.457,24.191170722549497
3378.1599356386296,3.3916,25.13311899457478
3378.1999458556324,3.3515,25.738141852257833
3378.2399560726562,3.6064,22.22838279425681
3378.2799662897014,3.6102,22.18161343137217
3378.3299790610354,2.7869,37.22312355943768
3378.369989278126,2.9955,32.21936367188612
3378.409999495238,3.2613,27.18154444035652
3378.4500097123696,2.8272,36.16950166349838
3378.4900199295225,3.9251,18.765244349436117
3378.5300301466946,3.1331,29.451478806649995
3378.570040363889,3.6617,21.562054500587816
3378.6100505811028,3.1789,28.608948161732275
3378.660063352651,2.9865,32.41384624563002
3378.7000735699103,3.1618,28.9192370897103
3378.740083787192,3.6751,21.405103828886677
3378.780094004494,3.3717,25.43066911794607
3378.820104221816,3.0535,31.007001024323603
3378.860114439159,3.6552,21.638809771100373
3378.9001246565226,2.8561,35.44122904852133
3378.9401348739066,3.2968,26.599313630655217
3378.990147645666,3.583,22.519670821285715
3379.0301578630965,3.2617,27.174878010115222
3379.0701680805482,2.638,41.54377763830436
3379.1101782980195,3.8907,19.09854065675508
3379.150188515512,3.8713,19.29043482843378
3379.1901987330248,3.1249,29.60624786144071
3379.2302089505583,2.764,37.842472593538034
3379.270219168113,2.9831,32.487775946092555
3379.320231940083,3.3223,26.192559726221162
3379.360242157684,3.1674,28.81706842523396
3379.4002523753043,2.8556,35.4536412629135
3379.440262592946,3.5745,22.626899658351128
3379.480272810608,2.471,47.34891748700807
3379.5202830282906,2.8684,35.1379294282618
3379.560293245993,3.3094,26.397154185533847
3379.600303463718,3.357,25.65387389002368
3379.650316235901,3.4874,23.771255568409064
3379.690326453671,3.4052,24.932762045524697
3379.7303366714614,3.0837,30.40264535395523
3379.7703468892723,2.8937,34.52618458021503
3379.8103571071047,2.9355,33.54991555653159
3379.850367324956,3.0213,31.67144715039906
3379.8903775428294,3.2352,27.621888028543307
3379.9303877607217,3.3837,25.25061366769395
3379.9804005331184,2.8888,34.64341092084844
3380.020410751058,2.8911,34.58831208432921
3380.060420969018,2.7897,37.14843997061916
3380.1004311869983,3.3415,25.892423743521746
3380.1404414049994,2.9569,33.066050784033145
3380.180451623021,3.1301,29.507960547932683
3380.220461841064,3.193,28.356837053160614
3380.2604720591266,3.1365,29.387661990247246
3380.310484831735,2.953,33.153448488664495
3380.350495049843,2.6217,42.06196689997666
3380.390505267973,3.003,32.05862881175122
3380.4305154861236,3.1904,28.403074387191065
3380.470525704294,3.4769,23.915047449785156
3380.5105359224854,3.0703,30.668602642605702
3380.550546140698,2.6496,41.18081512422994
3380.5905563589295,3.606,22.233314487986082
3380.6405691317495,3.1325,29.46276217391916
3380.680579350028,3.1606,28.941201059504625
3380.720589568327,2.8934,34.533344591804905
3380.7605997866467,2.9948,32.23442723730247
3380.8006100049874,3.2626,27.15988750598652
3380.8406202233477,3.4497,24.293662153219834
3380.880630441729,2.9069,34.213335340007454
3380.920640660131,3.2846,26.797276362434296
3380.9706534331626,2.9426,33.38821029854621
3381.0106636516107,3.1381,29.357702296629277
3381.0506738700797,2.9292,33.69438619192108
3381.090684088568,2.8914,34.58113497170185
3381.1306943070776,3.2857,26.779336769157506
3381.170704525608,3.5391,23.081816444553418
3381.2107147441584,3.5076,23.498250340748708
3381.2507249627306,3.5566,22.855230426559384
3381.3007377359727,3.1885,28.436934762472927
3381.34074795459,3.0326,31.435860221907024
3381.3807581732285,2.9667,32.847955276808584
3381.4207683918876,2.7524,38.16211911869673
3381.4607786105657,3.63,21.940292209066254
3381.5007888292657,3.3355,25.985659674606207
3381.5407990479857,3.1198,29.703122808770352
3381.5808092667266,3.3599,25.60960822397144
3381.63082204018,3.5348,23.138007545227122
3381.6708322589675,3.2397,27.545206773228806
3381.710842477775,2.942,33.40183025922258
3381.750852696603,3.1365,29.387661990247246
3381.7908629154513,3.367,25.50171606256527
3381.83087313432,3.2152,27.96659802742504
3381.8708833532087,3.2705,27.028834820626834
3381.910893572119,3.1419,29.286731374531968
3381.9609063457847,2.9104,34.131096039644646
3382.000916564741,2.7367,38.60123458561379
3382.040926783717,3.9984,18.08352962319636
3382.080937002715,3.1577,28.994384070219045
3382.120947221732,3.0186,31.72812979973945
3382.1609574407694,2.8746,34.9865204326112
3382.200967659828,2.7829,37.33020570104273
3382.2409778789074,2.889,34.63861449304901
3382.2909906527857,3.5508,22.929956439519007
3382.33100087191,3.5985,22.326088467365427
3382.371011091056,3.1394,29.333393767022873
3382.4110213102217,3.162,28.915578859051536
3382.4510315294096,3.1072,29.944509301811117
3382.4910417486158,3.1651,28.858964932877885
3382.5310519678437,2.8055,36.73119358627059
3382.571062187091,3.3041,26.481907724016406
3382.621074961181,3.2349,27.627011493311223
3382.661085180475,3.2053,28.139621961463483
3382.7010953997897,3.4053,24.9312977170581
3382.7411056191254,3.1035,30.015951669148595
3382.78111583848,2.9878,32.3856456841184
3382.8211260578564,2.9365,33.52706918052842
3382.8611362772535,2.9056,34.24395708455058
3382.9011464966707,3.2162,27.94920965508237
3382.9511592709705,3.2617,27.174878010115222
3382.9911694904345,3.4019,24.981157352456172
3383.0311797099175,3.3619,25.57914689792216
3383.071189929422,3.3521,25.72892882255902
3383.111200148947,3.2471,27.41980120982391
3383.1512103684922,2.8829,34.78535494032071
3383.191220588058,2.8888,34.64341092084844
3383.2312308076444,2.4458,48.32965114073282
3383.2812435821556,2.9195,33.91865636634988
3383.3212538017874,2.5505,44.44315691359965
3383.36126402144,2.9605,32.98568235501949
3383.4012742411132,3.1098,29.89445903948966
3383.4412844608064,3.2282,27.741807977039066
3383.4812946805214,3.3825,25.26853301864351
3383.521304900256,3.588,22.45695071651943
3383.561315120011,3.3297,26.076267265373513
3383.6113278947337,2.994,32.25165567978999
3383.6513381145346,3.0211,31.675640654090813
3383.691348334356,2.8797,34.86270670903624
3383.7313585541983,2.5767,43.543952214622394
3383.771368774061,2.9911,32.314224708410116
3383.811378993944,3.209,28.074769019577595
3383.8513892138476,3.0453,31.174209273648042
3383.8913994337713,3.1964,28.296543010721642
3383.941412208705,3.2024,28.190609862845324
3383.9814224286747,3.1759,28.66302250542072
3384.0214326486653,3.0304,31.481520183314473
3384.0614428686763,3.3484,25.785821430849598
3384.101453088708,3.0961,30.15960556470371
3384.1414633087593,2.7947,37.01563431867029
3384.1814735288317,3.4029,24.966477238762177
3384.221483748924,2.9731,32.7066882005066
3384.2714965240693,2.9167,33.98381067867969
3384.311506744208,3.0692,30.690589803624366
3384.351516964367,3.3853,25.226750835715755
3384.3915271845462,2.9635,32.918932278569166
3384.4315374047465,2.827,36.17461956492022
3384.4715476249667,2.8853,34.72750993183737
3384.5115578452082,3.2032,28.176530401927067
3384.551568065469,3.1556,29.032987471974852
3384.6015808408247,3.2011,28.21351150471434
3384.6415910611327,3.1236,29.630896420161754
3384.6816012814597,2.8164,36.44743054501174
3384.7216115018086,2.8901,34.61225193695875
3384.761621722177,3.0338,31.410996645345584
3384.801631942566,2.7733,37.58909590999369
3384.8416421629754,3.0017,32.08640322511575
3384.881652383406,3.0833,30.4105342022871
3384.9316651589725,3.1723,28.728114330213018
3384.9716753794482,3.1832,28.531708057909963
3385.011685599945,2.8698,35.10365450672528
3385.0516958204616,2.8642,35.241055924681824
3385.091706040999,3.0538,31.00090917786972
3385.1317162615574,3.7571,20.480952790561066
3385.171726482135,3.1757,28.66663291144805
3385.2117367027336,3.2003,28.227618696687568
3385.261749478511,3.3526,25.72125507604315
3385.301759699156,2.688,40.012625085847255
3385.3417699198208,3.2629,27.15489342760124
3385.3817801405057,2.8108,36.59280471582725
3385.421790361211,2.8605,35.33228206762965
3385.461800581938,3.0677,30.720610421465203
3385.5018108026848,2.8339,35.99867763523585
3385.5418210234516,3.2786,26.89544675837405
3385.5918337994394,2.6152,42.27131413704942
3385.631844020253,3.1441,29.245760510579277
3385.6718542410867,3.2531,27.318748651967528
3385.71186446194,2.9126,34.07955444318225
3385.7518746828146,3.0789,30.49751456350697
3385.7918849037096,2.8933,34.535731757286335
3385.831895124625,3.2292,27.72462879710139
3385.87190534556,3.189,28.428018269356606
3385.9219181217586,3.3063,26.446677529344438
3385.9619283427396,3.2181,27.916216394822193
3386.001938563742,3.4795,23.879320549746986
3386.0419487847644,3.4325,24.537739517631493
3386.081959005807,3.2734,26.980964791975406
3386.12196922687,3.2269,27.764164792368593
3386.1619794479543,2.7177,39.142859446734725
3386.201989669058,2.8984,34.414301167366844
3386.2520024454666,3.3943,25.093150569933396
3386.2920126666163,3.5131,23.424731697505898
3386.3320228877865,2.736,38.62098919887969
3386.3720331089776,2.9373,33.50880887776308
3386.4120433301887,2.807,36.691947380716
3386.45205355142,2.8706,35.08409134874652
3386.4920637726723,2.7848,37.27928414877347
3386.5320739939443,2.8325,36.034272047139304
3386.572084215237,2.8041,36.76788021641461
3386.622096991882,2.8159,36.46037512878924
3386.66210721322,3.2013,28.20998635913249
3386.702117434579,3.1823,28.54784868595235
3386.742127655959,3.3512,25.742750222909436
3386.7821378773588,3.19,28.410197859602178
3386.822148098778,2.8064,36.70763831142509
3386.862158320219,3.4835,23.824512216188324
3386.912171097048,3.1809,28.57298356656198
3386.9521813185347,2.9065,34.22275303904908
3386.9921915400423,3.3909,25.14349676686534
3387.032201761569,2.8549,35.4710293204476
3387.072211983116,3.4115,24.84076068610719
3387.1122222046847,4.0019,18.0519123111089
3387.152232426273,3.0445,31.19059464784451
3387.192242647881,3.2369,27.592881964512756
3387.232252869511,3.1307,29.49665120873657
3387.2822656465755,2.9319,33.63235616214861
3387.322275868251,3.0973,30.13624037303392
3387.3622860899463,2.77,37.67871169389514
3387.4022963116618,3.4244,24.65395882499664
3387.4423065333976,3.1709,28.75348771070356
3387.482316755155,3.2168,27.938784414689117
3387.5223269769313,3.3303,26.066872108023677
3387.562337198728,2.711,39.33657477994017
3387.612349976004,2.3962,50.35115144531522
3387.6523601978465,3.6427,21.787572576305813
3387.6923704197106,3.162,28.915578859051536
3387.7323806415943,3.1492,29.151112627031466
3387.7723908634985,3.5033,23.555969895494545
3387.8124010854235,2.3572,52.03105877444973
3387.8524113073686,3.3759,25.367431262797247
3387.8924215293328,3.5893,22.44068640819095
3387.942434306818,3.5058,23.52238617101942
3387.9824445288295,3.5982,22.329811497710786
3388.0224547508606,3.3946,25.088715519965792
3388.0624649729125,3.3734,25.40504438833602
3388.1024751949853,3.6935,21.19236644240716
3388.1424854170773,3.3969,25.05475249876196
3388.18249563919,3.3426,25.875384928734885
3388.222505861324,3.5194,23.340942596100607
3388.272518639019,2.9267,33.75197454333343
3388.312528861198,3.2415,27.514623653886304
3388.352539083397,3.0649,30.7767668850879
3388.3925493056176,3.5427,23.034930003980065
3388.432559527857,3.057,30.936041035739407
3388.472569750118,3.0345,31.396506512314843
3388.512579972398,2.8628,35.27553232879528
3388.5525901947,2.6139,42.31337110362481
3388.602602972605,2.617,42.21318485221577
3388.642613194952,3.1804,28.581968354828327
3388.682623417319,2.9532,33.14895813045846
3388.722633639707,2.7055,39.496671612954444
3388.762643862115,3.347,25.807397582202476
3388.8026540845426,3.1897,28.415542222704715
3388.8426643069915,3.0322,31.444154641357446
3388.882674529461,2.9692,32.79266409466972
3388.9326873075756,3.1764,28.653999473829316
3388.9726975300905,3.2434,27.48239669665672
3389.0127077526254,3.65,21.700509460119928
3389.0527179751807,3.2791,26.887245304305228
3389.092728197757,3.1969,28.287692461330114
3389.132738420353,2.9152,34.01879202689518
3389.1727486429695,2.7792,37.42966860644566
3389.2127588656053,2.8686,35.13302993829955
3389.262771643931,2.9559,33.088427476629455
3389.302781866613,3.0938,30.204464867104424
3389.3427920893164,3.6365,21.861928724613218
3389.382802312039,3.6065,22.22715012721342
3389.4228125347827,3.1996,28.239971170970602
3389.4628227575467,2.7907,37.12182172365082
3389.5028329803313,2.8698,35.10365450672528
3389.542843203136,3.488,23.76307808989701
3389.5928559816693,2.96,32.99682710406079
3389.632866204519,2.6639,40.7398790178639
3389.6728764273903,3.0584,30.907725229768168
3389.7128866502803,3.4225,24.681339693005555
3389.7528968731926,3.2137,27.992711027440524
3389.792907096124,3.6216,22.042187579078565
3389.8329173190764,3.1776,28.63236157355639
3389.8729275420487,3.3129,26.341407735081425
3389.9229403207914,3.8276,19.733429932997552
3389.9629505438097,3.2387,27.562219433107987
3390.002960766848,2.988,32.38131040286146
3390.0429709899067,2.6202,42.11013954774189
3390.082981212985,3.2137,27.992711027440524
3390.1229914360842,3.1538,29.066137496789313
3390.1630016592035,2.9047,34.26518084285275
3390.203011882343,3.3178,26.26365889770793
3390.2530246612964,2.8156,36.46814518943501
3390.2930348844825,3.1358,29.400783779193645
3390.333045107687,3.4412,24.413824362883
3390.373055330914,3.1516,29.106731354530044
3390.4130655541603,3.2477,27.40967074460206
3390.453075777427,3.3614,25.586757132260466
3390.4930860007134,3.1909,28.394173813632232
3390.533096224021,3.569,22.69669164676436
3390.583109003184,3.1479,29.175194878367225
3390.623119226536,3.1088,29.91369427974869
3390.6631294499102,3.3755,25.373443747295365
3390.7031396733028,3.1785,28.61614922872963
3390.743149896717,2.8639,35.248439469374354
3390.783160120152,2.8156,36.46814518943501
3390.823170343606,3.0113,31.882147009350273
3390.86318056708,3.1254,29.59677583539813
3390.9131933464523,3.315,26.30804458674989
3390.953203569973,2.6742,40.42665451116821
3390.993213793513,3.0664,30.74666393445658
3391.033224017074,2.8876,34.67221041992042
3391.0732342406545,3.1175,29.746967146692374
3391.1132444642567,3.6053,22.24194890215421
3391.153254687879,3.0209,31.67983499070807
3391.1932649115206,2.7748,37.54846711971327
3391.2432776911014,2.9941,32.24950136922444
3391.2832879147904,2.4046,49.99998222726079
3391.323298138498,2.9951,32.22797013027075
3391.3633083622262,2.8129,36.53818764595231
3391.403318585975,3.4415,24.409568180431638
3391.4433288097434,3.4058,24.923978009401722
3391.4833390335325,3.4699,24.011634752769616
3391.5233492573425,3.2939,26.64617112045896
3391.573362037132,2.7675,37.746815969333596
3391.6133722609875,2.8826,34.79259572703578
3391.653382484863,2.7648,37.820576190751275
3391.693392708758,2.5295,45.184157185885276
3391.733402932674,2.7227,38.99922664150196
3391.773413156611,2.9619,32.95450707848534
3391.8134233805667,2.6592,40.8840175351132
3391.8534336045436,2.7228,38.99636205385994
3391.903446384542,3.2791,26.887245304305228
3391.9434566085647,3.4637,24.097672996541625
3391.983466832608,3.196,28.303626441235597
3392.0234770566703,2.6788,40.28793353522357
3392.0634872807536,3.1212,29.676482393305122
3392.103497504857,3.8401,19.605169552834568
3392.14350772898,3.4491,24.302115060291978
3392.183517953125,3.102,30.04498764519294
3392.2335307333324,2.5276,45.252112662542494
3392.273540957522,2.8222,36.297775807747215
3392.3135511817313,3.3729,25.412577051587796
3392.353561405962,2.8094,36.62928415840349
3392.3935716302117,3.0886,30.30625557035327
3392.4335818544823,3.5856,22.48702362168988
3392.4735920787725,2.5866,43.2112683907884
3392.513602303083,3.3573,25.649289363159916
3392.5636150835007,2.3684,51.540119975089574
3392.6036253078582,2.4965,46.38658577653326
3392.643635532235,2.9622,32.94783241225017
3392.683645756632,3.3139,26.32551261126543
3392.7236559810485,3.1295,29.51927639256271
3392.7636662054865,3.1238,29.627102331118625
3392.803676429944,2.758,38.00730343527837
3392.8436866544216,2.7595,37.965994908668584
3392.893699435048,3.4733,23.96464798148414
3392.933709659572,3.1438,29.251342382188557
3392.9737198841153,3.2097,28.062524766710563
3393.0137301086793,2.9861,32.422530752209504
3393.0537403332632,3.619,22.073870507165
3393.093750557868,3.2464,27.43162718583216
3393.133760782493,3.4577,24.181376870849636
3393.173771007138,3.3626,25.568498272572242
3393.223783787973,3.349,25.776582791065135
3393.2637940126638,3.0498,31.082281671273293
3393.303804237374,2.5697,43.781507339921625
3393.343814462105,2.9471,33.28632560678294
3393.3838246868563,3.0837,30.40264535395523
3393.4238349116285,3.0809,30.457931836676323
3393.463845136419,3.1458,29.21416006347653
3393.5038553612317,2.677,40.34213049727154
3393.5538681422754,3.0088,31.93515050207008
3393.5938783671318,2.6374,41.562681932269946
3393.6338885920095,3.0409,31.26448893525998
3393.673898816908,3.3758,25.36893418355516
3393.7139090418254,2.8306,36.08266325098579
3393.753919266764,3.1289,29.53059874761708
3393.793929491723,3.0896,30.286640512608148
3393.833939716702,2.7706,37.66239409413154
3393.883952497954,3.4961,23.65309387823017
3393.9239627229776,3.6938,21.188924214872337
3393.9639729480223,3.6262,21.986300025472953
3394.0039831730874,2.691,39.92346052252075
3394.043993398172,2.8822,34.80225362668523
3394.0840036232776,3.3193,26.239927041579655
3394.1240138484027,3.7546,20.50823634400501
3394.1640240735483,3.0948,30.184948533100897
3394.2140368550085,3.1397,29.32778839395898
3394.2540470802,3.1309,29.492882873794663
3394.294057305411,3.1613,28.92838570417708
3394.334067530643,3.214,27.987485502385884
3394.374077755894,2.5048,46.07967854312897
3394.4140879811666,2.1384,63.22336384099364
3394.4540982064586,2.8564,35.43378484837561
3394.4941084317716,2.5351,44.98475541917556
3394.54412121344,2.5667,43.88391216290536
3394.5841314387976,2.7552,38.0845932773123
3394.6241416641756,3.0766,30.54313016505329
3394.6641518895735,3.3726,25.417098257737507
3394.704162114992,2.8144,36.49925028339038
3394.74417234043,3.3293,26.082533525765438
3394.7841825658898,2.7177,39.142859446734725
3394.8241927913687,2.7451,38.36535673049127
3394.8742055732455,3.0015,32.0906794152269
3394.91421579877,3.1014,30.05661383371014
3394.9542260243147,3.0194,31.71131908711678
3394.9942362498796,2.715,39.220751330677
3395.034246475465,3.0324,31.44000702134253
3395.0742567010693,3.1038,30.01014952505565
3395.1142669266947,3.2175,27.926629004846426
3395.15427715234,3.0814,30.44804819584997
3395.204289934425,2.3192,53.75008031358406
3395.2443001601173,2.6642,40.73070457825994
3395.2843103858286,3.1988,28.25409821544284
3395.32432061156,3.282,26.83975076507629
3395.3643308373107,2.8296,36.108171468701826
3395.4043410630825,3.2325,27.668050578463852
3395.4443512888743,2.8177,36.41380687131951
3395.484361514687,3.0522,31.033419786129326
3395.5343742969803,2.8163,36.4500189102202
3395.574384522838,3.005,32.015969311289936
3395.6143947487153,3.6861,21.277540954181088
3395.6544049746135,3.3277,26.10762116812649
3395.6944152005317,3.2829,26.825036666440653
3395.7344254264704,3.3579,25.640123995455568
3395.774435652429,3.6815,21.33074633773437
3395.8144458784077,4.6027,13.646785653655483
3395.8644586609084,27.2221,0.3901329348120369
3395.904468886932,27.1274,0.39286154683467717
3395.9444791129768,27.957,0.3698918247424138
3395.9844893390414,3.898,19.027073872795636
3396.0244995651256,3.227,27.762444078020685
3396.0645097912306,3.3861,25.21483210284844
3396.1045200173553,2.9656,32.872327707206374
3396.1445302435,3.3849,25.232713371431053
3396.194543026209,3.3227,26.18625377617779
3396.2345532524,3.152,29.099344330355542
3396.27456347861,2.8925,34.5548379951926
3396.3145737048408,2.8514,35.55816178393783
3396.354583931092,3.1474,29.18446522945438
3396.3945941573634,2.7902,37.13512726967139
3396.434604383654,2.9897,32.344495633118214
3396.4746146099656,3.6954,21.170579824426614
3396.5146248362967,2.7706,37.66239409413154
3396.56463761924,3.1196,29.706931510582372
3396.6046478456165,3.1429,29.268097588620908
3396.6446580720135,2.3153,53.93131106026054
3396.68466829843,3.63,21.940292209066254
3396.7246785248676,3.4721,23.981215787006317
3396.7646887513247,2.4934,46.50200067119444
3396.8046989778027,2.8695,35.11099490971066
3396.8547117609287,2.735,38.649236391261866
3396.8947219874517,3.0473,31.13330228196114
3396.9347322139943,3.0094,31.922417615905754
3396.974742440557,3.1025,30.035304306939203
3397.0147526671403,3.742,20.64657881065011
3397.0547628937443,3.5738,22.635764383015847
3397.094773120368,3.9793,18.257542263515504
3397.1347833470113,3.5946,22.37456059527256
3397.1747935736757,2.8647,35.22875517131595
3397.224806357034,3.5968,22.347197958721043
3397.2648165837436,3.0503,31.072092600032562
3397.304826810472,3.2788,26.89216572649985
3397.344837037222,2.7778,37.467406904564
3397.3848472639916,2.924,33.814335948674916
3397.4248574907815,3.4587,24.167395968111983
3397.4648677175915,3.1557,29.031147467014726
3397.504877944422,2.9498,33.225418482535936
3397.5548907279876,3.1781,28.623353014905575
3397.594900954863,3.4754,23.93569560668153
3397.634911181759,2.9248,33.79584048921557
3397.674921408674,3.1935,28.347958202906046
3397.7149316356094,3.4839,23.819041763491875
3397.754941862566,3.1551,29.04219012125677
3397.794952089542,2.849,35.618095447239
3397.8349623165377,2.5434,44.69163274887364
3397.8849751003113,2.8677,35.15508571658045
3397.9249853273527,2.7936,37.04479038934161
3397.964995554414,2.7531,38.14271548089723
3398.0050057814965,3.0338,31.410996645345584
3398.0450160085975,3.3956,25.073940508871612
3398.08502623572,2.9615,32.96340978899756
3398.1250364628627,3.4698,24.01301880797979
3398.165046690024,3.2406,27.52990884325617
3398.2150594740046,3.0108,31.892737146102487
3398.2550697012125,2.6238,41.9946639434704
3398.29507992844,2.8646,35.23121480671156
3398.3350901556882,3.2699,27.038754869437614
3398.3751003829548,3.2051,28.143133925663694
3398.4151106102436,2.8427,35.77614418507602
3398.4551208375515,2.6844,40.120017415562074
3398.495131064879,3.0208,31.681932471432702
3398.5451438490677,3.5648,22.750205018689375
3398.5851540764406,3.4304,24.567791412674783
3398.6251643038345,3.6175,22.092180202434328
3398.665174531248,2.8829,34.78535494032071
3398.705184758681,2.8585,35.38174105678631
3398.7451949861356,3.0109,31.890618696673243
3398.7852052136095,2.5884,43.15119018921979
3398.8252154411034,3.0218,31.660967033771776
3398.8752282254986,3.1647,28.866260608200502
3398.9152384530375,2.8239,36.254086142157256
3398.955248680598,2.8185,36.393138500979205
3398.9952589081768,3.0104,31.901213055054832
3399.035269135776,2.761,37.92475369020912
3399.075279363396,2.7785,37.44853062482317
3399.115289591036,3.037,31.344837803584824
3399.1552998186953,2.8226,36.287488784148884
3399.205312603298,3.3106,26.37802119784619
3399.2453228310033,3.126,29.585415403157167
3399.2853330587286,3.3776,25.34190203036759
3399.325343286473,3.4381,24.4578701751771
3399.365353514239,3.0253,31.587751651844652
3399.4053637420234,3.3576,25.644706065116914
3399.44537396983,3.5161,23.384775953632197
3399.4853841976555,3.3359,25.979428290225176
3399.5353969824646,3.0568,30.940089327149344
3399.5754072103355,2.9,34.376337254863024
3399.6154174382264,3.0273,31.54602825881984
3399.6554276661373,3.6318,21.918549421233685
3399.695437894068,2.954,33.131005817270015
3399.73544812202,2.687,40.04241299487865
3399.7754583499905,3.3161,26.29059394256131
3399.8154685779823,3.4084,24.885967442846248
3399.865481362999,3.1774,28.63596618785579
3399.9054915910356,3.1523,29.09380590753512
3399.9455018190915,3.3357,25.98254370220243
3399.9855120471684,2.8636,35.25582533475973
3400.0255222752653,2.7852,37.26857709899313
3400.065532503382,2.8319,36.04954295782598
3400.105542731518,2.929,33.698987834127855
3400.145552959675,3.0808,30.45990914232866
3400.1955657448993,2.6921,39.890841512673745
3400.2355759731013,2.6291,41.82552066754793
3400.2755862013237,2.6836,40.14394108972541
3400.315596429566,3.1054,29.979233150968174
3400.355606657828,2.6413,41.44003419946903
3400.3956168861096,2.5584,44.16911163042979
3400.4356271144125,2.705,39.511274314377076
3400.475637342735,3.049,31.098594612789128
3400.5256501281656,3.3591,25.62180799185114
3400.5656603565335,2.9071,34.20862794821727
3400.605670584921,2.7059,39.48499527969202
3400.645680813329,3.0118,31.871562146481192
3400.685691041756,2.5171,45.63043535440031
3400.725701270204,2.79,37.140451491172
3400.7657114986714,3.2092,28.071269844025995
3400.8057217271594,2.5057,46.046582604894404
3400.8557345127974,2.6507,41.14664341081133
3400.89574474133,2.9627,32.936712473993474
3400.935754969884,2.7911,37.11118243493691
3400.9757651984564,3.1617,28.921066465380317
3401.0157754270504,2.8073,36.68410568789017
3401.055785655663,2.681,40.22184099146269
3401.095795884296,3.3946,25.088715519965792
3401.1358061129495,3.1127,29.83878164144321
3401.1858188987944,2.8878,34.66740801009012
3401.2258291274925,3.3009,26.533277444333965
3401.265839356211,3.0104,31.901213055054832
3401.3058495849496,3.232,27.67661189720806
3401.345859813708,2.9736,32.69569010814444
3401.385870042486,2.9199,33.90936390524468
3401.4258802712848,3.0152,31.79972467030856
3401.4658905001033,2.7592,37.97425122465473
3401.515903286155,2.8024,36.8125022066033
3401.5559135150193,3.0852,30.373089495591998
3401.595923743903,2.8923,34.55961703205122
3401.635933972806,2.9262,33.76350992936585
3401.6759442017296,2.9416,33.4109148634924
3401.7159544306733,3.0563,30.950213532903813
3401.755964659638,2.9777,32.60571462636264
3401.7959748886224,2.7096,39.37723422154876
3401.8459876748802,2.5746,43.615015336698875
3401.885997903909,3.7033,21.080352650523107
3401.9260081329576,3.2805,26.86430118005797
3401.9660183620267,2.9815,32.522653941417374
3402.0060285911163,2.6647,40.715420730932266
3402.0460388202255,2.9198,33.91168666248633
3402.086049049354,3.3087,26.408324709896657
3402.126059278503,2.8454,35.70828045722923
3402.176072064968,2.8404,35.834106737972796
3402.2160822941614,3.031,31.469057605744684
3402.2560925233765,2.7762,37.510606316879084
3402.296102752611,3.3361,25.97631343854005
3402.336112981865,3.2579,27.23830827399792
3402.3761232111397,2.6857,40.08118703220175
3402.416133440433,2.7267,38.88488885026785
3402.4561436697477,2.6121,42.37170752349041
3402.5061564564185,2.7282,38.842141780886685
3402.5461666857777,2.9888,32.36397798001114
3402.586176915157,3.143,29.266235188196532
3402.6261871445568,3.0258,31.577313046733178
3402.6661973739765,3.2538,27.306995587137337
3402.7062076034154,3.1822,28.549642934476626
3402.746217832875,3.4094,24.8713711440636
3402.7862280623535,2.7114,39.3249693631946
3402.8362408492317,2.6782,40.305987047894746
3402.876251078756,3.5927,22.398232426732243
3402.916261308301,3.2601,27.20155845613599
3402.956271537865,3.255,27.286865114397493
3402.9962817674495,3.0389,31.305654839678585
3403.0362919970535,2.9536,33.13998015043111
3403.076302226678,2.8737,35.00843836990052
3403.1163124563227,3.2934,26.654262511035007
3403.1663252434064,3.0835,30.40658939436022
3403.2063354730954,3.4058,24.923978009401722
3403.246345702805,2.7968,36.96006822804359
3403.286355932534,2.6951,39.802083489171075
3403.3263661622836,2.9968,32.19141647888581
3403.3663763920536,3.0063,31.988286280765664
3403.4063866218426,3.5482,22.963573322956048
3403.4463968516525,3.3681,25.485061391647566
3403.4964096389417,2.7271,38.87348273450985
3403.536419868796,2.6422,41.411807975349625
3403.5764300986702,2.9758,32.64736434359308
3403.616440328565,3.0296,31.498148472891582
3403.6564505584793,3.3013,26.526848059070243
3403.6964607884133,3.3285,26.0950728246144
3403.7364710183683,2.7037,39.54927926037324
3403.7764812483424,3.0246,31.602374397020373
3403.8264940358386,3.541,23.057053003112216
3403.866504265857,3.1095,29.900227663032624
3403.9065144958968,2.8531,35.51580025098409
3403.9465247259564,2.6047,42.612807010170656
3403.986534956035,2.7276,38.85923214589342
3404.0265451861346,2.9844,32.459478870614454
3404.0665554162533,2.799,36.90199022475494
3404.106565646393,3.2006,28.2223272600276
3404.156578434095,2.9744,32.678104695464064
3404.1965886642784,2.6653,40.69709146700338
3404.236598894483,2.6982,39.710677712787394
3404.276609124707,2.8779,34.906330514477474
3404.316619354951,2.6153,42.26808158324525
3404.356629585215,2.5099,45.892605348073985
3404.396639815499,2.732,38.734164156694575
3404.4366500458023,3.1988,28.25409821544284
3404.486662833711,3.2874,26.751647356479452
3404.5266730640597,3.5612,22.79622440068287
3404.566683294428,2.8055,36.73119358627059
3404.6066935248173,2.8788,34.88450838316943
3404.646703755226,3.0096,31.918175012726152
3404.686713985655,3.1103,29.88484837602638
3404.7267242161033,3.0958,30.165451108434684
3404.766734446572,2.8411,35.81645105829652
3404.816747234686,3.375,25.380962359367214
3404.8567574651993,3.2069,28.111549898427384
3404.8967676957327,3.1664,28.835273080216343
3404.936777926286,2.7481,38.28163837579132
3404.976788156859,3.0015,32.0906794152269
3405.016798387453,2.8511,35.56564521561073
3405.0568086180656,3.0425,31.231614645902535
3405.0968188486995,2.945,33.33381367631162
3405.1468316370197,2.5331,45.055818537761255
3405.186841867697,2.2081,59.29499378400281
3405.2268520983957,2.698,39.71656535323946
3405.2668623291133,2.8782,34.89905419610914
3405.306872559852,2.6282,41.854170998189794
3405.346882790609,2.244,57.41294234155922
3405.386893021387,2.1626,61.81631293361287
3405.426903252185,2.5643,43.96609492989476
3405.476916040711,2.5265,45.29152539982034
3405.516926271554,2.5964,42.885685982612365
3405.556936502416,2.9646,32.89450800860106
3405.596946733299,2.7989,36.90462716328528
3405.636956964201,2.6727,40.47204454788046
3405.676967195124,2.5799,43.435999055980716
3405.7169774260656,3.0178,31.744953883375576
3405.7569876570283,3.0147,31.810273763477312
3405.796997888011,2.7613,37.9165135106271
3405.847010676767,2.8369,35.92258126780009
3405.887020907794,2.9831,32.487775946092555
3405.927031138841,2.9266,33.75428114756028
3405.9670413699077,3.291,26.693152536006906
3406.007051600995,3.0708,30.658616288605284
3406.047061832102,3.3769,25.35240939793331
3406.0870720632292,2.8557,35.451158298449705
3406.137084852165,2.9128,34.07487463368608
3406.1770950833366,2.6776,40.32405269828307
3406.217105314528,2.9701,32.77279343969176
3406.25711554574,2.8722,35.0450140621023
3406.2971257769714,2.8944,34.50948654376716
3406.337136008223,2.7202,39.07094403987785
3406.377146239495,3.3237,26.170498860525235
3406.417156470786,3.3226,26.187830050177514
3406.4571667020964,3.4037,24.954742462669945
3406.5071794912633,3.042,31.241882289254992
3406.5471897226194,3.0339,31.40892601225778
3406.587199953995,3.4714,23.990888275759872
3406.627210185391,2.9332,33.60255092605195
3406.6672204168067,3.1578,28.99254773379513
3406.707230648243,3.1279,29.54948382055338
3406.7472408796984,2.7929,37.06336219187292
3406.7872511111736,2.7364,38.609698992088845
3406.837263900546,2.7023,39.5902690195932
3406.877274132066,3.0148,31.808163524944476
3406.9172843636065,2.581,43.398982861613895
3406.957294595166,2.7391,38.533619425655544
3406.9973048267466,3.0793,30.48959184760336
3407.0373150583464,2.9416,33.4109148634924
3407.0773252899658,3.3403,25.91103074306435
3407.117335521606,3.0569,30.93806508212095
3407.1673483111836,2.6069,42.54091427797405
3407.207358542868,3.2727,26.992507976149952
3407.2473687745724,2.8315,36.05972895861585
3407.2873790062963,3.1062,29.963792876453965
3407.3273892380403,2.7682,37.7277281715967
3407.3673994698047,2.5345,45.006056691547684
3407.4074097015887,2.3963,50.346949126754744
3407.447419933392,2.1359,63.371452081617356
3407.4974327231753,2.6359,41.60999915838041
3407.5374429550243,3.0067,31.97977564841981
3407.577453186893,2.8777,34.91118265769988
3407.6174634187805,2.8265,36.18741907185783
3407.6574736506896,2.677,40.34213049727154
3407.697483882618,3.0015,32.0906794152269
3407.7374941145663,2.9821,32.50956811414776
3407.7775043465344,2.7267,38.88488885026785
3407.8275171365217,2.8587,35.37679048610813
3407.8675273685344,3.0723,30.62868647507968
3407.9075376005667,2.7386,38.547691259070824
3407.9475478326194,2.6845,40.11702846006065
3407.9875580646926,2.9524,33.166925039018174
3408.0275682967845,2.8461,35.69071767751369
3408.0675785288972,2.8644,35.23613485034717
3408.1075887610295,2.8056,36.72857521402296
3408.1576015512223,2.9879,32.38347793466903
3408.1976117833988,3.1866,28.470855723210075
3408.2376220155957,3.0557,30.962369140590493
3408.277632247812,3.4208,24.705877047422337
3408.3176424800486,3.1254,29.59677583539813
3408.3576527123055,3.0247,31.60028481183545
3408.3976629445815,2.9433,33.372330870666694
3408.437673176877,2.9903,32.331517173481146
3408.487685967276,2.9346,33.5704972670781
3408.527696199616,2.5638,43.983245395991126
3408.567706431977,2.8411,35.81645105829652
3408.6077166643577,3.0325,31.43793351906587
3408.647726896758,2.9892,32.35531698663217
3408.687737129178,3.1865,28.472642717939703
3408.7277473616177,2.9697,32.7816226115401
3408.767757594078,3.0146,31.8123842120154
3408.817770384681,2.977,32.62104998137939
3408.857780617186,3.2435,27.48070210966301
3408.8977908497104,2.9194,33.92098007845963
3408.9378010822547,2.8042,36.765257920464315
3408.9778113148195,2.795,37.007688636835134
3409.0178215474034,2.6422,41.411807975349625
3409.0578317800073,2.8586,35.37926564156102
3409.097842012631,2.4215,49.30450366823702
3409.1478548034393,3.0595,30.88550436047283
3409.1878650361073,2.9775,32.61009505272638
3409.2278752687957,2.4451,48.35732737860352
3409.267885501504,2.8144,36.49925028339038
3409.307895734233,2.7842,37.295353376974894
3409.3479059669808,3.0255,31.583575588759356
3409.387916199748,2.9463,33.30440432700783
3409.427926432536,2.9386,33.47916768726266
3409.477939223548,2.7817,37.36242045682265
3409.5179494563813,2.4409,48.52388514584955
3409.557959689233,2.9493,33.23668496054659
3409.597969922105,2.8151,36.48110081120746
3409.637980154997,2.9257,33.77505123006883
3409.6779903879087,2.9471,33.28632560678294
3409.71800062084,2.8087,36.64754433920905
3409.758010853792,2.9236,33.8235893725577
3409.808023645009,2.8741,34.99869452241889
3409.8480338780055,2.7469,38.31509280329887
3409.8880441110214,2.8718,35.05477726078961
3409.928054344057,2.8093,36.63189191998456
3409.9680645771123,2.564,43.97638400553434
3410.008074810188,2.4695,47.40645538344198
3410.0480850432837,2.7298,38.79662255525696
3410.0880952763982,3.3899,25.15833330949919
3410.1381080678198,3.3735,25.40353825759232
3410.1781183009793,2.993,32.27321066325013
3410.218128534159,2.911,34.11702765069669
3410.2581387673586,3.4443,24.36989742570673
3410.298149000578,2.9553,33.10186439680743
3410.3381592338174,2.9887,32.36614377173262
3410.378169467076,2.854,35.49340419693991
3410.4181797003553,2.9924,32.28615402726313
3410.468192491981,3.2001,28.23114714791857
3410.508202725304,2.5673,43.86340247550596
3410.548212958648,2.7152,39.214973591667224
3410.5882231920104,2.6814,40.209841640099775
3410.6282334253933,3.1511,29.11596909099277
3410.668243658796,3.1421,29.283003194018388
3410.708253892218,2.5757,43.577770118990834
3410.7482641256606,2.6507,41.14664341081133
3410.798276917492,2.8948,34.49995024685284
3410.838287150978,2.6347,41.647911141558374
3410.8782973844854,3.0179,31.74285014120914
3410.9183076180116,2.8267,36.18229845402493
3410.9583178515572,2.6135,42.326324336598994
3410.9983280851247,3.2728,26.99085849635573
3411.0383383187095,3.2791,26.887245304305228
3411.0783485523157,2.9834,32.48124256840992
3411.128361344351,3.1711,28.749860884440313
3411.1683715780014,3.014,31.825051314915193
3411.2083818116716,3.0445,31.19059464784451
3411.248392045361,3.0472,31.13534571875003
3411.2884022790713,3.2408,27.526511033965846
3411.328412512801,2.9219,33.86295883037772
3411.368422746549,3.312,26.355725658328826
3411.4084329803186,2.8005,36.86247003797616
3411.4584457725587,3.1093,29.904074339736006
3411.4984560063726,3.0918,30.243554361002452
3411.5384662402053,2.8744,34.99138930617597
3411.578476474059,2.6309,41.768308189559434
3411.618486707932,2.6304,41.78418876364521
3411.658496941825,2.6944,39.8227671792514
3411.698507175738,2.9986,32.15278035611598
3411.7385174096717,3.1838,28.520955242793377
3411.7885302021145,2.6072,42.531124821747284
3411.8285404360913,2.7294,38.807994857215505
3411.868550670088,2.8819,34.809499690664886
3411.908560904105,2.4936,46.494541557115184
3411.9485711381412,3.2467,27.426557973762876
3411.988581372198,2.8011,36.84667973750216
3412.028591606274,2.738,38.56458763634341
3412.06860184037,3.4555,24.212177593594273
3412.118614633017,2.735,38.649236391261866
3412.158624867157,2.9686,32.80592123958585
3412.1986351013174,3.3712,25.438213181617748
3412.238645335498,2.7372,38.58713342571591
3412.278655569698,3.0213,31.67144715039906
3412.318665803917,2.7822,37.34899257609621
3412.3586760381563,3.2942,26.64131805451694
3412.398686272415,2.964,32.9078269666221
3412.448699065267,2.8691,35.120785695726376
3412.4887092995705,2.7979,36.93101210129361
3412.5287195338947,2.9215,33.87223222156108
3412.568729768238,2.7681,37.73045411329065
3412.6087400026,2.9722,32.72649875576893
3412.6487502369823,3.0383,31.31802046610246
3412.6887604713856,2.9204,33.89775369791189
3412.7287707058076,3.0711,30.652626817302135
3412.778783498863,3.1978,28.271771933071985
3412.81879373333,3.265,27.119973415451827
3412.858803967816,2.5306,45.144884483026615
3412.898814202323,3.1023,30.039177080402396
3412.938824436849,3.0005,32.112073193778386
3412.9788346713945,2.7106,39.348185334855344
3413.0188449059606,2.9075,34.19921607876126
3413.058855140546,2.5775,43.5169262264772
3413.108867933805,3.0326,31.435860221907024
3413.1488781684347,2.5897,43.107878264533134
3413.188888403084,2.9356,33.547629868243256
3413.2288986377544,2.6742,40.42665451116821
3413.268908872443,3.0571,30.934017187978696
3413.3089191071517,2.9732,32.704488138137755
3413.34892934188,2.8698,35.10365450672528
3413.3889395766287,2.7114,39.3249693631946
3413.438952370092,2.7604,37.94124210997735
3413.478962604885,2.6778,40.31802946551352
3413.518972839697,2.4422,48.4722397149812
3413.55898307453,3.0121,31.865213758766995
3413.5989933093824,3.1993,28.245267570754592
3413.639003544254,3.1994,28.24350193861559
3413.6790137791454,3.0566,30.944138413250613
3413.719024014057,3.121,29.680285972125834
3413.7690368077238,2.6037,42.64554578480905
3413.80904704268,2.8422,35.78873277084272
3413.849057277655,2.9995,32.13348837323414
3413.889067512651,3.342,25.88467674199534
3413.9290777476663,2.5117,45.82685143090193
3413.9690879827003,3.0292,31.506467558513695
3414.0090982177558,3.042,31.241882289254992
3414.04910845283,2.7924,37.076636317052674
3414.0991212467,2.9244,33.8050863215865
3414.1391314818193,2.6071,42.53438759833326
3414.1791417169575,2.5533,44.345735883157545
3414.219151952115,2.9552,33.10410467924222
3414.259162187294,3.0494,31.09043653716441
3414.299172422491,3.1377,29.36518792348386
3414.339182657709,3.3014,26.525241077894204
3414.3791928929463,2.7221,39.01642079765128
3414.4292056870195,2.6516,41.11871636264885
3414.469215922302,2.9085,34.17570339171298
3414.509226157603,2.9815,32.522653941417374
3414.5492363929243,2.7918,37.092574682493606
3414.589246628265,2.5902,43.09123719397711
3414.6292568636254,2.6573,40.942503498292346
3414.6692670990055,3.0436,31.20904364006962
3414.7092773344048,3.0834,30.408561702370974
3414.759290128683,3.1287,29.534374313592725
3414.7993003641277,2.5164,45.65582538356122
3414.839310599592,3.0792,30.491572237122387
3414.8793208350753,2.3781,51.120525040616506
3414.919331070578,3.0422,31.237774624397964
3414.9593413061025,2.3256,53.45464943503701
3414.999351541645,2.7451,38.36535673049127
3415.0393617772074,2.4676,47.47948740287101
3415.07937201279,3.3081,26.41790508954805
3415.129384807296,3.0908,30.26312756993552
3415.1693950429226,3.1968,28.28946223898589
3415.209405278569,2.8941,34.51664136147853
3415.249415514235,1.7285,96.76462690835658
3415.2894257499215,2.9769,32.62324162953189
3415.3294359856263,2.8659,35.19925962650181
3415.3694462213516,3.0072,31.96914213338418
3415.4194590160364,2.3891,50.6508661744805
3415.4594692518062,2.8639,35.248439469374354
3415.499479487595,3.0199,31.70081917540052
3415.539489723404,2.994,32.25165567978999
3415.579499959233,2.9518,33.18040980816977
3415.619510195082,3.0255,31.583575588759356
3415.659520430949,2.9532,33.14895813045846
3415.6995306668377,2.2846,55.39048548011372
3415.7395409027463,2.6036,42.64882173721168
3415.7895536976575,2.565,43.94210112485373
3415.8295639336097,2.8303,36.09031287741554
3415.869574169581,3.071,30.65462311270438
3415.909584405573,3.2687,27.058611357808118
3415.949594641584,2.5456,44.6144178942925
3415.9896048776154,2.8123,36.553780038940864
3416.029615113666,3.1935,28.347958202906046
3416.0696253497354,2.6257,41.933909887413705
3416.1196381448513,2.3556,52.10176511815962
3416.159648380966,2.8128,36.540785685212406
3416.199658617099,3.2602,27.199889777347163
3416.239668853254,2.8834,34.77329198447798
3416.279679089427,2.3979,50.27978351533711
3416.3196893256204,2.4242,49.19473717095838
3416.3596995618327,2.3271,53.385760175523394
3416.399709798066,3.1075,29.938727859319922
3416.449722593384,3.1875,28.45478033833735
3416.489732829662,2.7711,37.64880419022273
3416.5297430659584,2.6614,40.81645337403912
3416.569753302275,2.8565,35.43130396952292
3416.60976353861,2.9577,33.04816576919193
3416.6497737749664,2.6706,40.53571913616319
3416.6897840113415,3.1978,28.271771933071985
3416.729794247736,2.8277,36.15671166063737
3416.7798070432577,2.6994,39.67537934741562
3416.819817279698,2.2574,56.733355476634195
3416.8598275161557,2.9854,32.43773703928105
3416.8998377526345,3.1909,28.394173813632232
3416.9398479891333,3.0235,31.625373519855252
3416.9798582256517,2.8451,35.71581133147444
3417.0198684621887,2.9752,32.66053346646944
3417.059878698746,3.2369,27.592881964512756
3417.109891494471,3.3288,26.090369528091564
3417.1499017310725,2.5191,45.55800900614867
3417.1899119676937,2.4383,48.62742393431675
3417.229922204335,2.8445,35.730880228898016
3417.269932440995,2.7539,38.120558010278764
3417.3099426776757,2.7095,39.380140879333545
3417.349952914376,3.1669,28.826168597070282
3417.389963151096,2.7161,39.188989558778665
3417.4399759470225,2.7547,38.09841984128589
3417.4799861837864,2.585,43.264776630126946
3417.5199964205704,2.6238,41.9946639434704
3417.5600066573734,2.799,36.90199022475494
3417.6000168941955,3.0055,32.00531774065425
3417.6400271310386,2.7766,37.49979946219348
3417.680037367901,2.2383,57.70572732390359
3417.7200476047824,2.5138,45.750316979187154
3417.770060400913,2.6364,41.59421777556401
3417.8100706378386,2.6002,42.76042910771021
3417.8500808747845,3.0068,31.97764852102709
3417.89009111175,3.2769,26.923359789284046
3417.930101348735,2.7317,38.742672326018145
3417.9701115857397,3.3297,26.076267265373513
3418.0101218227646,2.9579,33.04369678277423
3418.0501320598087,3.0315,31.458677776599178
3418.1001448561406,3.1417,29.290460267073684
3418.1401550932287,2.7399,38.511120514124656
3418.1801653303373,2.7407,38.4886413017534
3418.220175567464,3.0304,31.481520183314473
3418.2601858046123,3.3518,25.73353471895534
3418.3001960417787,2.7236,38.97345671060185
3418.340206278965,2.9748,32.66931730895959
3418.3802165161715,2.9509,33.20065238676735
3418.430229312706,2.3718,51.392459352330384
3418.470239549956,2.6245,41.97226551838828
3418.5102497872276,2.8445,35.730880228898016
3418.5502600245163,2.7031,39.56683850151895
3418.590270261826,2.7669,37.76318847069202
3418.6302804991547,3.0022,32.075716488512015
3418.6702907365034,2.6108,42.41391444283436
3418.710300973871,3.1272,29.56271415254891
3418.7603137706096,2.6087,42.4822281902647
3418.8003240080216,3.0831,30.414479777935018
3418.840334245453,2.718,39.13421911895436
3418.8803444829055,2.9782,32.59476742112186
3418.9203547203765,2.8342,35.99105712298431
3418.960364957867,2.6974,39.734236133026485
3419.000375195378,3.1779,28.626955928113365
3419.040385432908,3.157,29.007243311611074
3419.0903982298482,2.9205,33.89543237199167
3419.130408467422,2.7857,37.255199772256645
3419.1704187050163,2.9622,32.94783241225017
3419.2104289426297,3.1359,29.39890869991009
3419.250439180262,3.1193,29.71264593699685
3419.2904494179147,3.0585,30.905704159972597
3419.330459655587,2.703,39.56976617860138
3419.3704698932797,3.1281,29.54570535698402
3419.4204826904224,2.7643,37.83425921464679
3419.460492928159,3.1131,29.831114208960887
3419.5005031659143,2.9614,32.965636030316446
3419.540513403689,2.8002,36.870368994802064
3419.580523641484,2.8508,35.5731310099329
3419.6205338792993,3.1435,29.256925851991756
3419.660544117133,2.654,41.04438308310018
3419.700554354987,2.8194,36.36990761125029
3419.750567152332,3.5326,23.166835860248895
3419.7905773902303,3.1305,29.50042026595047
3419.830587628147,3.0836,30.40461727822993
3419.8705978660846,3.2964,26.605769381025475
3419.910608104042,3.1397,29.32778839395898
3419.9506183420176,2.7304,38.779573472803676
3419.990628580015,2.1225,64.17414476991674
3420.03063881803,2.6997,39.66656210989586
3420.080651615577,2.7753,37.53493882683916
3420.120661853636,3.1414,29.296054941335683
3420.1606720917157,2.6179,42.18416516368322
3420.2006823298148,2.7041,39.537579592608736
3420.2406925679334,2.9211,33.88150942255153
3420.2807028060715,2.8516,35.55317414158119
3420.320713044229,2.7878,37.199093577681666
3420.360723282407,2.5187,45.57248047428592
3420.4107360801554,2.6366,41.58790773620563
3420.4507463183772,2.7144,39.23809221114604
3420.490756556618,2.8945,34.50710209888894
3420.530766794879,2.8018,36.82827054012931
3420.570777033159,2.6037,42.64554578480905
3420.6107872714592,2.4999,46.26049507005585
3420.6507975097784,2.8673,35.164894951914825
3420.690807748117,3.071,30.65462311270438
3420.740820546069,2.7326,38.71715622394187
3420.7808307844516,2.893,34.54289473906406
3420.820841022854,2.9122,34.08891695487986
3420.8608512612764,2.4018,50.11662932303258
3420.9008614997183,2.7138,39.25544459468228
3420.9408717381802,2.7843,37.29267445083627
3420.980881976661,3.0014,32.09281783085416
3421.0208922151605,3.5485,22.95969068023656
3421.0709050133146,3.0552,30.972504284798454
3421.1109152518593,2.8391,35.86693051144472
3421.150925490423,2.3195,53.73617733936367
3421.190935729008,3.1063,29.961863680888577
3421.230945967611,2.7427,38.432529303856796
3421.2709562062337,2.6092,42.465948050189155
3421.310966444876,2.6838,40.13795816546196
3421.350976683538,2.7559,38.06524872932727
3421.4009894818932,2.3163,53.884754356817076
3421.440999720599,2.3035,54.48526737867393
3421.481009959325,2.5109,45.85605793606908
3421.5210201980703,2.9692,32.79266409466972
3421.561030436835,3.3024,26.50917929434705
3421.6010406756195,3.1059,29.96958158124193
3421.6410509144234,2.5226,45.431677164987676
3421.681061153247,2.4157,49.54154411140266
3421.7310739518043,3.1943,28.333760713872355
3421.7710841906714,2.3586,51.9693087257124
3421.811094429559,3.5049,23.534468033316788
3421.851104668465,3.045,31.180352275561372
3421.8911149073915,4.0225,17.867491133177893
3421.9311251463378,3.3666,25.507776354484758
3421.9711353853036,2.7303,38.78241420601537
3422.0111456242885,2.7961,36.97857634794
3422.0611584230464,2.8874,34.67701382772284
3422.101168662076,2.4265,49.101521243233414
3422.1411789011236,2.2449,57.36691689072225
3422.181189140192,2.6966,39.75781552358898
3422.2211993792794,3.0237,31.62118999408947
3422.261209618387,3.0407,31.26860187068313
3422.301219857514,2.5472,44.55838725569413
3422.34123009666,2.9938,32.25596494857052
3422.3912428956196,3.009,31.93090536035276
3422.431253134811,2.2826,55.48759356316434
3422.47126337402,2.3995,50.21275221827711
3422.5112736132496,2.9323,33.623181097995335
3422.551283852499,2.4288,49.00857000796889
3422.5912940917674,3.5278,23.229921313882667
3422.631304331056,2.8531,35.51580025098409
3422.6713145703634,2.4618,47.703474171590216
3422.721327369525,2.476,47.15787915692159
3422.7613376088766,2.5673,43.86340247550596
3422.801347848248,3.0262,31.568965887739026
3422.8413580876386,3.1128,29.836864506210343
3422.8813683270487,3.0497,31.084320086925636
3422.9213785664774,3.3327,26.029342208396578
3422.961388805927,3.2443,27.46715105435558
3423.001399045396,2.8971,34.44519317228288
3423.0514118447595,3.0033,32.052224453152036
3423.0914220842724,2.9646,32.89450800860106
3423.1314323238043,2.8039,36.7731256500484
3423.1714425633563,2.5029,46.14966502697203
3423.211452802928,3.2666,27.093412883174228
3423.251463042519,2.9685,32.808131545312996
3423.2914732821287,2.3843,50.85500892541867
3423.3314835217584,2.3751,51.2497476976278
3423.3814963213235,2.4251,49.15822978609665
3423.421506560998,2.1529,62.37460060220019
3423.4615168006912,2.9142,34.04214294109363
3423.501527040404,2.3129,54.04329363214405
3423.541537280136,2.9296,33.68518573467912
3423.581547519888,2.644,41.35544197471767
3423.62155775966,2.4172,49.48007693608526
3423.6615679994507,2.854,35.49340419693991
3423.7115807992172,3.1126,29.84069896145716
3423.7515910390516,2.9564,33.07723629199522
3423.791601278907,3.1174,29.748875623930847
3423.8316115187804,2.5487,44.505954339669586
3423.8716217586743,2.6097,42.4496772666915
3423.9116319985874,3.2819,26.841386412200972
3423.951642238519,3.4159,24.776807454952284
3423.9916524784717,2.5157,45.681236610185174
3424.041665278439,2.4931,46.51319270838317
3424.0816755184346,2.6126,42.35549086699697
3424.1216857584495,2.767,37.760458980815734
3424.1616959984854,3.0545,30.98670184917212
3424.2017062385403,2.4581,47.847191368618454
3424.2417164786143,2.4616,47.711226104105044
3424.2817267187074,2.8275,36.16182684756917
3424.321736958821,2.4949,46.44610103242016
3424.3717497589896,2.7233,38.98204384879412
3424.4117599991464,2.7629,37.87261120966852
3424.4517702393223,2.6384,41.5311819400841
3424.4917804795186,2.5533,44.345735883157545
3424.531790719734,2.672,40.49325273015982
3424.571800959969,2.878,34.90390482219447
3424.611811200223,2.9168,33.98148050750066
3424.651821440497,2.9153,34.01645825699805
3424.701834240867,3.0918,30.243554361002452
3424.741844481185,3.179,28.60714831969422
3424.781854721522,2.8994,34.39056635701028
3424.8218649618784,2.924,33.814335948674916
3424.8618752022553,2.8909,34.59309806745886
3424.9018854426513,2.7909,37.11650150747376
3424.9418956830655,3.167,28.824348217885372
3424.9819059235006,2.9339,33.586518360798664
3425.0219161639557,3.3283,26.098209062215563
3425.0719289645504,3.5082,23.490213318612277
3425.1119392050487,3.1969,28.287692461330114
3425.151949445566,2.9686,32.80592123958585
3425.1919596861026,2.7822,37.34899257609621
3425.231969926659,2.8997,34.38345070184075
3425.2719801672356,2.7806,37.391987296347914
3425.311990407831,2.8281,36.14648454224232
3425.362003208603,2.8995,34.38819422654271
3425.4020134492416,2.6726,40.47507326797101
3425.4420236899005,2.6015,42.71770402805898
3425.4820339305793,2.7409,38.48302457395935
3425.522044171277,2.6582,40.914783987839535
3425.562054411994,2.9032,34.30059764598509
3425.602064652731,2.8339,35.99867763523585
3425.642074893487,2.7241,38.95915111767996
3425.6820851342627,2.8729,35.027938276186354
3425.7320979352603,2.6808,40.227842681458775
3425.7721081760797,2.9089,34.16630510592499
3425.812118416919,2.7916,37.09788975487007
3425.852128657777,2.532,45.09497505159702
3425.8921388986546,2.5331,45.055818537761255
3425.932149139552,2.9357,33.545344413525974
3425.9721593804693,2.799,36.90199022475494
3426.0121696214055,2.7809,37.38392013313785
3426.062182422603,2.7442,38.39052579293823
3426.1021926635835,2.7607,37.932996556269906
3426.142202904583,3.2512,27.350688104032617
3426.1822131456024,2.536,44.95283185463402
3426.22222338664,2.3962,50.35115144531522
3426.262233627699,2.9876,32.38998183605914
3426.3022438687767,2.8708,35.07920311452232
3426.342254109873,2.7107,39.34528221425728
3426.3922669112712,2.1827,60.683050152451464
3426.4322771524126,2.6477,41.239939340042504
3426.4722873935725,3.0048,32.02023142845578
3426.5122976347525,2.8057,36.7259571217402
3426.5523078759516,2.8251,36.22329385280446
3426.59231811717,3.3772,25.3479054403616
3426.6323283584084,2.581,43.398982861613895
3426.672338599665,2.6135,42.326324336598994
3426.722351401264,3.2975,26.588021720055448
3426.762361642566,3.1978,28.271771933071985
3426.802371883887,3.3364,25.971642211266257
3426.8423821252272,2.8172,36.42673354508293
3426.882392366587,2.9051,34.2557456261422
3426.922402607965,2.9986,32.15278035611598
3426.9624128493633,3.2052,28.141377861385486
3427.0024230907816,3.1702,28.766187008653006
3427.052435892582,2.9625,32.94115977365836
3427.092446134043,2.7766,37.49979946219348
3427.1324563755247,3.012,31.867329677236455
3427.172466617025,2.8853,34.72750993183737
3427.212476858545,2.9665,32.85238461124307
3427.2524871000837,3.2567,27.258385027648586
3427.292497341643,3.1327,29.459000331128134
3427.3325075832217,2.8635,35.25828780576579
3427.382520385222,2.9193,33.923304029368175
3427.4225306268436,2.5275,45.255693512390415
3427.462540868485,2.3904,50.59578903797601
3427.5025511101458,2.9086,34.17335345675127
3427.5425613518264,2.79,37.140451491172
3427.5825715935266,2.8892,34.63381906128865
3427.622581835246,3.0273,31.54602825881984
3427.6625920769834,2.4911,46.58790965394162
3427.7126048791847,2.5481,44.526916394581775
3427.7526151209677,2.5784,43.48655205409512
3427.792625362769,2.7974,36.944215182502425
3427.8326356045895,2.9797,32.56195886427315
3427.8726458464303,2.9648,32.890070152770974
3427.912656088291,2.4958,46.41260961703745
3427.95266633017,2.5542,44.31449000177805
3427.9926765720697,2.4327,48.851559167217914
3428.0426893744702,2.7801,37.40543837232069
3428.082699616413,3.1046,29.99468536306568
3428.122709858375,3.1373,29.372676413731167
3428.162720100356,3.0522,31.033419786129326
3428.202730342358,2.7696,37.689595985912774
3428.242740584378,2.66,40.859429352137404
3428.282750826418,3.0183,31.734437263425935
3428.3227610684767,3.0423,31.235721095754094
3428.3727738710777,2.7843,37.29267445083627
3428.4127841131804,2.9531,33.151203195519706
3428.4527943553026,2.8448,35.72334458836229
3428.4928045974452,2.6552,41.00729200798973
3428.532814839606,2.9219,33.86295883037772
3428.572825081786,3.3063,26.446677529344438
3428.612835323986,2.9388,33.47461099513203
3428.6528455662055,2.2757,55.82458407666519
3428.7028583690058,2.5111,45.84875369274274
3428.7428686112694,3.1437,29.2532033611824
3428.7828788535517,2.7531,38.14271548089723
3428.8228890958535,2.7263,38.89629998687387
3428.862899338175,2.9705,32.76396783434376
3428.9029095805154,3.1246,29.61193325982779
3428.9429198228754,2.974,32.686895627889655
3428.9829300652545,2.959,33.01913355328079
3429.032942868256,2.448,48.2428231895448
3429.0729531106795,2.9546,33.11755115108294
3429.1129633531214,2.6756,40.38435933402502
3429.152973595584,2.7803,37.40005707108768
3429.1929838380647,2.9179,33.95586443429594
3429.2329940805653,3.015,31.803943677783142
3429.2730043230854,2.8605,35.33228206762965
3429.313014565625,2.8548,35.473514372860905
3429.363027368827,2.8215,36.31578862781566
3429.4030376114097,2.8616,35.30512381578433
3429.4430478540116,2.9363,33.53163658843294
3429.4830580966336,2.9828,32.494311295189156
3429.5230683392742,2.8736,35.010874967570736
3429.5630785819353,3.0997,30.08959137259474
3429.603088824615,3.0937,30.206417541459682
3429.643099067314,3.0383,31.31802046610246
3429.6931118707157,3.0103,31.903332560242035
3429.733122113459,2.6576,40.93326053233327
3429.7731323562216,2.7301,38.78809660893814
3429.8131425990027,2.6474,41.249286381001056
3429.8531528418034,2.7046,39.52296230712617
3429.8931630846246,2.4611,47.73061420424267
3429.933173327464,2.495,46.44237797417294
3429.9731835703233,2.8957,34.478508026145214
3430.023196373925,2.8875,34.674611999057824
3430.063206616828,2.846,35.69322585264857
3430.1032168597503,2.8936,34.52857100330347
3430.1432271026915,2.6879,40.01560238072499
3430.1832373456523,2.603,42.66848538102049
3430.223247588633,3.0729,30.61672682017269
3430.263257831633,3.3601,25.606559643460773
3430.303268074652,3.338,25.946750266432662
3430.353280878453,2.7397,38.51674339431237
3430.3932911215156,2.5447,44.64598158423441
3430.4333013645974,2.4683,47.45256124723884
3430.4733116076995,3.1742,28.693732713503646
3430.513321850821,2.5662,43.90101455953977
3430.5533320939608,3.1236,29.630896420161754
3430.5933423371202,2.5678,43.84632205067805
3430.633352580299,2.776,37.51601149613702
3430.6833653842996,2.5552,44.27981107157066
3430.7233756275223,3.2111,28.038060279149605
3430.763385870764,3.0997,30.08959137259474
3430.8033961140245,2.4886,46.68155927938657
3430.8434063573054,2.5419,44.744394228445074
3430.883416600606,2.7289,38.82221726767823
3430.9234268439254,2.5854,43.2513902564765
3430.9634370872636,2.7318,38.73983595812597
3431.013449891464,2.9886,32.36830978086298
3431.0534601348463,2.5718,43.71003709147867
3431.0934703782477,2.7918,37.092574682493606
3431.1334806216687,2.9254,33.781978851214774
3431.1734908651083,2.8707,35.081647103924304
3431.213501108568,2.8525,35.53074273218712
3431.253511352047,2.5197,45.53631472506213
3431.293521595545,2.1862,60.488904543667765
3431.343534399945,3.0706,30.662610244804103
3431.383544643487,3.0805,30.46584221470972
3431.4235548870483,2.7877,37.20176242636937
3431.4635651306285,2.6676,40.626943826419236
3431.503575374229,2.4985,46.3123524342049
3431.5435856178474,2.4124,49.67717572087776
3431.5835958614857,2.527,45.27360413875187
3431.6236061051436,2.7509,38.203748232460356
3431.6736189097437,2.8889,34.6410125824266
3431.7136291534453,2.4562,47.92124461205521
3431.753639397166,2.8488,35.62309675771747
3431.793649640905,3.3484,25.785821430849598
3431.833659884665,2.9334,33.597969021919376
3431.8736701284433,2.6579,40.92402069598657
3431.9136803722413,2.3518,52.27027143244718
3431.9536906160583,2.6444,41.34293182540195
3432.003703420858,2.6066,42.550707114471756
3432.0437136647183,2.9532,33.14895813045846
3432.083723908599,3.1237,29.628999284544193
3432.1237341524984,2.9264,33.75889506541878
3432.1637443964173,2.593,42.998225027414506
3432.2037546403553,2.8779,34.906330514477474
3432.2437648843134,2.4072,49.89203133508644
3432.2837751282905,2.5542,44.31449000177805
3432.3337879332876,2.6993,39.67831907990687
3432.373798177309,2.5635,43.99354049297443
3432.4138084213478,2.7889,37.16975518719262
3432.453818665407,2.2742,55.898249061754264
3432.493828909486,2.7504,38.21763974165997
3432.5338391535834,2.8374,35.90992200103721
3432.5738493977005,2.8878,34.66740801009012
3432.613859641836,3.1236,29.630896420161754
3432.663872447034,2.9669,32.8435268380936
3432.7038826912135,2.9328,33.61171754661022
3432.743892935413,3.2304,27.704034836648397
3432.7839031796316,2.7003,39.64893645029477
3432.8239134238697,2.2717,56.021348463893425
3432.8639236681265,2.5001,46.25309398590364
3432.903933912402,2.3635,51.75404700716788
3432.9439441566983,2.6423,41.4086735085085
3432.993956962094,2.4252,49.154175918701895
3433.0339672064338,2.8235,36.26435896420783
3433.0739774507915,2.9734,32.70008867930439
3433.1139876951693,2.5712,43.730439294362284
3433.153997939567,2.6449,41.327302119779844
3433.194008183983,2.5748,43.6082399282042
3433.2340184284185,2.5291,45.19845087532692
3433.274028672873,2.6232,42.01387686689871
3433.324041478469,2.3373,52.9208251270979
3433.364051722968,2.5882,43.1578593555506
3433.4040619674847,2.8863,34.70345042175012
3433.4440722120216,2.6918,39.89973364052882
3433.4840824565786,2.8932,34.53811917030052
3433.524092701154,2.9048,34.26282167325454
3433.564102945748,2.5832,43.325092285413525
3433.6041131903626,2.5661,43.90443623857442
3433.6541259961573,2.6363,41.59737333379884
3433.694136240815,2.5266,45.28794029642599
3433.734146485492,2.5613,44.06914844034497
3433.7741567301878,2.351,52.305850602145036
3433.8141669749034,2.7985,36.91517774436281
3433.854177219638,2.6755,40.387378216398126
3433.8941874643924,2.7928,37.06601644656156
3433.9341977091653,2.999,32.14420399722223
3433.9842105151592,2.6909,39.92642787080637
3434.024220759976,2.5697,43.781507339921625
3434.064231004812,2.4259,49.125812882538796
3434.104241249667,2.6756,40.38435933402502
3434.144251494542,2.8653,35.21400276658754
3434.1842617394354,2.6582,40.914783987839535
3434.224271984349,2.5426,44.71976058401667
3434.264282229281,2.784,37.3007120953099
3434.304292474233,2.7192,39.09968640082071
3434.3543052804494,2.8843,34.75159447088027
3434.394315525444,2.8349,35.97328533515877
3434.434325770459,2.715,39.220751330677
3434.4743360154926,2.4767,47.131226080541154
3434.5143462605456,2.5273,45.26285648730876
3434.5543565056173,2.6223,42.042720983567975
3434.594366750709,2.5475,44.547893262497766
3434.6443795571,2.7508,38.206525928312864
3434.684389802235,2.9063,34.22746334683558
3434.7244000473893,2.7481,38.28163837579132
3434.7644102925633,2.4995,46.27530256856007
3434.8044205377555,2.3756,51.228176586000835
3434.8444307829677,2.3605,51.88568076088441
3434.884441028198,2.6209,42.08764868581548
3434.9244512734485,2.5376,44.896162696515205
3434.9644615187185,2.6876,40.024536259464966
3435.0144743253327,2.5938,42.97170543297763
3435.0544845706454,2.0897,66.20451306104546
3435.094494815978,2.5531,44.35268390014855
3435.134505061329,2.5049,46.07599945491328
3435.1745153067004,2.5898,43.10454927933295
3435.21452555209,2.8744,34.99138930617597
3435.2545357974996,2.8054,36.73381223852299
3435.2945460429282,2.7848,37.27928414877347
3435.344558849741,2.887,34.68662363835025
3435.3845690952126,2.7078,39.42960334311519
3435.424579340704,2.5189,45.565243878444555
3435.4645895862145,2.761,37.92475369020912
3435.5045998317446,2.4853,46.80560978223262
3435.5446100772933,2.6524,41.09391618175175
3435.584620322861,2.9209,33.886149452376614
3435.624630568449,2.8125,36.548581465806215
3435.6746433754606,2.8427,35.77614418507602
3435.7146536210917,2.8014,36.838788391680104
3435.7546638667413,2.8455,35.70577069511664
3435.7946741124106,2.5401,44.807831427390894
3435.8346843580994,2.8666,35.18207099553375
3435.8746946038063,2.9149,34.02579477778611
3435.9147048495333,2.4349,48.763321594053075
3435.9547150952803,3.0466,31.147610565362434
3436.00472790249,2.729,38.81937216018447
3436.0447381482786,2.681,40.22184099146269
3436.084748394088,2.625,41.95627761279841
3436.1247586399154,2.9937,32.258119906843184
3436.1647688857634,2.9939,32.253810206229076
3436.20477913163,3.0105,31.89909376107535
3436.2447893775156,2.5856,43.244699399305965
3436.284799623421,2.7305,38.77673305169747
3436.3348124308286,2.6166,42.22609210446206
3436.374822676777,2.5127,45.79038252163735
3436.4148329227446,2.7613,37.9165135106271
3436.4548431687313,2.4828,46.89991692707501
3436.494853414738,2.7913,37.1058645057125
3436.5348636607628,2.8841,34.75641438521859
3436.5748739068063,2.92,33.907041386638305
3436.6148841528707,2.9019,34.3313366442328
3436.664896960477,2.9711,32.75073610930888
3436.7049072065834,2.8187,36.38797415791913
3436.74491745271,2.731,38.76253562614898
3436.7849276988554,2.8627,35.27799686480181
3436.824937945021,2.7806,37.391987296347914
3436.864948191204,2.8935,34.53095767382203
3436.904958437406,2.5029,46.14966502697203
3436.9449686836288,2.565,43.94210112485373
3436.9949814914335,2.4542,47.9993812778332
3437.0349917377,2.723,38.990633825343814
3437.075001983984,2.8205,36.34154449633241
3437.115012230288,2.0919,66.0653350210337
3437.155022476611,3.0327,31.433787129838898
3437.195032722954,2.2377,57.736677015775584
3437.235042969315,2.5215,45.47132477615012
3437.2750532156956,2.45,48.16409157719142
3437.3250660236986,2.6529,41.078427460673765
3437.365076270123,2.7886,37.177753123339876
3437.4050865165655,2.7137,39.25833777767313
3437.445096763029,2.7181,39.13133964543683
3437.4851070095106,2.5495,44.47802795147231
3437.525117256011,2.9413,33.417730749132396
3437.565127502531,2.5938,42.97170543297763
3437.6051377490703,2.8184,36.39572108480141
3437.655150557271,2.644,41.35544197471767
3437.695160803854,2.2493,57.14269829801588
3437.7351710504563,2.0294,70.19725934437419
3437.775181297076,2.5619,44.04850877257368
3437.8151915437165,2.9853,32.439910239258545
3437.8552017903758,3.0295,31.500227935372685
3437.8952120370545,2.7925,37.07398092158773
3437.9352222837524,2.4104,49.75964794890562
3437.985235092151,2.6082,42.49851769409354
3438.0252453388925,2.5501,44.45710040603805
3438.0652555856514,3.0166,31.770215110512446
3438.105265832431,2.2773,55.74616848095627
3438.14527607923,2.7956,36.991804946442386
3438.1852863260474,2.6102,42.433415832603195
3438.2252965728844,2.8688,35.128131473013276
3438.265306819741,2.8133,36.52779825921706
3438.315319628338,2.4262,49.11366481013835
3438.3553298752367,2.7332,38.700159490847945
3438.3953401221556,2.3546,52.146029797346074
3438.4353503690922,2.3299,53.25752270252447
3438.475360616049,3.0127,31.85252267232814
3438.5153708630255,2.4796,47.02104655670662
3438.555381110021,2.8626,35.28046165909571
3438.595391357035,2.6077,42.514816568858016
3438.6454041658303,2.8157,36.465554893263366
3438.6854144128874,2.7,39.65774781129089
3438.7254246599646,2.5554,44.27288017058432
3438.7654349070604,2.4783,47.07038954836997
3438.8054451541757,3.0982,30.11873429328274
3438.8454554013097,3.0017,32.08640322511575
3438.885465648463,2.33,53.252951341410224
3438.925475895636,2.1651,61.67363916484482
3438.975488704629,2.6464,41.280466145405356
3439.0154989518437,2.7194,39.093935391889595
3439.055509199079,3.2322,27.67318689293145
3439.0955194463336,3.0799,30.477713561131154
3439.135529693607,2.768,37.73318035043148
3439.1755399408985,2.5514,44.411808030002625
3439.2155501882107,2.4206,49.34117415017622
3439.2555604355416,2.6553,41.004203354776394
3439.305573244732,2.5582,44.17601817736643
3439.345583492106,2.4009,50.15420973171929
3439.3855937394987,2.4344,48.78335458341149
3439.425603986911,2.2922,55.02379005384032
3439.465614234343,3.1284,29.540039020340167
3439.505624481794,2.8808,34.8360879624954
3439.545634729263,2.854,35.49340419693991
3439.5856449767516,2.6616,40.81031948397161
3439.63565778614,2.4727,47.283834413955354
3439.6756680336716,3.1069,29.95029241913826
3439.7156782812235,2.7632,37.8643880173709
3439.755688528793,2.7166,39.174565142707664
3439.7956987763832,2.7066,39.464574151837404
3439.835709023991,2.7125,39.29308093609091
3439.8757192716193,2.7503,38.220418952701365
3439.9157295192663,3.0681,30.712600617918312
3439.9657423288522,2.5292,45.19487681716839
3440.0057525765424,2.7022,39.59319929765732
3440.045762824251,2.4607,47.746133194526
3440.08577307198,2.5813,43.38889574795997
3440.125783319727,2.6351,41.635268058767714
3440.1657935674934,2.9169,33.97915057597301
3440.2058038152795,2.0498,68.80697979445034
3440.2458140630847,2.0997,65.57540576604141
3440.2958268728676,2.8702,35.09387088294971
3440.3358371207155,2.6333,41.69220731213492
3440.3758473685834,2.4428,48.448431167245886
3440.4158576164696,2.4196,49.38196713239829
3440.4558678643743,2.9466,33.29762308130894
3440.4958781122996,3.1339,29.43644439696089
3440.535888360243,2.2121,59.08074901264125
3440.5758986082064,2.7882,37.18842105435772
3440.625911418187,3.0205,31.688226163601584
3440.6659216661924,3.0815,30.44607204499685
3440.7059319142177,2.7383,38.55613805937001
3440.7459421622625,2.6615,40.81338625615487
3440.7859524103255,2.535,44.98830458090702
3440.825962658408,2.2558,56.813863961859724
3440.8659729065093,2.546,44.60040033083416
3440.90598315463,3.1128,29.836864506210343
3440.955995964808,2.7899,37.143114031320515
3440.996006212972,2.3875,50.718776965802945
3441.0360164611557,2.526,45.30945730401683
3441.0760267093574,2.4687,47.43718515530618
3441.116036957579,2.7579,38.01005973381827
3441.156047205819,1.921,78.34309322939775
3441.196057454079,2.3877,50.71028065025959
3441.236067702357,2.5896,43.11120763539692
3441.2860805127325,3.0642,30.79083006018257
3441.326090761054,2.7114,39.3249693631946
3441.3661010093942,2.6093,42.46269314519288
3441.4061112577547,2.3816,50.970382035212126
3441.4461215061333,2.4798,47.01346221418969
3441.4861317545315,2.8409,35.821494206480985
3441.5261420029483,2.5564,44.23825006290557
3441.5661522513847,2.903,34.30532403487748
3441.616165061957,2.6153,42.26808158324525
3441.6561753104365,2.0898,66.19817724925574
3441.6961855589357,2.4294,48.98436526709223
3441.736195807453,2.9504,33.21190626907655
3441.7762060559894,2.6908,39.92939554993068
3441.8162163045454,2.6106,42.42041341209437
3441.85622655312,2.422,49.284148839962434
3441.896236801714,2.3871,50.735776004006794
3441.946249612484,2.455,47.968103695065366
3441.9862598611207,2.7092,39.38886278396183
3442.026270109777,2.8096,36.62406947056134
3442.066280358453,2.571,43.737243203066384
3442.106290607147,2.8171,36.429319705825755
3442.1463008558594,2.5772,43.52705802272317
3442.186311104592,2.2012,59.66731480859904
3442.2263213533442,2.5084,45.94750844413324
3442.2763341643113,2.886,34.71066564879988
3442.316344413106,2.6567,40.96099882470259
3442.3563546619193,2.9982,32.161360147840675
3442.396364910752,2.6542,41.038197743453345
3442.436375159604,2.1737,61.18659510815475
3442.4763854084745,2.3653,51.67530705977924
3442.5163956573656,2.5749,43.60485281599028
3442.5564059062754,2.6992,39.68125913913782
3442.6064187174375,2.6914,39.91159443678157
3442.64642896639,2.3054,54.395496142256945
3442.686439215361,2.9986,32.15278035611598
3442.726449464352,2.8167,36.43966710340087
3442.766459713362,2.8423,35.78621452219857
3442.8064699623906,2.8671,35.16980110924217
3442.846480211438,2.9738,32.69129242441909
3442.886490460505,2.5135,45.76123872871188
3442.9365032718642,2.7749,37.54576087609977
3442.976513520975,2.7544,38.106719394172316
3443.0165237701035,2.531,45.13061619403617
3443.0565340192516,2.4945,46.46099774319688
3443.0965442684187,2.7099,39.36851617880323
3443.136554517605,2.4809,46.97178111237149
3443.1765647668094,2.4407,48.53183792224592
3443.216575016034,2.5097,45.8999200734467
3443.266587827591,2.6654,40.69403779305081
3443.3065980768583,2.6468,41.26798999872926
3443.3466083261446,2.6493,41.19014207048378
3443.38661857545,2.7067,39.46165814115608
3443.426628824774,2.3477,52.452999339940455
3443.466639074118,2.0278,70.30807882346656
3443.5066493234804,2.405,49.98335160657454
3443.5466595728617,2.6499,41.171491345557236
3443.5866698222626,2.5994,42.78675333188413
3443.63668263404,2.62,42.11656881960925
3443.6766928834836,2.8834,34.77329198447798
3443.716703132946,2.7278,38.85353410449182
3443.7567133824277,2.4912,46.5841695322409
3443.796723631929,2.5901,43.0945646371184
3443.836733881449,2.8092,36.63449996005847
3443.876744130988,2.6364,41.59421777556401
3443.9267569429385,2.6236,42.00106678667609
3443.96676719252,2.7033,39.56098412202477
3444.006777442122,2.9611,32.97231610761844
3444.0467876917414,2.2871,55.26945844157278
3444.0867979413806,2.5351,44.98475541917556
3444.126808191038,2.7767,37.49709847824138
3444.166818440716,2.5559,44.255560035839935
3444.206828690412,2.403,50.06658777999922
3444.246838940127,2.8038,36.77574878781195
3444.2968517522986,2.2093,59.230598150630264
3444.336862002056,2.4987,46.304938902297394
3444.3768722518334,2.6087,42.4822281902647
3444.4168825016295,3.0074,31.964890212324402
3444.4568927514447,2.4268,49.08938217959619
3444.4969030012803,2.9668,32.84574094550125
3444.536913251133,2.8435,35.75601625883547
3444.5769235010057,2.8729,35.027938276186354
3444.6269363133724,2.5194,45.54715992815549
3444.666946563288,2.2183,58.75095720240451
3444.706956813223,2.7341,38.6746853690647
3444.7469670631763,2.6385,41.52803391058418
3444.786977313149,2.6131,42.33928351847038
3444.8269875631404,2.6455,41.30855816968457
3444.866997813151,2.9303,33.6690939996497
3444.9070080631805,2.7414,38.46898813232111
3444.9570208757436,2.5618,44.051947710140674
3444.997031125817,2.5599,44.11736411641198
3445.0370413759083,2.6391,41.5091532478699
3445.077051626019,2.765,37.81510505951358
3445.117061876149,2.4928,46.524388786584254
3445.157072126298,2.5324,45.080730415424064
3445.197082376465,2.7156,39.203421943110065
3445.2370926266512,2.7153,39.212085200915645
3445.2871054394122,2.9544,33.12203512900031
3445.3271156896417,2.9588,33.02359755738469
3445.3671259398907,3.0396,31.291237529598767
3445.407136190158,2.8278,36.15415447416261
3445.447146440444,2.5348,44.99540416456772
3445.48715669075,2.3499,52.354831305761046
3445.527166941075,2.7748,37.54846711971327
3445.5671771914185,2.5045,46.09071845208209
3445.6171900043755,2.6879,40.01560238072499
3445.657200254762,2.6117,42.38468755521163
3445.6972105051673,2.7487,38.26492759049014
3445.737220755592,2.5337,45.03448193154551
3445.777231006036,2.7811,37.37854347462453
3445.8172412564986,2.7961,36.97857634794
3445.8572515069795,3.445,24.359994847988578
3445.897261757481,2.6592,40.8840175351132
3445.9472745706335,3.0196,31.707118496521574
3445.9872848211767,2.6992,39.68125913913782
3446.0272950717385,2.7358,38.62663615944261
3446.0673053223213,2.6728,40.46901616773253
3446.107315572922,2.8616,35.30512381578433
3446.1473258235405,3.0166,31.770215110512446
3446.1873360741793,2.5517,44.40136577270551
3446.227346324837,2.2995,54.6749873436693
3446.2773591381865,2.7535,38.13163433148278
3446.317369388886,2.8911,34.58831208432921
3446.357379639606,2.6875,40.027514883912126
3446.3973898903437,2.7902,37.13512726967139
3446.4374001411015,2.7704,37.6678321160714
3446.477410391878,2.8094,36.62928415840349
3446.5174206426736,2.6202,42.11013954774189
3446.5574308934893,2.7632,37.8643880173709
3446.607443707033,2.8175,36.418976714991096
3446.6474539578903,2.6035,42.65209806710777
3446.6874642087664,2.7091,39.391770729421005
3446.727474459662,2.6827,40.17088081010518
3446.7674847105764,2.5626,44.02444748106587
3446.8074949615097,2.5088,45.93285798902314
3446.8475052124622,2.6073,42.52786242057414
3446.887515463433,2.4907,46.60287464591827
3446.937528277173,3.2279,27.74696484470026
3446.9775385281873,2.7784,37.451226362734815
3447.017548779221,2.6959,39.778464712120325
3447.057559030273,2.6241,41.98506242353815
3447.097569281344,2.0718,67.35344593947971
3447.137579532434,2.5794,43.45284025630126
3447.177589783543,2.109,64.99834899654181
3447.217600034671,2.61,42.439919284767896
3447.2676128486078,2.9264,33.75889506541878
3447.3076230997785,2.7782,37.45661871187032
3447.3476333509684,2.6521,41.10321361961173
3447.387643602177,2.7167,39.17168121516853
3447.427653853405,2.548,44.530411510176805
3447.4676641046512,2.4165,49.508747373594055
3447.507674355916,2.1966,59.91748043966052
3447.5476846072015,2.3521,52.25693860243374
3447.5976974213345,2.3621,51.815413678433714
3447.6377076726612,2.6756,40.38435933402502
3447.677717924008,2.7655,37.80143242421471
3447.717728175373,2.3894,50.638148086611714
3447.757738426757,2.4266,49.097474388434556
3447.79774867816,2.8616,35.30512381578433
3447.837758929583,2.7891,37.164424663485015
3447.8777691810246,2.602,42.70128835423133
3447.9277819953522,2.587,43.1979068411809
3447.9677922468363,2.5285,45.219904130146
3448.007802498339,2.8124,36.551180613740044
3448.0478127498604,2.8741,34.99869452241889
3448.0878230014014,2.8729,35.027938276186354
3448.1278332529614,2.595,42.93197201958869
3448.16784350454,2.7631,37.86712878386452
3448.2078537561383,2.79,37.140451491172
3448.257866570662,2.9353,33.5544876339488
3448.2978768223034,2.8666,35.18207099553375
3448.337887073962,2.7435,38.41011885771497
3448.377897325641,2.0614,68.034771724692
3448.4179075773377,2.5105,45.87067166012688
3448.4579178290546,2.9942,32.247347274503575
3448.49792808079,2.7303,38.78241420601537
3448.5379383325444,2.4866,46.75668244151858
3448.587951147263,2.7,39.65774781129089
3448.6279613990605,2.5162,45.6630835699872
3448.667971650876,2.6118,42.38144198817586
3448.7079819027117,2.3657,51.65783369747358
3448.7479921545655,2.2281,58.23527754441994
3448.788002406438,2.6954,39.79322398325947
3448.82801265833,3.2869,26.759786841688467
3448.8680229102406,2.8307,36.08011391596906
3448.918035725156,2.7167,39.17168121516853
3448.958045977109,2.4321,48.875665527116894
3448.998056229081,2.6695,40.569132480324996
3449.0380664810723,2.4571,47.88614534558688
3449.078076733083,2.4753,47.18455484848063
3449.1180869851123,3.0536,31.004970209340755
3449.15809723716,2.8816,34.81674801789926
3449.1981074892274,2.7288,38.825062687964255
3449.248120304338,2.5048,46.07967854312897
3449.2881305564474,2.5689,43.80878021622009
3449.328140808577,2.5744,43.6217923243582
3449.3681510607234,2.4731,47.26854025150454
3449.4081613128906,2.3836,50.88488282915794
3449.448171565076,2.5944,42.95183183450518
3449.48818181728,2.2862,55.312982439305024
3449.528192069504,2.6135,42.326324336598994
3449.5782048848096,2.6941,39.831636553725346
3449.6182151370763,2.5597,44.1242585291035
3449.6582253893603,2.5336,45.038036979927334
3449.6982356416647,2.6149,42.28101402373033
3449.738245893988,2.5451,44.63194914365201
3449.778256146329,2.7941,37.03153336111117
3449.8182663986904,2.5097,45.8999200734467
3449.8582766510694,2.522,45.45329670347642
3449.9082894665707,2.8597,35.35205321106721
3449.948299718993,2.5983,42.822988849881206
3449.988309971435,2.5562,44.24517283317094
3450.0283202238943,2.6009,42.737415334849864
3450.0683304763734,2.3398,52.8077972391467
3450.108340728871,2.5159,45.67397409533912
3450.148350981388,2.9173,33.96983324571913
3450.188361233924,3.1414,29.296054941335683
3450.2383740496207,2.4602,47.76554257816881
3450.278384302199,2.2657,56.31845135241087
3450.318394554796,2.5351,44.98475541917556
3450.3584048074126,2.2079,59.30573659889643
3450.3984150600477,2.6039,42.63899501225222
3450.4384253127014,2.7114,39.3249693631946
3450.4784355653746,2.6181,42.17772040789829
3450.5184458180665,2.6493,41.19014207048378
3450.5684586339585,2.6225,42.0363086134175
3450.608468886693,2.7236,38.97345671060185
3450.648479139446,2.3465,52.50666195834808
3450.688489392218,2.4492,48.19556107776255
3450.7284996450094,2.5802,43.42589903495818
3450.76850989782,2.5588,44.15530339468135
3450.8085201506487,2.8759,34.954897510410966
3450.848530403497,2.5405,44.79372261847564
3450.898543219584,2.4768,47.12742034284751
3450.9385534724743,3.0296,31.498148472891582
3450.9785637253835,2.6159,42.2486940448899
3451.0185739783124,2.6027,42.67832230300342
3451.0585842312594,2.8017,36.830899580686356
3451.098594484226,2.6775,40.327064820834266
3451.138604737211,2.8801,34.853023635901614
3451.178614990215,2.6514,41.124919915742844
3451.228627806496,2.6939,39.837551116307935
3451.2686380595433,2.5356,44.96701590885659
3451.3086483126085,1.9716,74.3734344867918
3451.3486585656933,2.4311,48.9158824639648
3451.3886688187968,2.7615,37.91102154948414
3451.428679071919,2.8444,35.73339263894993
3451.4686893250596,2.7253,38.92484981394575
3451.5086995782194,2.14,63.1288596175662
3451.558712394696,2.2551,56.849140321701945
3451.5987226478983,2.3578,52.004580998680794
3451.6387329011195,2.689,39.982870403694385
3451.6787431543603,3.0306,31.47736516833292
3451.7187534076193,2.6141,42.30689671683639
3451.7587636608973,2.8307,36.08011391596906
3451.798773914195,2.5868,43.20458684119275
3451.8387841675103,2.8079,36.66842984192225
3451.888796984181,2.8688,35.128131473013276
3451.9288072375402,2.4004,50.17510600415703
3451.968817490918,2.7239,38.964872409516644
3452.0088277443133,2.5863,43.221293621699985
3452.0488379977287,2.9835,32.479065213804006
3452.0888482511623,2.3703,51.457525418695255
3452.128858504615,2.4698,47.39493941688023
3452.1688687580872,2.8172,36.42673354508293
3452.218881574953,2.5922,43.02476917891599
3452.2588918284673,2.5881,43.161194518523786
3452.298902082001,2.5399,44.81488833166929
3452.338912335553,2.544,44.67055428427654
3452.378922589123,2.8488,35.62309675771747
3452.4189328427124,2.523,45.417272707513376
3452.458943096321,2.6483,41.221254786735685
3452.498953349949,2.7045,39.525885115658745
3452.54896616701,2.3069,54.3247807389406
3452.588976420679,2.3971,50.31334950933655
3452.628986674368,2.3935,50.4648132213934
3452.668996928077,2.6344,41.65739723328006
3452.7090071818025,2.6902,39.94720857504352
3452.7490174355485,2.9167,33.98381067867969
3452.7890276893127,2.5856,43.244699399305965
3452.8290379430964,2.7589,37.98251023413671
3452.8790507603508,2.4704,47.371920068743194
3452.9190610141763,2.5665,43.89075192210064
3452.959071268021,2.536,44.95283185463402
3452.9990815218853,2.3395,52.82134145641603
3453.0390917757672,2.4488,48.211307395192385
3453.0791020296692,2.7501,38.22597828433828
3453.1191122835885,2.6417,41.42748564932671
3453.1591225375273,2.4862,46.77172883358002
3453.2091353549768,2.2713,56.04108209899975
3453.2491456089583,2.16,61.96521948010509
3453.2891558629585,2.6788,40.28793353522357
3453.3291661169783,2.4603,47.76165975473764
3453.369176371015,2.2681,56.19932722968738
3453.4091866250724,2.5018,46.19025641830077
3453.449196879148,2.8686,35.13302993829955
3453.4892071332424,2.493,46.51692428535278
3453.5292173873554,2.5054,46.05761062143404
3453.579230205023,2.2431,57.459023203920616
3453.619240459179,2.5011,46.21611519341243
3453.659250713354,2.5997,42.77687889988259
3453.6992609675467,2.6349,41.641588880415924
3453.7392712217597,2.8573,35.41146631497466
3453.779281475991,2.6581,40.91786254306464
3453.8192917302404,2.1898,60.29018232258563
3453.86930454808,2.593,42.998225027414506
3453.9093148023717,2.7298,38.79662255525696
3453.9493250566825,2.7321,38.73132872306418
3453.989335311013,2.5816,43.37881215068011
3454.0293455653614,2.7065,39.46749048574763
3454.0693558197295,2.3782,51.11622603895367
3454.109366074116,2.5743,43.62518141052795
3454.149376328521,2.8094,36.62928415840349
3454.1893865829456,2.8428,35.773627264971935
3454.239399401002,2.5807,43.409073493277056
3454.27940965547,2.5735,43.65230832415107
3454.3194199099544,2.4508,48.13265288878085
3454.35943016446,2.4639,47.62219281746395
3454.399440418983,2.3915,50.54925544400322
3454.439450673524,2.4704,47.371920068743194
3454.479460928085,2.4236,49.21909802571832
3454.5194711826657,2.5855,43.24804463380339
3454.5694840009155,2.3191,53.754715837364124
3454.6094942555383,2.6211,42.08122603472926
3454.649504510179,2.6616,40.81031948397161
3454.689514764839,2.557,44.2174914977837
3454.729525019517,2.36,51.90766853848411
3454.7695352742144,2.5036,46.12386199417504
3454.8095455289313,2.2614,56.53283135880927
3454.8495557836663,2.7708,37.65695724971955
3454.8995686021112,2.3808,51.00464206491062
3454.939578856888,2.5791,43.462949678335875
3454.9795891116846,2.6577,40.93018023921944
3455.0195993664997,2.4169,49.49236121611547
3455.059609621334,2.4412,48.51195964600231
3455.0996198761864,2.4197,49.37788555812793
3455.1396301310574,2.8112,36.58239202705589
3455.179640385948,2.8553,35.46109172164546
3455.229653204587,2.7447,38.376539923800884
3455.2696634595204,2.769,37.705931269012034
3455.309673714472,2.5212,45.48214676855294
3455.3496839694417,2.5656,43.92155063571606
3455.389694224431,2.5239,45.38488771498473
3455.429704479439,2.2706,56.07564105881276
3455.469714734466,2.4288,49.00857000796889
3455.509724989511,2.3651,51.68404706571876
3455.559737808345,2.2437,57.428296467786346
3455.5997480634323,2.7532,38.13994474074543
3455.639758318539,2.3201,53.70838756866064
3455.6797685736647,2.7692,37.70048499484829
3455.719778828809,2.6099,42.44317157152826
3455.759789083972,2.4973,46.35687103672319
3455.7997993391537,2.206,59.4079391136145
3455.8398095943544,2.2106,59.16095452271234
3455.8898224133823,2.6956,39.78731928924057
3455.9298326686253,2.4074,49.88374190446955
3455.969842923887,2.6053,42.59318183819145
3456.0098531791677,2.4332,48.831484154961046
3456.049863434467,2.7877,37.20176242636937
3456.0898736897852,2.6735,40.44782702081903
3456.1298839451215,2.4612,47.72673563889648
3456.169894200478,2.7541,38.11502165937916
3456.2199070197,2.369,51.51401601321292
3456.2599172750975,2.6823,40.18286272445867
3456.2999275305147,2.3327,53.12974673237204
3456.33993778595,2.9596,33.0057469704671
3456.379948041405,2.7866,37.231138727861946
3456.419958296878,2.6253,41.946689253889595
3456.4599685523704,2.7124,39.29597828093475
3456.499978807881,2.551,44.42573677089837
3456.549991627296,2.3676,51.57495613374544
3456.5900018828493,2.633,41.70170854266643
3456.630012138421,2.6192,42.14230063678043
3456.6700223940115,2.5801,43.42926531717654
3456.7100326496206,2.8752,34.971919907672394
3456.7500429052498,2.7832,37.322158522172536
3456.790053160896,2.5484,44.516433516372075
3456.8300634165626,2.4405,48.539792653921694
3456.880076236171,2.4625,47.67635728043803
3456.920086491879,2.3261,53.43167154012024
3456.960096747606,2.3936,50.46059666574686
3457.0001070033522,2.5815,43.38217295916606
3457.040117259117,2.4141,49.60723542953783
3457.0801275148997,2.3252,53.47304242464504
3457.1201377707016,2.3328,53.125191812515766
3457.160148026522,2.6082,42.49851769409354
3457.210160846325,2.6147,42.28748246980862
3457.250171102188,2.7552,38.0845932773123
3457.29018135807,2.8567,35.426342993392474
3457.3301916139703,2.6935,39.849384194273355
3457.3702018698896,2.4944,46.46472304069706
3457.410212125828,2.4661,47.53726353658759
3457.4502223817844,2.6267,41.90198700951591
3457.49023263776,2.4291,48.9964653955214
3457.540245457757,2.1962,59.93930829126633
3457.580255713774,2.8463,35.68570212030534
3457.620265969811,2.3435,52.6411793401435
3457.660276225867,2.5749,43.60485281599028
3457.70028648194,2.5406,44.7901964574562
3457.7402967380335,2.387,50.74002709889579
3457.7803069941456,2.4258,49.12986324161205
3457.820317250276,2.9055,34.246314305999135
3457.870330070466,2.8345,35.983439030240866
3457.9103403266386,2.6796,40.26388104710137
3457.9503505828297,2.6348,41.644749831023056
3457.9903608390396,2.653,41.07533076728595
3458.0303710952685,2.8302,36.09286329347928
3458.0703813515165,2.8495,35.6055967779963
3458.1103916077827,2.4498,48.17195606212194
3458.1504018640685,2.6892,39.97692345014052
3458.2004146844515,3.015,31.803943677783142
3458.240424940778,2.4276,49.05703334227903
3458.280435197125,2.7928,37.06601644656156
3458.3204454534894,2.3425,52.68613335761987
3458.3604557098733,2.4558,47.93685667420838
3458.4004659662755,2.8138,36.51481775603112
3458.4404762226973,2.4074,49.88374190446955
3458.4804864791367,2.5917,43.04137175746314
3458.530499299713,2.5591,44.14495146673611
3458.5705095561957,2.7785,37.44853062482317
3458.6105198126966,2.6226,42.0331029784628
3458.650530069216,2.8717,35.05721869794545
3458.6905403257542,2.6908,39.92939554993068
3458.7305505823115,1.9786,73.84812077941422
3458.7705608388874,2.5958,42.905513685430336
3458.810571095482,2.6245,41.97226551838828
3458.8605839162515,2.416,49.52924151675844
3458.900594172888,2.5578,44.18983613189719
3458.9406044295442,2.7433,38.41571963123563
3458.980614686218,2.9656,32.872327707206374
3459.0206249429107,2.374,51.297252128468415
3459.0606351996234,2.1926,60.136296848806
3459.100645456353,1.8989,80.17726735787944
3459.140655713102,2.225,58.39766409827543
3459.190668534065,2.549,44.495478862731844
3459.230678790856,2.6975,39.731290184192204
3459.270689047667,2.6607,40.83793288322225
3459.310699304495,2.435,48.75931647698788
3459.350709561343,2.5858,43.23801009459791
3459.390719818209,2.4503,48.15229846039864
3459.430730075094,2.5268,45.28077136654303
3459.470740331997,2.475,47.19599421707497
3459.5207531531537,2.6972,39.74012901372741
3459.5607634100993,2.6847,40.11105155102278
3459.6007736670645,2.5195,45.543544430004424
3459.6407839240474,2.3508,52.31475107064486
3459.680794181049,2.7601,37.94949035250006
3459.72080443807,2.7634,37.85890737698499
3459.7608146951097,2.5007,46.23090138702652
3459.800824952167,2.5667,43.88391216290536
3459.850837773516,2.621,42.08443717648807
3459.8908480306163,2.419,49.40646720894659
3459.9308582877356,2.376,51.21092950085172
3459.970868544874,2.8306,36.08266325098579
3460.0108788020298,2.6547,41.02274051001306
3460.0508890592055,2.9136,34.05616503187526
3460.0908993163994,2.8141,36.507032775021486
3460.1309095736115,2.4672,47.49488406856863
3460.180922395153,2.5151,45.703034550917785
3460.220932652408,2.5832,43.325092285413525
3460.2609429096824,2.8136,36.520009126883295
3460.300953166974,2.7378,38.57022223085682
3460.3409634242844,2.8316,36.057182053722045
3460.3809736816143,2.8278,36.15415447416261
3460.4209839389614,2.5995,42.7834614746891
3460.4609941963295,2.4209,49.328946111867054
3460.511007018064,2.2776,55.731483951811725
3460.551017275473,2.4637,47.629924944986065
3460.5910275329015,2.4517,48.097321144413954
3460.6310377903474,2.8044,36.76001417009678
3460.671048047812,2.3935,50.4648132213934
3460.711058305296,2.6614,40.81645337403912
3460.7510685627985,2.4233,49.2312852392689
3460.7910788203203,2.2336,57.948834547789374
3460.841091642247,2.2852,55.3614027619567
3460.881101899811,2.6077,42.514816568858016
3460.921112157393,2.358,51.9957595646701
3460.961122414993,2.3102,54.16969143172381
3461.001132672613,2.5153,45.695766837423406
3461.041142930251,2.4553,47.95638248290939
3461.0811531879076,2.4128,49.66070588091349
3461.1211634455826,2.5212,45.48214676855294
3461.1711762677037,2.4409,48.52388514584955
3461.2111865254205,2.7996,36.88617452707091
3461.2511967831574,2.6602,40.85328577225011
3461.2912070409125,2.7879,37.19642501617784
3461.3312172986853,2.6799,40.25486691694021
3461.371227556478,2.6117,42.38468755521163
3461.411237814289,2.6219,42.05555012639972
3461.4512480721187,3.0675,30.72461649832164
3461.5012608944317,2.806,36.71810452428194
3461.541271152303,2.4799,47.00967073103577
3461.581281410194,2.6395,41.496573291879564
3461.621291668102,2.7193,39.09681073773878
3461.6613019260303,2.8015,36.83615850642155
3461.701312183977,2.7224,39.00782229852032
3461.7413224419415,2.818,36.406054169615125
3461.7813326999258,2.9345,33.57278529282857
3461.8313455224315,2.556,44.2520972285627
3461.8713557804567,2.4674,47.48718479971475
3461.9113660385015,2.9916,32.30342396182122
3461.951376296564,2.3537,52.185916256633355
3461.991386554646,2.6103,42.43016466708429
3462.0313968127466,2.2818,55.52650831202823
3462.071407070866,2.6694,40.57217210549727
3462.111417329003,2.5254,45.330989649850736
3462.161430151702,2.4044,50.008300650310275
3462.201440409882,2.5587,44.158754846511066
3462.2414506680802,2.7375,38.578676438325665
3462.281460926297,2.4365,48.69929888521305
3462.321471184533,2.8513,35.56065599870692
3462.3614814427865,2.4695,47.40645538344198
3462.40149170106,2.5703,43.76106939249526
3462.441501959352,2.6786,40.29395002481668
3462.491514782243,2.7796,37.41889670776294
3462.531525040576,2.4833,46.88103270989899
3462.5715352989296,2.4821,46.92637400612619
3462.6115455573004,2.5445,44.65300028632033
3462.65155581569,2.7547,38.09841984128589
3462.691566074098,2.4339,48.80339992026082
3462.731576332525,2.4181,49.443251524754054
3462.7715865909713,2.6813,40.21284097448705
3462.811596849436,2.2847,55.385636769207935
3462.861609672542,2.3562,52.07523335894194
3462.901619931048,2.5719,43.706638112487624
3462.9416301895735,2.7337,38.686004094804936
3462.9816404481167,2.2957,54.8561406430109
3463.0216507066793,2.4834,46.87725723515106
3463.06166096526,2.3051,54.40965579144132
3463.1016712238597,2.2213,58.59237099407065
3463.151684047136,2.1815,60.749829574969354
3463.1916943057768,2.3633,51.76280699786093
3463.2317045644368,2.803,36.79674399792649
3463.271714823116,2.6062,42.56376949069153
3463.3117250818127,2.7968,36.96006822804359
3463.351735340529,2.6739,40.43572640777726
3463.3917455992646,2.4743,47.22270226043631
3463.4317558580174,2.4688,47.43334230005605
3463.4717661167897,2.7525,38.159346264053454
3463.521778940281,2.8871,34.684220811229125
3463.5617891990946,2.2831,55.463292615610555
3463.601799457928,2.1703,61.37845547871242
3463.6418097167793,2.8718,35.05477726078961
3463.6818199756485,2.7594,37.96874671479229
3463.721830234537,2.6195,42.13264844253809
3463.761840493444,2.4824,46.915032517350774
3463.8018507523702,2.7331,38.702991502360206
3463.8518635760533,2.5041,46.105444503362264
3463.8918738350208,2.6852,40.096115120902354
3463.9318840940077,2.8726,35.03525494160847
3463.971894353013,2.3121,54.080698671646736
3464.0119046120362,2.4189,49.410552327640374
3464.0519148710787,2.6128,42.349006811029305
3464.0919251301393,2.4415,48.50003854193062
3464.131935389218,2.5916,43.04469342635882
3464.181948213094,2.5226,45.431677164987676
3464.2219584722156,2.2641,56.398077978223064
3464.2619687313554,2.1934,60.09243777874534
3464.301978990514,2.1771,60.99563292618222
3464.3419892496913,2.439,48.599515530767555
3464.3819995088866,2.6433,41.37734840345946
3464.422009768101,2.5838,43.30497306018138
3464.4620200273343,2.8598,35.349580910713094
3464.512032851402,2.9768,32.62543349856093
3464.5520431106775,2.2413,57.55135151933394
3464.592053369971,2.2494,57.13761770739444
3464.6320636292826,2.5409,44.779620472251324
3464.6720738886142,2.9844,32.459478870614454
3464.7120841479627,2.9431,33.376866693907274
3464.7520944073317,2.6082,42.49851769409354
3464.7921046667184,2.2809,55.57033635791535
3464.8421174909777,2.0493,68.84055971938653
3464.8821277504067,2.751,38.20097083951347
3464.9221380098534,2.554,44.32143067644537
3464.962148269319,2.3764,51.19369112414882
3465.0021585288036,2.5597,44.1242585291035
3465.0421687883068,2.3466,52.50218692887547
3465.082179047828,2.4743,47.22270226043631
3465.1221893073684,2.6835,40.146933053512036
3465.1722021318196,2.2626,56.47288140928202
3465.2122123914014,2.0993,65.60039757164614
3465.2522226510023,2.6392,41.50600772262557
3465.2922329106223,2.3463,52.515613733897226
3465.3322431702595,2.6451,41.321052719139104
3465.3722534299163,2.5465,44.58288766473489
3465.412263689591,2.6046,42.61607919082631
3465.452273949285,2.6889,39.98584437810873
3465.502286773929,2.3694,51.49662438799123
3465.5422970336635,2.4266,49.097474388434556
3465.5823072934186,2.4697,47.39877760611406
3465.622317553191,2.4366,48.695301653039486
3465.6623278129823,2.8161,36.45519646787934
3465.702338072792,2.2244,58.42917219779216
3465.7423483326197,2.0688,67.5489280986753
3465.782358592468,1.9797,73.76607771862294
3465.8323714173025,2.9831,32.487775946092555
3465.872381677191,2.3268,53.39952736964586
3465.9123919370986,2.3692,51.50531909949509
3465.9524021970246,1.8789,81.8932490224029
3465.9924124569693,3.2899,26.711005581771236
3466.0324227169326,2.4629,47.66087229400311
3466.0724329769146,2.7555,38.076300951506646
3466.1124432369147,2.3981,50.271397265239145
3466.1624560619416,2.3482,52.43066419275391
3466.2024663219836,2.824,36.251518618686134
3466.242476582045,2.7069,39.455827089289116
3466.2824868421235,2.8666,35.18207099553375
3466.322497102222,2.8052,36.73905038320182
3466.3625073623384,2.5296,45.180584822965
3466.4025176224736,2.3172,53.84290484876589
3466.442527882627,2.6927,39.87306617236714
3466.4925407078454,2.6811,40.21884065011844
3466.5325509680415,2.2703,56.09046182821901
3466.572561228255,2.6593,40.880942798643986
3466.612571488488,2.8287,36.13115199871802
3466.652581748739,2.1327,63.56176547598479
3466.6925920090084,3.0015,32.0906794152269
3466.732602269297,3.0663,30.74866942350012
3466.772612529604,2.5076,45.97683038985677
3466.8226253550133,2.5999,42.77029784413121
3466.8626356153627,2.7137,39.25833777767313
3466.9026458757303,2.3294,53.280388339870036
3466.9426561361156,2.3523,52.248052882948336
3466.9826663965205,2.7541,38.11502165937916
3467.0226766569435,2.8868,34.6914300417286
3467.0626869173852,2.6754,40.39039743729305
3467.102697177844,1.8251,86.79247851787963
3467.1527100034455,2.9886,32.36830978086298
3467.192720263948,2.6031,42.66520716278688
3467.232730524468,2.3979,50.27978351533711
3467.272740785008,2.6546,41.02583125797725
3467.3127510455647,2.9603,32.99013957698752
3467.3527613061415,2.7133,39.26991370870241
3467.392771566736,2.6754,40.39039743729305
3467.432781827349,2.693,39.86418295726735
3467.4827946531414,2.5875,43.18121361743646
3467.522804913797,1.9883,73.12933679426311
3467.5628151744704,2.8244,36.24125125180865
3467.602825435162,2.6735,40.44782702081903
3467.6428356958727,2.3565,52.061975078488544
3467.682845956602,2.6225,42.0363086134175
3467.722856217349,2.8838,34.763646137110456
3467.762866478116,2.7179,39.13709891031199
3467.8128793041,2.4625,47.67635728043803
3467.8528895649074,2.6603,40.850214501898364
3467.892899825734,2.4699,47.391101693832496
3467.93291008658,2.9627,32.936712473993474
3467.972920347443,2.8667,35.17961650464949
3468.0129306083254,2.2933,54.97101751928783
3468.052940869226,1.9132,78.98319511794413
3468.0929511301456,2.6872,40.036452752547866
3468.142963956321,2.3816,50.970382035212126
3468.1829742172818,2.2191,58.708604651777314
3468.222984478261,2.2044,59.49420944119464
3468.2629947392593,2.3754,51.23680339607589
3468.303005000276,2.0528,68.60601525306339
3468.343015261311,2.6324,41.720720749873244
3468.3830255223643,2.7028,39.57562250767728
3468.4230357834367,2.1372,63.294381340872754
3468.4730486098033,2.6687,40.5934590501199
3468.5130588709167,2.4349,48.763321594053075
3468.5530691320496,2.3916,50.54502830087726
3468.5930793932002,2.5875,43.18121361743646
3468.6330896543695,2.3366,52.95253796682086
3468.6730999155575,2.2961,54.83702951072406
3468.7131101767645,2.3743,51.28428982638081
3468.7531204379893,2.4485,48.22312219802438
3468.803133264547,2.2835,55.44386334980382
3468.8431435258135,2.9804,32.546665154137244
3468.8831537870988,3.0905,30.26900323794191
3468.923164048403,2.5844,43.284867846088154
3468.963174309725,2.2426,57.48464765900809
3469.003184571067,2.4136,49.62779076313717
3469.043194832426,2.6244,41.975464196118736
3469.0832050938043,3.082,30.43619417591849
3469.133217920552,2.2992,54.68925627126882
3469.173228181971,2.1773,60.98442770807172
3469.2132384434094,2.5608,44.08635924693321
3469.253248704867,2.3128,54.04796713946124
3469.293258966342,2.9506,33.2074040296113
3469.3332692278345,2.9042,34.27698034655958
3469.3732794893476,1.9438,76.51600630894244
3469.4132897508784,2.2096,59.21451563331196
3469.4633025778166,3.0268,31.556451353637538
3469.5033128393893,2.33,53.252951341410224
3469.54332310098,2.1665,61.5939575055829
3469.58333336259,2.2088,59.25741690980396
3469.6233436242183,2.7617,37.90553078146721
3469.6633538858637,2.8962,34.46660431785903
3469.703364147528,2.5278,45.24495223773287
3469.743374409212,2.3924,50.51123023617374
3469.793387236343,2.6198,42.122999563996984
3469.8333974980674,2.0443,69.17771528335876
3469.873407759811,2.6946,39.81685590863185
3469.9134180215733,2.1792,60.878131960093775
3469.9534282833533,2.3414,52.73564931869171
3469.993438545153,2.3499,52.354831305761046
3470.0334488069707,2.4506,48.14050967444364
3470.0734590688057,1.8747,82.2606003314148
3470.1234718961273,2.3642,51.723404545143566
3470.163482158005,2.3205,53.68987302941765
3470.203492419901,2.6441,41.35231390510592
3470.243502681816,1.7603,93.3000819796774
3470.283512943749,2.3057,54.38134201974548
3470.3235232057,2.4843,46.843298476203096
3470.36353346767,2.6773,40.33309007852163
3470.4035437296598,2.719,39.10543867886952
3470.4535565571714,2.9747,32.671513823259914
3470.493566819201,2.5912,43.057983947873836
3470.5335770812503,2.7723,37.61621841603744
3470.573587343318,2.5108,45.85971071230358
3470.613597605403,2.4072,49.89203133508644
3470.6536078675076,2.5991,42.7966311833379
3470.69361812963,2.6257,41.933909887413705
3470.733628391771,2.3924,50.51123023617374
3470.7836412194733,2.1634,61.770603509635045
3470.8236514816567,2.4569,47.893941849294954
3470.8636617438583,2.4983,46.31976774664133
3470.903672006077,2.6201,42.113353999638626
3470.943682268315,2.7052,39.50543226216028
3470.9836925305717,2.2975,54.77021913670687
3471.023702792847,2.3548,52.13717234988594
3471.0637130551413,2.6309,41.768308189559434
3471.1137258830345,2.4053,49.97088408557855
3471.1537361453693,2.7835,37.31411394508716
3471.1937464077228,2.8626,35.28046165909571
3471.233756670095,2.9552,33.10410467924222
3471.2737669324856,2.7658,37.793232402092904
3471.3137771948946,2.7491,38.25379314507643
3471.3537874573226,2.5938,42.97170543297763
3471.393797719769,2.3293,53.284963234401836
3471.443810547852,2.4988,46.30123280386384
3471.4838208103397,2.5757,43.577770118990834
3471.5238310728464,2.4691,47.42181653565421
3471.563841335371,2.4879,46.70783177860275
3471.6038515979135,2.5528,44.36310898773326
3471.6438618604743,2.2898,55.13919423295304
3471.683872123055,2.1736,61.19222521253932
3471.7238823856533,2.7084,39.41213536734702
3471.7738952139275,2.6662,40.66962076965534
3471.813905476568,2.3777,51.13772647175917
3471.853915739226,2.1137,64.70961128401113
3471.893926001903,3.1028,30.02949655085732
3471.9339362645987,2.9144,34.037470835247575
3471.973946527312,2.5035,46.12754681660422
3472.0139567900437,2.7941,37.03153336111117
3472.0539670527946,2.9007,34.35974779419648
3472.093977315564,2.7138,39.25544459468228
3472.143990144051,2.7681,37.73045411329065
3472.1840004068617,2.694,39.83459367035739
3472.224010669691,2.6208,42.09086056276758
3472.2640209325386,2.4212,49.31672261863807
3472.3040311954055,2.3647,51.70153373092076
3472.344041458289,2.2993,54.68449934148771
3472.384051721193,2.7666,37.77137871625062
3472.4340645498464,2.6097,42.4496772666915
3472.4740748127915,2.8806,34.84092546651577
3472.514085075755,2.6395,41.496573291879564
3472.5540953387363,2.2819,55.521641730030176
3472.5941056017364,2.5829,43.335157156275486
3472.6341158647533,2.2746,55.87859081520713
3472.67412612779,2.8602,35.339694302300394
3472.7141363908454,2.4351,48.755311853335684
3472.7541466539196,1.8666,82.976078968945
3472.8041594827873,2.5858,43.23801009459791
3472.8441697459025,2.3731,51.336168534847225
3472.8841800090363,2.9471,33.28632560678294
3472.9241902721874,2.3356,52.9978914958888
3472.964200535358,2.5702,43.76447472310626
3473.0042107985473,2.1959,59.955687008528415
3473.044221061755,2.4904,46.61410312235944
3473.0842313249805,2.4795,47.02483941621768
3473.1342441540382,2.1625,61.822030178803665
3473.1742544173053,2.7783,37.453922391736555
3473.2142646805914,2.6478,41.23682436572368
3473.2542749438962,2.4111,49.73075932306976
3473.2942852072174,2.3084,54.25420314353295
3473.3342954705586,2.4383,48.62742393431675
3473.3743057339184,2.6839,40.134967204885456
3473.414315997296,2.8774,34.91846276970181
3473.4643288265443,2.4007,50.16256667394246
3473.5043390899637,2.2566,56.77358831311927
3473.544349353401,2.4042,50.01662114941806
3473.5843596168575,2.4849,46.820679799745086
3473.624369880332,2.5574,44.203660570683695
3473.6643801438245,2.835,35.970747582905005
3473.7043904073357,2.5539,44.324901625272005
3473.744400670866,2.5933,42.98827730334717
3473.7944135003036,2.9338,33.588808024669326
3473.8344237638757,2.8356,35.95552670720578
3473.8744340274648,2.1872,60.43360548645422
3473.914444291073,2.4687,47.43718515530618
3473.9544545546996,2.1038,65.32006110171618
3473.9944648183446,2.5484,44.516433516372075
3474.0344750820077,2.1045,65.27661475657678
3474.0744853456895,2.4722,47.30296255764851
3474.124498175318,2.6209,42.08764868581548
3474.1645084390416,2.71,39.3656108079327
3474.2045187027825,2.7303,38.78241420601537
3474.2445289665425,2.7579,38.01005973381827
3474.284539230321,2.6932,39.8582624629888
3474.324549494118,2.4446,48.377110677676725
3474.3645597579325,2.3684,51.540119975089574
3474.404570021766,2.2499,57.11222491508766
3474.4545828515843,2.2304,58.11523448670405
3474.4945931154593,2.297,54.7940659614118
3474.534603379354,2.295,54.88960917269759
3474.5746136432654,2.4423,48.468270405107674
3474.614623907195,2.6954,39.79322398325947
3474.6546341711437,3.0693,30.68858999390592
3474.6946444351106,2.6175,42.19705910745733
3474.734654699097,2.8332,36.0164682454445
3474.7846675291044,2.5737,43.64552422417469
3474.824677793131,3.0327,31.433787129838898
3474.8646880571764,2.9025,34.31714428191346
3474.9046983212397,2.2111,59.13420121499845
3474.9447085853226,3.0443,31.194693009892774
3474.9847188494223,3.0835,30.40658939436022
3475.0247291135415,2.4642,47.61059815599543
3475.064739377679,2.3266,53.40870845785876
3475.1147522078763,2.4988,46.30123280386384
3475.154762472055,2.3087,54.240104129889914
3475.1947727362517,2.1084,65.03534818074444
3475.2347830004674,2.4389,48.60350097436459
3475.2747932647017,2.2178,58.777450823726355
3475.314803528954,2.2155,58.89955260476319
3475.3548137932244,2.3288,53.30784654793901
3475.3948240575132,2.6006,42.74727610481462
3475.4448368879002,2.6737,40.441776035429434
3475.4848471522305,2.9121,34.09125818564434
3475.52485741658,2.3417,52.72213804514726
3475.564867680947,2.248,57.208807687761166
3475.604877945332,2.165,61.67933662766331
3475.644888209736,2.0133,71.32445769212835
3475.684898474158,2.7735,37.58367492898581
3475.724908738599,2.2123,59.07006726934211
3475.7749215691756,2.6425,41.402405642349486
3475.8149318336577,2.6606,40.84100276858575
3475.854942098158,2.2583,56.688144634091955
3475.8949523626766,2.4745,47.21506907800677
3475.9349626272133,2.5903,43.08791013620169
3475.974972891769,2.3409,52.758179652653176
3476.014983156343,2.4932,46.50946158041494
3476.0549934209357,2.3187,53.77326393044235
3476.1050062517015,2.1115,64.8445250811413
3476.1450165163355,2.4183,49.43507368304126
3476.185026780987,2.5393,44.83606905008861
3476.2250370456577,2.4164,49.51284518449591
3476.2650473103467,2.6822,40.1858590406773
3476.3050575750526,2.6557,40.99185223080838
3476.345067839779,2.314,53.99192503440136
3476.3850781045226,2.586,43.2313223418721
3476.4350909354785,2.6169,42.21641111040447
3476.4751012002635,2.7752,37.537643900459635
3476.515111465066,2.8027,36.8046218372006
3476.555121729888,2.6141,42.30689671683639
3476.595131994729,2.6948,39.81094595411348
3476.635142259587,2.4769,47.123615066092036
3476.6751525244645,2.4098,49.78442966786454
3476.715162789359,2.2701,56.10034560566572
3476.765175620504,2.2978,54.755918513524726
3476.8051858854406,2.4688,47.43334230005605
3476.845196150396,3.0484,31.110837748162236
3476.8852064153693,2.6053,42.59318183819145
3476.9252166803612,2.2901,55.124748865874146
3476.9652269453713,2.7078,39.42960334311519
3477.0052372104,2.5364,44.93865451051876
3477.0452474754466,2.0886,66.27426706544202
3477.095260306781,2.5628,44.01757644743421
3477.135270571869,2.5945,42.948520908505365
3477.175280836975,2.2524,56.985514507563536
3477.2152911021003,2.3551,52.12389040953942
3477.2553013672427,2.1978,59.85206837774017
3477.295311632405,2.3696,51.4879318779579
3477.3353218975844,2.5179,45.60144410405951
3477.3753321627823,2.8319,36.04954295782598
3477.4253449943053,2.1609,61.91361407671288
3477.465355259545,2.1351,63.41895021825187
3477.505365524803,2.6844,40.120017415562074
3477.54537579008,2.7371,38.589953039483646
3477.5853860553734,2.3963,50.346949126754744
3477.625396320686,2.7173,39.15438433572036
3477.665406586017,2.4499,48.168023578897426
3477.705416851367,2.6347,41.647911141558374
3477.7554296830795,2.342,52.70863196347389
3477.79543994847,2.4669,47.50643648319654
3477.835450213879,2.4122,49.68541371350502
3477.8754604793066,2.2247,58.413414961393286
3477.915470744753,2.2769,55.76575688296456
3477.955481010216,2.2958,54.85136192343226
3477.995491275699,2.8142,36.50443833459925
3478.0355015411997,2.2625,56.47787359531226
3478.085514373101,2.8792,34.8748162261646
3478.1255246386436,2.1532,62.35722082520159
3478.1655349042035,2.3519,52.26582658887613
3478.2055451697815,2.4632,47.64926350448413
3478.245555435379,2.3032,54.499462097023006
3478.2855657009945,2.6885,39.99774359450059
3478.3255759666276,2.8621,35.29278950613943
3478.365586232279,2.9344,33.575073552500506
3478.4155990643703,2.4032,50.058254810022795
3478.455609330064,2.5239,45.38488771498473
3478.495619595775,2.523,45.417272707513376
3478.535629861505,2.945,33.33381367631162
3478.575640127253,2.9353,33.5544876339488
3478.615650393019,2.8113,36.57978954931365
3478.6556606588038,2.7106,39.348185334855344
3478.6956709246065,2.5858,43.23801009459791
3478.745683756887,2.7549,38.09288831228955
3478.7856940227307,2.5406,44.7901964574562
3478.825704288594,2.4738,47.241793316888405
3478.865714554475,2.867,35.1722545729462
3478.9057248203735,2.7508,38.206525928312864
3478.9457350862913,2.4935,46.49827088979814
3478.985745352227,2.496,46.405171999802796
3479.025755618182,2.5038,46.11649367379486
3479.0757684506493,2.7304,38.779573472803676
3479.1157787166444,2.6589,40.893243826120894
3479.155788982659,2.686,40.07223418027931
3479.19579924869,2.563,44.01070702225269
3479.2358095147406,2.4884,46.68906344535427
3479.2758197808103,2.7472,38.306725086318615
3479.3158300468963,2.6342,41.66372309507097
3479.3558403130014,2.6091,42.46920332944851
3479.4058531456585,2.7764,37.50520230567674
3479.445863411805,2.7997,36.883539565996486
3479.4858736779697,2.4375,48.65934869910888
3479.525883944153,2.4016,50.12497687387452
3479.5658942103546,2.7581,38.00454743653697
3479.605904476574,2.4774,47.1045955937829
3479.645914742812,2.2549,56.85922531637951
3479.685925009068,2.1327,63.56176547598479
3479.7359378419137,2.4128,49.66070588091349
3479.7759481082117,2.5155,45.688500857362946
3479.815958374527,2.5654,43.928399196655924
3479.855968640861,2.3298,53.26209465228888
3479.895978907213,2.2875,55.25013093049714
3479.935989173584,2.4866,46.75668244151858
3479.9759994399724,2.8332,36.0164682454445
3480.016009706379,2.4414,48.50401175500171
3480.0660225394145,2.2576,56.72330394981726
3480.106032805862,2.3134,54.0199351856882
3480.146043072329,2.4654,47.564261828959616
3480.186053338813,2.5086,45.94018234056472
3480.226063605317,2.3387,52.85748485448924
3480.2660738718387,2.1765,61.02926711627808
3480.3060841383776,2.3904,50.59578903797601
3480.3460944049357,2.4868,46.74916196806734
3480.396107238159,2.7545,38.10395257523292
3480.436117504758,2.6928,39.87010477077762
3480.476127771376,2.6944,39.8227671792514
3480.5161380380105,2.3677,51.57059968274102
3480.5561483046645,2.628,41.86054173604295
3480.5961585713376,2.6932,39.8582624629888
3480.636168838028,2.6465,41.27734657838165
3480.676179104736,2.6432,41.38047931413301
3480.7261919381485,2.7536,38.128864798646624
3480.766202204898,2.6131,42.33928351847038
3480.8062124716666,2.428,49.04087091321837
3480.846222738453,2.6042,42.62917168316851
3480.886233005257,2.4576,47.8666624132
3480.9262432720802,2.4881,46.70032308751176
3480.966253538922,2.5679,43.84290716293027
3481.0062638057816,2.7569,38.03763921770582
3481.0562766393814,2.5144,45.72848520690348
3481.096286906282,2.6002,42.76042910771021
3481.136297173201,2.5659,43.91128079685027
3481.1763074401383,2.4898,46.636572252893934
3481.216317707094,2.8318,36.052089053365215
3481.2563279740675,2.4807,46.979355370551026
3481.29633824106,2.7142,39.24387506037057
3481.3363485080695,2.43,48.96017845343227
3481.386361341858,2.5538,44.3283729818458
3481.4263716089085,2.7773,37.480898700933956
3481.4663818759786,2.3575,52.017817359525196
3481.5063921430674,2.4282,49.032792693783456
3481.546402410173,2.2086,59.26814951382601
3481.586412677297,1.8484,84.61814629169702
3481.62642294444,1.9869,73.23242913869791
3481.666433211601,2.532,45.09497505159702
3481.716446045577,2.6555,40.99802709512043
3481.75645631278,2.5952,42.925355142092656
3481.796466579999,2.8351,35.968210099182144
3481.836476847239,2.6742,40.42665451116821
3481.876487114495,2.012,71.41665620479223
3481.9164973817697,2.3216,53.63900738199185
3481.9565076490635,2.495,46.44237797417294
3481.9965179163746,2.5999,42.77029784413121
3482.0365281837044,2.6019,42.70457073191847
3482.086541017892,2.2842,55.40988669230426
3482.1265512852624,2.476,47.15787915692159
3482.166561552652,2.5227,45.42807540824299
3482.2065718200583,2.7181,39.13133964543683
3482.246582087484,2.3127,54.052641253031716
3482.2865923549275,2.6011,42.73084338362092
3482.3266026223896,2.5995,42.7834614746891
3482.3766154567434,2.585,43.264776630126946
3482.416625724247,2.5531,44.35268390014855
3482.456635991767,2.4535,48.02677426441311
3482.496646259307,2.752,38.17321356016751
3482.536656526865,2.3804,51.021785034501804
3482.576666794441,2.377,51.16784987460977
3482.616677062035,2.3442,52.60974575246155
3482.6566873296474,2.6262,41.917943890139284
3482.6966975972773,2.4401,48.555707985675845
3482.7467104318425,2.7148,39.22653034667581
3482.7867206995134,2.4193,49.39421489211464
3482.8267309672033,2.3233,53.56053890008696
3482.866741234912,2.3672,51.59238745912826
3482.906751502638,2.4763,47.14645364218685
3482.946761770382,2.4446,48.377110677676725
3482.9867720381453,2.6272,41.88603923860407
3483.0267823059276,2.4131,49.64835887539544
3483.0767951406783,2.6019,42.70457073191847
3483.1168054085006,2.6646,40.718476812104406
3483.156815676342,2.3008,54.613219808428326
3483.1968259441996,2.3683,51.54447256440143
3483.236836212076,2.6274,41.87966267940536
3483.2768464799715,1.9474,76.23337010326037
3483.3168567478847,2.4362,48.71129353525131
3483.3568670158165,2.5884,43.15119018921979
3483.406879850756,2.7383,38.55613805937001
3483.446890118729,2.7248,38.939136516410215
3483.4869003867184,2.5008,46.22720417344855
3483.5269106547285,2.312,54.08537703192742
3483.566920922755,2.8275,36.16182684756917
3483.6069311908,2.4707,47.360416683093284
3483.646941458864,2.3795,51.0603883304284
3483.6869517269456,2.4528,48.05419070722935
3483.736964562074,2.3456,52.54696298290744
3483.776974830197,2.0867,66.39501118238145
3483.8169850983377,1.9488,76.12387879817814
3483.8569953664964,2.3271,53.385760175523394
3483.8970056346734,2.5561,44.24863482769424
3483.9370159028686,2.5913,43.05466074048652
3483.9770261710823,2.5204,45.511024309870095
3484.017036439315,2.5358,44.95992304271727
3484.0670492746303,2.4242,49.19473717095838
3484.1070595429037,2.7428,38.42972692565317
3484.1470698111943,2.5252,45.33817050948031
3484.187080079504,2.3531,52.21253265916382
3484.2270903478316,2.677,40.34213049727154
3484.267100616177,2.5535,44.33878949868868
3484.3071108845406,2.284,55.4195911211015
3484.347121152923,2.4103,49.763776950235986
3484.397133988426,2.33,53.252951341410224
3484.437144256849,2.3613,51.850529364990024
3484.477154525291,2.9266,33.75428114756028
3484.5171647937505,1.8173,87.5391178046246
3484.557175062228,2.6224,42.03951461510059
3484.5971853307233,2.628,41.86054173604295
3484.6371955992377,2.4581,47.847191368618454
3484.67720586777,2.471,47.34891748700807
3484.727218703461,2.6105,42.42366345688713
3484.7672289720344,2.2337,57.943646070244775
3484.8072392406257,2.4452,48.35337217503888
3484.847249509235,2.2468,57.26993361934931
3484.8872597778627,2.379,51.08185353959345
3484.9272700465094,2.5604,44.10013515248998
3484.967280315173,2.6856,40.08417198292645
3485.0072905838556,2.8354,35.960599258820224
3485.0573034197346,2.6728,40.46901616773253
3485.0973136884577,2.2735,55.93267596380863
3485.1373239571985,2.2549,56.85922531637951
3485.177334225958,2.4627,47.66861384404966
3485.217344494736,2.5222,45.44608847628511
3485.2573547635325,2.6869,40.0453936151647
3485.2973650323465,2.4678,47.47179187743058
3485.337375301179,2.3854,50.808117344791874
3485.387388137245,2.559,44.14840170485711
3485.4273984061183,2.228,58.24050524265163
3485.467408675009,2.2466,57.280130798608226
3485.507418943919,2.4299,48.96420834484806
3485.5474292128465,2.6093,42.46269314519288
3485.5874394817924,2.4716,47.32593165539617
3485.6274497507566,2.6815,40.20684264126468
3485.6674600197393,2.5519,44.394406313723394
3485.717472855993,2.4873,46.73036872061402
3485.757483125016,2.5007,46.23090138702652
3485.797493394057,2.7134,39.26701924599087
3485.8375036631173,2.3361,52.97520745103041
3485.8775139321947,2.5493,44.48500708381739
3485.9175242012907,2.3244,53.509856894753185
3485.9575344704044,2.5041,46.105444503362264
3485.9975447395364,2.4579,47.85497836053349
3486.0475575759774,2.3726,51.35780789932782
3486.0875678451503,2.5385,44.86433337396655
3486.127578114342,2.6879,40.01560238072499
3486.1675883835514,2.5317,45.10566295989355
3486.207598652779,2.4513,48.11301933745431
3486.247608922024,2.4635,47.63765895578926
3486.2876191912883,1.9976,72.45000223833556
3486.3276294605707,2.7181,39.13133964543683
3486.377642297199,2.189,60.33425809907258
3486.417652566521,2.2137,58.995376112764724
3486.4576628358627,2.3451,52.569372493100516
3486.497673105222,2.5127,45.79038252163735
3486.537683374599,2.8401,35.841677454503746
3486.577693643994,2.6696,40.5660931967283
3486.6177039134072,2.4836,46.86970765375473
3486.6577141828393,2.9136,34.05616503187526
3486.707727019655,2.3862,50.77405510084438
3486.7477372891276,2.318,53.805746201408205
3486.787747558618,2.6305,41.781011924363355
3486.8277578281277,2.4262,49.11366481013835
3486.8677680976543,2.5395,44.8290071424928
3486.9077783672,2.3886,50.67207363754587
3486.947788636763,2.4596,47.78884946506109
3486.987798906345,2.2949,54.89439289147902
3487.0378117433474,2.3784,51.107629662336876
3487.0778220129696,2.3544,52.15488950215072
3487.1178322826104,2.6546,41.02583125797725
3487.157842552269,1.7803,91.21558025021866
3487.1978528219456,2.1435,62.92286893266458
3487.2378630916405,2.3632,51.76718782726834
3487.277873361354,2.3541,52.16818329355686
3487.317883631086,2.4323,48.867628091604495
3487.3678964682745,2.3804,51.021785034501804
3487.4079067380467,2.4097,49.78856175418298
3487.4479170078366,2.3971,50.31334950933655
3487.487927277645,2.1566,62.16075664428911
3487.527937547471,2.142,63.01102701579232
3487.567947817316,2.352,52.26138231223713
3487.6079580871788,2.5932,42.99159282776417
3487.6479683570597,2.7765,37.50250073799126
3487.697981194436,2.7707,37.659675524755805
3487.7379914643575,2.6498,41.174598919916555
3487.778001734298,2.4792,47.036220748649484
3487.8180120042553,2.3247,53.4960470144627
3487.8580222742316,2.3884,50.68056035233579
3487.8980325442258,2.5824,43.35193973667072
3487.938042814238,2.229,58.188259917520924
3487.9780530842686,2.454,48.00720545349443
3488.028065921832,2.4932,46.50946158041494
3488.0680761919025,2.5035,46.12754681660422
3488.1080864619926,2.4284,49.02471647020181
3488.1480967320995,2.3935,50.4648132213934
3488.188107002226,2.6295,41.81279662921032
3488.2281172723697,3.0868,30.341610726198677
3488.2681275425307,2.8295,36.11072377806909
3488.308137812711,2.3914,50.55348311743318
3488.3581506504615,2.4539,48.011118258749
3488.3981609206817,2.7223,39.010688149045144
3488.438171190921,2.7971,36.95214043004726
3488.478181461177,2.4728,47.28001017752587
3488.518191731452,2.1764,61.0348755192502
3488.558202001745,2.895,34.49518358065285
3488.5982122720566,2.6758,40.3783225846419
3488.6382225423863,2.7683,37.72500252530696
3488.6882353803235,2.7438,38.40171999372442
3488.7282456506937,2.6619,40.801121241108255
3488.7682559210816,2.5401,44.807831427390894
3488.808266191488,2.7062,39.476241427329555
3488.848276461912,2.491,46.59165022608737
3488.888286732355,2.2066,59.375636112429305
3488.9282970028157,2.2696,56.12506648177741
3488.9683072732937,2.5136,45.757597711028005
3489.0183201114187,2.3395,52.82134145641603
3489.0583303819376,2.1285,63.812855609163925
3489.098340652475,2.3995,50.21275221827711
3489.1383509230313,2.5563,44.241711244929256
3489.178361193604,2.4333,48.8274706374591
3489.218371464196,2.5884,43.15119018921979
3489.2583817348072,2.2959,54.846583828264066
3489.2983920054344,2.4476,48.25859267656141
3489.348404843745,2.4918,46.56173825733334
3489.3884151144143,2.3213,53.652872660164114
3489.4284253851015,2.2593,56.637973719168315
3489.468435655806,2.2977,54.760684765534954
3489.5084459265295,2.4644,47.60287073400168
3489.5484561972708,2.4896,46.644065573391124
3489.5884664680298,2.4773,47.108398566963615
3489.6284767388074,2.3631,51.77156921284182
3489.678489577304,2.5405,44.79372261847564
3489.7184998481216,2.4461,48.31779716884875
3489.7585101189584,2.5477,44.54089932644172
3489.7985203898124,2.919,33.93027731521382
3489.8385306606847,2.6884,40.00071922852908
3489.8785409315756,2.4689,47.42949991174776
3489.9185512024847,2.8134,36.52520160491259
3489.9585614734106,2.3779,51.12912467110706
3490.008574312094,2.3985,50.25463105822437
3490.0485845830617,2.4988,46.30123280386384
3490.0885948540463,2.3851,50.82089952366528
3490.1286051250504,2.5743,43.62518141052795
3490.168615396072,2.4511,48.12087131617768
3490.208625667112,2.7771,37.48629746004889
3490.2486359381687,2.7796,37.41889670776294
3490.2886462092447,2.6636,40.74905655757954
3490.338659048115,2.0622,67.98199582151734
3490.378669319232,2.6462,41.28670634048279
3490.4186795903656,2.6379,41.546927458186026
3490.4586898615185,2.719,39.10543867886952
3490.498700132689,2.6534,41.062947494734
3490.5387104038773,2.5934,42.984962162456725
3490.5787206750847,2.2672,56.24395444504022
3490.618730946309,1.9862,73.28405707936948
3490.6687437853657,1.9811,73.66185686505321
3490.7087540566313,2.7894,37.15643102768713
3490.748764327915,2.4946,46.457272893690906
3490.7887745992166,2.8668,35.177162270614026
3490.8287848705363,2.4108,49.743137081392426
3490.868795141874,2.0262,70.41916093370664
3490.9088054132303,2.1907,60.24065478039361
3490.948815684604,2.3684,51.540119975089574
3490.998828523847,2.6037,42.64554578480905
3491.0388387952607,2.7443,38.38772800753978
3491.0788490666932,3.0706,30.662610244804103
3491.118859338145,2.3943,50.43109556774869
3491.1588696096137,2.6356,41.6194722995673
3491.1988798811003,2.7896,37.15110336985141
3491.2388901526047,2.8221,36.300348247139446
3491.2789004241276,2.94,33.44729036814379
3491.3189106956693,2.8763,34.94517600575197
3491.3689235351208,2.662,40.79805585120952
3491.408933806702,2.7845,37.28731746440946
3491.4489440783022,3.0045,32.026626200174924
3491.488954349919,2.3693,51.5009714685129
3491.5289646215556,2.6451,41.321052719139104
3491.568974893209,2.1363,63.347723021242025
3491.6089851648812,2.0564,68.36601783232629
3491.658998004496,2.995,32.23012228368636
3491.699008276209,2.6585,40.9055504064802
3491.739018547939,2.6732,40.45690604554998
3491.7790288196884,2.562,44.04507023768459
3491.8190390914547,2.5417,44.75143615110078
3491.859049363239,1.8512,84.36236463757179
3491.8990596350422,2.2734,55.93759668884727
3491.9390699068626,2.534,45.02381931157368
3491.9790801787017,2.1743,61.15283079335309
3492.0290930185256,2.0063,71.82302912724931
3492.0691032904047,2.6326,41.71438190308591
3492.1091135623024,2.4426,48.4563654004087
3492.149123834218,2.6846,40.11403983856413
3492.189134106151,2.5301,45.16272936165475
3492.2291443781023,2.2181,58.76155250097885
3492.269154650073,1.9358,77.14974180950504
3492.30916492206,2.5801,43.42926531717654
3492.3591777620695,2.3897,50.625434788279634
3492.399188034098,2.6614,40.81645337403912
3492.4391983061437,2.6401,41.47771407795438
3492.4792085782083,2.5374,44.90324047918691
3492.5192188502906,2.0417,69.35401590938031
3492.559229122391,2.7575,38.02108792683277
3492.5992393945094,2.3678,51.566243783686595
3492.639249666646,2.2659,56.30850988261581
3492.6892625068413,2.2945,54.913534021600796
3492.7292727790186,2.3437,52.63219544104212
3492.7692830512137,2.4178,49.45552209267335
3492.8092933234266,1.9885,73.11462708897596
3492.8493035956576,2.2737,55.922836461432546
3492.8893138679077,2.1934,60.09243777874534
3492.929324140174,2.1883,60.3728640638213
3492.969334412459,2.4516,48.101244972319186
3493.0193472528404,2.3337,53.08422387954702
3493.0593575251664,2.3591,51.94728177502041
3493.09936779751,2.4179,49.45143139587499
3493.1393780698713,2.4416,48.496065817038996
3493.179388342252,2.6278,41.86691392856796
3493.2193986146494,2.6004,42.75385184755234
3493.2594088870646,2.698,39.71656535323946
3493.2994191594994,2.7303,38.78241420601537
3493.3494320000664,2.2407,57.58217708162623
3493.3894422725407,2.3616,51.83735680044215
3493.4294525450327,2.4446,48.377110677676725
3493.4694628175434,2.5942,42.958454835193386
3493.5094730900723,2.2747,55.873677873897215
3493.5494833626185,2.2263,58.3294839211127
3493.589493635183,2.1928,60.1253275808411
3493.6295039077654,2.8244,36.24125125180865
3493.679516748518,2.3608,51.87249479966336
3493.719527021141,2.3801,51.03464793415775
3493.759537293782,2.3492,52.38603667476958
3493.799547566441,2.6035,42.65209806710777
3493.8395578391182,2.2782,55.70213229491867
3493.879568111812,2.8138,36.51481775603112
3493.919578384526,2.4763,47.14645364218685
3493.959588657257,2.4246,49.178506647517914
3494.0096014981955,2.4791,47.040015444339865
3494.049611770967,2.6035,42.65209806710777
3494.089622043756,2.488,46.704077206710146
3494.129632316564,2.5033,46.134917786293514
3494.1696425893892,2.469,47.4256579903057
3494.2096528622333,2.3953,50.388995999904516
3494.2496631350946,2.3631,51.77156921284182
3494.2896734079736,2.2044,59.49420944119464
3494.3396862490986,3.0837,30.40264535395523
3494.379696522017,2.5,46.25679430594731
3494.4197067949563,2.4315,48.89978973475736
3494.4597170679112,2.4882,46.69656942093483
3494.4997273408862,2.3331,53.11153056691651
3494.5397376138776,2.2753,55.84421382801085
3494.579747886887,2.4407,48.53183792224592
3494.619758159916,2.2515,57.03108163243816
3494.6697710012254,2.6638,40.74293785324329
3494.709781274294,2.4959,46.40889058492517
3494.7497915473796,2.5926,43.011494031637696
3494.7898018204837,2.3394,52.82585735346887
3494.829812093606,2.4943,46.46844878626334
3494.869822366747,2.645,41.32417724225535
3494.909832639905,2.7175,39.14862125507935
3494.949842913081,2.4564,47.91344144087268
3494.9998557545773,2.3137,54.00592738614745
3495.039866027794,2.2361,57.819331362014516
3495.0798763010284,2.4534,48.03068946238067
3495.119886574281,2.0603,68.10743899715743
3495.159896847552,2.5189,45.565243878444555
3495.1999071208393,2.5412,44.769048232450636
3495.2399173941462,2.5102,45.881636538090625
3495.2799276674714,2.0891,66.2425470403642
3495.329940509153,2.2601,56.5978849268554
3495.3699507825168,2.0821,66.68870916478552
3495.4099610559,2.1078,65.0723789656579
3495.449971329301,2.6456,41.30543541780575
3495.48998160272,2.5252,45.33817050948031
3495.529991876158,2.3582,51.986940375012594
3495.570002149612,2.4176,49.46370500916572
3495.610012423085,2.6418,41.4243494023821
3495.6600252649514,2.491,46.59165022608737
3495.700035538464,2.4573,47.87835074547623
3495.7400458119955,2.0855,66.47144071723619
3495.7800560855444,2.3993,50.22112379733714
3495.8200663591115,2.5867,43.20792742226264
3495.860076632697,2.0873,66.35684583767573
3495.9000869062997,2.276,55.809868554584064
3495.940097179921,2.5497,44.471050461404175
3495.9901100219718,2.7069,39.455827089289116
3496.030120295634,2.6599,40.86250166177714
3496.070130569314,2.0015,72.16793420619663
3496.1101408430113,2.1042,65.29522930948205
3496.150151116726,2.3329,53.12063747838805
3496.190161390459,2.366,51.644734491170205
3496.2301716642105,2.3747,51.267014398238715
3496.2701819379795,2.799,36.90199022475494
3496.3201947802168,2.5126,45.7940274532231
3496.360205054026,2.5496,44.47453900118584
3496.400215327854,2.6834,40.14992535180172
3496.4402256016997,2.4042,50.01662114941806
3496.480235875563,2.4702,47.37959132105087
3496.5202461494446,2.699,39.68714023801246
3496.560256423343,2.5834,43.31838431940608
3496.6002666972604,2.6062,42.56376949069153
3496.6502795396827,2.4907,46.60287464591827
3496.6902898136404,2.5742,43.62857089167293
3496.7303000876163,1.9564,75.53359311195833
3496.7703103616104,2.4308,48.92795722474559
3496.810320635621,2.4715,47.329761464818745
3496.8503309096504,2.4902,46.621591027958
3496.890341183698,2.2981,54.74162349049717
3496.9303514577637,2.4202,49.357485275275174
3496.9803643003706,2.5251,45.341761579164974
3497.0203745744757,1.9967,72.51532969335258
3497.0603848486,2.3689,51.518365296134505
3497.1003951227412,2.4557,47.940760881822094
3497.140405396901,2.4399,48.563668587037036
3497.180415671078,2.9372,33.51109059966762
3497.2204259452733,2.1919,60.174712935605584
3497.2604362194875,2.4566,47.90564017545838
3497.3104490622786,2.5229,45.42087317957374
3497.350459336532,2.3962,50.35115144531522
3497.390469610804,2.3528,52.22584849711351
3497.4304798850935,2.8315,36.05972895861585
3497.470490159401,2.5628,44.01757644743421
3497.510500433727,2.3803,51.0260721273346
3497.55051070807,2.093,65.99591052313049
3497.590520982431,2.5988,42.80651245582291
3497.6405338254085,2.8498,35.59810073402655
3497.6805440998096,2.6139,42.31337110362481
3497.72055437423,2.5758,43.574386556036096
3497.760564648667,2.5273,45.26285648730876
3497.800574923122,2.4495,48.18375640169308
3497.840585197596,2.6968,39.75191870861966
3497.8805954720865,2.2619,56.50784061740069
3497.9206057465954,2.067,67.66662616622025
3497.970618589757,2.1278,63.854848583589934
3498.0106288643074,2.6527,41.08462189811872
3498.0506391388753,2.6269,41.89560680837419
3498.0906494134597,1.9441,76.49239330655126
3498.130659688063,1.9871,73.21768831903181
3498.1706699626843,2.5212,45.48214676855294
3498.2106802373237,2.5117,45.82685143090193
3498.2506905119803,2.0981,65.67545877128148
3498.3007033553267,2.3421,52.70413108953883
3498.3407136300243,2.4225,49.26380661399077
3498.380723904739,2.3404,52.78072442820427
3498.4207341794727,2.3774,51.15063324338779
3498.4607444542235,2.4217,49.29636022398471
3498.5007547289924,2.4344,48.78335458341149
3498.5407650037787,2.5981,42.82958207117503
3498.5807752785836,2.4828,46.89991692707501
3498.630788122115,2.4522,48.0777092049116
3498.6707983969595,2.9156,34.009458388044834
3498.7108086718235,3.1081,29.927169996258986
3498.750818946704,2.6974,39.734236133026485
3498.7908292216025,2.3635,51.75404700716788
3498.8308394965197,2.5396,44.825476814339424
3498.8708497714542,2.2589,56.65803408954054
3498.9108600464065,2.0575,68.29293644197999
3498.960872890122,2.0183,70.97150681641347
3499.0008831651157,2.1544,62.28777430597828
3499.0408934401253,2.8201,36.351854516241204
3499.080903715154,2.4058,49.95011524753397
3499.1209139902007,1.961,75.17964427747201
3499.1609242652653,2.6742,40.42665451116821
3499.200934540347,2.3683,51.54447256440143
3499.240944815447,2.036,69.74288728792388
3499.290957659348,2.1543,62.293557083776435
3499.330967934488,2.3884,50.68056035233579
3499.3709782096466,2.0621,67.9885894504607
3499.4109884848226,2.4682,47.45640643833354
3499.4509987600172,2.8312,36.06737129261635
3499.491009035229,2.5052,46.06496483358725
3499.5310193104588,2.2385,57.69541628996611
3499.571029585707,2.0494,68.83384176812268
3499.6210424297915,2.4073,49.88788636151892
3499.66105270508,2.8389,35.87198432542702
3499.7010629803844,2.7002,39.65187324430641
3499.7410732557087,2.5462,44.59339402635374
3499.781083531051,2.633,41.70170854266643
3499.8210938064103,2.3642,51.723404545143566
3499.8611040817873,2.388,50.697540179380624
3499.901114357183,2.7006,39.64012802560223
3499.951127201452,2.4781,47.07798767112645
3499.991137476888,2.6253,41.946689253889595
3500.0311477523414,2.4924,46.53932318023452
3500.0711580278125,2.1988,59.79764011595807
3500.1111683033014,2.5384,44.867868293554615
3500.1511785788093,2.2725,55.981912450285634
3500.191188854333,2.291,55.081446807863564
3500.2311991298766,2.6555,40.99802709512043
3500.2812119743303,2.5892,43.124528976679734
3500.3212222499137,2.5753,43.591308312593696
3500.3612325255144,2.3249,53.486843397446535
3500.4012428011324,2.4262,49.11366481013835
3500.441253076769,2.5339,45.027373097435124
3500.481263352424,2.5583,44.17256470142349
3500.5212736280955,2.5613,44.06914844034497
3500.5612839037863,1.98,73.7437260664625
3500.6012941794947,2.3357,52.99335352146672
3500.6513070241544,2.3756,51.228176586000835
3500.691317299903,2.4551,47.96419614692066
3500.731327575669,2.6213,42.074804853693095
3500.7713378514527,2.8087,36.64754433920905
3500.8113481272553,2.5802,43.42589903495818
3500.8513584030743,2.57,43.77128657689469
3500.8913686789124,2.3147,53.959274050332354
3500.941381523735,2.2244,58.42917219779216
3500.981391799612,2.3842,50.85927501501645
3501.021402075508,2.8435,35.75601625883547
3501.061412351422,2.8111,36.58499478253883
3501.1014226273533,2.5129,45.78309396386135
3501.141432903302,2.2327,57.99556222220807
3501.1814431792695,2.4205,49.34525117335323
3501.2214534552536,2.4746,47.21125318081085
3501.2614637312577,2.5315,45.11279034317095
3501.3114765762857,2.2714,56.03614771282354
3501.3514868523284,2.4318,48.887725398868525
3501.39149712839,2.2283,58.22482425931962
3501.431507404468,2.6541,41.04129023849046
3501.4715176805644,2.6745,40.41758566718429
3501.51152795668,2.6104,42.426913875198025
3501.5515382328117,2.6022,42.6947247340673
3501.5915485089618,2.3239,53.53288524809688
3501.6415613541744,2.2977,54.760684765534954
3501.6815716303645,2.2633,56.43795463298906
3501.7215819065723,2.2594,56.63296029124345
3501.761592182799,2.6409,41.4525884519836
3501.8016024590424,2.6779,40.315018355194354
3501.841612735304,2.4966,46.38286987184671
3501.881623011584,2.5645,43.95923755210179
3501.9216332878805,2.6042,42.62917168316851
3501.9716461332773,2.5457,44.61091288395354
3502.0116564096156,2.4658,47.54883141785562
3502.0516666859694,2.6576,40.93326053233327
3502.091676962343,2.3815,50.974662650854675
3502.131687238734,2.4537,48.01894530449589
3502.171697515143,2.5098,45.89626249217553
3502.2117077915696,2.4168,49.49645699273417
3502.2517180680143,3.0076,31.960639139471482
3502.301730913595,2.4486,48.21918344789807
3502.3417411900796,2.1654,61.6565515121775
3502.3817514665816,2.5889,43.134524035029926
3502.4217617431013,2.7826,37.33825548281986
3502.4617720196397,2.4235,49.223159927362275
3502.501782296196,2.294,54.937474516174724
3502.5417925727693,2.3856,50.79959857110556
3502.5818028493604,2.3332,53.106977989371906
3502.6318156951256,2.2722,55.9966960741232
3502.6718259717572,2.4741,47.23033729408153
3502.711836248407,2.4908,46.59913272200333
3502.7518465250737,2.1249,64.029261814377
3502.791856801759,2.2559,56.80882716239608
3502.831867078462,2.2626,56.47288140928202
3502.871877355183,2.1035,65.33869424305195
3502.9118876319208,2.0603,68.10743899715743
3502.9619004778697,2.1362,63.353654036697996
3503.001910754649,2.2803,55.59958389003279
3503.0419210314453,2.5162,45.6630835699872
3503.081931308259,2.2522,56.99563581462663
3503.121941585092,2.0956,65.8322506256653
3503.1619518619414,2.378,51.12482458463721
3503.20196213881,2.3619,51.82418925496799
3503.241972415695,2.22,58.66101275083864
3503.291985261828,2.2677,56.21915498783788
3503.331995538753,2.2561,56.79875557266612
3503.372005815696,2.0122,71.40246018619892
3503.412016092657,2.2766,55.78045496079909
3503.4520263696363,2.3976,50.29236682569093
3503.4920366466336,2.5433,44.69514727675403
3503.532046923649,2.2167,58.835799909078226
3503.5720572006812,1.8552,83.99896932778134
3503.6220700469967,2.6406,41.462007885629944
3503.662080324069,2.2695,56.13001261777723
3503.7020906011594,2.7486,38.26771196142433
3503.7421008782676,2.6097,42.4496772666915
3503.782111155394,2.4596,47.78884946506109
3503.8221214325376,2.0867,66.39501118238145
3503.8621317097,2.0638,67.8766280754294
3503.902141986879,2.4955,46.423769396030316
3503.952154833378,2.8302,36.09286329347928
3503.9921651105974,2.4442,48.39294605920195
3504.0321753878347,2.3446,52.59179634170315
3504.0721856650903,2.3517,52.27471684304668
3504.112195942363,2.4148,49.57847941049704
3504.152206219653,2.3754,51.23680339607589
3504.192216496963,2.5185,45.57971879422026
3504.2322267742884,2.1691,61.44638640513475
3504.2822396209713,2.5182,45.59057950799432
3504.3222498983373,2.5051,46.06864260021276
3504.3622601757215,2.4049,49.98750848378521
3504.402270453123,2.3668,51.60982762317475
3504.442280730543,2.3558,52.0929189459267
3504.482291007981,2.6235,42.00426875742161
3504.522301285436,2.554,44.32143067644537
3504.5623115629087,2.4256,49.1379654626638
3504.6123244097753,2.7214,39.03649502199078
3504.652334687288,2.3788,51.0904434133858
3504.6923449648193,2.1853,60.53873861636276
3504.7323552423677,2.646,41.29294795062337
3504.7723655199343,2.4641,47.61446257261151
3504.812375797518,2.2416,57.53594801967809
3504.8523860751206,2.497,46.36801071727348
3504.8923963527395,2.3831,50.906237451108346
3504.94240919979,2.0485,68.89433875242806
3504.9824194774496,2.0984,65.65668139819816
3505.022429755127,2.2032,59.55903556815512
3505.062440032822,2.4051,49.97919524786067
3505.102450310535,2.5337,45.03448193154551
3505.1424605882657,2.6309,41.768308189559434
3505.1824708660147,2.5269,45.27718753991966
3505.222481143781,2.5236,45.395678862715656
3505.2724939910145,2.3968,50.32594542321278
3505.3125042688202,2.7178,39.13997901955652
3505.3525145466456,2.6943,39.82572330822123
3505.392524824487,2.2868,55.28396073113175
3505.432535102346,2.3747,51.267014398238715
3505.4725453802243,2.552,44.39092719780473
3505.5125556581193,2.7827,37.335571932946316
3505.552565936033,2.7269,38.87918516496697
3505.602578783448,2.8448,35.72334458836229
3505.642589061402,2.441,48.51990949068091
3505.6825993393722,2.2389,57.67480251119344
3505.722609617361,2.2844,55.40018481227247
3505.7626198953685,2.5421,44.737353967795464
3505.8026301733917,2.4204,49.34932870187305
3505.8426404514335,2.4681,47.46025209682429
3505.882650729493,2.0185,70.9574433127013
3505.932663577092,2.0982,65.66919875198599
3505.9726738551917,2.1504,62.51971506722886
3506.0126841333094,2.4568,47.897840815191756
3506.052694411444,2.4453,48.34941745670561
3506.0927046895968,2.5032,46.138603933694746
3506.132714967768,2.6895,39.96800550725668
3506.1727252459564,2.294,54.937474516174724
3506.2127355241623,2.1973,59.87931037967958
3506.262748371945,2.4055,49.96257499624923
3506.3027586501908,2.6165,42.22931984250028
3506.3427689284554,2.6311,41.76195849478063
3506.382779206736,2.1497,62.56043787089093
3506.422789485036,2.0814,66.73357312544324
3506.462799763353,2.1237,64.10164189242717
3506.5028100416876,2.2327,57.99556222220807
3506.5428203200395,2.0939,65.93919002429574
3506.5928331680057,2.4058,49.95011524753397
3506.632843446398,2.3005,54.62746456140114
3506.672853724808,2.4386,48.61546024706446
3506.7128640032365,2.5881,43.161194518523786
3506.752874281682,2.1878,60.40046244359643
3506.792884560146,2.4057,49.95426797918341
3506.8328948386265,2.512,45.81590618487153
3506.872905117125,2.3416,52.72664122598944
3506.9229179652743,2.6574,40.93942216181738
3506.962928243813,2.7806,37.391987296347914
3507.0029385223693,2.4412,48.51195964600231
3507.0429488009436,2.6528,41.08152450426707
3507.082959079536,2.3369,52.93894326022301
3507.122969358146,2.5838,43.30497306018138
3507.1629796367733,2.4168,49.49645699273417
3507.2029899154186,2.5189,45.565243878444555
3507.253002763751,2.5712,43.730439294362284
3507.293013042435,2.4229,49.247541899881604
3507.333023321138,2.591,43.06463151702198
3507.373033599858,2.5301,45.16272936165475
3507.4130438785974,2.3574,52.02223060280853
3507.453054157353,2.2956,54.86091998710887
3507.4930644361266,2.5034,46.13123208062019
3507.533074714919,2.3131,54.03394843585006
3507.5830875634338,2.6517,41.11561511246752
3507.623097842264,2.5522,44.383970192791665
3507.663108121114,2.5801,43.42926531717654
3507.70311839998,2.4652,47.57197985134501
3507.743128678865,2.2439,57.41805969937961
3507.783138957768,2.4208,49.333021619516614
3507.823149236688,2.5941,42.96176690999986
3507.863159515626,2.1013,65.47558122476775
3507.9131723643222,2.2316,58.05275061868073
3507.9531826433,2.148,62.65950191224299
3507.993192922296,2.1445,62.864199621543406
3508.033203201309,2.5508,44.43270359871592
3508.07321348034,2.4587,47.823841793409855
3508.113223759389,2.2445,57.38736581140989
3508.1532340384542,2.3883,50.684804509279935
3508.1932443175388,2.2397,57.633608082426825
3508.2432571664185,2.1898,60.29018232258563
3508.283267445543,2.314,53.99192503440136
3508.3232777246844,2.6288,41.83506750823497
3508.3632880038426,2.6584,40.90862791959959
3508.40329828302,2.4682,47.45640643833354
3508.4433085622154,2.6641,40.73376238042394
3508.483318841427,2.2193,58.69802366987587
3508.5233291206573,2.1529,62.37460060220019
3508.5733419697203,2.3184,53.78718130100456
3508.61335224899,2.3706,51.44450232384994
3508.6533625282777,2.2651,56.34829156373071
3508.6933728075824,2.5689,43.80878021622009
3508.7333830869056,2.3952,50.39320358397567
3508.7733933662466,2.7847,37.2819616321735
3508.8134036456054,2.5535,44.33878949868868
3508.853413924981,2.437,48.679317644720086
3508.903426774227,2.5549,44.29021047509429
3508.943437053643,2.4417,48.492093580246916
3508.9834473330757,2.3651,51.68404706571876
3509.0234576125267,2.2431,57.459023203920616
3509.063467891996,2.3427,52.67713794857548
3509.1034781714834,1.9576,75.4410180359375
3509.1434884509877,2.63,41.796899744748956
3509.183498730509,2.6644,40.72459000678545
3509.2335115799374,2.6674,40.63303641870923
3509.2735218594994,2.5361,44.949286889698016
3509.313532139079,2.3293,53.284963234401836
3509.353542418676,2.4029,50.07075504528187
3509.393552698292,2.265,56.353267237953794
3509.433562977924,2.3301,53.248380568845114
3509.4735732575746,2.4547,47.979829204989414
3509.5135835372434,2.4598,47.78107860771585
3509.563596386853,2.6018,42.70785348808662
3509.603606666561,2.6241,41.98506242353815
3509.643616946287,2.5327,45.07005136712853
3509.683627226029,2.3792,51.0732658319517
3509.7236375057905,2.2434,57.44365675414158
3509.76364778557,2.5337,45.03448193154551
3509.8036580653666,2.2607,56.56784625782509
3509.8436683451796,2.5343,45.01316047796738
3509.8936811949725,2.3799,51.04322590312979
3509.9336914748264,2.495,46.44237797417294
3509.973701754697,2.5719,43.706638112487624
3510.013712034587,2.6001,42.763718306967604
3510.053722314494,2.2804,55.59470769809853
3510.093732594418,2.2745,55.883504404533795
3510.133742874361,2.4198,49.373804489869016
3510.17375315432,2.48,47.0058797065196
3510.2237660042947,2.3217,53.63438681696511
3510.2637762842946,2.444,48.40086666580232
3510.303786564312,2.6012,42.727557976455856
3510.3437968443473,2.4078,49.86716923973717
3510.3838071243995,2.7434,38.41291909135952
3510.42381740447,2.3003,54.636964159820266
3510.463827684558,2.3928,50.4943439148113
3510.5038379646635,2.2331,57.97478739185354
3510.543848244787,2.2732,55.94744008719703
3510.5938610949665,2.3297,53.26666719080455
3510.6338713751284,2.4436,48.416713713860844
3510.67388165531,2.5099,45.892605348073985
3510.713891935508,2.4132,49.64424423014271
3510.753902215724,2.3252,53.47304242464504
3510.7939124959585,2.2736,55.92775588804178
3510.8339227762094,2.2758,55.81967825602495
3510.883935626549,2.2368,57.78314826041568
3510.9239459068403,2.4751,47.192180632029235
3510.9639561871486,2.2929,54.99019874426257
3511.003966467475,2.3367,52.94800581616016
3511.0439767478197,2.7943,37.02623254232193
3511.083987028181,2.3936,50.46059666574686
3511.1239973085603,2.647,41.26175404627564
3511.1640075889572,2.1174,64.48365845541306
3511.204017869372,2.2904,55.110309174648016
3511.254030719916,2.4283,49.02875433255206
3511.29404100037,2.4244,49.18662090504019
3511.3340512808422,2.3982,50.26720492696901
3511.3740615613324,2.6056,42.58337433585596
3511.4140718418394,2.3478,52.44853116889246
3511.454082122365,2.4575,47.87055804834335
3511.4940924029074,2.3924,50.51123023617374
3511.534102683468,2.5234,45.402875099516805
3511.5841155341936,2.6245,41.97226551838828
3511.6241258147934,2.4766,47.135032279247454
3511.6641360954113,2.0158,71.14765395670946
3511.7041463760465,2.2421,57.51028925916095
3511.7441566567,2.3693,51.5009714685129
3511.7841669373706,2.1808,60.78883515648177
3511.824177218058,2.474,47.23415550529709
3511.864187498765,2.2282,58.230050550018035
3511.9142003496713,2.3892,50.64662627953833
3511.9542106304175,2.4821,46.92637400612619
3511.9942209111805,2.2909,55.08625562753638
3512.034231191962,2.2959,54.846583828264066
3512.0742414727606,2.2378,57.731517004944926
3512.114251753577,2.365,51.68841790021321
3512.1542620344103,2.3482,52.43066419275391
3512.194272315262,2.4793,47.03242651211506
3512.244285166351,2.2881,55.22115866734185
3512.2842954472426,2.739,38.53643317584041
3512.3243057281516,2.7369,38.59559319424652
3512.364316009078,2.2675,56.22907280208926
3512.4043262900223,2.5479,44.53390703730874
3512.444336570983,2.8007,36.85720547687511
3512.484346851963,2.8966,34.45708578920524
3512.5243571329597,2.6299,41.80007839629458
3512.5743699842305,2.1751,61.10785516430933
3512.6143802652678,2.1422,62.99926190400299
3512.6543905463213,2.5394,44.83253788772062
3512.694400827394,2.4649,47.58356040767913
3512.734411108483,2.278,55.7119136036213
3512.77442138959,2.6193,42.13908287019464
3512.8144316707153,2.5518,44.39788583866894
3512.8544419518576,2.4881,46.70032308751176
3512.9044548033094,2.1782,60.93404241681148
3512.944465084491,2.483,46.892361871223315
3512.984475365692,2.6273,41.88285077697688
3513.0244856469094,2.6251,41.953081127903054
3513.064495928144,2.5208,45.49658210250139
3513.104506209396,2.5131,45.77580714615097
3513.1445164906663,2.504,46.109127118915445
3513.184526771954,2.5218,45.460506645754585
3513.2345396235883,2.1476,62.68284529389134
3513.274549904916,2.178,60.94523375053847
3513.3145601862607,2.01,71.55884954073954
3513.3545704676235,2.1816,60.744260413857624
3513.3945807490036,2.5473,44.554888845994135
3513.434591030401,2.7145,39.23520126585174
3513.4746013118165,2.2276,58.261423076404334
3513.5146115932494,2.4171,49.484171187875134
3513.564624445066,2.3542,52.163751465067016
3513.6046347265383,2.3923,50.51545314005916
3513.6446450080284,2.4206,49.34117415017622
3513.6846552895363,2.7345,38.66337161003593
3513.724665571062,2.5965,42.88238270176276
3513.7646758526057,2.6316,41.74609059111971
3513.804686134166,2.7092,39.38886278396183
3513.8446964157442,2.8779,34.906330514477474
3513.894709267741,2.8844,34.74918488968369
3513.934719549359,2.6306,41.77783544736894
3513.9747298309953,2.0862,66.4268407940209
3514.0147401126483,2.3055,54.390777487487085
3514.0547503943185,2.3067,54.33420148932384
3514.0947606760074,2.4826,46.90747380892134
3514.1347709577135,2.0962,65.7945694134299
3514.174781239437,2.1494,62.57790268190637
3514.2247940916154,2.1866,60.46677581625723
3514.2648043733793,2.5109,45.85605793606908
3514.3048146551596,2.2,59.73242414740959
3514.344824936958,2.404,50.02494372527503
3514.3848352187733,2.3665,51.62291355017777
3514.424845500607,2.4717,47.32210231080313
3514.464855782458,2.3003,54.636964159820266
3514.5048660643265,2.3563,52.07081336944669
3514.5548789166874,2.2601,56.5978849268554
3514.594889198595,2.4777,47.09318943689426
3514.6348994805207,2.1789,60.894897014477195
3514.6749097624647,2.175,61.113474404019286
3514.714920044426,2.3368,52.9434742473274
3514.754930326404,2.6836,40.14394108972541
3514.7949406084,2.6271,41.889228064342404
3514.834950890413,2.5847,43.274820489153385
3514.8849637429553,2.3851,50.82089952366528
3514.9249740250084,2.4106,49.75139148775788
3514.9649843070792,2.4233,49.2312852392689
3515.0049945891683,2.5083,45.95117215310222
3515.045004871274,2.5272,45.266438612513745
3515.0850151533973,2.6918,39.89973364052882
3515.125025435539,2.4967,46.37915441364896
3515.1650357176977,2.2845,55.39533482776474
3515.2150485704205,2.1733,61.209120188982574
3515.2550588526187,2.3083,54.258904036383676
3515.295069134835,2.3156,53.91733771576006
3515.3350794170683,2.6115,42.39117980783665
3515.375089699319,2.6883,40.00369519462858
3515.415099981588,2.5139,45.74667726489191
3515.4551102638734,2.7087,39.40340573210763
3515.4951205461775,2.3818,50.961822421366655
3515.5451333990814,2.4295,48.98033288701489
3515.585143681425,2.4717,47.32210231080313
3515.6251539637865,2.3358,52.98881612986965
3515.6651642461647,2.4264,49.10556859839532
3515.7051745285607,2.0892,66.236205768109
3515.745184810974,2.3477,52.452999339940455
3515.785195093405,2.2698,56.1151761709008
3515.825205375854,2.3285,53.32158361240912
3515.875218228939,2.2489,57.16302743838486
3515.9152285114264,2.3963,50.346949126754744
3515.9552387939325,2.3793,51.06897279020969
3515.995249076456,2.2105,59.166307362878655
3516.035259358997,2.217,58.81987790837378
3516.075269641555,2.4686,47.44102847757385
3516.1152799241313,2.1965,59.92293628460391
3516.155290206725,2.2249,58.402913678051235
3516.2053030599923,2.3542,52.163751465067016
3516.245313342624,2.0428,69.27934502613981
3516.2853236252754,2.1819,60.72755752466022
3516.325333907944,2.1679,61.51443016835737
3516.3653441906295,2.5209,45.49297262480153
3516.4053544733324,2.3544,52.15488950215072
3516.4453647560536,2.2579,56.70823166747303
3516.485375038791,2.4018,50.11662932303258
3516.535387892239,2.3876,50.714528541142606
3516.575398175017,2.4502,48.15622901802062
3516.615408457812,1.872,82.49806152047368
3516.6554187406255,2.2812,55.555721245348025
3516.6954290234553,2.6094,42.45943861440234
3516.7354393063033,2.5326,45.07361062823321
3516.775449589169,2.4419,48.48415057064145
3516.8154598720516,2.3705,51.44884280608737
3516.8654727256803,2.7847,37.2819616321735
3516.9054830086034,2.5626,44.02444748106587
3516.9454932915437,2.433,48.839512674670225
3516.9855035745013,1.9348,77.22951195557557
3517.025513857476,2.2447,57.377139984586485
3517.0655241404697,2.6112,42.400920984014654
3517.1055344234796,2.4042,50.01662114941806
3517.145544706507,2.1658,61.6337790200184
3517.195557560317,2.2792,55.65326436915628
3517.235567843384,2.7928,37.06601644656156
3517.275578126469,2.5071,45.99517086160109
3517.315588409572,2.6096,42.45293067520899
3517.3555986926904,2.3784,51.107629662336876
3517.395608975828,2.5169,45.637687486814805
3517.4356192589835,2.274,55.90808207540854
3517.4756295421553,2.4618,47.703474171590216
3517.5256423961464,2.3209,53.67136806211783
3517.565652679358,2.297,54.7940659614118
3517.6056629625873,2.4507,48.1365810411672
3517.6456732458346,2.4617,47.707349901671535
3517.6856835290982,2.1188,64.3984713175122
3517.7256938123815,2.3572,52.03105877444973
3517.7657040956806,2.2304,58.11523448670405
3517.805714378998,2.0517,68.67959990027387
3517.8557272331677,2.3144,53.973263701538826
3517.895737516524,2.1493,62.58372591080312
3517.935747799899,2.2449,57.36691689072225
3517.97575808329,2.2449,57.36691689072225
3518.0157683667003,2.478,47.08178742242515
3518.0557786501267,2.6081,42.501776719141645
3518.0957889335705,2.754,38.11778968405694
3518.1357992170324,2.7472,38.306725086318615
3518.185812071383,2.6375,41.5595303206486
3518.2258223548847,2.3924,50.51123023617374
3518.2658326384035,2.2686,56.174557279370134
3518.305842921939,2.4887,46.67780787482575
3518.3458532054933,2.4371,48.67532287233017
3518.3858634890644,2.0484,68.90106556230698
3518.4258737726527,1.9449,76.42947871178485
3518.4658840562597,2.4205,49.34525117335323
3518.5158969107915,2.0468,69.00882864556883
3518.5559071944367,2.623,42.02028410480908
3518.5959174781,3.0103,31.903332560242035
3518.63592776178,2.6057,42.580105921159365
3518.675938045479,2.5299,45.16987027578849
3518.715948329194,1.9469,76.27253139557536
3518.755958612927,2.0694,67.50976364351251
3518.7959688966776,2.0223,70.69102901236532
3518.845981751391,2.1037,65.32627126310368
3518.88599203518,2.3142,53.982593158394984
3518.926002318988,2.1109,64.88139298204995
3518.9660126028125,1.8394,85.4482278694873
3519.006022886655,2.1073,65.10326211848611
3519.0460331705153,2.3163,53.884754356817076
3519.086043454393,2.6732,40.45690604554998
3519.1260537382877,2.9873,32.39648769701249
3519.1760665931806,2.3758,51.21955195450395
3519.216076877116,2.3185,53.78254157720501
3519.2560871610667,2.1166,64.53241273246135
3519.296097445036,2.1808,60.78883515648177
3519.3361077290233,2.2822,55.50704582217283
3519.3761180130277,2.4341,48.795380303172855
3519.416128297049,1.959,75.33322872341996
3519.4561385810885,2.57,43.77128657689469
3519.5061514361623,2.5879,43.167866004384415
3519.5461617202413,2.1435,62.92286893266458
3519.5861720043367,2.284,55.4195911211015
3519.6261822884508,2.488,46.704077206710146
3519.666192572581,2.412,49.69365375546828
3519.70620285673,2.4988,46.30123280386384
3519.7462131408956,2.7137,39.25833777767313
3519.786223425081,2.4936,46.494541557115184
3519.8262337092815,2.3409,52.758179652653176
3519.8762465645564,2.3127,54.052641253031716
3519.9162568487973,2.5782,43.49329912133393
3519.956267133055,2.5628,44.01757644743421
3519.996277417331,2.6429,41.389874178616466
3520.0362877016237,2.3639,51.736533695634506
3520.0762979859346,2.505,46.072320807298006
3520.1163082702624,2.4089,49.82163697259069
3520.166321125696,2.2055,59.43487842272277
3520.206331410063,2.0375,69.64023622408821
3520.2463416944474,2.4878,46.71158680326234
3520.2863519788502,2.3732,51.33184230314968
3520.32636226327,2.2837,55.434152545185825
3520.3663725477068,2.1795,60.861373828171246
3520.406382832162,2.2178,58.777450823726355
3520.4463931166333,2.1929,60.11984407231314
3520.486403401122,2.4363,48.70729482623813
3520.5364162567585,2.3809,51.000357672494104
3520.5764265412877,2.2846,55.39048548011372
3520.6164368258337,2.5253,45.33457986639808
3520.6564471103975,2.5132,45.77216438964731
3520.6964573949795,2.386,50.782567449849914
3520.7364676795783,2.4854,46.80184341469907
3520.7764779641934,2.5009,46.22350740336748
3520.816488248827,2.5692,43.7985499020123
3520.8665011046432,2.3903,50.60002255060844
3520.9065113893166,2.0987,65.63791207696588
3520.946521674007,2.3159,53.9033698011961
3520.986531958715,2.5571,44.214033157507274
3521.0265422434395,2.3894,50.638148086611714
3521.0665525281834,2.2796,55.63373520360516
3521.1065628129436,2.4822,46.92259305295206
3521.1465730977197,2.5786,43.479806556732115
3521.196585953717,2.7663,37.77957162660262
3521.236596238534,2.1928,60.1253275808411
3521.276606523368,2.2137,58.995376112764724
3521.3166168082207,2.1367,63.32400728617851
3521.35662709309,2.3085,54.24950286157095
3521.3966373779763,2.3524,52.24361087307359
3521.4366476628807,2.3911,50.56616932043405
3521.476657947802,2.4118,49.701895847447354
3521.526670803979,2.2641,56.398077978223064
3521.5666810889397,2.442,48.4801797976682
3521.606691373918,2.3338,53.079674812459594
3521.646701658914,2.3693,51.5009714685129
3521.6867119439275,2.4461,48.31779716884875
3521.726722228958,2.0408,69.41520009904531
3521.7667325140064,2.0582,68.2464910985059
3521.806742799072,2.1267,63.92092134017601
3521.8567556554276,2.4998,46.26419627830031
3521.896765940533,2.4351,48.755311853335684
3521.9367762256556,2.5095,45.90723654777671
3521.976786510795,2.6438,41.361699178828964
3522.016796795953,2.5349,44.99185416268232
3522.0568070811273,2.7291,38.81652736543716
3522.09681736632,2.3802,51.030359760523
3522.136827651529,2.3422,52.69963079208433
3522.186840508065,2.6707,40.53268360652212
3522.2268507933136,2.2576,56.72330394981726
3522.26686107858,2.2845,55.39533482776474
3522.3068713638636,2.0816,66.7207502324396
3522.3468816491645,2.3196,53.73154421331891
3522.3868919344836,2.0586,68.21997217202224
3522.426902219819,2.1392,63.176085222873354
3522.466912505173,1.9048,79.68134861083368
3522.5169253618888,2.0904,66.16018147125448
3522.5569356472815,2.4522,48.0777092049116
3522.5969459326916,2.4553,47.95638248290939
3522.6369562181194,2.4843,46.843298476203096
3522.6769665035636,2.306,54.36719342103108
3522.716976789026,2.3412,52.74465972007508
3522.756987074506,2.6916,39.9056633776659
3522.7969973600025,2.5506,44.43967206546507
3522.847010216899,2.3238,53.53749270261533
3522.8870205024355,2.5798,43.43936651268793
3522.927030787989,2.825,36.22585837826641
3522.9670410735603,2.7051,39.50835312629546
3523.0070513591486,2.6209,42.08764868581548
3523.0470616447546,2.2764,55.79025690787958
3523.0870719303784,1.7117,98.6733988545239
3523.127082216019,1.6389,107.63424189466316
3523.1770950730947,1.7914,90.08869006519782
3523.217105358775,2.0935,65.96439010375778
3523.257115644473,2.3373,52.9208251270979
3523.2971259301876,2.5071,45.99517086160109
3523.33713621592,2.2376,57.741837718435484
3523.3771465016694,2.4263,49.10961645400281
3523.4171567874373,2.7585,37.99352643868711
3523.4571670732216,2.3905,50.59155605662436
3523.5071799304774,2.5081,45.95850088575903
3523.5471902163004,2.6059,42.57357022054245
3523.5872005021424,2.3838,50.876344742594846
3523.6272107880004,2.186,60.49997346296778
3523.667221073876,2.5489,44.4989702774003
3523.707231359769,3.0889,30.300369052681873
3523.7472416456803,2.6971,39.74307594569127
3523.787251931609,2.5748,43.6082399282042
3523.8372647890433,2.5745,43.61840363310229
3523.877275075011,1.9989,72.35579609610603
3523.9172853609957,2.2791,55.65814826726494
3523.957295646998,2.3878,50.70603329306453
3523.9973059330177,2.3696,51.4879318779579
3524.037316219055,1.9562,75.54903885692029
3524.0773265051093,2.3031,54.504194902512005
3524.1173367911815,2.4497,48.175889026943636
3524.1673496487947,2.4455,48.3415094754158
3524.207359934906,2.4779,47.08558763376985
3524.2473702210345,2.4999,46.26049507005585
3524.287380507181,2.4006,50.16674592834299
3524.3273907933435,2.0491,68.85399857267268
3524.3674010795244,2.5097,45.8999200734467
3524.4074113657225,2.5043,46.09808059567658
3524.447421651938,2.1572,62.12618289135435
3524.497434509731,2.38,51.038936648329745
3524.537444795986,2.2961,54.83702951072406
3524.5774550822575,2.3225,53.59744378049406
3524.617465368547,2.2498,57.11730211917707
3524.657475654853,2.13,63.72301003683176
3524.697485941178,2.309,54.226010611388695
3524.7374962275185,2.5579,44.18638103552395
3524.777506513878,2.2033,59.553629345039724
3524.827519371851,2.5385,44.86433337396655
3524.8675296582487,2.4062,49.93350949815058
3524.9075399446647,2.4018,50.11662932303258
3524.9475502310975,2.1745,61.14158223223057
3524.9875605175475,2.4341,48.795380303172855
3525.027570804014,2.6815,40.20684264126468
3525.0675810904995,2.3827,50.923330828896646
3525.107591377002,2.6195,42.13264844253809
3525.157604235154,2.6221,42.04913482107946
3525.1976145216954,2.3456,52.54696298290744
3525.237624808254,2.5395,44.8290071424928
3525.27763509483,2.3748,51.26269690510962
3525.317645381423,2.4947,46.453548492107345
3525.3576556680346,2.4855,46.798077501756964
3525.397665954663,2.0518,68.67290549606425
3525.437676241308,2.4148,49.57847941049704
3525.48768909964,2.3022,54.54681790868261
3525.5276993863245,2.5689,43.80878021622009
3525.567709673027,2.3393,52.83037382966823
3525.6077199597466,2.0891,66.2425470403642
3525.647730246483,2.2156,58.89423592333866
3525.687740533237,2.4617,47.707349901671535
3525.727750820009,2.7034,39.55805741951687
3525.767761106798,2.6323,41.72389071510337
3525.8177739653083,2.6276,41.87328757620774
3525.8577842521368,2.7046,39.52296230712617
3525.897794538982,2.3262,53.42707773906304
3525.9378048258445,2.0327,69.96952007696049
3525.9778151127243,2.2785,55.687465161060906
3526.0178253996223,2.1333,63.526016468994804
3526.057835686537,2.1633,61.776314414516335
3526.09784597347,2.3116,54.104096545028625
3526.147858832159,2.0473,68.97512553994825
3526.18786911913,2.3274,53.37199830479651
3526.227879406119,2.4774,47.1045955937829
3526.2678896931257,2.5478,44.53740297604215
3526.3078999801487,2.3173,53.83825791312053
3526.34791026719,2.3449,52.57834031124755
3526.387920554248,2.2883,55.211506310335906
3526.427930841323,2.1218,64.21649493507883
3526.4779437001916,2.3271,53.385760175523394
3526.517953987306,2.1798,60.84462261489902
3526.5579642744383,2.3503,52.33701218347974
3526.597974561587,2.4714,47.33359173914605
3526.6379848487536,2.3301,53.248380568845114
3526.6779951359376,2.067,67.66662616622025
3526.718005423139,2.2153,58.91018812767687
3526.758015710358,2.2892,55.168102006571544
3526.8080285694055,2.1052,65.2332117432405
3526.848038856663,2.0967,65.7631931111329
3526.8880491439377,2.5529,44.35963355017329
3526.92805943123,1.978,73.89292924282542
3526.9680697185404,2.4427,48.452398040216856
3527.0080800058668,2.0211,70.77499752051136
3527.048090293211,2.3772,51.15924047263936
3527.088100580573,2.2497,57.12238000033206
3527.1381134397993,1.959,75.33322872341996
3527.1781237272007,2.4392,48.59154611404546
3527.218134014619,2.4913,46.58042986091291
3527.258144302053,1.9813,73.64698620400532
3527.2981545895063,2.3716,51.40112769516658
3527.3381648769764,2.3706,51.44450232384994
3527.378175164464,2.1582,62.068624035767726
3527.418185451969,2.3915,50.54925544400322
3527.4681983113737,2.2286,58.209149608182116
3527.508208598918,2.4227,49.255673249916704
3527.548218886479,2.3582,51.986940375012594
3527.5882291740572,2.216,58.87297639482345
3527.6282394616533,2.3686,51.53141645026593
3527.668249749267,2.1587,62.03987459995221
3527.7082600368967,2.2219,58.56073081214689
3527.748270324544,2.3371,52.929883030801015
3527.7982831841286,2.265,56.353267237953794
3527.838293471815,2.3172,53.84290484876589
3527.8783037595194,2.0921,66.05270423940802
3527.9183140472405,2.3396,52.81682613841072
3527.9583243349794,2.5197,45.53631472506213
3527.9983346227355,2.5183,45.58695883879531
3528.038344910509,2.5968,42.872475148815006
3528.0783551983,2.1009,65.50051597964486
3528.128368058063,2.4944,46.46472304069706
3528.1683783458916,2.5444,44.656510258039575
3528.2083886337387,2.2846,55.39048548011372
3528.248398921603,2.2768,55.77065559668916
3528.288409209486,1.9943,72.68996883933886
3528.328419497384,2.0903,66.1665118288463
3528.3684297853006,1.9526,75.82787438013212
3528.4084400732345,2.3807,51.00892699722891
3528.4584529331755,2.4582,47.8432985853877
3528.498463221148,2.3273,53.37658500371984
3528.5384735091384,2.3654,51.6709378881467
3528.578483797146,2.2785,55.687465161060906
3528.6184940851704,2.6214,42.07159481430359
3528.658504373212,2.3299,53.25752270252447
3528.6985146612715,2.5078,45.969497272589905
3528.7385249493473,2.4741,47.23033729408153
3528.788537809467,2.1584,62.05712186386184
3528.828548097583,2.1041,65.30143592987982
3528.868558385716,2.2389,57.67480251119344
3528.908568673866,2.3725,51.362137414068165
3528.948578962033,2.3079,54.277713718791894
3528.988589250217,2.5154,45.69213363074839
3529.02859953842,2.4473,48.2704248665232
3529.068609826639,2.3241,53.52367212321673
3529.108620114875,2.3884,50.68056035233579
3529.1586329751954,2.5531,44.35268390014855
3529.1986432634712,2.0985,65.65042406336465
3529.238653551764,2.317,53.8522005251454
3529.2786638400735,2.1376,63.27069555130234
3529.318674128401,2.2547,56.8693129949008
3529.3586844167453,2.6923,39.88491507876473
3529.3986947051076,2.5742,43.62857089167293
3529.4487075655848,2.0941,65.92659539944856
3529.4887178539852,2.0586,68.21997217202224
3529.5287281424035,2.244,57.41294234155922
3529.56873843084,2.2984,54.72733406470047
3529.608748719292,2.4621,47.69184981469213
3529.648759007762,2.5614,44.06570748844517
3529.6887692962496,2.3586,51.9693087257124
3529.7287795847546,2.4765,47.13883893904084
3529.768789873277,2.6119,42.37819679391513
3529.818802733954,2.4417,48.492093580246916
3529.858813022514,2.5961,42.89559811558547
3529.898823311092,1.923,78.18021790439792
3529.9388335996878,1.9523,75.8511803253994
3529.9788438883,1.9963,72.5443924828469
3530.0188541769307,1.9405,76.7764725729918
3530.0588644655786,2.0637,67.8832063803885
3530.098874754243,2.5993,42.7900455690183
3530.1488876150975,2.5167,45.644941348259636
3530.188897903801,2.4347,48.771333308746655
3530.228908192522,2.1947,60.02126905696915
3530.2689184812607,2.2157,58.88891996176234
3530.3089287700154,2.1867,60.46124553175892
3530.348939058788,2.0457,69.0830624855377
3530.3889493475776,1.9886,73.10727390060427
3530.428959636385,2.26,56.60289369783311
3530.478972497418,2.8039,36.7731256500484
3530.5189827862646,2.3921,50.523900536703515
3530.558993075128,2.0874,66.35048814632874
3530.5990033640087,2.4338,48.80741047022256
3530.639013652907,2.3644,51.71465455443473
3530.679023941821,2.509,45.925535388949875
3530.719034230754,2.3908,50.578860299365225
3530.759044519704,2.4327,48.851559167217914
3530.809057380915,2.6436,41.3679578031487
3530.8490676699034,2.6368,41.58159913263251
3530.8890779589096,2.6192,42.14230063678043
3530.929088247933,2.48,47.0058797065196
3530.9690985369734,2.2912,55.07183105738766
3531.0091088260306,2.2829,55.47301107858814
3531.049119115106,2.3272,53.381172293928266
3531.089129404198,2.2029,59.575258655183646
3531.139142265588,2.7291,38.81652736543716
3531.1791525547183,2.0212,70.76799443207979
3531.219162843867,2.6003,42.75714028792458
3531.259173133032,2.4114,49.71838618417351
3531.299183422215,2.4942,46.47217497996753
3531.339193711415,2.3786,51.099035454057315
3531.379204000633,2.5923,43.021449815977654
3531.419214289867,2.7239,38.964872409516644
3531.4692271514346,2.8341,35.99359702485
3531.509237440708,2.963,32.930043212982554
3531.549247729998,2.4796,47.02104655670662
3531.589258019307,2.071,67.40549146127897
3531.629268308632,1.9465,76.30388216016537
3531.6692785979744,1.9983,72.39925300796864
3531.709288887334,2.2077,59.31648233356084
3531.749299176711,2.2826,55.48759356316434
3531.799312038456,2.3348,53.034216284947995
3531.839322327872,2.2343,57.912529833372616
3531.879332617305,2.5549,44.29021047509429
3531.9193429067554,2.3764,51.19369112414882
3531.9593531962237,2.6771,40.33911668665846
3531.999363485708,2.5966,42.87907980255251
3532.03937377521,2.3823,50.94043281759317
3532.0793840647298,2.2588,56.66305084739141
3532.1293969266526,2.202,59.62396770671181
3532.169407216211,2.3287,53.31242497953082
3532.209417505786,2.2112,59.12885273115969
3532.249427795379,2.4879,46.70783177860275
3532.289438084989,2.6103,42.43016466708429
3532.3294483746154,2.5481,44.526916394581775
3532.3694586642605,2.7045,39.525885115658745
3532.4094689539215,2.5434,44.69163274887364
3532.459481816022,2.2715,56.03121397832356
3532.4994921057228,2.2238,58.46070580419095
3532.5395023954406,2.3826,50.927605518572236
3532.5795126851754,2.5609,44.0829162791271
3532.6195229749283,2.4207,49.337097632258505
3532.659533264696,2.4439,48.40482769834035
3532.6995435544836,2.4198,49.373804489869016
3532.739553844287,2.359,51.951686044693815
3532.7895667065663,2.2406,57.58731708308594
3532.829576996409,2.2876,55.245300636811265
3532.8695872862686,2.2566,56.77358831311927
3532.909597576145,2.1542,62.299340666918965
3532.9496078660395,2.4981,46.327184840176905
3532.9896181559507,2.2982,54.73685972679471
3533.029628445879,2.405,49.98335160657454
3533.0696387358253,2.0419,69.34043040854206
3533.1196515982824,2.0883,66.2933100178119
3533.1596618882672,2.1456,62.79975810271286
3533.199672178269,2.3522,52.25249545936962
3533.2396824682874,2.2371,57.767651613503766
3533.2796927583245,1.956,75.56448934008061
3533.3197030483775,2.2384,57.70057146145273
3533.3597133384483,2.0322,70.00395472573798
3533.3997236285372,2.3825,50.931880746519944
3533.449736491171,2.0875,66.34413136863967
3533.4897467812975,2.4169,49.49236121611547
3533.529757071442,2.5837,43.3083252910395
3533.5697673616028,2.5633,44.00040589922639
3533.6097776517818,2.3238,53.53749270261533
3533.6497879419767,2.0961,65.80084736843921
3533.6897982321893,2.0524,68.632759617617
3533.7298085224197,1.8479,84.66394398008238
3533.7798213852316,1.9183,78.56378353077599
3533.8198316755006,2.2771,55.75596139160909
3533.8598419657865,2.3597,51.92086791455066
3533.8998522560896,2.4018,50.11662932303258
3533.93986254641,2.2541,56.899592143053226
3533.979872836748,2.3192,53.75008031358406
3534.0198831271036,2.1427,62.96986353649649
3534.059893417475,2.2904,55.110309174648016
3534.109906280464,2.5966,42.87907980255251
3534.1499165708747,2.451,48.124798026364545
3534.1899268613024,2.1506,62.50808728355608
3534.2299371517483,2.1638,61.74776780744012
3534.269947442211,2.7271,38.87348273450985
3534.3099577326907,2.3063,54.35305034323987
3534.3499680231876,2.166,61.62239750477259
3534.389978313701,2.3191,53.754715837364124
3534.439991176867,2.6244,41.975464196118736
3534.48000146742,2.6683,40.60563054102584
3534.520011757991,2.2439,57.41805969937961
3534.560022048577,2.3803,51.0260721273346
3534.6000323391822,2.4902,46.621591027958
3534.6400426298032,2.2765,55.7853556114113
3534.6800529204424,2.2834,55.448719709016515
3534.720063211098,2.5415,44.75847973628577
3534.770076074443,2.6024,42.688162627129245
3534.810086365137,2.7127,39.28728720763347
3534.8500966558486,2.5585,44.165658964322006
3534.890106946578,2.4143,49.59901687175155
3534.930117237324,1.9396,76.8477396600792
3534.9701275280872,1.7681,92.47870874261882
3535.0101378188683,2.1188,64.3984713175122
3535.0501481096653,2.2864,55.30330599790683
3535.1001609731875,2.0502,68.78013354178479
3535.140171264023,2.1241,64.07750156906467
3535.180181554877,2.2758,55.81967825602495
3535.220191845748,2.3745,51.275651021000805
3535.2602021366356,2.4131,49.64835887539544
3535.3002124275413,2.2897,55.144010617127456
3535.3402227184624,2.3188,53.76862600727218
3535.380233009402,2.5414,44.762002152490304
3535.4302458731017,2.3497,52.36374427970188
3535.47025616408,2.5167,45.644941348259636
3535.5102664550755,2.2625,56.47787359531226
3535.550276746087,2.2905,55.10549720502599
3535.590287037117,2.196,59.950226690259164
3535.630297328164,2.2625,56.47787359531226
3535.6703076192284,2.1966,59.91748043966052
3535.71031791031,2.3326,53.13430223805727
3535.7603307741856,2.3878,50.70603329306453
3535.800341065306,2.7513,38.19264047766599
3535.8403513564426,2.3962,50.35115144531522
3535.880361647597,2.2965,54.8179283637851
3535.9203719387683,2.617,42.21318485221577
3535.9603822299573,2.5895,43.11453739198388
3536.000392521162,2.4224,49.26787405150028
3536.0404028123858,2.4711,47.345085352309106
3536.090415676438,2.2672,56.24395444504022
3536.130425967701,2.3197,53.72691168644956
3536.170436258979,2.0344,69.85263212224014
3536.2104465502753,2.3013,54.589490932047184
3536.250456841588,2.4737,47.245612917413915
3536.290467132919,2.4704,47.371920068743194
3536.3304774242665,2.2819,55.521641730030176
3536.3704877156315,2.1328,63.555805212896445
3536.42050057986,2.2382,57.71088387744222
3536.460510871263,2.5068,46.00618041275844
3536.500521162684,2.2773,55.74616848095627
3536.5405314541217,2.4593,47.80050930602751
3536.5805417455763,2.1302,63.711044965248654
3536.620552037048,2.3035,54.48526737867393
3536.6605623285377,2.3881,50.69329442271304
3536.700572620044,2.373,51.34049531348799
3536.7505854844508,2.4808,46.975568012475
3536.7905957759954,2.6087,42.4822281902647
3536.8306060675573,2.8555,35.456124488243006
3536.870616359137,2.3921,50.523900536703515
3536.910626650733,2.3379,52.893665362344215
3536.9506369423466,2.5401,44.807831427390894
3536.990647233977,2.3503,52.33701218347974
3537.0306575256245,2.6789,40.28492579573739
3537.080670390209,2.5311,45.127050178719315
3537.1206806818946,2.1234,64.11975608850834
3537.160690973598,2.184,60.610829959651305
3537.200701265319,2.6129,42.34576534138097
3537.240711557057,2.1847,60.57199555268982
3537.2807218488106,2.1853,60.53873861636276
3537.320732140583,2.1751,61.10785516430933
3537.360742432372,2.5373,44.90677999817511
3537.410755297133,2.3414,52.73564931869171
3537.450765588961,2.4225,49.26380661399077
3537.490775880806,2.2384,57.70057146145273
3537.5307861726683,2.2763,55.79515885031748
3537.570796464547,2.4278,49.04895112916424
3537.610806756444,2.3435,52.6411793401435
3537.6508170483567,2.3944,50.42688323719393
3537.690827340288,2.3544,52.15488950215072
3537.7408402052256,2.117,64.50802868497357
3537.780850497194,2.1895,60.30670507714797
3537.82086078918,2.2382,57.71088387744222
3537.860871081184,1.9809,73.67673203053977
3537.900881373204,2.1669,61.571219679526486
3537.9408916652424,2.3088,54.23540567995922
3537.980901957297,2.0304,70.12813016960155
3538.02091224937,2.2754,55.83930541962931
3538.0709251144835,2.2203,58.64516164334298
3538.1109354065943,2.5537,44.33184474623057
3538.150945698722,2.4846,46.83198708967653
3538.1909559908663,2.4893,46.655308940805305
3538.2309662830285,2.3631,51.77156921284182
3538.270976575208,2.2984,54.72733406470047
3538.310986867404,2.3935,50.4648132213934
3538.3509971596172,2.3486,52.4128063448349
3538.4010100249084,2.2616,56.522833073227176
3538.4410203171597,2.5095,45.90723654777671
3538.4810306094287,2.4514,48.109094068760996
3538.5210409017154,2.4125,49.67305749285277
3538.5610511940185,2.3214,53.64825030348845
3538.601061486339,2.4373,48.667334802613226
3538.641071778677,2.2587,56.66806827158129
3538.6810820710316,2.2665,56.278701262152275
3538.731094936498,2.3876,50.714528541142606
3538.7711052288914,2.6168,42.21963773847072
3538.811115521302,2.1525,62.39778494307582
3538.8511258137287,2.3262,53.42707773906304
3538.8911361061732,2.3289,53.303268706110366
3538.9311463986355,2.2246,58.41866666521413
3538.971156691114,2.4342,48.79137123588417
3539.0111669836097,2.6379,41.546927458186026
3539.0511772761224,2.2149,58.93146781740377
3539.1011901417883,2.2292,58.17781928885742
3539.141200434339,2.4938,46.487084237601316
3539.1812107269084,2.3718,51.392459352330384
3539.221221019494,2.2892,55.168102006571544
3539.261231312097,2.1674,61.542815098318364
3539.301241604716,2.0762,67.06827014387248
3539.3412518973532,2.1849,60.56090686294994
3539.3912647631737,2.3347,53.038759509289484
3539.4312750558497,2.4589,47.81606239979199
3539.471285348542,2.4382,48.631412811454695
3539.5112956412513,2.3911,50.56616932043405
3539.5513059339783,2.6159,42.2486940448899
3539.5913162267216,2.3159,53.9033698011961
3539.631326519483,2.0605,68.09421810891428
3539.6713368122605,2.2543,56.88949640728464
3539.7113471050557,2.4245,49.18256352527097
3539.761359971075,2.5504,44.44664217165994
3539.8013702639087,2.5905,43.08125717651056
3539.841380556759,2.3985,50.25463105822437
3539.8813908496268,2.3835,50.88915267844846
3539.921401142512,2.1935,60.086958768888955
3539.961411435414,2.8193,36.37248772260609
3540.0014217283338,2.3579,52.00017000108372
3540.0414320212694,2.282,55.51677578779633
3540.0914448874637,2.2187,58.729775200422445
3540.1314551804385,2.2358,57.8348488102482
3540.17146547343,2.4258,49.12986324161205
3540.211475766439,2.2003,59.716136825255255
3540.2514860594656,2.1668,61.576902955514065
3540.2914963525086,1.9665,74.75970061877699
3540.331506645569,2.2796,55.63373520360516
3540.371516938646,2.3877,50.71028065025959
3540.4215298050167,2.3319,53.16620718950696
3540.461540098133,2.3038,54.47107820525463
3540.501550391265,2.2606,56.572851041723354
3540.541560684416,2.4979,46.33460371538208
3540.581570977583,2.2763,55.79515885031748
3540.621581270766,2.6082,42.49851769409354
3540.6615915639672,2.7759,37.51871452389203
3540.7016018571862,2.5885,43.14785618574271
3540.751614723732,2.4659,47.544974988316
3540.791625016989,2.2042,59.505006443567716
3540.8316353102628,2.3142,53.982593158394984
3540.871645603554,2.473,47.272363096375486
3540.9116558968617,2.2944,54.91832086842551
3540.951666190186,2.4451,48.35732737860352
3540.9916764835284,2.3222,53.61129294493278
3541.031686776888,2.4483,48.23100114621818
3541.0816996436106,2.1264,63.93895898136384
3541.1217099370083,2.2165,58.846418168100726
3541.1617202304233,2.3346,53.04330331745518
3541.2017305238555,2.3009,54.608472795581676
3541.2417408173033,2.257,56.75346654713837
3541.281751110769,2.4882,46.69656942093483
3541.321761404252,2.6918,39.89973364052882
3541.3617716977524,1.9971,72.48628436509566
3541.411784564652,2.2954,54.870480549297966
3541.4517948581893,1.9357,77.15771326115186
3541.491805151745,2.1641,61.73064933989341
3541.531815445318,2.2399,57.623316371312846
3541.5718257389076,2.3563,52.07081336944669
3541.6118360325145,2.315,53.94528983751243
3541.651846326138,2.3298,53.26209465228888
3541.6918566197787,2.3365,52.95707069940909
3541.741869486854,2.4216,49.30043169389824
3541.7818797805335,2.4402,48.55172841898658
3541.8218900742295,2.3816,50.970382035212126
3541.8619003679423,2.4496,48.17982247344112
3541.9019106616734,2.3872,50.731525443342534
3541.94192095542,2.1938,60.07052623457401
3541.9819312491845,2.1454,62.81146737017066
3542.0219415429665,2.2005,59.70528231111081
3542.071954410217,2.364,51.73215675675524
3542.111964704037,2.5416,44.754957735844414
3542.151974997874,2.4367,48.69130491298418
3542.191985291728,2.4284,49.02471647020181
3542.2319955855987,2.6772,40.33610321375863
3542.272005879487,2.4725,47.29148427889823
3542.3120161733923,2.373,51.34049531348799
3542.3520264673148,2.4678,47.47179187743058
3542.402039334742,2.3151,53.94062964128226
3542.4420496287025,2.6753,40.393416996760415
3542.482059922679,2.3832,50.901965451438265
3542.522070216675,2.3584,51.97812342894702
3542.5620805106864,2.5544,44.30755095733315
3542.6020908047153,1.9708,74.43382701109363
3542.6421010987615,2.4954,46.42749021681883
3542.6821113928245,2.3362,52.97067238973548
3542.732124260426,2.1823,60.705297720146184
3542.772134554528,2.3332,53.106977989371906
3542.8121448486463,2.2237,58.46596388702632
3542.852155142781,2.149,62.60120047528599
3542.892165436934,2.0803,66.80416515814994
3542.932175731103,2.1711,61.33323075837729
3542.97218602529,2.5172,45.626809936407724
3543.0121963194933,2.1084,65.03534818074444
3543.0622091872724,2.0354,69.78401127288943
3543.102219481513,2.094,65.93289226077549
3543.142229775772,2.1272,63.89087556217345
3543.1822400700476,2.1803,60.81671929054894
3543.222250364341,2.4189,49.410552327640374
3543.26226065865,2.1063,65.16509441740692
3543.3022709529773,2.3047,54.42854392570785
3543.3422812473223,2.4064,49.92520972858274
3543.392294115276,2.243,57.46414672406665
3543.432304409658,2.0262,70.41916093370664
3543.472314704057,2.2514,57.03614801982995
3543.512324998474,2.3148,53.9546120419331
3543.5523352929076,2.4127,49.664822572955515
3543.592345587358,2.0052,71.90185115272521
3543.632355881825,2.0832,66.61830000844401
3543.67236617631,2.1397,63.14656301214965
3543.7223790444395,2.3811,50.99179050700366
3543.7623893389627,2.0691,67.52934161223831
3543.8023996335023,2.2445,57.38736581140989
3543.8424099280596,2.384,50.86780880478801
3543.8824202226333,2.5417,44.75143615110078
3543.922430517224,2.3362,52.97067238973548
3543.9624408118316,2.3248,53.49144490903832
3544.002451106457,2.2178,58.777450823726355
3544.052463974762,2.3595,51.92967029580273
3544.092474269425,2.871,35.074315901836734
3544.1324845641057,2.3198,53.72227975865236
3544.1724948588026,2.1795,60.861373828171246
3544.2125051535168,2.2525,56.980454865009
3544.2525154482487,2.3926,50.50278601683368
3544.2925257429974,2.2329,57.98517341143622
3544.332536037762,2.5908,43.071280625730836
3544.382548906243,2.1729,61.23165771059108
3544.422559201046,2.2158,58.883604719904305
3544.4625694958677,2.2799,55.61909507451257
3544.5025797907047,2.302,54.55629647753605
3544.5425900855594,2.1202,64.31345287486262
3544.582600380432,2.6528,41.08152450426707
3544.6226106753206,2.2565,56.778620426671516
3544.662620970226,2.3456,52.54696298290744
3544.712633838881,2.6024,42.688162627129245
3544.7526441338255,2.0856,66.46506655006452
3544.7926544287866,2.2494,57.13761770739444
3544.8326647237645,2.1515,62.455802379211924
3544.8726750187593,2.1206,64.28919281376201
3544.912685313772,2.3527,52.230288241765265
3544.9526956088,2.1919,60.174712935605584
3544.992705903847,2.3385,52.86652650042728
3545.042718772678,2.228,58.24050524265163
3545.0827290677616,2.3765,51.18938288998077
3545.1227393628633,2.0873,66.35684583767573
3545.1627496579813,2.0212,70.76799443207979
3545.2027599531166,2.2863,55.308143901179164
3545.2427702482687,2.4183,49.43507368304126
3545.2827805434376,2.6264,41.91156004428058
3545.3227908386234,2.0663,67.71248072613706
3545.3728037076303,1.918,78.58836222319273
3545.4128140028556,2.2637,56.41801102089916
3545.4528242980973,2.0982,65.66919875198599
3545.4928345933554,2.5337,45.03448193154551
3545.5328448886307,2.2268,58.30329256618374
3545.5728551839234,2.4436,48.416713713860844
3545.612865479232,2.1817,60.738692018529086
3545.652875774559,2.3087,54.240104129889914
3545.7028886437406,2.2777,55.72659039813313
3545.742898939105,2.321,53.66674331513577
3545.782909234487,2.2029,59.575258655183646
3545.8229195298854,2.4158,49.53744273726245
3545.862929825301,2.2712,56.04601713696701
3545.902940120733,2.2053,59.44565927731163
3545.942950416183,2.4673,47.49103420010249
3545.98296071165,2.2223,58.539651593613236
3546.0329735810064,2.369,51.51401601321292
3546.072983876511,2.3808,51.00464206491062
3546.1129941720333,2.425,49.16228415501094
3546.153004467572,2.4407,48.53183792224592
3546.193014763127,2.2896,55.148827632392965
3546.2330250587,2.4643,47.606734209817596
3546.27303535429,2.3198,53.72227975865236
3546.3130456498966,1.9005,80.04232438457665
3546.3630585194287,2.4488,48.211307395192385
3546.4030688150733,2.2077,59.31648233356084
3546.4430791107347,2.2971,54.78929535069137
3546.4830894064135,2.1543,62.293557083776435
3546.5230997021094,2.344,52.61872390395458
3546.5631099978223,2.2958,54.85136192343226
3546.6031202935524,1.993,72.78482857985614
3546.6431305892984,2.2712,56.04601713696701
3546.693143459005,2.3087,54.240104129889914
3546.7331537547902,2.2841,55.4147385880514
3546.773164050593,2.5394,44.83253788772062
3546.8131743464114,2.0505,68.76000916181752
3546.853184642247,2.5609,44.0829162791271
3546.893194938099,1.9893,73.05583262759077
3546.933205233969,2.0513,68.70638730830396
3546.973215529856,1.998,72.42099614675124
3547.023228399738,1.9147,78.8594908054883
3547.0632386956627,2.0014,72.17514612795961
3547.1032489916042,2.2768,55.77065559668916
3547.143259287563,2.6076,42.5180774689557
3547.183269583539,1.9413,76.71320724485865
3547.2232798795317,2.1737,61.18659510815475
3547.263290175541,2.0671,67.66007931733243
3547.3033004715676,2.2711,56.05095282684009
3547.3533133416245,2.1312,63.65127012679006
3547.3933236376893,2.3011,54.59898062645914
3547.4333339337713,2.3862,50.77405510084438
3547.4733442298702,2.3086,54.24480319039187
3547.513354525985,2.4327,48.851559167217914
3547.5533648221176,2.1493,62.58372591080312
3547.5933751182674,2.0774,66.99080924038017
3547.6333854144336,2.1127,64.77088349026391
3547.683398284665,2.2908,55.09106507697906
3547.7234085808695,2.4328,48.84754317452897
3547.763418877091,2.3632,51.76718782726834
3547.8034291733297,2.5291,45.19845087532692
3547.843439469585,2.4725,47.29148427889823
3547.883449765857,2.2222,58.544920331117055
3547.9234600621467,2.1259,63.96903868781476
3547.963470358453,1.9853,73.35051612136587
3548.01348322886,2.0445,69.16418154936997
3548.053493525204,2.2455,57.33626399714881
3548.0935038215657,2.289,55.17774298307534
3548.133514117944,1.9401,76.80813458945846
3548.1735244143388,2.5851,43.26142945415045
3548.213534710751,2.3246,53.50064971382181
3548.25354500718,2.3863,50.76979972893317
3548.2935553036264,2.5939,42.96839220883291
3548.3335656000895,2.4455,48.3415094754158
3548.383578470692,2.0898,66.19817724925574
3548.423588767193,2.5743,43.62518141052795
3548.4635990637107,2.4192,49.39829849126747
3548.5036093602457,2.1132,64.74023651402278
3548.543619656797,1.9639,74.95777973566165
3548.5836299533667,2.2312,58.073567373187686
3548.6236402499517,2.1221,64.19833973252805
3548.6736531207075,2.4185,49.42689787006532
3548.713663417331,2.6954,39.79322398325947
3548.7536737139726,1.9918,72.87255632443865
3548.793684010631,2.2329,57.98517341143622
3548.8336943073045,2.1356,63.389257627640816
3548.8737046039964,2.0565,68.35936922329185
3548.9137149007056,2.4739,47.23797417954109
3548.9537251974307,2.131,63.663218362768504
3548.9937354941726,1.8206,87.22206065774535
3549.043748365125,2.3197,53.72691168644956
3549.083758661905,2.4013,50.137502111149054
3549.123768958702,2.8336,36.006300568020144
3549.1637792555166,2.1944,60.03768138229836
3549.203789552348,2.3779,51.12912467110706
3549.243799849196,2.0706,67.43153684701144
3549.28381014606,2.3061,54.36247844847331
3549.323820442943,1.9599,75.26405753695711
3549.3738333140686,2.5949,42.93528103209104
3549.4138436109893,2.5292,45.19487681716839
3549.4538539079263,1.9966,72.52259375318856
3549.49386420488,2.2335,57.95402372225694
3549.533874501851,2.1714,61.3162843738441
3549.573884798838,2.1189,64.39239298240378
3549.6138950958425,1.984,73.44667223364529
3549.653905392864,2.2207,58.624036825562214
3549.7039182641647,2.3079,54.277713718791894
3549.7439285612245,2.1279,63.84884704985648
3549.7839388583016,2.1442,62.8817917961644
3549.823949155394,2.1249,64.029261814377
3549.863959452505,2.262,56.502844457668665
3549.903969749632,2.3803,51.0260721273346
3549.943980046776,2.2702,56.09540339041476
3549.9839903439365,2.1274,63.87886318231163
3550.034003215412,2.5672,43.866819758124606
3550.0740135126107,2.4158,49.53744273726245
3550.1140238098274,2.127,63.902891330734576
3550.1540341070604,1.975,74.11758447214375
3550.1940444043103,2.0383,69.58558163095881
3550.234054701577,2.2525,56.980454865009
3550.2740649988605,2.469,47.4256579903057
3550.3140752961617,2.3585,51.973715797023395
3550.3640881678098,2.4208,49.333021619516614
3550.4040984651488,2.3056,54.38605944668542
3550.444108762504,2.386,50.782567449849914
3550.484119059877,2.3829,50.914783064000325
3550.524129357266,2.4136,49.62779076313717
3550.564139654672,2.5445,44.65300028632033
3550.604149952095,2.4081,49.85474516042494
3550.6441602495347,2.49,46.62908073794289
3550.6941731213583,2.6529,41.078427460673765
3550.7341834188364,2.4872,46.73412646340499
3550.774193716331,2.4046,49.99998222726079
3550.8142040138428,2.27,56.105288474086954
3550.8542143113714,2.2125,59.05938842265467
3550.894224608917,2.3742,51.288610047782356
3550.934234906479,2.678,40.3120075821851
3550.974245204058,2.1906,60.24615482624957
3551.0242580760564,1.9617,75.12600066747511
3551.0642683736733,2.0822,66.68230372095323
3551.1042786713083,2.4579,47.85497836053349
3551.1442889689592,2.33,53.252951341410224
3551.1842992666266,2.3303,53.23924078895817
3551.2243095643116,2.4775,47.10079308109399
3551.2643198620135,2.1511,62.47903201250116
3551.3043301597318,1.9995,72.31237829935488
3551.3543430319037,2.1715,61.31063713973896
3551.3943533296606,2.4409,48.52388514584955
3551.4343636274334,2.1034,65.34490706194961
3551.4743739252235,2.1292,63.77090404498968
3551.5143842230314,2.2608,56.56284213802858
3551.554394520855,2.3226,53.5928285848615
3551.5944048186957,2.3877,50.71028065025959
3551.6344151165545,2.3771,51.16354490198901
3551.684427988899,2.433,48.839512674670225
3551.724438286796,2.3559,52.088496704638786
3551.764448584708,2.3392,52.8348908851132
3551.8044588826374,2.7011,39.62545383935764
3551.844469180585,2.3098,54.18845473881472
3551.8844794785473,2.3685,51.53576793707542
3551.924489776528,2.4562,47.92124461205521
3551.964500074525,2.3718,51.392459352330384
3552.014512947045,2.0669,67.67317396537237
3552.0545232450795,2.0737,67.23007914629153
3552.0945335431315,2.0476,68.95491552657167
3552.1345438412004,2.1912,60.21316584543856
3552.174554139286,2.2006,59.69985616382254
3552.214564437388,2.0539,68.53254880254515
3552.254574735508,2.2867,55.28879609610039
3552.2945850336446,2.4596,47.78884946506109
3552.344597906338,2.2799,55.61909507451257
3552.3846082045116,2.1223,64.18624054117073
3552.424618502703,2.1626,61.81631293361287
3552.4646288009103,2.5215,45.47132477615012
3552.5046390991356,2.3121,54.080698671646736
3552.544649397378,2.145,62.834895731803876
3552.5846596956358,2.4492,48.19556107776255
3552.6246699939115,2.2686,56.174557279370134
3552.6746828667788,2.4558,47.93685667420838
3552.714693165092,2.014,71.2748862729699
3552.7547034634217,2.4118,49.701895847447354
3552.794713761769,2.2787,55.67769028996794
3552.8347240601333,1.5397,121.95036740008847
3552.8747343585137,2.3895,50.63390978844906
3552.914744656912,1.9132,78.98319511794413
3552.9547549553254,2.1177,64.4653898449777
3553.0047678283668,1.8532,84.1803728468796
3553.0447781268194,2.4571,47.88614534558688
3553.084788425289,2.4223,49.27194199276901
3553.1247987237743,2.1525,62.39778494307582
3553.164809022277,2.3395,52.82134145641603
3553.2048193207966,2.3521,52.25693860243374
3553.244829619334,2.2773,55.74616848095627
3553.284839917887,2.5291,45.19845087532692
3553.334852791102,2.2215,58.581821418179146
3553.3748630896935,2.3084,54.25420314353295
3553.4148733883017,2.525,45.345353075519675
3553.4548836869267,2.0906,66.14752348116983
3553.4948939855685,1.6747,103.08164427162258
3553.5349042842267,1.9471,76.25686325834774
3553.5749145829022,1.9458,76.3587925287986
3553.6149248815946,2.0701,67.4641148131856
3553.664937754984,2.1693,61.43505675491802
3553.7049480537144,1.9419,76.66580955198506
3553.7449583524613,2.1807,60.79441044891734
3553.784968651225,2.3373,52.9208251270979
3553.8249789500055,2.3604,51.890077198595385
3553.864989248803,2.0523,68.6394481522628
3553.904999547617,2.0616,68.02157198883029
3553.945009846448,2.0284,70.2664907862237
3553.995022720011,2.3048,54.42382097017622
3554.0350330188803,2.1972,59.884761011916375
3554.0750433177664,1.9411,76.72901624383212
3554.115053616669,2.0271,70.35664488186174
3554.155063915588,2.3739,51.30157398793692
3554.1950742145254,2.0274,70.33582469696968
3554.235084513478,1.8787,81.91068609366823
3554.2750948124485,1.9317,77.47758719209085
3554.325107686185,2.1345,63.45460887400105
3554.3651179851922,2.3246,53.50064971382181
3554.4051282842174,2.258,56.703208908320136
3554.445138583259,2.0065,71.80871177587774
3554.4851488823174,1.9168,78.68679242485476
3554.525159181393,1.8719,82.5068761175182
3554.565169480485,2.5093,45.91455477162166
3554.605179779594,2.5282,45.23063648577593
3554.6551926535035,2.3091,54.22131399253736
3554.6952029526497,2.2122,59.07540777884973
3554.735213251813,2.1799,60.83904041396123
3554.775223550994,2.2978,54.755918513524726
3554.8152338501914,2.0084,71.67291019432463
3554.8552441494053,2.1725,61.25420768214351
3554.895254448637,1.9734,74.237819751013
3554.935264747883,2.3256,53.45464943503701
3554.9852776219673,2.2625,56.47787359531226
3555.0252879212526,2.4522,48.0777092049116
3555.0652982205543,2.534,45.02381931157368
3555.1053085198737,2.1221,64.19833973252805
3555.1453188192095,2.288,55.22598579507675
3555.1853291185625,2.3715,51.405462689030855
3555.225339417932,2.1541,62.30512505555537
3555.2653497173187,1.9757,74.0650733704543
3555.3153625915743,2.0908,66.13486912339202
3555.3553728909988,2.1735,61.19785609404343
3555.3953831904396,2.2493,57.14269829801588
3555.4353934898973,2.2077,59.31648233356084
3555.4754037893717,2.2837,55.434152545185825
3555.5154140888635,2.3355,53.00243005323567
3555.5554243883716,2.1923,60.152756380079346
3555.595434687896,2.245,57.36180636834549
3555.645447562327,2.4994,46.279005554059104
3555.685457861889,2.2168,58.83049185726246
3555.7254681614686,2.1329,63.54984578812037
3555.7654784610654,2.0826,66.65669117204203
3555.8054887606777,2.2535,56.92989548011087
3555.845499060308,2.6009,42.737415334849864
3555.8855093599545,2.0948,65.88254261710367
3555.9255196596177,2.0683,67.58159118440761
3555.9755325342217,1.9284,77.742983032604
3556.0155428339226,2.0852,66.49056872140683
3556.0555531336413,2.2033,59.553629345039724
3556.095563433376,2.1394,63.164273854692674
3556.135573733128,2.2867,55.28879609610039
3556.1755840328956,2.0249,70.50960910419609
3556.2155943326816,2.5861,43.2279790473525
3556.255604632483,2.2771,55.75596139160909
3556.3056175072597,2.5292,45.19487681716839
3556.3456278071,2.303,54.50892832453245
3556.3856381069563,2.1544,62.28777430597828
3556.42564840683,2.2108,59.150251021397416
3556.46565870672,2.2682,56.19437192913179
3556.505669006627,2.0489,68.86744136158359
3556.5456793065514,2.0396,69.49690504466358
3556.585689606492,2.2584,56.6831245433655
3556.635702481441,2.4685,47.444872266934716
3556.6757127814194,2.3468,52.49323858604661
3556.7157230814146,2.0413,69.38119889160161
3556.7557333814266,2.1564,62.17228764232891
3556.795743681456,2.2429,57.469270929526175
3556.8357539815006,2.2822,55.50704582217283
3556.875764281563,2.5276,45.252112662542494
3556.915774581643,2.4778,47.08938830523479
3556.9657874567647,2.344,52.61872390395458
3557.005797756882,2.5317,45.10566295989355
3557.0458080570156,2.2444,57.3924797499857
3557.085818357166,1.7151,98.28256820321648
3557.125828657333,2.0132,71.33154354486848
3557.165838957517,2.3432,52.65465950232293
3557.205849257717,2.2451,57.35669652884341
3557.245859557935,1.9782,73.87798855805521
3557.295872433231,1.9745,74.15512659990966
3557.3358827334855,1.9577,75.43331112959581
3557.3758930337576,1.8053,88.70674657848511
3557.4159033340466,1.8828,81.5543360003659
3557.455913634352,2.3662,51.63600445481407
3557.495923934674,2.2189,58.71918849494892
3557.535934235013,2.3114,54.11345994623751
3557.5759445353688,2.1816,60.744260413857624
3557.615954835742,2.0366,69.70179964403273
3557.6659677112307,1.9022,79.89932041433778
3557.705978011641,2.2744,55.888418641991215
3557.745988312068,2.2132,59.022035254950865
3557.7859986125122,2.2574,56.733355476634195
3557.8260089129726,2.3271,53.385760175523394
3557.86601921345,2.4041,50.020782177709684
3557.9060295139434,2.4053,49.97088408557855
3557.956042389585,2.2053,59.44565927731163
3557.9960526901164,2.2534,56.93494838979533
3558.0360629906654,2.0437,69.21834032785627
3558.0760732912304,2.1934,60.09243777874534
3558.116083591813,2.1498,62.55461789194011
3558.1560938924113,2.3183,53.79182162522106
3558.196104193027,2.4545,47.98764860029203
3558.2361144936604,2.2329,57.98517341143622
3558.2761247943085,2.4085,49.838186942591626
3558.326137670144,2.388,50.697540179380624
3558.3661479708308,2.0446,69.15741617165926
3558.4061582715344,1.9743,74.17015143809172
3558.4461685722545,2.0626,67.95563089530975
3558.486178872992,2.1037,65.32627126310368
3558.526189173746,2.4324,48.863610117300325
3558.566199474516,2.2177,58.78275169846219
3558.606209775304,1.946,76.34309780538453
3558.6562226513106,1.9133,78.97493911106781
3558.6962329521357,1.9078,79.43094922586529
3558.7362432529776,2.0229,70.64910078430042
3558.776253553837,2.149,62.60120047528599
3558.816263854712,2.2063,59.391784318740996
3558.856274155604,2.0623,67.97540315171653
3558.896284456512,1.8592,83.6379169873864
3558.9362947574377,1.7206,97.65524069503631
3558.986307633618,2.2782,55.70213229491867
3559.026317934582,2.4522,48.0777092049116
3559.0663282355613,2.2453,57.34647889797657
3559.1063385365583,2.067,67.66662616622025
3559.1463488375716,2.6149,42.28101402373033
3559.186359138601,2.5166,45.64856892754019
3559.2263694396474,2.4557,47.940760881822094
3559.2663797407113,2.3405,52.7762143171745
3559.3163926170646,2.2699,56.110231995793626
3559.3564029181657,2.2967,54.80838153264738
3559.3964132192837,2.35,52.35037567213589
3559.436423520418,2.3314,53.189014037531045
3559.4764338215696,1.9351,77.2055679261474
3559.5164441227375,2.2112,59.12885273115969
3559.5564544239223,2.4202,49.357485275275174
3559.596464725124,2.331,53.20727008380731
3559.6464776016496,1.9464,76.31172287153858
3559.6864879028885,2.1108,64.8875406889984
3559.726498204145,2.3738,51.30589639361173
3559.7665085054173,2.2468,57.26993361934931
3559.806518806707,2.4707,47.360416683093284
3559.846529108013,2.432,48.879684988488165
3559.8865394093355,2.3329,53.12063747838805
3559.9265497106744,2.2722,55.9966960741232
3559.976562587373,2.3467,52.49771247147416
3560.0165728887505,2.3689,51.518365296134505
3560.0565831901445,2.3534,52.1992219132024
3560.0965934915553,2.291,55.081446807863564
3560.1366037929824,2.4687,47.43718515530618
3560.1766140944264,2.2225,58.52911625209669
3560.216624395887,2.4385,48.619447652202126
3560.2566346973645,2.2852,55.3614027619567
3560.3066475742353,2.3309,53.211835563973935
3560.3466578757498,2.2461,57.30563566517728
3560.386668177282,2.2969,54.79883719523895
3560.426678478831,2.3128,54.04796713946124
3560.4666887803955,2.1546,62.27621116581697
3560.506699081977,2.2991,54.69401382177511
3560.546709383577,2.0946,65.89512461968415
3560.5867196851914,2.3932,50.47746605988864
3560.6367325622346,2.3459,52.53352415414334
3560.6767428638873,1.9098,79.26467146601884
3560.7167531655573,2.2033,59.553629345039724
3560.756763467243,2.1483,62.64200293229696
3560.796773768947,2.3135,54.01526531368967
3560.836784070667,2.4019,50.11245632955344
3560.8767943724033,2.2678,56.21419706467976
3560.916804674157,2.4967,46.37915441364896
3560.9668175513716,2.3659,51.64910033960852
3561.006827853162,2.1358,63.37738642996103
3561.04683815497,2.1687,61.46905510978651
3561.0868484567936,2.3019,54.56103668847515
3561.126858758635,2.4891,46.66280677770702
3561.166869060493,2.1693,61.43505675491802
3561.206879362367,2.1817,60.738692018529086
3561.246889664258,2.1494,62.57790268190637
3561.296902541645,2.3,54.651218204259
3561.3369128435734,2.2411,57.56162395587542
3561.376923145519,2.208,59.300364826544374
3561.4169334474814,2.3318,53.170767385442566
3561.45694374946,2.2531,56.950111155821965
3561.4969540514553,2.2473,57.244452581138994
3561.5369643534673,2.2583,56.688144634091955
3561.5769746554956,2.2299,58.14129920883151
3561.6269875330554,2.2321,58.02674541166335
3561.6669978351215,1.9472,76.24903100013263
3561.707008137204,2.3407,52.76719582919183
3561.747018439304,2.1708,61.350184169256956
3561.7870287414207,2.1425,62.981620413644954
3561.8270390435537,2.2021,59.61855264047194
3561.867049345703,2.3197,53.72691168644956
3561.9070596478696,2.2842,55.40988669230426
3561.9570725256017,2.5927,43.008176204818575
3561.997082827806,2.3408,52.762687452041355
3562.037093130026,2.1334,63.52006123342259
3562.0771034322634,2.1721,61.276770112811505
3562.1171137345177,2.3351,53.020590113868444
3562.1571240367884,2.1424,62.98750008699255
3562.197134339076,2.1704,61.3727996536838
3562.2371446413795,2.1223,64.18624054117073
3562.2871575192835,2.1296,63.74695029401198
3562.327167821625,2.1868,60.45571600592475
3562.367178123984,2.1985,59.81396079627823
3562.4071884263585,2.5837,43.3083252910395
3562.4471987287493,2.1502,62.531346095712074
3562.4872090311587,2.2343,57.912529833372616
3562.5272193335836,1.9928,72.79943886577392
3562.5672296360253,2.3298,53.26209465228888
3562.6172425141003,2.3394,52.82585735346887
3562.65725281658,2.1415,63.04045421800123
3562.6972631190756,2.0173,71.04188708938679
3562.7372734215883,2.2492,57.14777956630508
3562.7772837241178,2.2133,59.016701981084715
3562.8172940266636,2.1055,65.21462370236986
3562.8573043292263,1.8888,81.03702494960879
3562.8973146318053,2.2368,57.78314826041568
3562.947327510052,2.2122,59.07540777884973
3562.9873378126695,1.7862,90.61398714203557
3563.0273481153035,2.3095,54.20253361755864
3563.067358417953,2.1355,63.39519447728926
3563.1073687206194,2.0389,69.54463289851442
3563.1473790233035,2.1104,64.91214025656802
3563.187389326003,2.4219,49.28821879710009
3563.22739962872,2.5367,44.9280259033944
3563.2774125071396,2.1723,61.26548733951451
3563.317422809894,2.4746,47.21125318081085
3563.3574331126642,2.0906,66.14752348116983
3563.3974434154525,1.9194,78.47376023873579
3563.4374537182566,1.9774,73.9377785009313
3563.4774640210767,2.0477,68.94818082928813
3563.5174743239136,2.3338,53.079674812459594
3563.557484626768,2.4424,48.46430158277429
3563.607497505359,1.9155,78.79363396852928
3563.647507808251,2.2776,55.731483951811725
3563.6875181111595,1.9481,76.1785949435568
3563.727528414084,2.0568,68.33942921435835
3563.7675387170257,2.0459,69.06955651710065
3563.8075490199835,2.2691,56.149803701542176
3563.8475593229596,2.4806,46.98314318667346
3563.88756962595,2.3036,54.48053703824017
3563.9375825047136,1.9819,73.60240122931312
3563.9775928077424,2.3245,53.505253007217895
3564.0176031107885,2.2982,54.73685972679471
3564.0576134138505,2.4058,49.95011524753397
3564.09762371693,2.1805,60.80556333507379
3564.137634020025,2.0811,66.75281439718258
3564.1776443231374,2.2646,56.373176526740856
3564.2176546262663,2.3884,50.68056035233579
3564.2676675052003,2.1219,64.21044234527825
3564.307677808367,2.4825,46.911252934776385
3564.34768811155,2.1502,62.531346095712074
3564.387698414749,2.3423,52.69513107101196
3564.4277087179657,2.2525,56.980454865009
3564.4677190211987,2.2801,55.609338198698985
3564.507729324448,2.4556,47.944665566421364
3564.5477396277147,2.276,55.809868554584064
3564.597752506821,2.376,51.21092950085172
3564.637762810124,2.207,59.35411541336299
3564.677773113444,2.3169,53.85684926608732
3564.7177834167805,2.3879,50.70178646946799
3564.7577937201345,2.1427,62.96986353649649
3564.7978040235053,2.0986,65.64416762301073
3564.8378143268915,2.1251,64.0172103873971
3564.877824630295,2.2027,59.586077729275125
3564.9278375095732,2.2966,54.81315463644577
3564.9678478130136,2.2573,56.73838224197388
3565.007858116471,2.1027,65.38842161653734
3565.0478684199456,1.8648,83.13634167319252
3565.0878787234365,2.0552,68.4458768554715
3565.1278890269436,2.1708,61.350184169256956
3565.167899330468,2.0171,71.05597570648014
3565.2079096340076,2.172,61.28241266829092
3565.257922513457,2.4415,48.50003854193062
3565.2979328170354,2.0878,66.32506651576921
3565.3379431206295,1.9472,76.24903100013263
3565.3779534242412,1.9669,74.72929660806443
3565.4179637278694,1.8737,82.34842923442486
3565.457974031514,1.8529,84.20763405109814
3565.4979843351744,2.2784,55.69235356193807
3565.5379946388516,2.3162,53.88940731375571
3565.5880075184728,2.2493,57.14269829801588
3565.6280178221878,2.2074,59.33260641244259
3565.6680281259196,2.4069,49.904469355756135
3565.7080384296682,2.3973,50.30495486039433
3565.748048733433,1.9968,72.50806672484389
3565.7880590372147,2.0522,68.64613766469257
3565.828069341013,1.9574,75.45643539235616
3565.868079644828,2.0759,67.08765636210204
3565.9180925246196,2.0404,69.44241906401282
3565.9581028284715,2.0006,72.23288044025537
3565.9981131323407,2.2851,55.36624829080796
3566.038123436226,2.1514,62.46160857284052
3566.0781337401277,2.2325,58.00595382516934
3566.1181440440464,2.3387,52.85748485448924
3566.158154347982,2.119,64.3863155078223
3566.198164651934,2.3267,53.40411761780469
3566.248177531897,2.3695,51.492277857837216
3566.288187835886,2.3688,51.52271512988852
3566.3281981398923,2.1422,62.99926190400299
3566.368208443914,2.0062,71.83018940871192
3566.408218747954,2.1757,61.07415599560353
3566.4482290520095,2.2398,57.62846188225069
3566.4882393560815,1.9471,76.25686325834774
3566.5282496601703,1.7965,89.57791922697051
3566.578262540305,2.2799,55.61909507451257
3566.618272844431,2.1504,62.51971506722886
3566.6582831485744,2.1979,59.84662220825351
3566.6982934527337,2.3226,53.5928285848615
3566.738303756909,2.2687,56.16960525446728
3566.7783140611023,2.1061,65.1774714474787
3566.818324365312,2.2057,59.424100500634474
3566.8583346695377,2.1491,62.59537480734165
3566.9083475498433,2.2154,58.904870006165936
3566.948357854106,2.1635,61.764893396633184
3566.9883681583856,2.3525,52.239169429649024
3567.0283784626818,2.536,44.95283185463402
3567.068388766995,2.381,50.99607381988869
3567.1083990713246,2.3671,51.596746671281785
3567.148409375671,2.1786,60.91166899513478
3567.1884196800333,2.3062,54.357764089245016
3567.23843256051,2.0928,66.00852501710214
3567.2784428649106,2.3706,51.44450232384994
3567.318453169327,2.2355,57.85037250613752
3567.35846347376,2.1535,62.33984831112497
3567.39847377821,2.2912,55.07183105738766
3567.438484082676,2.3754,51.23680339607589
3567.478494387159,2.0435,69.23188996205182
3567.5185046916586,2.2873,55.25979341854692
3567.558514996175,2.3855,50.803857690119024
3567.608527876843,2.2653,56.33834219203822
3567.648538181397,2.5538,44.3283729818458
3567.6885484859667,2.2668,56.26380582744309
3567.728558790553,2.2728,55.96713468018682
3567.768569095157,2.1868,60.45571600592475
3567.8085793997757,2.1861,60.494438623569096
3567.8485897044125,2.1957,59.96660988329194
3567.898602585232,2.2068,59.364874300097796
3567.9386128899055,2.3148,53.9546120419331
3567.9786231945955,2.2115,59.11281163268823
3568.018633499302,2.1247,64.04131664475175
3568.0586438040245,2.0604,68.10082807178651
3568.098654108765,2.0162,71.119426375685
3568.138664413522,2.3762,51.20230922431097
3568.178674718295,2.2136,59.000706496034184
3568.2286875992845,2.0768,67.0295229079445
3568.268697904095,2.1277,63.860850963543086
3568.3087082089214,2.2534,56.93494838979533
3568.348718513766,2.2194,58.692734251579196
3568.3887288186256,2.2887,55.19220918708288
3568.428739123502,2.0706,67.43153684701144
3568.4687494283958,1.7337,96.18503278469085
3568.508759733305,2.1818,60.73312438884343
3568.5487700382323,2.1991,59.78132611455364
3568.598782919412,2.309,54.226010611388695
3568.6387932243756,2.2014,59.65647360258814
3568.678803529356,2.0664,67.70592722153557
3568.7188138343536,2.3722,51.375129243638966
3568.7588241393664,2.3192,53.75008031358406
3568.7988344443966,2.2036,59.537415091505
3568.838844749442,2.212,59.08609097084759
3568.878855054506,2.1467,62.73541562074083
3568.9288679358574,2.3686,51.53141645026593
3568.9688782409576,1.9198,78.44106285602106
3569.008888546075,2.2288,58.19870335695947
3569.0488988512075,2.4911,46.58790965394162
3569.088909156358,2.2504,57.08684904641221
3569.128919461524,2.261,56.552835890270984
3569.168929766707,2.3047,54.42854392570785
3569.2089400719074,2.0114,71.45926967151485
3569.25895295343,2.2391,57.664499764384
3569.298963258667,1.8798,81.8148510639426
3569.3389735639207,1.9606,75.21032356951285
3569.37898386919,1.829,86.4227359289612
3569.418994174477,2.2562,56.79372078216232
3569.4590044797797,2.2548,56.864268820100186
3569.499014785099,2.1806,60.79998650840109
3569.539025090435,2.1407,63.087580637709095
3569.5890379721286,2.1434,62.92874038058872
3569.629048277502,2.0737,67.23007914629153
3569.669058582892,2.5851,43.26142945415045
3569.7090688882977,2.5106,45.86701757426293
3569.7490791937216,2.5873,43.18788974558467
3569.7890894991606,2.2479,57.2138977767092
3569.8290998046173,2.1946,60.02673908423451
3569.8691101100894,2.0161,71.12648169584625
3569.919122991954,2.057,68.3261407216586
3569.9591332974633,1.8588,83.67391736230026
3569.9991436029895,2.1758,61.06854217774895
3570.0391539085326,2.5858,43.23801009459791
3570.0791642140916,2.3327,53.12974673237204
3570.119174519668,2.2842,55.40988669230426
3570.1591848252606,2.0185,70.9574433127013
3570.19919513087,2.3484,52.421734128155656
3570.2492080129036,2.1799,60.83904041396123
3570.2892183185504,2.018,70.99260991265525
3570.3292286242136,2.2617,56.51783492506273
3570.3692389298926,2.2881,55.22115866734185
3570.409249235588,2.1872,60.43360548645422
3570.4492595413003,2.1203,64.30738657236468
3570.4892698470294,2.2044,59.49420944119464
3570.5292801527753,2.0924,66.03376485760084
3570.5792930349803,2.4381,48.63540217942043
3570.619303340763,2.3252,53.47304242464504
3570.6593136465617,2.4188,49.41463795301533
3570.6993239523777,2.2229,58.50805409944477
3570.73933425821,2.3647,51.70153373092076
3570.7793445640586,1.9044,79.71482463473325
3570.8193548699237,2.0268,70.37747431263095
3570.859365175806,2.0896,66.21084978247733
3570.909378058181,2.2186,58.735069626844975
3570.9493883641,1.9075,79.4559360108046
3570.989398670035,2.3573,52.02664440775162
3571.0294089759873,2.2229,58.50805409944477
3571.0694192819556,1.9878,73.16613048440618
3571.1094295879416,2.2245,58.423919077304646
3571.149439893943,2.1117,64.83224276383285
3571.1894501999604,2.2669,56.258841996658916
3571.2394630825065,2.3687,51.527065514567965
3571.279473388562,2.1719,61.28805600318229
3571.319483694633,2.1246,64.04734533661266
3571.359494000722,2.161,61.907884122718855
3571.399504306827,1.9121,79.07409670251224
3571.4395146129477,1.9772,73.95273732768052
3571.4795249190856,2.1109,64.88139298204995
3571.51953522524,1.9363,77.1099030753207
3571.569548107956,2.1412,63.05812043536139
3571.609558414148,2.2025,59.59689975080643
3571.6495687203555,2.1303,63.705063693154976
3571.68957902658,2.1704,61.3727996536838
3571.7295893328205,2.2605,56.577856489840926
3571.769599639079,1.9822,73.58012392298104
3571.809609945352,2.3388,52.85296490133016
3571.849620251643,2.3918,50.5365756051825
3571.8996331345293,2.3791,51.077559415049265
3571.939643440857,2.0924,66.03376485760084
3571.9796537472016,1.9786,73.84812077941422
3572.0196640535614,1.8267,86.64050274441198
3572.0596743599385,2.0256,70.46088460404842
3572.0996846663325,2.1185,64.41671148762413
3572.1396949727423,2.2203,58.64516164334298
3572.1797052791694,2.0635,67.89636585956312
3572.229718162226,2.0939,65.93919002429574
3572.2697284686897,2.0217,70.73299457632167
3572.3097387751704,1.8828,81.5543360003659
3572.349749081667,2.1362,63.353654036697996
3572.3897593881798,2.255,56.85418248361977
3572.4297696947096,1.9511,75.94451163646542
3572.4697800012564,2.2885,55.20185648387775
3572.5097903078185,2.1508,62.49646274348689
3572.5598031910454,2.1725,61.25420768214351
3572.5998134976453,2.3775,51.14633044330311
3572.639823804262,2.3187,53.77326393044235
3572.6798341108943,2.2703,56.09046182821901
3572.7198444175433,2.1868,60.45571600592475
3572.7598547242096,2.1945,60.03220985929878
3572.799865030892,2.4383,48.62742393431675
3572.839875337591,2.3803,51.0260721273346
3572.8898882209874,2.3375,52.91176954831773
3572.9298985277237,2.5302,45.15915953958225
3572.969908834476,2.3438,52.62770435390245
3573.009919141245,2.1008,65.50675189393863
3573.0499294480305,2.1258,63.97505717621276
3573.089939754832,2.5207,45.500192009789984
3573.1299500616506,2.1522,62.41518168264377
3573.1699603684847,1.8426,85.15169389839627
3573.2199732520517,2.1564,62.17228764232891
3573.259983558923,2.2122,59.07540777884973
3573.299993865812,2.1949,60.010331245290274
3573.3400041727164,2.0022,72.11748100685173
3573.3800144796382,1.9942,72.69725915675151
3573.4200247865765,2.0486,68.88761292760857
3573.46003509353,2.0777,66.9714649826183
3573.5000454005003,2.0052,71.90185115272521
3573.550058284238,2.123,64.143920296277
3573.5900685912457,2.0928,66.00852501710214
3573.6300788982694,1.972,74.34326578341043
3573.67008920531,2.2831,55.463292615610555
3573.7100995123674,1.9818,73.60982924637302
3573.7501098194416,2.0639,67.870050726642
3573.7901201265313,2.4113,49.72251005067788
3573.830130433638,2.3595,51.92967029580273
3573.880143317544,1.8934,80.6437458779556
3573.9201536246883,2.5158,45.6776051362551
3573.9601639318485,2.2122,59.07540777884973
3574.0001742390245,2.3051,54.40965579144132
3574.040184546218,2.2941,54.93268516495154
3574.0801948534277,2.1447,62.85247560621801
3574.1202051606538,1.9626,75.05711463543
3574.160215467896,2.0947,65.88883316789992
3574.210228351972,2.2513,57.04121508236466
3574.250238659253,2.0901,66.17917526999821
3574.290248966548,2.1769,61.006841232829906
3574.3302592738605,2.2974,54.77498725608528
3574.3702695811894,2.3463,52.515613733897226
3574.4102798885356,2.2403,57.602741217483576
3574.4502901958963,2.0479,68.93471439432743
3574.4903005032747,1.9502,76.01462321156771
3574.5403133875207,2.1542,62.299340666918965
3574.580323694936,1.7628,93.0356337435821
3574.6203340023676,2.0877,66.33142055353488
3574.6603443098165,2.147,62.717884832645964
3574.700354617281,2.1504,62.51971506722886
3574.7403649247617,2.1853,60.53873861636276
3574.7803752322607,2.2923,55.0189894111789
3574.820385539774,2.0841,66.56077542189054
3574.8703984241893,2.2904,55.110309174648016
3574.910408731741,2.2948,54.89917723565105
3574.9504190393077,2.396,50.359557660990674
3574.9904293468912,2.6464,41.280466145405356
3575.0304396544925,2.0668,67.67972271497264
3575.0704499621097,2.1466,62.741260850189086
3575.1104602697433,2.2976,54.765451639892866
3575.1504705773923,2.1174,64.48365845541306
3575.2004834619775,2.0233,70.62116935255159
3575.240493769664,2.3937,50.45638063854574
3575.280504077368,2.3202,53.70375803611924
3575.320514385088,2.1745,61.14158223223057
3575.3605246928237,2.4133,49.640130096375266
3575.400535000576,2.0863,66.4204730408714
3575.440545308345,2.2511,57.05135123334278
3575.480555616131,2.2677,56.21915498783788
3575.5305685008852,2.1255,63.99311773849847
3575.5705788087075,2.2003,59.716136825255255
3575.610589116547,2.32,53.713017699861155
3575.6505994244017,2.1829,60.67193095460867
3575.690609732273,2.3895,50.63390978844906
3575.730620040162,1.9451,76.4137621912793
3575.7706303480663,2.1425,62.981620413644954
3575.810640655987,2.3009,54.608472795581676
3575.8606535409117,1.9824,73.56527800386458
3575.900663848869,1.8937,80.61819674699271
3575.940674156844,2.1342,63.472449480967036
3575.980684464835,2.0989,65.62540366712176
3576.020694772842,2.2392,57.65934942619185
3576.060705080866,2.0844,66.54161711631474
3576.100715388906,2.1409,63.075794079832654
3576.140725696963,2.0994,65.59414828099496
3576.190738582056,2.0334,69.92135423699017
3576.2307488901506,2.1006,65.51922639440218
3576.27075919826,2.3741,51.29293081511424
3576.310769506387,2.1255,63.99311773849847
3576.350779814529,2.1827,60.683050152451464
3576.3907901226885,1.8008,89.1506369507221
3576.430800430864,2.227,58.29282096342327
3576.470810739056,2.1372,63.294381340872754
3576.52082362432,1.8522,84.27129504945165
3576.560833932549,1.9067,79.52262510765881
3576.6008442407942,1.5922,114.04076239613045
3576.640854549056,1.9974,72.46451181942659
3576.6808648573337,2.0093,71.6087175496244
3576.7208751656285,2.1868,60.45571600592475
3576.760885473939,2.2309,58.08918728785605
3576.8008957822676,2.1028,65.38220259088318
3576.8509086677004,2.2955,54.86569995583492
3576.890918976064,2.3068,54.32949080783955
3576.930929284445,2.2516,57.0260159200694
3576.970939592843,2.1643,61.71924098271596
3577.0109499012556,2.1006,65.51922639440218
3577.0509602096868,2.0361,69.73603682474646
3577.090970518133,2.261,56.552835890270984
3577.130980826596,2.2691,56.149803701542176
3577.1809937121975,2.129,63.78288598382183
3577.2210040206974,2.0887,66.26792123800475
3577.261014329213,2.4162,49.52104233272766
3577.301024637746,2.2498,57.11730211917707
3577.341034946295,2.0837,66.58633270256712
3577.3810452548614,1.9903,72.98243922662606
3577.4210555634436,1.8892,81.00271268914469
3577.4610658720408,2.0501,68.78684363177773
3577.5110787578124,2.079,66.88773661091844
3577.5510890664473,1.7557,93.78962161216279
3577.591099375099,2.1023,65.41330659438559
3577.6311096837676,1.8805,81.75395267937
3577.671119992452,2.1007,65.51298869880121
3577.711130301152,2.3421,52.70413108953883
3577.7511406098697,1.9887,73.09992182144964
3577.791150918603,1.9253,77.99353842277476
3577.8311612273533,2.0018,72.14630492541974
3577.8811741133136,2.3342,53.06148439036064
3577.9211844221004,2.0927,66.01483362039811
3577.961194730904,2.1072,65.10944138727908
3578.0012050397236,1.9587,75.35630697717437
3578.0412153485595,1.7968,89.54800925660315
3578.0812256574127,2.1448,62.84661482842297
3578.121235966281,2.3536,52.190350910161825
3578.1712488523904,2.27,56.105288474086954
3578.2112591612963,1.9863,73.27667831730447
3578.2512694702186,1.9847,73.39487238672481
3578.2912797791564,2.0893,66.22986540636697
3578.331290088112,2.1725,61.25420768214351
3578.371300397083,2.2901,55.124748865874146
3578.411310706071,2.2077,59.31648233356084
3578.4513210150744,2.323,53.57437376216209
3578.4913313240954,2.0877,66.33142055353488
3578.541344210394,1.8156,87.70312539315937
3578.5813545194515,2.0981,65.67545877128148
3578.6213648285257,1.8916,80.79729602651975
3578.6613751376144,2.086,66.43957904778105
3578.7013854467214,1.6915,101.04419748358994
3578.7413957558447,1.8342,85.93340984100938
3578.781406064984,2.1784,60.92285416538751
3578.8214163741395,1.9261,77.9287631353005
3578.871429260607,2.3354,53.006969193607205
3578.9114395697993,1.9627,75.04946648091762
3578.9514498790086,2.206,59.4079391136145
3578.991460188234,2.2441,57.407825667831574
3579.0314704974758,2.3662,51.63600445481407
3579.0714808067337,2.255,56.85418248361977
3579.111491116008,2.2608,56.56284213802858
3579.1515014252977,2.2251,58.39241522626012
3579.201514311935,2.132,63.60351080355865
3579.241524621262,2.3315,53.18445149405563
3579.281534930606,2.2958,54.85136192343226
3579.3215452399672,2.014,71.2748862729699
3579.3615555493434,2.1908,60.235155487675954
3579.4015658587373,2.2184,58.7456606277069
3579.441576168146,2.1264,63.93895898136384
3579.4815864775724,2.0648,67.81089758472105
3579.5315993643776,2.1604,61.94227578288417
3579.57160967384,2.0551,68.4525380893596
3579.611619983319,2.2864,55.30330599790683
3579.6516302928153,2.3086,54.24480319039187
3579.6916406023265,2.3338,53.079674812459594
3579.731650911854,2.1729,61.23165771059108
3579.771661221399,2.258,56.703208908320136
3579.811671530959,2.0591,68.18684524457453
3579.8616844179332,2.0915,66.09060745552951
3579.9016947275313,2.107,65.121802564428
3579.9417050371458,1.9488,76.12387879817814
3579.9817153467757,2.2031,59.564442527461765
3580.0217256564224,2.4719,47.314445015804715
3580.0617359660855,2.0901,66.17917526999821
3580.1017462757654,2.073,67.2754906063597
3580.141756585461,2.1489,62.60702695654891
3580.191769472603,2.4575,47.87055804834335
3580.2317797823357,1.9098,79.26467146601884
3580.2717900920848,2.0886,66.27426706544202
3580.3118004018497,1.9617,75.12600066747511
3580.351810711632,2.169,61.4520524055536
3580.391821021429,1.8802,81.78004365844207
3580.4318313312438,1.8667,82.96718907640877
3580.4718416410756,2.3307,53.22096828733001
3580.5218545283865,2.2447,57.377139984586485
3580.5618648382538,2.297,54.7940659614118
3580.6018751481374,2.4023,50.095769566556974
3580.641885458038,2.1886,60.35631411443548
3580.6818957679548,2.1652,61.66794249142154
3580.721906077887,2.183,60.666372501698255
3580.761916387836,1.8692,82.74540526070618
3580.801926697802,2.835,35.970747582905005
3580.8519395852823,2.2967,54.80838153264738
3580.8919498952846,1.8667,82.96718907640877
3580.9319602053038,2.4056,49.95842122872645
3580.9719705153384,2.1648,61.690733922069526
3581.0119808253894,2.1599,61.97095739623422
3581.0519911354577,2.099,65.61915080298174
3581.0920014455414,2.2123,59.07006726934211
3581.1320117556425,2.3079,54.277713718791894
3581.18202464329,2.3148,53.9546120419331
3581.222034953427,1.9173,78.64575738010913
3581.2620452635806,1.9626,75.05711463543
3581.3020555737507,1.9284,77.742983032604
3581.3420658839373,2.1341,63.47839802197622
3581.3820761941392,2.5458,44.607408286640755
3581.422086504359,2.3872,50.731525443342534
3581.462096814593,1.9829,73.52818285738581
3581.51210970241,2.0937,65.95178825860567
3581.552120012683,2.3416,52.72664122598944
3581.5921303229707,2.1927,60.130811839626446
3581.6321406332745,2.2208,58.61875740458386
3581.672150943596,2.2263,58.3294839211127
3581.7121612539336,1.8686,82.79855220210023
3581.7521715642874,2.0923,66.04007707968319
3581.7921818746563,2.3632,51.76718782726834
3581.8421947626425,2.2977,54.760684765534954
3581.8822050730487,2.1741,61.16408245895287
3581.922215383472,2.2425,57.48977460694411
3581.962225693911,2.0194,70.89420924661398
3582.0022360043668,1.8396,85.42964914878932
3582.0422463148384,1.8691,82.75425953008688
3582.082256625327,2.1809,60.783260630953734
3582.1222669358312,2.3451,52.569372493100516
3582.1722798239853,2.3584,51.97812342894702
3582.2122901345265,2.2276,58.261423076404334
3582.252300445084,2.3372,52.92535378828434
3582.292310755658,2.1951,59.999396423172264
3582.3323210662475,1.9845,73.4096667497997
3582.3723313768546,2.2199,58.6662978814822
3582.4123416874777,2.1296,63.74695029401198
3582.4523519981162,2.1662,61.61101914186301
3582.502364886439,2.3316,53.179889537616226
3582.5423751971143,2.2316,58.05275061868073
3582.582385507807,2.1167,64.52631542458752
3582.6223958185146,2.2806,55.58495723846507
3582.66240612924,2.0307,70.10741132913904
3582.702416439981,1.7426,95.2050485605608
3582.7424267507386,2.3059,54.37190900702476
3582.782437061513,1.9354,77.18163503030665
3582.8324499500027,2.252,57.005759818426505
3582.8724602608127,2.136,63.36551856672965
3582.9124705716395,2.3791,51.077559415049265
3582.952480882483,2.0642,67.85032441545704
3582.992491193342,2.099,65.61915080298174
3583.0325015042176,1.7836,90.87836026577945
3583.072511815111,2.0956,65.8322506256653
3583.112522126018,1.8672,82.92276103648211
3583.1625350146765,2.1453,62.817323232010224
3583.2025453256215,2.1524,62.403583048023314
3583.242555636583,2.4808,46.975568012475
3583.2825659475607,2.2286,58.209149608182116
3583.3225762585544,2.1746,61.135959115491396
3583.3625865695644,2.1299,63.72899383663763
3583.402596880591,2.0954,65.84481822344256
3583.4426071916346,2.0026,72.08867435844782
3583.4926200804603,2.0119,71.42375580174657
3583.5326303915394,2.1009,65.50051597964486
3583.572640702635,2.1023,65.41330659438559
3583.6126510137474,2.3927,50.49856470120202
3583.652661324875,2.1961,59.944767117883764
3583.69267163602,2.1497,62.56043787089093
3583.7326819471814,2.3298,53.26209465228888
3583.772692258359,2.3475,52.46193739513336
3583.822705147353,2.2516,57.0260159200694
3583.862715458567,2.2665,56.278701262152275
3583.9027257697967,2.1588,62.03412710977651
3583.942736081044,2.2905,55.10549720502599
3583.982746392306,2.1487,62.61868235963602
3584.0227567035854,2.1387,63.20562814172427
3584.06276701488,1.9416,76.68950290579964
3584.102777326192,1.7742,91.84388737387046
3584.1527902153543,2.162,61.850628305670355
3584.1928005267027,2.0616,68.02157198883029
3584.2328108380675,2.0826,66.65669117204203
3584.272821149448,2.4409,48.52388514584955
3584.3128314608457,2.1297,63.740963965069405
3584.3528417722587,1.9618,75.1183419818136
3584.392852083688,2.0642,67.85032441545704
3584.4328623951346,2.1608,61.91934482625722
3584.482875284464,1.9219,78.269736407422
3584.5228855959467,2.1854,60.53319845658934
3584.562895907446,2.3062,54.357764089245016
3584.6029062189605,2.3414,52.73564931869171
3584.642916530492,2.1307,63.68114702574269
3584.6829268420397,1.8139,87.86759432473237
3584.7229371536037,1.9542,75.70375722758259
3584.762947465184,2.2609,56.55783868221638
3584.812960354682,2.2708,56.06576380904272
3584.8529706662994,2.038,69.60606956101475
3584.8929809779324,2.2208,58.61875740458386
3584.932991289581,2.0463,69.04255645959475
3584.9730016012463,2.0144,71.24658294717169
3585.0130119129294,2.1248,64.0352888040599
3585.053022224628,2.3056,54.38605944668542
3585.093032536342,2.0914,66.09692783000683
3585.143045426007,2.3772,51.15924047263936
3585.183055737759,2.217,58.81987790837378
3585.2230660495266,2.0757,67.10058517765117
3585.2630763613097,2.2455,57.33626399714881
3585.3030866731096,2.2668,56.26380582744309
3585.3430969849255,2.2841,55.4147385880514
3585.383107296758,2.2759,55.81477308203577
3585.423117608607,2.3659,51.64910033960852
3585.4731304984402,1.9601,75.24869910027822
3585.5131408103257,1.9611,75.17197738754578
3585.5531511222275,2.0502,68.78013354178479
3585.593161434145,2.3344,53.05239268565921
3585.6331717460794,2.4795,47.02483941621768
3585.6731820580294,2.4111,49.73075932306976
3585.7131923699953,2.3111,54.127509606239364
3585.7532026819786,2.1989,59.792201373568155
3585.8032155719798,2.3659,51.64910033960852
3585.8432258840003,2.0214,70.75399137311341
3585.8832361960353,2.0494,68.83384176812268
3585.9232465080877,1.8126,87.99367704764605
3585.9632568201555,2.1053,65.22701484669389
3586.003267132239,2.3685,51.53576793707542
3586.0432774443398,2.031,70.08670166916394
3586.0832877564567,2.0839,66.57355222260588
3586.133300646626,2.0877,66.33142055353488
3586.1733109587794,2.0676,67.6273593204235
3586.213321270949,2.2202,58.650444631897685
3586.253331583135,2.2456,57.331157570195664
3586.293341895337,2.0694,67.50976364351251
3586.333352207555,2.0565,68.35936922329185
3586.3733625197897,2.3526,52.23472855257836
3586.4133728320407,2.1008,65.50675189393863
3586.463385722378,1.9354,77.18163503030665
3586.5033960346655,2.0199,70.85911572728767
3586.543406346968,2.1911,60.21866212697777
3586.583416659289,2.0368,69.68811183112949
3586.6234269716256,2.0792,66.87486926050477
3586.6634372839776,2.2278,58.250962751109974
3586.7034475963465,2.3281,53.339907959782614
3586.743457908731,2.0731,67.26900043843972
3586.793470799235,2.0926,66.02114312813126
3586.8334811116565,2.1943,60.04315365336954
3586.8734914240945,2.2465,57.28523040957416
3586.9135017365484,2.2785,55.687465161060906
3586.9535120490177,2.1696,61.41806815397866
3586.9935223615053,2.1276,63.86685418987497
3587.0335326740073,2.2496,57.12745855867299
3587.0735429865263,2.1817,60.738692018529086
3587.1135532990616,2.0712,67.39247442680562
3587.1635661897526,1.8485,84.60899121334323
3587.2035765023247,1.8926,80.71193630151056
3587.2435868149128,2.3496,52.368201620211266
3587.283597127517,2.2415,57.54108183237274
3587.3236074401375,1.9775,73.93030078951413
3587.3636177527733,2.1118,64.82610291374611
3587.4036280654263,2.1859,60.50550906200278
3587.453640956265,2.2322,58.02154646715553
3587.493651268954,2.1068,65.13416726210798
3587.53366158166,2.0578,68.27302549091876
3587.5736718943817,1.9568,75.50271582888165
3587.6136822071194,2.0836,66.5927243227064
3587.6536925198743,1.9866,73.25454871639337
3587.6937028326447,1.991,72.93112963240594
3587.733713145431,2.1814,60.75539950200478
3587.7737234582337,1.8199,87.28917110444588
3587.8237363492603,1.9702,74.47916969092493
3587.863746662099,1.9701,74.48673083219924
3587.9037569749544,1.5397,121.95036740008847
3587.9437672878266,1.9801,73.73627777327481
3587.9837776007153,2.1517,62.44419242043892
3588.0237879136193,2.4119,49.697774545163334
3588.06379822654,2.2216,58.57654769864457
3588.1038085394757,1.9851,73.36529707430951
3588.1538214306693,2.0246,70.53050650563002
3588.1938317436434,1.7976,89.46832253356112
3588.233842056632,1.6795,102.49327327698701
3588.273852369637,2.4982,46.32347607073606
3588.3138626826594,2.1309,63.669193742401106
3588.3538729956977,1.7875,90.482232980661
3588.393883308752,1.9289,77.7026839675092
3588.433893621822,2.1866,60.46677581625723
3588.483906513183,2.1936,60.08148050833267
3588.52391682629,2.221,58.60820070188809
3588.5639271394134,2.1451,62.82903741267412
3588.6039374525517,2.1317,63.62141424865248
3588.6439477657077,2.1675,61.53713654080664
3588.683958078879,2.2106,59.16095452271234
3588.723968392067,2.4872,46.73412646340499
3588.7639787052703,2.1139,64.6973672763424
3588.8139915967986,2.2155,58.89955260476319
3588.8540019100396,1.9003,80.05917361771837
3588.894012223297,2.2122,59.07540777884973
3588.9340225365695,2.142,63.01102701579232
3588.974032849858,2.2585,56.67810511945029
3589.014043163163,2.012,71.41665620479223
3589.054053476486,2.0878,66.32506651576921
3589.0940637898243,1.9371,77.04622525545903
3589.1440766815176,2.0169,71.07006851494897
3589.1840869948924,2.056,68.39262197044489
3589.224097308283,1.9106,79.1983065249294
3589.2641076216887,2.0554,68.43255730433657
3589.3041179351126,2.2336,57.948834547789374
3589.344128248552,2.2059,59.41332550998334
3589.3841385620067,2.1753,61.09661900968125
3589.4241488754783,2.1941,60.05410044027231
3589.47416176734,2.0903,66.1665118288463
3589.514172080847,2.0776,66.97791213746012
3589.5541823943713,2.1233,64.12579586016538
3589.5941927079125,2.1236,64.10767910479993
3589.6342030214682,2.0221,70.70501338306335
3589.6742133350403,2.4396,48.57561316023899
3589.7142236486293,2.253,56.95516675722011
3589.7542339622346,2.0305,70.1212228690583
3589.804246854263,1.8937,80.61819674699271
3589.8442571679043,1.8893,80.99413802910192
3589.884267481562,1.982,73.59497433654573
3589.9242777952363,2.1802,60.82229841963297
3589.964288108925,2.1631,61.78773860050285
3590.0042984226316,2.1127,64.77088349026391
3590.044308736354,2.028,70.29421204293591
3590.0843190500927,1.9258,77.95304440828168
3590.1343319422886,2.0112,71.47348263635249
3590.1743422560635,2.11,64.93675381573246
3590.2143525698543,2.1001,65.55042823942165
3590.2543628836615,1.8952,80.49063303233721
3590.2943731974847,2.2714,56.03614771282354
3590.334383511324,1.8778,81.98922187440473
3590.37439382518,2.1139,64.6973672763424
3590.4144041390523,2.0322,70.00395472573798
3590.464417031414,1.9803,73.72138457183021
3590.5044273453223,1.9093,79.3061919230978
3590.5444376592477,1.9353,77.18961142561443
3590.5844479731886,2.2737,55.922836461432546
3590.6244582871445,2.0182,70.97854013619704
3590.6644686011177,2.1616,61.8735210970686
3590.704478915107,2.0307,70.10741132913904
3590.744489229112,2.1908,60.235155487675954
3590.794502121642,2.1078,65.0723789656579
3590.834512435683,1.9068,79.5142843799299
3590.8745227497407,1.7688,92.40552664161649
3590.9145330638153,1.8233,86.96392972238121
3590.954543377905,1.9944,72.68267961851633
3590.994553692012,2.0269,70.37053014138364
3591.0345640061346,1.7445,94.99777887654055
3591.074574320273,2.0377,69.6265665407273
3591.1245872129693,2.1363,63.347723021242025
3591.164597527144,1.979,73.81827110976461
3591.2046078413346,2.1753,61.09661900968125
3591.2446181555424,2.143,62.952234392335974
3591.2846284697666,2.1565,62.16652174227751
3591.3246387840068,2.2532,56.94505622753144
3591.364649098262,2.2374,57.75216119973784
3591.404659412533,2.2435,57.43853597402776
3591.454672305396,2.2401,57.613027416659854
3591.4946826197047,2.072,67.34044397755169
3591.534692934029,1.9174,78.63755422317561
3591.57470324837,2.1707,61.35583686829853
3591.614713562727,2.1193,64.36808824561567
3591.6547238771,2.0981,65.67545877128148
3591.6947341914884,2.1138,64.70348884574584
3591.734744505894,2.0134,71.31737289516552
3591.7847573989234,1.9407,76.76064890588339
3591.8247677133654,2.2801,55.609338198698985
3591.8647780278225,2.1655,61.65085720606516
3591.9047883422973,2.1936,60.08148050833267
3591.944798656787,1.7684,92.4473343435507
3591.984808971293,2.148,62.65950191224299
3592.0248192858157,2.1138,64.70348884574584
3592.0648296003537,2.0895,66.21718741372538
3592.11484249355,1.8911,80.84002667775269
3592.1548528081244,2.11,64.93675381573246
3592.1948631227156,2.4334,48.82345761475047
3592.234873437322,2.2355,57.85037250613752
3592.274883751946,2.3695,51.492277857837216
3592.314894066585,1.9658,74.81295230378387
3592.354904381241,2.0707,67.42502408552465
3592.394914695913,2.2497,57.12238000033206
3592.444927589275,2.2242,58.4396805644679
3592.484937903983,2.1758,61.06854217774895
3592.524948218707,2.1157,64.58732741524062
3592.5649585334468,2.1693,61.43505675491802
3592.604968848203,2.049,68.86071947507901
3592.6449791629757,2.2338,57.938458289498314
3592.6849894777642,1.979,73.81827110976461
3592.7249997925696,2.084,66.56716336243073
3592.7750126860974,2.2395,57.643902550986496
3592.8150230009396,2.2629,56.45790882196661
3592.8550333157964,1.9917,72.87987412823846
3592.8950436306695,1.9615,75.14132155299974
3592.935053945559,2.3983,50.263013113101486
3592.9750642604645,1.9805,73.70649588210746
3593.0150745753867,2.1004,65.53170445849793
3593.055084890325,2.0852,66.49056872140683
3593.1050977840196,2.3898,50.62119808609475
3593.1451080989937,2.4303,48.948091763776674
3593.185118413984,2.0411,69.39479637611535
3593.2251287289905,1.9018,79.93293390929522
3593.2651390440133,2.1559,62.2011291787401
3593.305149359052,2.0695,67.50323954590831
3593.345159674107,2.0137,71.29612483684357
3593.3851699891775,2.0125,71.38117409344177
3593.4351828830386,2.0937,65.95178825860567
3593.4751931981455,2.2587,56.66806827158129
3593.5152035132687,2.1339,63.49029761296574
3593.555213828409,2.1267,63.92092134017601
3593.5952241435643,2.1744,61.147206124803574
3593.6352344587362,2.1425,62.981620413644954
3593.6752447739245,2.2541,56.899592143053226
3593.715255089128,2.0747,67.16528535018065
3593.7652679831554,2.2844,55.40018481227247
3593.8052782983955,2.2171,58.814572011041726
3593.845288613652,2.0977,65.70050780178941
3593.8852989289235,1.9073,79.47260041813082
3593.925309244213,2.0713,67.38596732352981
3593.9653195595174,2.3021,54.55155688430765
3594.0053298748385,2.2041,59.5104060469719
3594.045340190175,1.8331,86.03657394647281
3594.095353084369,2.1267,63.92092134017601
3594.1353633997414,1.9573,75.46414584291597
3594.1753737151307,1.5873,114.74593708379497
3594.2153840305364,2.1811,60.77211388005766
3594.2553943459584,2.2677,56.21915498783788
3594.2954046613954,2.1737,61.18659510815475
3594.335414976849,2.0467,69.01557223092897
3594.3754252923186,1.9038,79.76507823963622
3594.4254381866785,2.158,62.080129405829176
3594.4654485021847,2.3894,50.638148086611714
3594.5054588177068,1.9269,77.8640685102038
3594.545469133245,2.0596,68.15374244042026
3594.5854794487996,2.1322,63.59157937161472
3594.6254897643685,2.2158,58.883604719904305
3594.665500079955,2.1806,60.79998650840109
3594.705510395558,2.0902,66.17284309503626
3594.7555232900845,2.3318,53.170767385442566
3594.7955336057234,2.3675,51.579313136793076
3594.835543921378,2.2304,58.11523448670405
3594.875554237049,1.9812,73.65442097158811
3594.9155645527367,2.0163,71.11237210523981
3594.955574868439,1.8456,84.87509298382379
3594.9955851841587,2.0546,68.48585884957821
3595.035595499894,1.9802,73.72883060847336
3595.0856083945855,2.417,49.48826594785718
3595.1256187103572,2.1942,60.04862667264874
3595.165629026145,1.8437,85.05011677581072
3595.205639341949,1.9644,74.91962650716376
3595.245649657768,2.1071,65.1156215358707
3595.285659973604,2.2045,59.48881204195911
3595.325670289457,2.0422,69.32005964072563
3595.365680605325,1.9104,79.21488994425607
3595.415693500183,2.1683,61.49173636110711
3595.455703816087,2.1379,63.25293993315108
3595.4957141320074,2.1198,64.3377266706581
3595.5357244479437,2.1535,62.33984831112497
3595.5757347638964,2.0587,68.21334485554426
3595.6157450798646,2.3618,51.82857787927526
3595.65575539585,2.0244,70.54444326826236
3595.695765711851,1.949,76.10825644128688
3595.745778606874,2.1076,65.08472958922945
3595.7857889229113,2.0793,66.86843697762211
3595.8257992389645,2.3955,50.38058241251461
3595.865809555034,2.0136,71.30320646773279
3595.9058198711186,1.924,78.0989706484864
3595.94583018722,2.0503,68.77342443358809
3595.9858405033383,2.0009,72.21122195777761
3596.025850819471,2.1193,64.36808824561567
3596.075863714661,1.9492,76.09263889299835
3596.1158740308306,1.942,76.65791420737247
3596.1558843470157,1.991,72.93112963240594
3596.195894663218,2.1359,63.371452081617356
3596.235904979436,2.3109,54.13687908626034
3596.275915295669,1.9533,75.77353559560828
3596.3159256119193,2.1466,62.741260850189086
3596.3559359281858,2.1062,65.17128249170747
3596.4059488235407,2.4201,49.36156432032456
3596.445959139843,2.0251,70.49568266253775
3596.4859694561615,1.8715,82.54214863655186
3596.5259797724957,2.0889,66.25523231711169
3596.5659900888463,2.047,68.99534443966381
3596.606000405212,2.5514,44.411808030002625
3596.6460107215953,1.9606,75.21032356951285
3596.686021037993,1.9252,78.00164101196077
3596.736033933515,2.1612,61.89642660079291
3596.7760442499493,2.038,69.60606956101475
3596.8160545664005,2.3239,53.53288524809688
3596.856064882867,2.0726,67.30146067295586
3596.89607519935,2.0973,65.72557116581596
3596.9360855158484,1.8322,86.12111918420531
3596.976095832364,1.9317,77.47758719209085
3597.0161061488952,2.1236,64.10767910479993
3597.056116465443,2.0582,68.2464910985059
3597.1061293611488,2.031,70.08670166916394
3597.146139677733,2.1025,65.40086233007746
3597.186149994332,2.1251,64.0172103873971
3597.2261603109473,2.0155,71.16883567251857
3597.266170627579,2.1789,60.894897014477195
3597.3061809442265,2.1411,63.06401082474502
3597.34619126089,1.7281,96.80942791286424
3597.38620157757,1.8764,82.11161333727603
3597.4362144734414,2.2367,57.78831519510792
3597.476224790158,2.3573,52.02664440775162
3597.516235106889,2.0947,65.88883316789992
3597.556245423638,1.9498,76.04581508002151
3597.596255740402,2.249,57.157944136369004
3597.6362660571817,2.0629,67.9358672644923
3597.6762763739775,2.2863,55.308143901179164
3597.7162866907897,2.2473,57.244452581138994
3597.7662995868272,2.1799,60.83904041396123
3597.8063099036754,2.1201,64.31952003577895
3597.8463202205403,2.1266,63.926933039054134
3597.88633053742,1.8072,88.52032102893199
3597.9263408543165,1.9392,76.87944577630819
3597.966351171229,2.121,64.26494647699633
3598.0063614881565,2.047,68.99534443966381
3598.0463718051014,2.2088,59.25741690980396
3598.0963847013045,2.2352,57.865902453036895
3598.136395018285,2.0014,72.17514612795961
3598.1764053352817,1.8168,87.58730754229067
3598.2164156522936,1.8319,86.14932862487933
3598.256425969322,2.2258,58.35569292876306
3598.296436286367,2.0707,67.42502408552465
3598.3364466034286,1.9157,78.77718264947185
3598.3764569205055,1.9245,78.05839450677738
3598.426469816874,2.0895,66.21718741372538
3598.466480133986,2.449,48.20343327202396
3598.5064904511155,2.0012,72.18957321503771
3598.5465007682606,2.126,63.96302104866572
3598.586511085421,1.6642,104.38650076625666
3598.6265214025975,2.0551,68.4525380893596
3598.666531719791,2.164,61.73635470469203
3598.7065420369995,2.0215,70.74699140216735
3598.756554933534,1.9242,78.08273639606175
3598.7965652507787,2.1354,63.40113216101829
3598.83657556804,1.8216,87.1263227660628
3598.8765858853167,1.8136,87.89666627442065
3598.9165962026104,2.3012,54.59423546996809
3598.9566065199197,2.093,65.99591052313049
3598.996616837244,2.2345,57.90216332414481
3599.036627154586,2.2529,56.960223031845395
3599.0866400512846,1.9334,77.34139817342795
3599.126650368662,2.0863,66.4204730408714
3599.1666606860563,2.134,63.48434739925689
3599.206671003465,1.9097,79.27297294847942
3599.2466813208907,2.1093,64.97986124347207
3599.286691638332,2.3726,51.35780789932782
3599.3267019557893,2.1774,60.97882625686332
3599.366712273263,2.0642,67.85032441545704
3599.416725170127,2.1842,60.59973060478537
3599.4567354876363,2.1951,59.999396423172264
3599.496745805162,2.0042,71.97362019079793
3599.5367561227035,1.6043,112.32700731897114
3599.5767664402606,1.8815,81.6670728669726
3599.6167767578345,2.2069,59.35949449109708
3599.6567870754243,2.022,70.71200712458725
3599.6967973930296,2.0378,69.6197332083101
3599.746810290059,2.0389,69.54463289851442
3599.786820607701,2.0316,70.04530986898811
3599.826830925358,2.1106,64.89983872449676
3599.8668412430316,2.0778,66.96501875861631
3599.906851560721,1.9141,78.90893763232246
3599.9468618784267,2.3183,53.79182162522106
3599.9868721961484,2.1983,59.82484496213431
3600.026882513886,1.9042,79.73157055827721
3600.0768954110804,2.09,66.18550835390614
3600.1169057288544,2.237,57.77281646973749
3600.1569160466443,2.2521,57.0006974793746
3600.196926364449,1.9224,78.22902712888744
3600.236936682272,2.054,68.52587588655992
3600.276947000109,2.3847,50.83794993351328
3600.3169573179625,1.985,73.37268922625964
3600.3569676358325,2.0864,66.41410620330824
3600.4069805331924,2.3651,51.68404706571876
3600.446990851098,2.0116,71.44506094576586
3600.487001169019,2.0027,72.08147539319319
3600.527011486957,1.8847,81.38998618268391
3600.567021804911,1.8122,88.03252633127265
3600.6070321228804,2.1055,65.21462370236986
3600.647042440866,2.0442,69.18448364002533
3600.6870527588676,2.1403,63.111163666766814
3600.737065656392,2.0109,71.4948100355895
3600.7770759744294,2.4881,46.70032308751176
3600.817086292483,1.8498,84.49011027567323
3600.8570966105535,2.1226,64.16809816642571
3600.8971069286376,2.0387,69.55827845892202
3600.93711724674,1.9505,75.99124190263176
3600.977127564857,2.104,65.30764343527257
3601.0171378829905,1.992,72.8579240229357
3601.0671507806796,2.0712,67.39247442680562
3601.1071610988497,1.9178,78.6047544265674
3601.147171417035,1.9788,73.83319368188063
3601.1871817352367,2.0459,69.06955651710065
3601.2271920534545,1.9937,72.73372720036716
3601.2672023716877,1.7447,94.97600039783394
3601.3072126899383,1.8612,83.45826314154918
3601.347223008203,2.4388,48.607486908226136
3601.397235906058,2.1614,61.884972259301826
3601.4372462243587,2.1699,61.40108659883718
3601.477256542677,2.1772,60.99002993113074
3601.51726686101,2.3308,53.216401631781224
3601.5572771793595,1.8551,84.00802557143898
3601.5972874977247,2.0553,68.43921659386022
3601.6372978161066,2.0502,68.78013354178479
3601.677308134503,1.8584,83.70994098574818
3601.727321032522,2.1682,61.497408635439314
3601.767331350955,2.2394,57.64905081961633
3601.807341669405,2.2012,59.66731480859904
3601.84735198787,2.3245,53.505253007217895
3601.8873623063514,1.7439,95.06315927680313
3601.927372624849,1.9827,73.54301754831363
3601.967382943362,1.9143,78.89245019057604
3602.0073932618907,2.1992,59.775889597659166
3602.057406160075,2.4971,46.364297044315876
3602.0974164786403,2.0085,71.66577341660276
3602.1374267972205,2.1326,63.567726577542594
3602.1774371158176,2.1519,62.43258569864174
3602.21744743443,2.0656,67.75838191214056
3602.2574577530595,1.8679,82.86062170864282
3602.2974680717043,2.0295,70.19034182820417
3602.337478390366,1.8892,81.00271268914469
3602.387491288714,1.95,76.03021674642135
3602.4275016074107,1.9645,74.91199935709652
3602.4675119261237,2.0098,71.57309222646515
3602.5075222448527,2.0486,68.88761292760857
3602.547532563597,1.8665,82.98497029037904
3602.5875428823574,2.068,67.60120040891037
3602.627553201134,2.2304,58.11523448670405
3602.6675635199263,2.2026,59.591488371543896
3602.71757641844,2.1142,64.6790077796598
3602.757586737269,1.9957,72.58801943753534
3602.7975970561124,1.9822,73.58012392298104
3602.837607374973,1.8156,87.70312539315937
3602.877617693849,2.0063,71.82302912724931
3602.917628012741,2.1831,60.66081481260849
3602.95763833165,2.0585,68.22660045436967
3602.997648650574,2.3114,54.11345994623751
3603.047661549252,2.0204,70.82404825910915
3603.0876718682116,2.0676,67.6273593204235
3603.127682187188,2.0479,68.93471439432743
3603.1676925061806,1.9156,78.78540766489517
3603.2077028251874,2.0027,72.08147539319319
3603.247713144212,2.0444,69.17094791987172
3603.287723463252,2.0404,69.44241906401282
3603.327733782308,2.0564,68.36601783232629
3603.3777466811503,2.1556,62.21844373487082
3603.4177570002416,2.1475,62.68868317752734
3603.457767319349,2.2847,55.385636769207935
3603.4977776384726,2.1413,63.0522308712123
3603.537787957613,2.2035,59.542819106848256
3603.577798276768,1.9181,78.58016804430173
3603.61780859594,2.1081,65.05385962086372
3603.6578189151273,2.1265,63.932945586063546
3603.707831814133,2.0548,68.47252762657772
3603.747842133357,2.1486,62.62451128176312
3603.7878524525963,2.0464,69.03580891895797
3603.827862771851,2.3671,51.596746671281785
3603.8678730911224,2.3852,50.81663826147515
3603.9078834104093,2.3993,50.22112379733714
3603.9478937297126,2.4506,48.14050967444364
3603.987904049031,2.1342,63.472449480967036
3604.037916948202,2.1156,64.59343337320419
3604.0779272675572,1.9905,72.96777381873318
3604.1179375869283,1.9009,80.00864187175969
3604.157947906315,1.987,73.22505817246783
3604.197958225717,1.9939,72.71913669073001
3604.237968545135,2.1563,62.17805434459215
3604.27797886457,1.8173,87.5391178046246
3604.31798918402,2.0573,68.30621524872383
3604.3680020833553,2.214,58.9793892963709
3604.408012402842,2.0926,66.02114312813126
3604.4480227223444,1.8037,88.86419367802611
3604.4880330418623,1.7875,90.482232980661
3604.5280433613957,2.3563,52.07081336944669
3604.568053680946,1.9523,75.8511803253994
3604.6080640005116,2.1974,59.87386049157297
3604.648074320093,1.845,84.93030524255175
3604.698087219593,2.1081,65.05385962086372
3604.738097539211,2.1036,65.33248231015945
3604.7781078588446,2.1108,64.8875406889984
3604.8181181784935,1.9063,79.55600114564729
3604.858128498159,2.0437,69.21834032785627
3604.8981388178404,2.2754,55.83930541962931
3604.9381491375375,2.2519,57.010822831902104
3604.9781594572505,1.843,85.11473571840587
3605.028172356915,2.2288,58.19870335695947
3605.0681826766636,2.0548,68.47252762657772
3605.1081929964294,2.1829,60.67193095460867
3605.1482033162097,2.2601,56.5978849268554
3605.1882136360064,2.0202,70.83807212189336
3605.2282239558185,1.8906,80.88279123590311
3605.2682342756475,1.9636,74.98068566383553
3605.3082445954924,2.0904,66.16018147125448
3605.3582574953202,2.1034,65.34490706194961
3605.3982678152006,2.0003,72.25454866831436
3605.4382781350964,1.9021,79.90772180003766
3605.478288455009,1.7897,90.25991812003858
3605.5182987749367,1.7583,93.51245322808919
3605.558309094881,2.085,66.50332531149306
3605.5983194148407,2.3206,53.68524589048081
3605.6383297348166,2.2183,58.75095720240451
3605.688342634808,2.2608,56.56284213802858
3605.72835295482,2.1479,62.665336535024394
3605.7683632748476,1.9214,78.31047747102521
3605.8083735948912,2.1555,62.22421686018905
3605.8483839149503,2.0663,67.71248072613706
3605.8883942350253,2.223,58.502790337698436
3605.9284045551162,1.9542,75.70375722758259
3605.9684148752235,2.1393,63.170179124697945
3606.0184277753797,2.2527,56.97033760125553
3606.0584380955224,2.0758,67.09412030275033
3606.098448415681,2.0623,67.97540315171653
3606.138458735856,2.0812,66.74639971540142
3606.178469056046,2.5007,46.23090138702652
3606.2184793762526,2.3471,52.47982036063185
3606.258489696475,2.2,59.73242414740959
3606.298500016713,1.8795,81.84097120346188
3606.3385103369674,2.0191,70.91527787349656
3606.3885232373073,2.2562,56.79372078216232
3606.4285335575973,2.1234,64.11975608850834
3606.4685438779034,2.181,60.77768687219256
3606.5085541982253,2.0829,66.63749144313677
3606.5485645185618,2.2199,58.6662978814822
3606.588574838916,2.1579,62.08588329053877
3606.628585159285,2.5139,45.74667726489191
3606.6785980597692,1.9754,74.08757129287835
3606.718608380174,2.1439,62.89939135641791
3606.758618700595,1.8827,81.56299977670498
3606.798629021032,1.9694,74.53969107541866
3606.8386393414844,1.7684,92.4473343435507
3606.878649661954,1.9824,73.56527800386458
3606.9186599824375,1.8041,88.82479262794149
3606.958670302938,2.071,67.40549146127897
3606.998680623454,1.8525,84.24400292767689
3607.048693524122,2.0957,65.82596817602429
3607.088703844674,2.1217,64.22254838071142
3607.1287141652424,1.9685,74.60786585184682
3607.1687244858263,1.8778,81.98922187440473
3607.208734806426,2.2123,59.07006726934211
3607.2487451270413,2.4531,48.04243792925573
3607.2887554476733,1.8725,82.4540097164432
3607.3287657683204,2.1165,64.53851090460866
3607.378778669152,2.0074,71.74433664311083
3607.4187889898353,1.7457,94.86722026014479
3607.458799310534,1.8651,83.10959899637247
3607.4988096312486,1.9909,72.93845626102723
3607.5388199519803,2.1366,63.32993497124208
3607.578830272727,1.9266,77.8883195504965
3607.6188405934886,2.0851,66.49694655760202
3607.6588509142666,1.8538,84.12589013813248
3607.708863815262,2.1165,64.53851090460866
3607.748874136076,1.7572,93.62956663134752
3607.7888844569065,2.0324,69.99017781649047
3607.828894777752,2.2078,59.31110910119114
3607.8689050986145,1.8082,88.42243827853765
3607.9089154194917,2.1806,60.79998650840109
3607.9489257403848,2.2386,57.6902618093203
3607.9889360612938,1.9502,76.01462321156771
3608.0389489624527,1.8577,83.77303832880294
3608.078959283398,2.3196,53.73154421331891
3608.118969604359,2.0222,70.69802067905776
3608.158979925335,1.8575,83.79107924470338
3608.198990246328,1.8872,81.17449223956447
3608.239000567337,2.0105,71.52326142046294
3608.2790108883605,2.3126,54.057315972960275
3608.319021209401,2.1246,64.04734533661266
3608.369034110724,2.0502,68.78013354178479
3608.4090444318,2.1518,62.438388654993545
3608.4490547528917,1.6945,100.68673029469839
3608.4890650739994,1.8565,83.88137130076034
3608.5290753951226,2.0798,66.83628947931007
3608.569085716262,1.9014,79.96656862041726
3608.6090960374177,1.9816,73.62468865427823
3608.649106358588,1.9524,75.8434104832599
3608.6991192600744,1.8896,80.96842221653654
3608.7391295812818,2.4816,46.94528562867774
3608.779139902504,2.074,67.21063116623765
3608.819150223742,2.0901,66.17917526999821
3608.859160544997,1.6562,105.39737914608675
3608.899170866266,2.2706,56.07564105881276
3608.9391811875525,2.3057,54.38134201974548
3608.9791915088545,2.1375,63.27661575209445
3609.0292044105045,1.8827,81.56299977670498
3609.069214731842,1.6996,100.08337469513032
3609.109225053195,2.0258,70.44697259463979
3609.1492353745643,2.0669,67.67317396537237
3609.1892456959495,1.945,76.42161984549689
3609.22925601735,1.9649,74.88150240102922
3609.269266338767,1.8544,84.0714603052248
3609.3092766602003,2.385,50.825161321874255
3609.359289562013,2.1798,60.84462261489902
3609.399299883481,1.7062,99.3105786546667
3609.4393102049653,1.9108,79.18172831259751
3609.4793205264655,2.1435,62.92286893266458
3609.5193308479807,1.8216,87.1263227660628
3609.559341169513,1.8107,88.17844052104017
3609.5993514910606,2.3343,53.05693824589772
3609.6393618126235,1.8849,81.3727151072938
3609.6893747146005,1.9506,75.98345053022813
3609.729385036198,2.0052,71.90185115272521
3609.769395357814,1.9026,79.86572811770499
3609.8094056794453,2.1139,64.6973672763424
3609.849416001091,2.1015,65.46311918633582
3609.889426322753,2.0689,67.54239832314563
3609.9294366444315,1.9197,78.44923528557236
3609.9694469661254,1.9902,72.9897735886097
3610.0194598682656,1.9164,78.71964358882673
3610.0594701899954,1.9935,72.7483221016474
3610.0994805117402,2.2598,56.612913234681045
3610.139490833502,2.2213,58.59237099407065
3610.1795011552786,2.1984,59.81940250788529
3610.2195114770716,2.2918,55.04299890900657
3610.259521798881,1.9893,73.05583262759077
3610.2995321207054,2.0649,67.80432978746627
3610.349545023008,2.2448,57.372028096095335
3610.3895553448683,2.1965,59.92293628460391
3610.429565666745,2.1754,61.09100209447816
3610.4695759886363,2.1639,61.74206086049222
3610.5095863105444,1.9614,75.14898375334064
3610.5495966324684,1.9384,76.94291690351821
3610.5896069544074,2.0988,65.63165742505969
3610.6296172763623,1.9818,73.60982924637302
3610.679630178829,1.9138,78.93367848751943
3610.71964050082,1.9095,79.28957982628687
3610.759650822826,2.0001,72.26899957078643
3610.799661144849,1.9974,72.46451181942659
3610.839671466887,2.0465,69.02906236743029
3610.8796817889415,2.1826,60.6886108976639
3610.9196921110115,1.8522,84.27129504945165
3610.959702433097,2.2255,58.371426813259575
3611.0097153357265,2.1404,63.1052666699533
3611.0497256578474,1.8741,82.31328080168258
3611.0897359799847,2.5157,45.681236610185174
3611.129746302138,2.1343,63.46650177607255
3611.169756624306,1.768,92.48917042494696
3611.209766946491,2.1226,64.16809816642571
3611.249777268692,2.0275,70.32888668903261
3611.289787590908,1.918,78.58836222319273
3611.3398004937,1.8877,81.13149616031464
3611.379810815952,2.3236,53.546709396320814
3611.4198211382195,2.1005,65.52546498091122
3611.459831460503,2.0964,65.78201619847532
3611.499841782802,1.8187,87.40439791959521
3611.5398521051175,2.1772,60.99002993113074
3611.5798624274485,2.5516,44.4048461158972
3611.6198727497954,2.4111,49.73075932306976
3611.669885652751,2.4436,48.416713713860844
3611.7098959751324,2.1248,64.0352888040599
3611.7499062975303,2.1042,65.29522930948205
3611.7899166199445,1.9266,77.8883195504965
3611.829926942374,2.0935,65.96439010375778
3611.8699372648193,2.0549,68.4658634747234
3611.9099475872813,2.0443,69.17771528335876
3611.9499579097583,2.2345,57.90216332414481
3611.999970812876,2.2729,55.962210057117254
3612.0399811353896,2.2023,59.607724720848296
3612.079991457918,2.0158,71.14765395670946
3612.1200017804617,2.039,69.53781162402382
3612.160012103022,2.3068,54.32949080783955
3612.2000224255976,2.0417,69.35401590938031
3612.2400327481896,2.0791,66.88130247154403
3612.2800430707966,2.1283,63.82484937393863
3612.3300559740783,1.8012,89.11104526143069
3612.3700662967212,2.3561,52.079653911241984
3612.41007661938,2.3009,54.608472795581676
3612.450086942055,2.1525,62.39778494307582
3612.4900972647447,2.1004,65.53170445849793
3612.530107587451,1.9624,75.07241445221459
3612.570117910173,1.9269,77.8640685102038
3612.6101282329105,1.6951,100.6154645159421
3612.6601411363545,1.8666,82.976078968945
3612.7001514591284,2.118,64.44712899685452
3612.7401617819173,2.0289,70.23186226931224
3612.7801721047213,2.1939,60.06505022109847
3612.8201824275425,2.1722,61.271128336600526
3612.8601927503787,2.0832,66.61830000844401
3612.9002030732313,1.9495,76.06922158237943
3612.940213396099,1.9221,78.253448883652
3612.9902262997057,2.2596,56.62293543217044
3613.0302366226097,2.1132,64.74023651402278
3613.070246945528,1.9879,73.15876952526402
3613.1102572684636,2.2005,59.70528231111081
3613.1502675914144,1.9505,75.99124190263176
3613.1902779143807,1.7919,90.0384215954586
3613.2302882373638,1.9111,79.15687075244719
3613.2702985603614,2.0983,65.66293962768174
3613.3203114641315,2.1237,64.10164189242717
3613.3603217871646,2.0993,65.60039757164614
3613.400332110214,2.0331,69.94199064795815
3613.440342433279,2.1283,63.82484937393863
3613.4803527563604,2.0397,69.49009079086468
3613.5203630794567,2.2116,59.107466050442
3613.5603734025703,1.8504,84.43532663981536
3613.600383725699,1.9368,77.07009519117588
3613.650396629631,1.894,80.59265975562043
3613.6904069527945,2.066,67.73214694999423
3613.730417275974,2.0059,71.851676678769
3613.7704275991696,2.0108,71.50192129004031
3613.8104379223805,2.3328,53.125191812515766
3613.850448245608,2.1944,60.03768138229836
3613.8904585688497,1.9846,73.4022690091689
3613.930468892109,1.9224,78.22902712888744
3613.980481796204,1.7963,89.59786753319
3614.0204921194977,1.7302,96.57456916188647
3614.060502442808,1.9548,75.65729184981771
3614.100512766133,2.0621,67.9885894504607
3614.1405230894743,1.9697,74.51698691434969
3614.180533412831,1.8151,87.75145064064769
3614.220543736204,2.1107,64.89368926975878
3614.260554059592,2.0016,72.16072336532966
3614.3105669638494,2.1083,65.0415177827647
3614.3505772872736,1.9459,76.35094456217679
3614.390587610714,1.9338,77.30940588496641
3614.4305979341693,1.8665,82.98497029037904
3614.470608257641,2.1386,63.211539212174046
3614.5106185811273,1.8818,81.64103592796152
3614.5506289046302,2.0638,67.8766280754294
3614.590639228149,1.9453,76.39805051805834
3614.640652132569,2.0728,67.28847376031192
3614.6806624561227,2.0301,70.14885819597858
3614.7206727796924,2.0593,68.17360122942958
3614.7606831032776,1.9384,76.94291690351821
3614.800693426879,2.1323,63.58561491460586
3614.8407037504967,2.132,63.60351080355865
3614.880714074129,2.1085,65.02917945652158
3614.9207243977776,1.9979,72.42824603636777
3614.9707373023602,2.246,57.31073868261951
3615.010747626044,2.3005,54.62746456140114
3615.0507579497435,2.4111,49.73075932306976
3615.0907682734587,2.2396,57.638754971964396
3615.1307785971903,2.0469,69.00208604854484
3615.170788920937,2.1191,64.3802388936054
3615.2107992447,2.1042,65.29522930948205
3615.250809568479,2.1093,64.97986124347207
3615.3008224732234,2.3284,53.326163813898326
3615.340832797037,2.1092,64.98602295130685
3615.3808431208668,2.1303,63.705063693154976
3615.4208534447125,2.1933,60.097917538038516
3615.4608637685733,2.0322,70.00395472573798
3615.50087409245,1.9926,72.81405355127369
3615.5408844163426,1.9729,74.2754532799844
3615.580894740251,2.0138,71.28904426089306
3615.6209050641746,2.1479,62.665336535024394
3615.6709179691024,1.9472,76.24903100013263
3615.710928293062,2.0461,69.05605450896907
3615.750938617037,2.3959,50.36376155828136
3615.790948941028,1.9538,75.73475793097467
3615.830959265035,2.0698,67.48367292644981
3615.870969589057,2.1071,65.1156215358707
3615.910979913096,2.1888,60.345284595240514
3615.9609928181653,1.8515,84.33502826670583
3616.0010031422385,1.832,86.13992393815819
3616.041013466328,2.0743,67.1911916236845
3616.0810237904325,1.9235,78.13957843672058
3616.121034114553,1.9624,75.07241445221459
3616.1610444386897,2.1459,62.782200339790386
3616.201054762842,2.0926,66.02114312813126
3616.24106508701,1.9027,79.85733335369619
3616.281075411194,1.9276,77.80752677635249
3616.331088316445,2.06,68.12727755013121
3616.3710986406645,1.9018,79.93293390929522
3616.4111089648986,2.1879,60.394941253916045
3616.4511192891496,2.0579,68.26639044222705
3616.491129613416,2.0407,69.42200333978145
3616.531139937698,2.0242,70.5583841621399
3616.5711502619956,2.1795,60.861373828171246
3616.611160586309,2.0663,67.71248072613706
3616.661173491723,2.1629,61.79916595576455
3616.7011838160715,2.2185,58.740364769230084
3616.7411941404353,1.9725,74.30558071084467
3616.781204464816,2.0877,66.33142055353488
3616.8212147892123,2.0124,71.38826839995684
3616.8612251136237,2.0605,68.09421810891428
3616.9012354380507,2.0282,70.28034936439421
3616.9412457624935,2.0428,69.27934502613981
3616.99125866807,2.324,53.528278388331486
3617.031268992548,2.0552,68.4458768554715
3617.0712793170424,1.9422,76.6421271766282
3617.111289641552,1.8725,82.4540097164432
3617.1512999660777,2.1244,64.059405274483
3617.1913102906196,2.0864,66.41410620330824
3617.231320615176,2.0942,65.92029944014266
3617.2713309397495,2.0237,70.59325448175
3617.321343845487,2.1169,64.51412340100687
3617.361354170095,2.4245,49.18256352527097
3617.4013644947186,2.1248,64.0352888040599
3617.441374819358,1.9402,76.80021724942993
3617.4813851440135,2.2172,58.80926683161177
3617.521395468684,1.8836,81.48507545766127
3617.5614057933713,1.9313,77.50968394367918
3617.601416118074,1.9482,76.17077474021613
3617.651429023973,2.1492,62.58954995256446
3617.6914393487114,1.9885,73.11462708897596
3617.731449673465,2.0331,69.94199064795815
3617.7714599982337,2.2365,57.7986511438183
3617.8114703230194,1.9403,76.79230113351086
3617.851480647819,1.8685,82.8074150036554
3617.891490972636,1.7011,99.90694910574479
3617.931501297467,2.2333,57.964404162460234
3617.9815142035295,1.9585,75.37169837184396
3618.0215245283957,1.9912,72.91647968657686
3618.061534853279,2.2553,56.83905800991615
3618.101545178178,2.0311,70.07980048834317
3618.1415555030917,1.9597,75.27942067615555
3618.1815658280225,2.0586,68.21997217202224
3618.221576152968,1.9037,79.77345846039987
3618.261586477929,1.8959,80.43120688969849
3618.311599384153,2.2293,58.172600028251125
3618.3516097091497,2.0388,69.55145517674816
3618.391620034162,2.0226,70.67006023411521
3618.4316303591904,2.2593,56.637973719168315
3618.4716406842335,2.0582,68.2464910985059
3618.5116510092926,1.8493,84.53580404438573
3618.551661334368,2.0111,71.48059070895654
3618.591671659459,1.9502,76.01462321156771
3618.6416845658446,2.0104,71.53037692033097
3618.681694890971,2.1211,64.2588870360191
3618.7217052161127,1.9598,75.2717385186214
3618.7617155412704,1.9528,75.8123430502426
3618.8017258664436,1.936,77.13380261178682
3618.8417361916327,1.8153,87.73211574981654
3618.8817465168368,1.8652,83.100687638176
3618.921756842057,1.9561,75.55676350610453
3618.971769748605,1.6128,111.14612566202709
3619.01178007386,1.8292,86.403838495314
3619.0517903991317,1.8977,80.27869865880815
3619.0918007244177,2.0954,65.84481822344256
3619.1318110497214,2.0584,68.23322970277428
3619.1718213750396,2.0211,70.77499752051136
3619.2118317003733,2.0556,68.41924164079553
3619.2518420257225,1.9776,73.92282421242928
3619.301854932432,2.1464,62.75295376012371
3619.3418652578175,1.8652,83.100687638176
3619.381875583217,2.0247,70.5235396730207
3619.4218859086336,1.8657,83.05615233893927
3619.4618962340655,1.9586,75.36400208513207
3619.5019065595134,2.1953,59.988464589525705
3619.541916884977,2.0687,67.55545882116634
3619.5819272104554,1.9593,75.31016106979192
3619.6319401173264,2.1432,62.94048574214537
3619.67195044284,1.9895,73.04114509326746
3619.711960768371,1.9942,72.69725915675151
3619.751971093916,2.0563,68.37266741137012
3619.791981419477,2.0516,68.68629528341174
3619.8319917450544,2.0398,69.48327753923512
3619.872002070647,2.1775,60.97322557736375
3619.9120123962557,2.1493,62.58372591080312
3619.9620253032867,2.2241,58.444935810911
3620.002035628931,2.0092,71.61584580603773
3620.0420459545903,1.9038,79.76507823963622
3620.0820562802646,1.8231,86.98301121042444
3620.1220666059558,1.8835,81.49372819939973
3620.162076931661,2.0628,67.94245418334236
3620.202087257383,2.0693,67.51628868698032
3620.242097583121,1.9483,76.16295574100192
3620.2921104903153,2.0557,68.41258526639999
3620.3321208160874,2.333,53.116083729888416
3620.3721311418753,2.207,59.35411541336299
3620.4121414676797,1.8973,80.31255186863379
3620.4521517935,1.7938,89.84778461790664
3620.4921621193353,1.7826,90.98035039217073
3620.5321724451856,1.897,80.3379558306845
3620.5721827710518,2.0984,65.65668139819816
3620.622195678408,2.1103,64.91829233423272
3620.6622060043096,2.2342,57.9177141319992
3620.702216330227,2.0146,71.23243760594804
3620.7422266561607,2.0728,67.28847376031192
3620.782236982109,1.9692,74.55483294795505
3620.8222473080737,1.9754,74.08757129287835
3620.8622576340535,2.1717,61.299345011775166
3620.90226796005,2.1075,65.09090621962824
3620.952280867567,2.1843,60.59418207063742
3620.992291193597,1.9716,74.3734344867918
3621.032301519644,1.8622,83.36865320723886
3621.072311845706,2.0842,66.55438840080875
3621.112322171784,2.0249,70.50960910419609
3621.152332497878,2.2208,58.61875740458386
3621.192342823987,2.0808,66.77206399186721
3621.2323531501124,2.2209,58.613478696735314
3621.28236605779,2.0089,71.63723696265396
3621.32237638395,2.0619,68.0017795865195
3621.362386710126,2.2084,59.27888503391903
3621.4023970363173,2.0155,71.16883567251857
3621.442407362524,2.0848,66.51608557306696
3621.482417688747,1.8653,83.09177771317223
3621.5224280149855,1.9967,72.51532969335258
3621.562438341239,2.1179,64.45321508402125
3621.6124512490796,2.2011,59.67273651984316
3621.6524615753674,1.965,74.87388107187772
3621.692471901673,2.097,65.74437810178698
3621.7324822279934,1.9611,75.17197738754578
3621.772492554329,1.65,106.19094408299979
3621.8125028806817,2.2501,57.10207253762406
3621.852513207048,2.2972,54.7845253629691
3621.892523533431,2.0645,67.83060670314909
3621.9425364414315,1.8056,88.67727183496854
3621.9825467678506,1.9749,74.12509061659968
3622.0225570942835,1.871,82.58627110242938
3622.0625674207336,1.9334,77.34139817342795
3622.102577747198,1.946,76.34309780538453
3622.1425880736797,2.1405,63.09937049960881
3622.1825984001757,2.118,64.44712899685452
3622.222608726687,2.1824,60.69973468137115
3622.272621634849,1.8509,84.38971430181624
3622.3126319613966,2.0491,68.85399857267268
3622.3526422879586,2.2367,57.78831519510792
3622.392652614538,2.1586,62.04562288892634
3622.4326629411316,1.7805,91.19508928565952
3622.472673267741,1.8497,84.49924606509664
3622.512683594366,1.8817,81.64971352395253
3622.5526939210063,2.0637,67.8832063803885
3622.60270682933,1.9345,77.25346712549806
3622.642717156006,2.0069,71.78008991337548
3622.6827274826974,1.7872,90.51261227000752
3622.7227378094053,1.8281,86.50785114802991
3622.7627481361274,1.8913,80.82293035043729
3622.802758462866,2.1159,64.57511809638473
3622.8427687896196,2.1298,63.73497847933074
3622.88277911639,1.9751,74.1100794677745
3622.932792024874,1.9599,75.26405753695711
3622.972802351678,2.004,71.98798689254848
3623.012812678499,2.1142,64.6790077796598
3623.052823005335,2.0312,70.07290032677317
3623.0928333321863,2.1845,60.58308728821379
3623.1328436590543,1.8303,86.3000133191937
3623.1728539859364,2.0636,67.88978564170459
3623.212864312835,2.035,69.81144747351988
3623.2628772214803,1.7543,93.93937682939985
3623.302887548414,1.8809,81.71918412552627
3623.342897875363,1.8499,84.48097596776843
3623.3829082023285,2.2827,55.482732096141724
3623.422918529309,2.0646,67.82403604237751
3623.4629288563046,2.0585,68.22660045436967
3623.502939183317,1.9612,75.16431167037459
3623.542949510344,2.0235,70.6072098478508
3623.59296241915,2.2026,59.591488371543896
3623.6329727462125,2.1002,65.54418608758337
3623.6729830732897,1.8294,86.38494725923658
3623.7129934003838,2.1065,65.15272091254852
3623.753003727493,2.157,62.137704269991154
3623.7930140546177,1.9573,75.46414584291597
3623.833024381759,2.0011,72.1967883807851
3623.873034708914,2.0492,68.84727865417256
3623.923047617882,2.1153,64.61175644320207
3623.963057945072,2.2199,58.6662978814822
3624.0030682722795,1.9104,79.21488994425607
3624.043078599502,2.1768,61.0124465447099
3624.08308892674,2.0882,66.29965949253665
3624.123099253993,1.9957,72.58801943753534
3624.1631095812622,2.2834,55.448719709016515
3624.203119908547,2.4157,49.54154411140266
3624.253132817674,1.8127,87.98396874496348
3624.293143144995,1.8766,82.09411207029655
3624.33315347233,1.9667,74.74449629451124
3624.373163799681,1.9897,73.02646198778932
3624.4131741270476,2.1086,65.02301160992961
3624.4531844544304,2.0612,68.04797530308328
3624.4931947818277,1.8459,84.84750704201934
3624.5332051092405,2.1081,65.05385962086372
3624.583218018529,2.1213,64.24677072479021
3624.623228345978,2.0075,71.73718919464268
3624.663238673442,2.1469,62.723727612121436
3624.7032490009215,2.3523,52.248052882948336
3624.743259328417,1.9978,72.43549701469199
3624.783269655928,2.1001,65.55042823942165
3624.823279983454,1.9868,73.23980121794614
3624.863290310996,1.797,89.52807759800872
3624.913303220445,2.1136,64.71573459130278
3624.9533135480224,2.161,61.907884122718855
3624.9933238756144,1.8917,80.78875396194887
3625.0333342032227,2.0017,72.15351360514266
3625.0733445308465,2.1056,65.20842945425699
3625.1133548584858,1.8092,88.32471779153452
3625.15336518614,1.9326,77.40544235505105
3625.1933755138116,1.8566,83.87233552922977
3625.2433884234215,1.8576,83.7820580583574
3625.2833987511262,2.3198,53.72227975865236
3625.3234090788487,2.0167,71.084165516456
3625.363419406585,1.8621,83.37760770452677
3625.4034297343364,1.8118,88.07140134856778
3625.443440062105,2.2208,58.61875740458386
3625.4834503898883,2.1101,64.93059911364911
3625.523460717687,2.1251,64.0172103873971
3625.563471045502,1.9497,76.05361604696688
3625.6134839552924,2.056,68.39262197044489
3625.6534942831418,2.212,59.08609097084759
3625.693504611006,2.1309,63.669193742401106
3625.7335149388873,1.6907,101.13984358858804
3625.7735252667835,1.9322,77.4374942811218
3625.813535594696,2.1042,65.29522930948205
3625.853545922624,2.0421,69.3268488991329
3625.8935562505667,1.9862,73.28405707936948
3625.9435691605167,1.9783,73.87051991487603
3625.9835794884943,1.8679,82.86062170864282
3626.023589816488,1.9848,73.3874768822421
3626.0636001444973,2.1284,63.81885206891834
3626.103610472523,1.8283,86.48892579174556
3626.1436208005625,2.0043,71.96643845265464
3626.1836311286193,2.0845,66.53523285254975
3626.22364145669,2.0969,65.75064887429912
3626.273654366801,1.9292,77.67851956709754
3626.3136646949083,1.9176,78.62115175918163
3626.35367502303,1.9356,77.16568594833082
3626.3936853511673,1.8962,80.40575868742377
3626.4336956793204,1.9536,75.75026542397978
3626.47370600749,2.0838,66.57994200259247
3626.5137163356735,2.1036,65.33248231015945
3626.5537266638735,2.0629,67.9358672644923
3626.6037395741455,2.2999,54.655970791985624
3626.6437499023796,2.0861,66.43320946293223
3626.6837602306305,2.1488,62.61285425128175
3626.7237705588964,2.1909,60.22965694795905
3626.763780887177,2.1943,60.04315365336954
3626.803791215474,2.0302,70.1419478328606
3626.843801543787,2.1536,62.334059086382666
3626.8838118721146,2.3229,53.57898657406757
3626.933824782547,2.1037,65.32627126310368
3626.973835110911,1.904,79.7483217591723
3627.0138454392886,2.0064,71.8158699163757
3627.0538557676828,1.9285,77.73492071193107
3627.093866096093,1.893,80.67783028301572
3627.1338764245183,1.9169,78.67858284700208
3627.173886752959,1.8084,88.40288121155055
3627.2138970814144,1.9577,75.43331112959581
3627.263909992007,2.0208,70.79601302406856
3627.3039203204994,2.0947,65.88883316789992
3627.3439306490063,1.9873,73.20295194964613
3627.3839409775283,2.0424,69.30648411552889
3627.423951306066,1.8958,80.43969230859936
3627.4639616346194,1.9328,77.38942385391772
3627.5039719631886,1.8912,80.83147783610013
3627.543982291774,1.8269,86.6215338434678
3627.5939952025265,1.9607,75.20265198617354
3627.6340055311457,2.1533,62.351429180384585
3627.6740158597804,1.9455,76.38234369012883
3627.714026188431,2.0885,66.28061380443926
3627.7540365170976,1.9183,78.56378353077599
3627.794046845779,1.7756,91.69911301148551
3627.834057174477,1.8913,80.82293035043729
3627.87406750319,1.966,74.7977317322852
3627.924080414102,1.5501,120.31946823862813
3627.9640907428497,1.8759,82.15539099734121
3628.0041010716136,1.6367,107.92379322803683
3628.0441114003916,2.2427,57.47952139687462
3628.0841217291863,1.9631,75.01888554984205
3628.124132057997,1.9162,78.73607688610585
3628.1641423868214,2.128,63.84284636218361
3628.204152715663,2.017,71.06302158668875
3628.254165626735,1.9055,79.62281628889897
3628.2941759556115,1.9564,75.53359311195833
3628.334186284503,2.035,69.81144747351988
3628.37419661341,2.0982,65.66919875198599
3628.4142069423324,2.2483,57.19354149585402
3628.4542172712704,2.2048,59.47262425045717
3628.4942276002234,2.0556,68.41924164079553
3628.5342379291924,1.9711,74.41117119712167
3628.5842508404257,1.6885,101.4035717260741
3628.6242611694297,1.9567,75.51043337439994
3628.6642714984496,1.87,82.6746222348419
3628.7042818274845,2.0253,70.48176034641553
3628.744292156535,2.2613,56.53783149646151
3628.784302485601,2.2362,57.814160267058426
3628.8243128146823,1.7654,92.76179848049354
3628.8643231437795,1.6861,101.69245332668078
3628.9143360551725,1.9489,76.1160670185338
3628.9543463843047,2.1468,62.72957120810236
3628.994356713452,1.8125,88.00338695726354
3629.034367042615,2.1917,60.18569572176243
3629.0743773717927,1.8432,85.09626565074619
3629.1143877009877,1.8724,82.46281725409587
3629.1543980301967,1.8866,81.22613266610529
3629.194408359422,2.2257,58.36093685001571
3629.244421270975,1.5519,120.0405207495548
3629.284431600235,2.0679,67.60773871368858
3629.3244419295106,1.8005,89.18034803583782
3629.364452258802,1.8993,80.14349964037098
3629.404462588108,1.8719,82.5068761175182
3629.44447291743,1.9662,74.78251580521426
3629.484483246768,2.0232,70.62815065738837
3629.5244935761207,2.0187,70.94338398874841
3629.574506487834,1.667,104.03612697003629
3629.614516817221,2.0744,67.18471365032342
3629.6545271466257,1.8552,83.99896932778134
3629.694537476044,2.0052,71.90185115272521
3629.7345478054785,2.1144,64.66677245650129
3629.774558134928,2.0621,67.9885894504607
3629.814568464394,1.7773,91.52377530792293
3629.854578793875,2.1036,65.33248231015945
3629.904591705748,2.2045,59.48881204195911
3629.944602035264,2.3527,52.230288241765265
3629.9846123647944,2.186,60.49997346296778
3630.0246226943414,1.7241,97.25915436974692
3630.0646330239047,2.1534,62.34563834240901
3630.104643353482,2.3008,54.613219808428326
3630.1446536830754,1.983,73.5207671950745
3630.184664012684,1.9021,79.90772180003766
3630.2346769247174,1.9894,73.04848830671216
3630.27468725436,1.8934,80.6437458779556
3630.3146975840195,2.1157,64.58732741524062
3630.354707913694,1.8274,86.57413883631257
3630.394718243385,2.0927,66.01483362039811
3630.43472857309,2.3889,50.65934756176822
3630.4747389028116,1.9614,75.14898375334064
3630.5147492325477,2.0607,68.08100106991856
3630.56476214474,2.1022,65.41953005849997
3630.604772474512,1.718,97.95104465906465
3630.6447828042983,1.9272,77.83982879422933
3630.6847931341013,1.955,75.64181289672999
3630.724803463919,1.9763,74.02010825812432
3630.764813793752,1.9623,75.08006611496349
3630.804824123601,1.9264,77.90449320546334
3630.844834453466,1.8534,84.16220606464385
3630.8948473658184,1.7877,90.46198861729
3630.9348576957177,1.9071,79.48927006858189
3630.974868025632,2.0333,69.92823202573288
3631.0148783555624,2.264,56.403060248418036
3631.054888685507,2.0988,65.63165742505969
3631.094899015469,1.7052,99.42709242466637
3631.134909345446,1.9669,74.72929660806443
3631.1749196754376,1.9181,78.58016804430173
3631.2249325879493,2.0899,66.19184234693395
3631.2649429179764,2.041,69.40159661740822
3631.304953248019,2.0371,69.66758767044827
3631.344963578077,2.012,71.41665620479223
3631.38497390815,2.1043,65.28902357391108
3631.424984238239,1.8386,85.52260339105443
3631.464994568343,2.3684,51.540119975089574
3631.505004898463,2.134,63.48434739925689
3631.555017811135,2.127,63.902891330734576
3631.59502814129,2.0934,65.97069238083087
3631.6350384714588,2.373,51.34049531348799
3631.675048801645,1.9418,76.67370611642625
3631.7150591318455,2.0637,67.8832063803885
3631.755069462062,1.9565,75.52587201569632
3631.7950797922954,1.8461,84.82912388508399
3631.8350901225426,1.9456,76.3744920925258
3631.8851030353735,2.0672,67.65353341852499
3631.925113365655,2.1352,63.4130100313433
3631.9651236959526,2.1798,60.84462261489902
3632.005134026266,1.9559,75.57221635909083
3632.0451443565953,1.9219,78.269736407422
3632.08515468694,2.2328,57.990367467860985
3632.1251650172985,2.1912,60.21316584543856
3632.165175347674,2.07,67.47063323944536
3632.2151882606645,1.8355,85.81172767131442
3632.255198591073,1.8389,85.49470119492545
3632.2952089214996,1.8589,83.66491508980337
3632.33521925194,1.9585,75.37169837184396
3632.375229582396,2.1217,64.22254838071142
3632.4152399128675,1.7553,93.83237225518313
3632.4552502433553,2.1014,65.46934976077571
3632.4952605738576,2.245,57.36180636834549
3632.5452734870078,1.9502,76.01462321156771
3632.5852838175456,2.09,66.18550835390614
3632.6252941480975,1.8388,85.50400040956971
3632.6653044786663,2.0346,69.83889985750866
3632.70531480925,1.9752,74.10257560326106
3632.745325139849,1.4973,128.9548460890537
3632.7853354704635,1.8464,84.80156034960885
3632.825345801093,2.005,71.91619636996515
3632.8753587144033,2.0452,69.11684474313377
3632.9153690450676,2.1772,60.99002993113074
3632.955379375749,2.0041,71.98080300402434
3632.995389706444,2.0306,70.11431658897112
3633.035400037156,1.8527,84.2258155448587
3633.0754103678814,1.7167,98.09945090083889
3633.115420698624,1.8833,81.51103781806913
3633.1554310293814,1.9238,78.1152099643546
3633.2054439428503,1.638,107.75255370344834
3633.2454542736427,1.9805,73.70649588210746
3633.2854646044507,2.0537,68.54589755892772
3633.325474935274,1.9405,76.7764725729918
3633.3654852661125,1.9998,72.29068405447813
3633.405495596966,2.0841,66.56077542189054
3633.4455059278353,1.6963,100.47315975884271
3633.4855162587205,1.7168,98.08802306571309
3633.535529172348,2.0041,71.98080300402434
3633.5755395032684,1.954,75.71925519949197
3633.6155498342036,1.649,106.31977741014964
3633.655560165154,1.8026,88.97268184395011
3633.69557049612,2.0371,69.66758767044827
3633.7355808271013,1.9502,76.01462321156771
3633.7755911580985,2.0961,65.80084736843921
3633.8156014891106,2.0869,66.38228574314496
3633.865614402898,1.6356,108.06900724169988
3633.905624733945,1.5883,114.60149366298587
3633.945635065008,2.0206,70.81002856038369
3633.9856453960856,1.9385,76.93497871495858
3634.0256557271778,2.1179,64.45321508402125
3634.0656660582877,1.738,95.7096774758144
3634.105676389412,1.7419,95.28158210026398
3634.1456867205516,1.9456,76.3744920925258
3634.195699634498,1.8767,82.08536353498079
3634.2357099656724,1.7193,97.8029749293379
3634.2757202968623,2.0199,70.85911572728767
3634.3157306280677,2.1288,63.79487129990766
3634.355740959288,1.7358,95.95244116348965
3634.3957512905245,1.9025,79.87412420549516
3634.4357616217762,1.8355,85.81172767131442
3634.475771953043,2.0344,69.85263212224014
3634.5257848671476,1.9905,72.96777381873318
3634.56579519845,2.1748,61.1247152089437
3634.6058055297667,1.8442,85.00400543145248
3634.6458158610994,1.9189,78.51466072501846
3634.685826192447,1.8505,84.42620121429852
3634.7258365238104,1.7705,92.22815992086633
3634.765846855189,2.015,71.20415955848608
3634.805857186583,1.8734,82.37480533523778
3634.845867517993,1.9859,73.30620005399054
3634.895880432277,2.0584,68.23322970277428
3634.935890763721,2.0296,70.18342533450299
3634.975901095181,2.144,62.893524015452385
3635.015911426656,2.0072,71.7586347449931
3635.0559217581467,1.8691,82.75425953008688
3635.0959320896523,1.7256,97.0901404160427
3635.1359424211737,1.6564,105.37192854176789
3635.185955335597,1.9838,73.4614822623839
3635.2259656671536,2.0467,69.01557223092897
3635.265975998725,1.8602,83.54801763123535
3635.305986330312,1.7799,91.25658290363
3635.345996661914,2.0253,70.48176034641553
3635.3860069935317,2.1926,60.136296848806
3635.4260173251637,2.0425,69.2996978483489
3635.466027656813,1.7804,91.20533390475022
3635.5060379884762,1.618,110.43286143346349
3635.556050903078,1.8134,87.91605559059204
3635.596061234777,1.9319,77.46154629211523
3635.6360715664905,1.8698,82.69230947403116
3635.676081898221,1.8248,86.82101848895293
3635.7160922299654,2.0687,67.55545882116634
3635.7561025617256,1.823,86.99255430962404
3635.7961128935017,1.8737,82.34842923442486
3635.836123225293,2.1543,62.293557083776435
3635.8861361400523,2.0725,67.30795553924065
3635.926146471878,2.0071,71.76578539883303
3635.9661568037195,1.8604,83.53005515394781
3636.0061671355757,1.9933,72.76292139633338
3636.0461774674477,1.9462,76.32740792029402
3636.086187799335,1.8678,82.86949447826245
3636.1261981312377,1.849,84.56323810050644
3636.1662084631557,1.9976,72.45000223833556
3636.216221378075,2.0955,65.8385339747475
3636.256231710027,2.0043,71.96643845265464
3636.2962420419954,1.9613,75.15664712571925
3636.336252373979,2.0204,70.82404825910915
3636.376262705978,1.8273,86.58361472536903
3636.4162730379926,1.769,92.38463342492703
3636.456283370022,2.1875,60.41703055602821
3636.4962937020678,1.9912,72.91647968657686
3636.546306617145,1.7672,92.57292782892077
3636.586316949225,1.8716,82.53332838656105
3636.6263272813203,1.7642,92.88803354761055
3636.666337613431,2.0076,71.730042814206
3636.7063479455564,1.9609,75.18731234039251
3636.7463582776973,1.7746,91.80248830492367
3636.786368609854,2.2587,56.66806827158129
3636.8263789420266,2.2871,55.26945844157278
3636.876391857263,1.7626,93.05674820160377
3636.9164021894703,2.1008,65.50675189393863
3636.9564125216916,2.005,71.91619636996515
3636.9964228539297,1.7675,92.54150547445299
3637.0364331861824,1.8226,87.03074241564993
3637.07644351845,1.914,78.91718329144105
3637.116453850734,1.9985,72.38476302165788
3637.156464183033,1.87,82.6746222348419
3637.2064770984284,1.5896,114.41412460382317
3637.2464874307616,1.6738,103.19252773019024
3637.28649776311,2.182,60.72199142583919
3637.3265080954757,2.0987,65.63791207696588
3637.3665184278543,1.8826,81.57166493368817
3637.4065287602493,1.8503,84.4444535449302
3637.44653909266,1.9848,73.3874768822421
3637.486549425086,1.9987,72.37027738495058
3637.5365623406396,1.9149,78.84301885783076
3637.5765726731006,2.0141,71.26780886057833
3637.616583005576,2.135,63.424891239866284
3637.6565933380675,1.8717,82.52450955025989
3637.6966036705735,1.8213,87.15502757599074
3637.736614003096,1.7434,95.11769451633316
3637.7766243356327,1.9631,75.01888554984205
3637.816634668186,2.009,71.63010551234055
3637.866647583898,2.1602,61.95374603833057
3637.906657916485,2.2596,56.62293543217044
3637.9466682490884,1.9433,76.55538561758775
3637.9866785817057,2.1927,60.130811839626446
3638.026688914339,2.0476,68.95491552657167
3638.0666992469883,2.1892,60.323234624827016
3638.1067095796525,2.0188,70.93635589366409
3638.1467199123317,1.8213,87.15502757599074
3638.196732828202,1.7608,93.24710220788268
3638.2367431609164,1.7166,98.11088073319662
3638.2767534936456,1.6589,105.05457226299013
3638.3167638263903,1.792,90.02837295046743
3638.3567741591514,1.943,76.57902779657975
3638.396784491927,1.9005,80.04232438457665
3638.436794824717,1.8074,88.50073148054271
3638.4768051575234,1.8188,87.39478697314017
3638.526818073553,1.7352,96.01880974933658
3638.566828406393,1.8015,89.08136879979288
3638.6068387392497,2.0437,69.21834032785627
3638.646849072121,2.082,66.69511553161418
3638.686859405008,1.9778,73.90787446033886
3638.72686973791,2.0049,71.92337058853053
3638.766880070827,1.9449,76.42947871178485
3638.80689040376,1.8583,83.71895052653952
3638.856903319948,2.0309,70.09360386943632
3638.896913652916,2.1473,62.700361391731136
3638.9369239858984,2.0158,71.14765395670946
3638.9769343188964,2.0073,71.75148515982336
3639.0169446519094,2.1174,64.48365845541306
3639.0569549849383,1.9503,76.00682824305572
3639.0969653179823,1.979,73.81827110976461
3639.1369756510426,2.0631,67.92269630013064
3639.186988567388,1.8751,82.22550810914412
3639.226998900482,1.8571,83.82717856427847
3639.2670092335916,1.9712,74.4036215577151
3639.3070195667165,1.9277,77.79945441361228
3639.3470298998564,1.9732,74.25286972961224
3639.3870402330117,2.0718,67.35344593947971
3639.4270505661825,1.8497,84.49924606509664
3639.4670608993683,1.8326,86.0835281448471
3639.517073815874,2.1581,62.0743763209549
3639.5570841490935,1.8647,83.1452587672346
3639.59709448233,2.3335,53.093323768298596
3639.6371048155806,2.0617,68.01497356138206
3639.677115148847,1.923,78.18021790439792
3639.717125482129,2.2017,59.640217332751796
3639.757135815427,2.1059,65.18985200410309
3639.7971461487405,1.5989,113.08701700428789
3639.8471590654026,1.6761,102.90951379602173
3639.887169398749,1.6422,107.20209489389767
3639.9271797321126,1.7908,90.1490678170362
3639.96719006549,2.0066,71.80155470554199
3640.007200398883,1.7591,93.42741780189235
3640.0472107322917,1.7942,89.80772767032292
3640.087221065716,1.9053,79.63953322660151
3640.1272313991553,1.8484,84.61814629169702
3640.1772443159757,2.1834,60.64414632686405
3640.2172546494485,2.0081,71.69432692504994
3640.2572649829385,2.0739,67.21711288851441
3640.297275316443,1.9082,79.39765184303924
3640.337285649962,1.9605,75.21799632680397
3640.377295983498,1.9694,74.53969107541866
3640.4173063170483,1.8824,81.58899939076034
3640.457316650614,1.8835,81.49372819939973
3640.507329567592,1.9792,73.80335306123712
3640.5473399011917,1.9433,76.55538561758775
3640.587350234807,1.8382,85.55982757205481
3640.6273605684387,1.9129,79.00797090777739
3640.6673709020843,1.9984,72.392007471004
3640.7073812357457,2.0227,70.66307271462411
3640.7473915694236,1.9612,75.16431167037459
3640.7874019031146,2.1147,64.64842598042392
3640.8374148202515,2.1783,60.92844790588236
3640.877425153978,1.9689,74.57755440918054
3640.91743548772,1.877,82.0591263181525
3640.9574458214774,1.811,88.14922867512027
3640.9974561552494,1.7505,94.34766804209558
3641.0374664890383,1.841,85.29976759742227
3641.0774768228407,1.8039,88.84448987666349
3641.1174871566595,1.7808,91.16436578277641
3641.167500073954,1.7825,90.99055884674486
3641.207510407807,1.8158,87.6838064710095
3641.2475207416755,1.9267,77.88023461170597
3641.287531075559,1.8406,85.33684637170691
3641.3275414094574,1.8153,87.73211574981654
3641.367551743372,1.8507,84.40795480077965
3641.407562077302,1.8989,80.17726735787944
3641.4475724112467,1.7402,95.46783392743988
3641.497585328699,1.7371,95.80887841365121
3641.537595662678,1.8639,83.21664719573603
3641.577605996673,1.9081,79.40597422559489
3641.6176163306827,1.6373,107.8447089165802
3641.657626664707,1.6762,102.89723526330742
3641.697636998748,1.8357,85.79303027929497
3641.7376473328036,2.1156,64.59343337320419
3641.7776576668753,1.9966,72.52259375318856
3641.827670584485,2.0291,70.21801802971278
3641.8676809185913,1.96,75.25637773092268
3641.9076912527116,2.0471,68.98860381873274
3641.9477015868483,2.0698,67.48367292644981
3641.9877119209996,1.9433,76.55538561758775
3642.0277222551663,1.8715,82.54214863655186
3642.067732589349,1.7381,95.69866466077168
3642.107742923546,2.0331,69.94199064795815
3642.157755841314,1.8474,84.70977885900115
3642.1977661755463,1.7367,95.85301723171953
3642.237776509793,1.8765,82.10286200429557
3642.2777868440558,1.836,85.76499564716288
3642.3177971783334,2.1664,61.59964393012564
3642.357807512626,2.0145,71.23950974992792
3642.3978178469342,2.0553,68.43921659386022
3642.4378281812587,1.9209,78.35125035279528
3642.487841099184,1.7856,90.6748938359214
3642.5278514335423,1.9583,75.38709448249354
3642.567861767916,1.8281,86.50785114802991
3642.607872102304,1.778,91.45172356984317
3642.6478824367077,1.624,109.61836296972292
3642.6878927711277,1.7507,94.32611272707479
3642.727903105561,1.7646,92.84592657584236
3642.7679134400114,1.9385,76.93497871495858
3642.817926358095,1.8505,84.42620121429852
3642.8579366925796,1.9598,75.2717385186214
3642.8979470270788,2.1324,63.579651296695786
3642.937957361593,2.1277,63.860850963543086
3642.977967696123,2.0368,69.68811183112949
3643.017978030669,1.9056,79.61445979379741
3643.0579883652294,1.5987,113.11531350017694
3643.0979986998045,1.8005,89.18034803583782
3643.1480116180473,2.2761,55.80496467355616
3643.188021952656,1.9222,78.24530702820954
3643.2280322872825,1.4639,134.90637781973302
3643.268042621923,1.7651,92.7933331115889
3643.308052956579,1.8612,83.45826314154918
3643.348063291251,1.6922,100.96061839473212
3643.388073625937,1.8766,82.09411207029655
3643.4280839606386,1.9628,75.04181949534077
3643.4780968790387,2.1653,61.66224660724772
3643.518107213775,1.8968,80.35489850232489
3643.5581175485268,1.8519,84.29860043591988
3643.598127883293,2.0301,70.14885819597858
3643.6381382180753,1.9647,74.89674855069669
3643.6781485528727,1.8831,81.52835295228057
3643.718158887685,2.0544,68.49919396623102
3643.7581692225126,2.1367,63.32400728617851
3643.80818214107,1.9323,77.42947943348499
3643.848192475932,1.9165,78.71142886941303
3643.888202810809,1.8283,86.48892579174556
3643.928213145702,2.0914,66.09692783000683
3643.9682234806105,1.8503,84.4444535449302
3644.0082338155335,1.9919,72.86523962274484
3644.0482441504723,2.1088,65.0106785489725
3644.088254485427,1.9892,73.063178056126
3644.1282648203955,1.816,87.66449393140843
3644.1782777391286,1.9044,79.71482463473325
3644.2182880741316,1.988,73.15140967690208
3644.258298409151,1.6963,100.47315975884271
3644.2983087441858,1.8774,82.02416292587186
3644.338319079235,2.0802,66.81058816927937
3644.3783294142995,2.1937,60.07600299693988
3644.418339749379,2.257,56.75346654713837
3644.4683526682506,2.1315,63.633354078672
3644.508363003364,2.0057,71.86600688233395
3644.5483733384945,1.8225,87.04029337118729
3644.588383673639,1.827,86.61205172898073
3644.6283940087988,2.1359,63.371452081617356
3644.6684043439736,2.2614,56.53283135880927
3644.7084146791653,2.0653,67.77806813795786
3644.74842501437,1.7933,89.89789350096228
3644.788435349591,1.869,82.76311522073591
3644.8384482686392,2.2567,56.768556868508405
3644.878458603895,2.0948,65.88254261710367
3644.9184689391655,2.032,70.01773570316873
3644.958479274451,1.8895,80.97699279308601
3644.998489609752,2.1182,64.4349594083299
3645.038499945069,2.1279,63.84884704985648
3645.0785102804007,1.8531,84.18945844385298
3645.118520615747,2.0731,67.26900043843972
3645.168533534953,2.0531,68.58596723704774
3645.2085438703343,1.9674,74.69131767003051
3645.2485542057298,1.8453,84.90269238108385
3645.288564541142,1.8351,85.84914079677547
3645.3285748765684,1.9086,79.36437539317517
3645.3685852120107,1.8389,85.49470119492545
3645.4085955474684,1.9031,79.82376752991037
3645.4486058829407,1.7899,90.23974831726456
3645.4986188023036,1.7853,90.70537021350373
3645.5386291378104,1.7207,97.64389039035973
3645.5786394733323,1.8476,84.69144044199301
3645.6186498088696,1.923,78.18021790439792
3645.658660144423,1.9792,73.80335306123712
3645.698670479991,1.7868,90.55314179445578
3645.7386808155734,1.6243,109.5778748188209
3645.7786911511726,1.4832,131.41830985315957
3645.828704070692,1.7642,92.88803354761055
3645.868714406324,2.0542,68.51253297805252
3645.908724741973,1.8506,84.41707726805984
3645.948735077636,1.7153,98.25965051391371
3645.988745413314,1.9826,73.55043657738288
3646.028755749008,1.9807,73.6916117022844
3646.068766084717,2.0841,66.56077542189054
3646.1087764204417,2.062,67.99518403873275
3646.158789340118,1.9679,74.65336767713637
3646.1987996758758,1.8136,87.89666627442065
3646.2388100116495,1.7003,100.00098464647479
3646.278820347439,1.7567,93.68287273822732
3646.318830683243,1.8531,84.18945844385298
3646.3588410190623,2.058,68.25975636071966
3646.398851354897,1.7585,93.49118349085472
3646.4388616907468,2.1032,65.35733535843451
3646.4888746105803,1.6451,106.8244742387551
3646.528884946464,1.7656,92.74078432278893
3646.5688952823634,1.8273,86.58361472536903
3646.608905618278,1.8697,82.70115522218575
3646.6489159542084,1.8768,82.07661639805018
3646.6889262901536,1.8096,88.28567495015575
3646.728936626114,2.0409,69.40839785831955
3646.768946962089,2.0144,71.24658294717169
3646.81895988208,1.9166,78.70321543579202
3646.8589702180893,1.8808,81.72787418434508
3646.898980554114,2.2728,55.96713468018682
3646.938990890155,1.7199,97.7347482707414
3646.9790012262097,1.635,108.14833844925649
3647.0190115622813,2.0972,65.73183924771647
3647.0590218983657,2.3157,53.912681141051394
3647.0990322344674,1.9899,73.01178330937591
3647.1490451546156,2.1632,61.78202611142345
3647.1890554907504,2.1257,63.98107651401945
3647.229065826901,2.0258,70.44697259463979
3647.2690761630674,2.0593,68.17360122942958
3647.309086499248,1.8247,86.83053494096745
3647.349096835444,1.8898,80.95128514491431
3647.389107171655,1.7646,92.84592657584236
3647.4291175078815,2.0172,71.04893087411544
3647.4791304281866,1.9185,78.54740414114418
3647.519140764448,2.1078,65.0723789656579
3647.5591511007233,2.11,64.93675381573246
3647.5991614370146,1.9265,77.89640574832848
3647.6391717733204,1.7405,95.43492629694359
3647.6791821096426,1.7567,93.68287273822732
3647.719192445979,1.8465,84.79237548980402
3647.7592027823316,2.114,64.69124657563653
3647.809215702793,2.0282,70.28034936439421
3647.84922603918,2.0781,66.94568566985761
3647.8892363755817,1.9865,73.26192413604078
3647.929246711998,1.8273,86.58361472536903
3647.969257048429,1.8535,84.1531248787468
3648.0092673848762,2.0479,68.93471439432743
3648.049277721339,1.926,77.93685563226254
3648.0892880578167,1.8351,85.84914079677547
3648.139300978435,1.7893,90.30027801788331
3648.1793113149465,1.8515,84.33502826670583
3648.2193216514734,2.0558,68.40592986333566
3648.2593319880157,1.6277,109.12057257341037
3648.299342324573,2.0956,65.8322506256653
3648.3393526611458,1.8386,85.52260339105443
3648.379362997733,1.7113,98.71953214414586
3648.4193733343363,1.9055,79.62281628889897
3648.469386255111,2.0376,69.63340087925418
3648.5093965917486,1.9048,79.68134861083368
3648.549406928401,1.9195,78.46558397666351
3648.5894172650687,1.8791,81.8758175185264
3648.629427601751,1.7664,92.65679905941893
3648.6694379384494,1.9391,76.88737537132403
3648.709448275162,1.7829,90.94973533413318
3648.7494586118905,2.0378,69.6197332083101
3648.7994715328223,1.9638,74.96541387865503
3648.8394818695842,1.8287,86.45109370580664
3648.8794922063626,1.8112,88.129762174874
3648.9195025431554,1.8826,81.57166493368817
3648.9595128799633,1.8598,83.5839599722709
3648.999523216787,1.7395,95.54468462188073
3649.039533553625,2.0651,67.7911970551795
3649.079543890479,2.0025,72.09587440222553
3649.129556811567,1.9596,75.28710400979955
3649.169567148455,1.8092,88.32471779153452
3649.209577485358,1.6198,110.18756129579029
3649.2495878222767,1.6546,105.60131633951124
3649.28959815921,1.7856,90.6748938359214
3649.329608496158,2.0858,66.45232096599369
3649.369618833121,2.0113,71.4663756239422
3649.4096291701003,1.8832,81.51969469558566
3649.4596420913463,2.0155,71.16883567251857
3649.499652428359,1.9372,77.03827107448774
3649.5396627653868,1.8639,83.21664719573603
3649.5796731024298,1.9685,74.60786585184682
3649.6196834394887,1.7877,90.46198861729
3649.6596937765626,1.865,83.11851178806904
3649.699704113652,2.0916,66.08428798756685
3649.7397144507554,2.1499,62.548798725097875
3649.7897273721574,1.9703,74.47160970088834
3649.829737709296,1.8464,84.80156034960885
3649.869748046449,2.0449,69.13712599333132
3649.909758383617,1.8659,83.03834824299284
3649.949768720801,1.6944,100.69861528549511
3649.9897790580003,1.782,91.04162690117889
3650.0297893952143,1.6968,100.41395519894567
3650.0697997324437,1.8962,80.40575868742377
3650.1198126540016,2.2393,57.65419977797702
3650.159822991265,1.5685,117.51310372490794
3650.199833328544,1.9082,79.39765184303924
3650.2398436658373,1.871,82.58627110242938
3650.2798540031467,1.9721,74.33572647574731
3650.3198643404717,2.0945,65.90141697262837
3650.3598746778107,1.8404,85.35539482570867
3650.3998850151647,1.6457,106.74659496357442
3650.449897936879,1.7389,95.61063052789005
3650.489908274268,1.73,96.5968998198465
3650.5299186116713,1.8915,80.80583944593374
3650.569928949091,2.116,64.56901473516513
3650.6099392865244,2.1169,64.51412340100687
3650.649949623974,1.7057,99.36880992400324
3650.689959961438,1.6038,112.39705623203324
3650.729970298918,1.9047,79.6897156396023
3650.779983220788,1.9506,75.98345053022813
3650.8199935583025,1.7586,93.48055134343998
3650.8600038958307,1.9104,79.21488994425607
3650.9000142333757,2.0541,68.51920394512561
3650.9400245709344,1.8565,83.88137130076034
3650.980034908508,1.8579,83.75500323881404
3651.020045246098,1.8644,83.17201865897526
3651.0600555837023,1.7789,91.35921057387334
3651.1100685057304,1.9103,79.22318360722392
3651.150078843368,2.0928,66.00852501710214
3651.1900891810224,1.9852,73.35790603941994
3651.2300995186906,2.0053,71.8946801536225
3651.270109856375,1.8353,85.8304311762529
3651.3101201940744,1.7084,99.05496817832066
3651.350130531789,1.8958,80.43969230859936
3651.3901408695183,2.0486,68.88761292760857
3651.4401537917024,1.9737,74.21525336094946
3651.480164129466,1.8805,81.75395267937
3651.520174467245,1.9864,73.26930066960303
3651.5601848050387,1.9018,79.93293390929522
3651.6001951428484,1.9435,76.5396302469299
3651.6402054806717,1.8197,87.30835974433799
3651.680215818512,2.009,71.63010551234055
3651.7202261563666,2.0256,70.46088460404842
3651.7702390787063,1.8225,87.04029337118729
3651.8102494165946,2.0063,71.82302912724931
3651.850259754498,1.7895,90.2800946859035
3651.8902700924173,1.9598,75.2717385186214
3651.9302804303516,1.8598,83.5839599722709
3651.9702907683013,1.8101,88.23690779214824
3652.0103011062656,1.6878,101.48770157299211
3652.0503114442445,1.6407,107.39820210531971
3652.10032436674,1.7573,93.6189108697432
3652.140334704754,1.8806,81.74525846097207
3652.180345042783,1.7875,90.482232980661
3652.2203553808263,1.8919,80.77167389619072
3652.2603657188856,2.0339,69.8869805089923
3652.3003760569595,1.9668,74.73689587167836
3652.3403863950493,1.8089,88.35401692132658
3652.380396733154,1.8734,82.37480533523778
3652.4304096558053,1.7914,90.08869006519782
3652.470419993944,2.0421,69.3268488991329
3652.5104303320973,1.784,90.8376122293761
3652.5504406702667,1.8967,80.36337184807446
3652.5904510084497,2.0062,71.83018940871192
3652.6304613466496,1.9166,78.70321543579202
3652.6704716848626,1.9968,72.50806672484389
3652.710482023092,2.0298,70.1695954137011
3652.7604949459005,2.1439,62.89939135641791
3652.800505284163,1.8387,85.51330114150265
3652.8405156224417,1.8161,87.65484005418512
3652.8805259607357,1.9982,72.40649963276952
3652.920536299044,1.9366,77.08601464486803
3652.960546637368,1.7666,92.63582056928111
3653.000556975707,1.8936,80.62671177475703
3653.0405673140604,1.8557,83.95371006834871
3653.0905802370253,2.0203,70.83105966989083
3653.130590575413,2.0429,69.27256274453008
3653.1706009138165,1.7756,91.69911301148551
3653.210611252234,2.2137,58.995376112764724
3653.2506215906674,1.9092,79.31449992931299
3653.2906319291164,1.748,94.6177340669479
3653.33064226758,1.8847,81.38998618268391
3653.370652606059,2.0633,67.90952916564915
3653.420665529178,2.2679,56.209239797345724
3653.4606758676914,2.3279,53.349073675900335
3653.5006862062196,1.8976,80.28715995429936
3653.540696544763,1.8079,88.45178604966428
3653.5807068833205,1.8356,85.80237821135633
3653.6207172218933,1.8026,88.97268184395011
3653.660727560482,1.9535,75.75802095666265
3653.7007378990857,1.8189,87.3851776118207
3653.7507508223616,1.9466,76.29604265713067
3653.790761160999,2.1288,63.79487129990766
3653.830771499651,1.9029,79.84054779590969
3653.870781838319,1.9435,76.5396302469299
3653.910792177002,2.0102,71.54461110592528
3653.9508025157,2.0863,66.4204730408714
3653.990812854413,2.025,70.50264536757305
3654.030823193141,1.953,75.79681649163628
3654.0708335318845,1.8458,84.8567008614435
3654.120846455335,2.0716,67.36645166736157
3654.1608567941116,1.929,77.69462791467127
3654.200867132904,1.7902,90.20950628728818
3654.2408774717123,1.9164,78.71964358882673
3654.2808878105343,1.7644,92.8669764820154
3654.320898149372,1.8447,84.95793157698685
3654.360908488225,1.9364,77.1019390315082
3654.400918827093,1.9799,73.75117548826438
3654.4509317506986,1.8118,88.07140134856778
3654.4909420896006,1.4899,130.239006139952
3654.5309524285176,1.7369,95.8309440108258
3654.5709627674505,1.6638,104.43669861983231
3654.610973106397,1.692,100.98448754973401
3654.6509834453595,1.5629,118.35673021921363
3654.690993784337,1.662,104.6630376592896
3654.7310041233286,1.9284,77.742983032604
3654.7810170470916,1.653,105.80584601425183
3654.8210273861173,1.6384,107.69994660649292
3654.8610377251593,1.5246,124.37797911390382
3654.901048064216,1.8241,86.887666524463
3654.941058403288,1.7819,91.05184567107935
3654.981068742374,1.7731,91.95787931699702
3655.021079081476,1.8934,80.6437458779556
3655.061089420593,1.6842,101.92202764429025
3655.111102344511,1.86,83.5659859031788
3655.1511126836617,1.8424,85.1701820159509
3655.1911230228275,1.5221,124.78688799199377
3655.2311333620087,1.7868,90.55314179445578
3655.2711437012053,1.6745,103.1062695899075
3655.311154040416,1.9678,74.66095536151605
3655.351164379643,1.8482,84.63646090676274
3655.3911747188845,1.9165,78.71142886941303
3655.4411876429576,1.9785,73.85558602578446
3655.4811979822325,2.0735,67.24304915623941
3655.521208321523,1.6707,103.57583224921747
3655.5612186608287,1.7102,98.84656564294457
3655.601229000149,1.9072,79.48093458782829
3655.641239339485,1.9104,79.21488994425607
3655.6812496788352,1.9659,74.80534143736294
3655.7212600182015,1.7378,95.73170880966501
3655.7712729424306,1.9401,76.80813458945846
3655.81128328183,1.7743,91.8335349816661
3655.8512936212455,1.9803,73.72138457183021
3655.891303960675,1.6839,101.95834727593491
3655.9313143001195,1.8234,86.95439133284874
3655.97132463958,1.973,74.26792428522124
3656.0113349790563,2.0183,70.97150681641347
3656.0513453185463,1.9862,73.28405707936948
3656.10135824293,1.7713,92.14486988019456
3656.141368582454,1.8279,86.5267827168143
3656.1813789219937,1.8351,85.84914079677547
3656.2213892615478,1.794,89.82775279487355
3656.2613996011173,2.0352,69.79772735108001
3656.3014099407023,1.8551,84.00802557143898
3656.3414202803015,1.8037,88.86419367802611
3656.381430619917,1.7673,92.56245193276264
3656.4314435444558,1.7766,91.59591223027124
3656.4714538841044,1.6485,106.38428201227937
3656.5114642237686,1.8927,80.70340776962811
3656.551474563447,2.0116,71.44506094576586
3656.591484903141,1.7931,89.91794879222455
3656.6314952428497,1.7401,95.47880692005317
3656.671505582573,1.6432,107.07165500858012
3656.7115159223126,1.7643,92.87750411968231
3656.7615288470065,1.9367,77.0780543015308
3656.8015391867807,1.8684,82.8162792283053
3656.841549526568,1.9165,78.71142886941303
3656.881559866372,1.6852,101.80110226230143
3656.9215702061897,1.8426,85.15169389839627
3656.961580546023,1.9768,73.98266860326756
3657.001590885871,1.9103,79.22318360722392
3657.0416012257338,1.742,95.27064308848742
3657.0916141505836,2.0354,69.78401127288943
3657.1316244904806,1.8511,84.37147971485231
3657.1716348303935,1.7135,98.46619870830494
3657.2116451703205,1.7565,93.70420792818327
3657.2516555102634,1.8431,85.10549993298669
3657.2916658502204,2.104,65.30764343527257
3657.3316761901933,1.8147,87.79013960232906
3657.371686530181,2.009,71.63010551234055
3657.421699455186,2.3663,51.63164026670912
3657.4617097952073,1.819,87.37556983528822
3657.5017201352434,1.5568,119.28605967188813
3657.541730475295,1.9767,73.99015426143947
3657.5817408153616,1.9085,79.37269254413567
3657.6217511554432,1.8606,83.51209846882482
3657.6617614955394,1.6659,104.17356313477646
3657.701771835651,1.9133,78.97493911106781
3657.751784760812,1.8505,84.42620121429852
3657.791795100958,1.7408,95.40203567833744
3657.831805441118,1.7051,99.43875507784674
3657.8718157812937,2.0705,67.43805055217113
3657.911826121484,2.0917,66.07796942594554
3657.9518364616897,2.0781,66.94568566985761
3657.991846801911,1.8305,86.28115612135285
3658.0318571421462,1.8504,84.43532663981536
3658.081870067462,1.5037,127.85947581940167
3658.1218804077325,1.8763,82.12036606953615
3658.161890748017,1.8886,81.05418925605551
3658.2019010883164,1.5151,125.94262095923308
3658.2419114286313,1.9523,75.8511803253994
3658.281921768961,1.5428,121.46078212140787
3658.321932109306,1.9122,79.06582643917876
3658.361942449666,1.7373,95.78682043668535
3658.4119553751375,1.666,104.1610576876994
3658.4519657155315,1.8259,86.71644069116644
3658.4919760559387,1.4392,139.57672134224785
3658.531986396363,1.7477,94.65021989426968
3658.5719967368022,1.8323,86.11171911630129
3658.6120070772567,1.7562,93.73622438120584
3658.6520174177253,1.8649,83.12742601357321
3658.692027758209,1.9914,72.90183415448772
3658.7420406838346,1.9154,78.80186156064319
3658.782051024353,2.0251,70.49568266253775
3658.822061364886,1.9686,74.60028625893739
3658.862071705434,1.6137,111.02218248035827
3658.9020820459964,1.8028,88.95294195106189
3658.942092386574,1.6759,102.93407745565187
3658.982102727167,1.7069,99.22914083195009
3659.0221130677755,1.7881,90.42152026772892
3659.0721259935563,1.7984,89.38874213029693
3659.112136334198,2.0602,68.11405088521387
3659.1521466748554,2.0295,70.19034182820417
3659.192157015527,1.8614,83.44032960019719
3659.2321673562133,1.823,86.99255430962404
3659.2721776969156,1.9033,79.80699255347407
3659.3121880376325,1.9502,76.01462321156771
3659.352198378364,1.6363,107.9765644403841
3659.4022113043,1.7138,98.43172880877317
3659.442221645066,1.8425,85.16093720460476
3659.4822319858467,1.9439,76.50813409341248
3659.522242326642,2.1563,62.17805434459215
3659.562252667453,1.9291,77.68657311462064
3659.6022630082794,2.1307,63.68114702574269
3659.64227334912,2.019,70.92230283624502
3659.682283689975,1.9871,73.21768831903181
3659.732296616067,1.8852,81.34681880005166
3659.772306956956,1.964,74.95014675874943
3659.8123172978603,2.0023,72.11027772621196
3659.85232763878,1.9068,79.5142843799299
3659.8923379797147,1.8631,83.28812760476349
3659.932348320665,1.7567,93.68287273822732
3659.9723586616296,1.8386,85.52260339105443
3660.012369002609,1.7451,94.93246590188149
3660.0623819288553,1.9625,75.06476395911622
3660.1023922698682,1.9019,79.92452854723763
3660.1424026108966,1.7974,89.48823423944826
3660.18241295194,2.1465,62.74710689659927
3660.222423292999,1.9771,73.96021844347172
3660.2624336340723,1.7756,91.69911301148551
3660.302443975161,1.5094,126.89561940419418
3660.342454316265,1.5307,123.38863643659043
3660.3924672426647,1.7665,92.64630892367022
3660.4324775838027,1.8619,83.39552102769373
3660.4724879249547,1.915,78.83478481927993
3660.5124982661214,1.7584,93.50181745226688
3660.5525086073044,1.8658,83.04724957529102
3660.592518948502,1.9393,76.87151740792875
3660.632529289715,1.9979,72.42824603636777
3660.672539630942,1.7929,89.93801079542791
3660.722552557497,1.6126,111.17369677676987
3660.7625628987576,1.7072,99.19426956995444
3660.802573240034,1.6977,100.30751878271468
3660.8425835813255,1.9447,76.44520008156913
3660.882593922631,1.6957,100.54427437298817
3660.9226042639525,1.962,75.10302812349812
3660.9626146052888,2.0278,70.30807882346656
3661.0026249466405,2.0621,67.9885894504607
3661.05263787335,2.1463,62.758801440914624
3661.0926482147347,1.7841,90.82742950244796
3661.1326585561346,1.835,85.85849790121402
3661.172668897549,1.7182,97.92824282298885
3661.212679238979,1.9518,75.89004745163949
3661.252689580424,1.8041,88.82479262794149
3661.2926999218835,1.7839,90.84779666878926
3661.332710263358,1.9655,74.83579187346929
3661.3827231902233,1.9801,73.73627777327481
3661.4227335317314,2.1653,61.66224660724772
3661.4627438732546,1.9405,76.7764725729918
3661.502754214794,1.8013,89.10115146003466
3661.542764556347,1.6009,112.80463507711666
3661.582774897916,2.3783,51.111927579557545
3661.622785239499,1.8706,82.62159455238833
3661.6627955810973,1.7858,90.65458478328038
3661.7128085081167,2.0244,70.54444326826236
3661.752818849749,1.7149,98.30549391130016
3661.792829191396,1.6127,111.15990993718088
3661.8328395330586,1.6358,108.04258290261387
3661.872849874735,1.6658,104.18607083407136
3661.9128602164274,1.6649,104.29874156682408
3661.9528705581342,1.6327,108.45325206216721
3661.9928808998557,1.5843,115.18090964531453
3662.0428938270306,1.8755,82.1904383375018
3662.0829041687857,1.779,91.3489400183354
3662.1229145105567,1.7262,97.0226581701707
3662.1629248523423,1.6897,101.25959231562821
3662.2029351941437,1.8454,84.89349108640643
3662.242945535959,1.838,85.57844877685721
3662.2829558777903,1.7105,98.81189583657863
3662.322966219636,1.7863,90.60384199283801
3662.372979146963,1.9564,75.53359311195833
3662.4129894888424,1.8826,81.57166493368817
3662.4529998307376,1.8049,88.74606910138027
3662.4930101726463,1.9921,72.85060952479003
3662.533020514571,2.0006,72.23288044025537
3662.5730308565107,1.7949,89.7376924418464
3662.613041198465,1.6058,112.11725303887222
3662.653051540434,1.9177,78.61295245158584
3662.7030644679157,1.596,113.49835797565513
3662.743074809919,1.5406,121.80792523393579
3662.783085151937,1.853,84.19854551181997
3662.82309549397,2.1013,65.47558122476775
3662.8631058360183,1.8806,81.74525846097207
3662.903116178081,2.0734,67.24953556872985
3662.9431265201574,2.0133,71.32445769212835
3662.9831368622504,1.6962,100.48500695401242
3663.0331497898874,1.616,110.70637908242014
3663.0731601320144,1.8441,85.01322469983161
3663.1131704741556,1.9009,80.00864187175969
3663.1531808163118,1.6588,105.06723897091284
3663.193191158483,1.8354,85.82107865950225
3663.233201500669,1.901,80.0002245655626
3663.2732118428703,1.7927,89.95807951356778
3663.3132221850865,1.9331,77.36540542380556
3663.353232527318,1.8182,87.45247644111043
3663.403245455127,1.6338,108.30726314822054
3663.4432557973923,1.6606,104.83958822066191
3663.483266139672,1.6969,100.40212056670094
3663.5232764819666,2.0319,70.02462771795336
3663.5632868242756,1.7301,96.58573352283089
3663.6032971666004,1.8684,82.8162792283053
3663.6433075089403,1.9424,76.62634502218431
3663.693320436886,2.024,70.57232918889564
3663.7333307792587,1.7067,99.25239855663003
3663.7733411216477,1.597,113.3562631076705
3663.81335146405,1.945,76.42161984549689
3663.8533618064675,2.1285,63.812855609163925
3663.8933721489016,2.0019,72.13909732594499
3663.9333824913488,2.2544,56.884449546973265
3663.9733928338123,2.0895,66.21718741372538
3664.0134031762896,1.8562,83.9084873780943
3664.063416104409,1.9008,80.01706050648002
3664.10342644692,1.8888,81.03702494960879
3664.1434367894467,2.0137,71.29612483684357
3664.183447131987,1.8925,80.72046618537495
3664.223457474544,1.8477,84.6822734665315
3664.263467817115,2.1042,65.29522930948205
3664.3034781597016,2.0528,68.60601525306339
3664.3434885023034,1.8959,80.43120688969849
3664.3935014305757,1.6534,105.75465792500123
3664.4335117732094,1.9795,73.78098446617543
3664.4735221158594,1.9063,79.55600114564729
3664.5135324585244,1.8228,87.01164522010201
3664.5535428012045,1.8764,82.11161333727603
3664.5935531438986,1.6716,103.46433057580113
3664.6335634866077,1.7341,96.14066446269588
3664.673573829333,1.8617,83.41344012438248
3664.7235867577588,1.8912,80.83147783610013
3664.763597100517,1.8339,85.9615270966017
3664.8036074432903,1.654,105.67794541298858
3664.8436177860776,1.7688,92.40552664161649
3664.883628128881,1.7767,91.5856017351982
3664.923638471699,1.9254,77.98543709603415
3664.9636488145316,1.7163,98.14518221831669
3665.00365915738,1.642,107.22821147327642
3665.0536720859604,1.7614,93.18358602698505
3665.093682428841,1.8361,85.7556538233604
3665.1336927717375,1.8906,80.88279123590311
3665.173703114649,1.893,80.67783028301572
3665.2137134575746,2.145,62.834895731803876
3665.2537238005157,2.0169,71.07006851494897
3665.2937341434713,2.1401,63.12296014041874
3665.333744486443,2.0887,66.26792123800475
3665.383757415177,1.804,88.83464043340403
3665.423767758182,1.7373,95.78682043668535
3665.4637781012007,1.495,129.3519351836212
3665.5037884442354,1.5332,122.98657552222795
3665.5437987872842,1.7193,97.8029749293379
3665.5838091303485,1.7422,95.24877071562543
3665.623819473427,1.9174,78.63755422317561
3665.6638298165212,1.9339,77.30141091448026
3665.71384274541,1.6859,101.71658249802873
3665.753853088538,1.6987,100.1894544570789
3665.7938634316797,1.5977,113.25695541302566
3665.8338737748372,1.7725,92.02014621111303
3665.87388411801,1.8339,85.9615270966017
3665.9138944611973,2.04,69.46965404169802
3665.953904804399,1.9943,72.68996883933886
3665.9939151476165,1.8624,83.35074853970487
3666.043928076659,1.8457,84.86589617527036
3666.0839384199094,1.5809,115.67687518732065
3666.123948763175,1.6404,107.4374881174754
3666.1639591064554,1.5373,122.33143700869388
3666.2039694497507,1.4068,146.0799326691008
3666.2439797930615,1.5932,113.89764803382023
3666.2839901363864,1.9476,76.21771403081347
3666.3240004797267,1.8543,84.08052827501359
3666.374013408923,1.7179,97.96244856366127
3666.414023752296,1.5823,115.47226685976162
3666.454034095685,1.716,98.1795016952882
3666.4940444390886,1.4698,133.8254830550612
3666.5340547825067,1.7237,97.30429929420492
3666.5740651259407,1.8493,84.53580404438573
3666.614075469389,1.7372,95.7978484728615
3666.6540858128524,1.6568,105.32105498067466
3666.7040987422024,1.9361,77.12583486520504
3666.7441090856987,1.9397,76.8398161957161
3666.7841194292096,1.6506,106.11375645715779
3666.8241297727363,1.6639,104.42414576238332
3666.864140116278,1.7065,99.27566445912679
3666.9041504598345,1.6884,101.4155838694776
3666.9441608034062,1.8447,84.95793157698685
3666.984171146992,1.9048,79.68134861083368
3667.034184076496,2.1697,61.412406852924164
3667.0741944201163,2.109,64.99834899654181
3667.11420476375,2.1872,60.43360548645422
3667.154215107399,2.0148,71.21829647694359
3667.1942254510636,2.099,65.61915080298174
3667.2342357947427,2.0809,66.76564653523766
3667.2742461384373,2.0378,69.6197332083101
3667.314256482146,1.9318,77.46956611933315
3667.364269411804,1.9646,74.90437337168653
3667.4042797555458,1.9805,73.70649588210746
3667.4442900993035,1.6359,108.02937436729691
3667.4843004430763,1.9196,78.45740899236445
3667.5243107868637,2.1776,60.96762566943129
3667.5643211306656,2.0844,66.54161711631474
3667.604331474483,1.6712,103.51386463549059
3667.644341818315,1.4633,135.01703232139042
3667.6943547481264,1.5735,116.7674645591767
3667.7343650919906,1.8051,88.72640457231586
3667.774375435871,1.8515,84.33502826670583
3667.814385779767,1.608,111.81067459381698
3667.8543961236765,1.9578,75.42560540417743
3667.894406467602,1.8947,80.53312060875434
3667.9344168115417,1.9597,75.27942067615555
3667.9744271554964,2.0348,69.82517164179914
3668.0244400854613,1.9173,78.64575738010913
3668.064450429449,1.7267,96.96647669418422
3668.1044607734525,1.6552,105.5247705836074
3668.14447111747,1.9009,80.00864187175969
3668.1844814615033,1.8541,84.09866861647627
3668.224491805551,1.7108,98.7772442673366
3668.2645021496137,1.9998,72.29068405447813
3668.3045124936925,1.5948,113.66922477387301
3668.3545254238097,1.5998,112.95981407518357
3668.394535767921,1.6818,102.21312915120471
3668.434546112047,1.6045,112.29900608828946
3668.474556456187,1.8926,80.71193630151056
3668.514566800343,1.6801,102.42008126864441
3668.5545771445145,1.6155,110.77491727025057
3668.5945874887,1.8908,80.8656813415174
3668.6345978329005,2.2876,55.245300636811265
3668.6846107631704,1.6869,101.59602244909924
3668.724621107405,2.0149,71.21122749150098
3668.7646314516537,1.728,96.82063302548974
3668.804641795917,1.7021,99.78959108647359
3668.844652140196,2.022,70.71200712458725
3668.8846624844896,1.8399,85.40179242680247
3668.9246728287976,2.1625,61.822030178803665
3668.9646831731206,1.8394,85.4482278694873
3669.014696103545,2.1117,64.83224276383285
3669.054706447902,1.8799,81.8061471295309
3669.0947167922736,1.9069,79.50594496435758
3669.1347271366594,1.8754,82.1992036767134
3669.174737481061,1.8503,84.4444535449302
3669.2147478254765,1.6147,110.88471083214249
3669.2547581699077,1.8311,86.22462159692786
3669.294768514354,2.0345,69.84576548364716
3669.3447814449323,1.8244,86.8590936867828
3669.384791789411,1.9667,74.74449629451124
3669.424802133905,2.0589,68.20009311944611
3669.464812478414,1.9763,74.02010825812432
3669.5048228229375,1.7466,94.76947784442073
3669.544833167477,1.8832,81.51969469558566
3669.58484351203,1.899,80.16882342801108
3669.624853856598,1.6946,100.67484740787306
3669.67486678733,1.7997,89.25965024809061
3669.714877131931,2.0362,69.72918737084487
3669.754887476548,2.0077,71.7228975015881
3669.79489782118,1.855,84.01708327975692
3669.8349081658257,1.7318,96.39620232764663
3669.874918510487,1.8771,82.05038337458963
3669.914928855164,1.9314,77.50165788618233
3669.9549391998544,1.952,75.87449701705593
3670.004952130739,1.7039,99.57886712063566
3670.0449624754633,1.5465,120.88028809809435
3670.0849728202024,1.8718,82.51569212734628
3670.1249831649566,2.2226,58.523849647827966
3670.164993509726,1.7469,94.73693060550933
3670.2050038545094,1.9493,76.08483192146342
3670.245014199308,2.0016,72.16072336532966
3670.2850245441223,1.7686,92.42642694675541
3670.3350374751594,1.8041,88.82479262794149
3670.375047820007,1.7169,98.07659722735397
3670.4150581648682,2.0381,69.59923924574181
3670.455068509745,1.8208,87.20290045949302
3670.4950788546357,1.988,73.15140967690208
3670.5350891995427,2.0087,71.65150305866509
3670.5750995444646,1.9166,78.70321543579202
3670.6151098893997,1.7904,90.18935337902265
3670.6651228205915,1.721,97.60985134684223
3670.7051331655603,1.8148,87.78046496352557
3670.7451435105445,1.8079,88.45178604966428
3670.785153855544,1.9258,77.95304440828168
3670.825164200558,1.8431,85.10549993298669
3670.8651745455863,1.9564,75.53359311195833
3670.9051848906306,1.9102,79.23147857275838
3670.945195235689,1.7865,90.58355680510803
3670.9952081670326,1.7694,92.34286824407798
3671.035218512124,1.8631,83.28812760476349
3671.075228857231,1.9002,80.06760022945213
3671.1152392023537,1.8901,80.9255897368542
3671.1552495474903,2.0145,71.23950974992792
3671.1952598926414,1.882,81.62368488554725
3671.235270237807,1.8981,80.24486684909306
3671.2752805829878,1.6275,109.14739339314967
3671.325293514485,1.7025,99.7427057720423
3671.365303859699,1.8908,80.8656813415174
3671.4053142049274,1.8362,85.7463135257911
3671.445324550172,1.6289,108.95985506624513
3671.485334895431,1.9526,75.82787438013212
3671.5253452407046,1.8016,89.07147994021562
3671.5653555859926,1.7521,94.17543214583425
3671.6053659312965,1.7704,92.23857911568672
3671.6553788629462,1.6276,109.13398174737425
3671.6953892082834,1.783,90.93953374873125
3671.735399553634,1.8094,88.30519313417943
3671.775409899,1.7906,90.16920722327744
3671.815420244382,1.8726,82.4452035897642
3671.855430589778,1.7754,91.71977409661316
3671.895440935188,1.6877,101.49972866881748
3671.935451280614,1.8868,81.2089137166346
3671.985464212417,2.0879,66.31871339096143
3672.0254745578764,1.9237,78.1233315217381
3672.0654849033494,1.8862,81.26058699852732
3672.1054952488385,1.9001,80.07602817166779
3672.145505594342,1.7773,91.52377530792293
3672.18551593986,1.7293,96.67511814657065
3672.2255262853932,1.8052,88.7165747586773
3672.265536630941,2.0954,65.84481822344256
3672.315549562897,1.9908,72.94578399374869
3672.3555599084784,1.7743,91.8335349816661
3672.3955702540743,2.2097,59.209156249779326
3672.4355805996856,2.1098,64.94906584547883
3672.475590945311,1.8399,85.40179242680247
3672.5156012909515,1.7455,94.88896133166904
3672.555611636607,1.8315,86.18696277790939
3672.595621982277,1.8219,87.09763213484267
3672.635632327962,1.9309,77.54180064455088
3672.6856452600887,1.8648,83.13634167319252
3672.7256556058073,1.7636,92.95124773340851
3672.76566595154,1.6956,100.55613414887053
3672.8056762972888,1.8739,82.33085220453002
3672.845686643051,2.0662,67.71903518229121
3672.8856969888284,2.0272,70.34970379318163
3672.925707334621,1.8115,88.10057451293338
3672.9757202668816,1.8409,85.30903502509942
3673.015730612708,1.6193,110.2556181752026
3673.0557409585485,1.7947,89.75769414521407
3673.0957513044036,2.0875,66.34413136863967
3673.135761650274,2.1598,61.97669610938799
3673.175771996159,1.8615,83.43136499707433
3673.2157823420584,2.0379,69.61290088180503
3673.2557926879726,2.244,57.41294234155922
3673.2958030339028,1.7845,90.78671571190867
3673.3458159663355,1.9239,78.10708967335847
3673.385826312298,1.8553,83.98991454846822
3673.425836658276,1.7042,99.54381136051964
3673.4658470042673,1.7683,92.45779070232211
3673.5058573502747,1.8195,87.32755471223803
3673.545867696296,1.9185,78.54740414114418
3673.585878042333,1.7992,89.30926785775577
3673.6258883883847,1.809,88.34424892508393
3673.675901320969,1.9797,73.76607771862294
3673.715911667054,1.988,73.15140967690208
3673.755922013154,1.857,83.83620703928976
3673.7959323592686,1.7826,90.98035039217073
3673.835942705398,1.9457,76.36664170549868
3673.875953051541,1.7571,93.6402242123233
3673.9159633976997,1.6809,102.32261381888377
3673.955973743873,1.9556,75.59540452875025
3674.005986676611,2.0888,66.26157632195279
3674.0459970228176,1.8068,88.5595196433219
3674.086007369039,1.7823,91.01098091104856
3674.126017715276,1.7792,91.32840410232575
3674.1660280615274,1.8814,81.67575461459008
3674.2060384077936,1.8172,87.54875257000604
3674.2460487540743,1.8051,88.72640457231586
3674.28605910037,1.6927,100.90098251856531
3674.33607203326,1.9598,75.2717385186214
3674.3760823795883,2.0313,70.06600118425332
3674.4160927259322,2.1391,63.18199214937379
3674.4561030722903,1.8728,82.42759556812192
3674.4961134186633,1.9086,79.36437539317517
3674.5361237650523,1.9212,78.32678280369826
3674.5761341114553,1.7645,92.85645063420398
3674.6161444578725,1.5333,122.97053397982941
3674.6661573909155,1.6457,106.74659496357442
3674.706167737366,1.6698,103.68751426486807
3674.7461780838307,1.7563,93.72555040723309
3674.786188430311,1.7571,93.6402242123233
3674.8261987768074,1.7235,97.32688354452546
3674.8662091233164,1.8916,80.79729602651975
3674.9062194698417,1.8143,87.82885415616504
3674.946229816381,1.7693,92.35330688372495
3674.9962427495757,1.8544,84.0714603052248
3675.036253096149,1.8518,84.30770518060474
3675.076263442737,1.9749,74.12509061659968
3675.1162737893396,1.9212,78.32678280369826
3675.1562841359564,1.8989,80.17726735787944
3675.1962944825887,2.0642,67.85032441545704
3675.236304829235,1.7173,98.03091383228308
3675.276315175896,1.8716,82.53332838656105
3675.3263281092436,1.697,100.39028802654987
3675.366338455938,1.7338,96.17393782523877
3675.4063488026477,1.8054,88.69692003137745
3675.4463591493713,1.8804,81.76264828488425
3675.4863694961105,1.8764,82.11161333727603
3675.526379842864,1.7428,95.1831987714455
3675.5663901896332,1.5395,121.98205514535707
3675.6064005364155,1.6907,101.13984358858804
3675.6564134699156,1.5741,116.67846502704893
3675.696423816733,1.6601,104.90275026704023
3675.7364341635644,1.8756,82.1816744002577
3675.7764445104094,1.6238,109.64536753831136
3675.816454857271,1.621,110.02448165358547
3675.856465204146,1.8895,80.97699279308601
3675.8964755510365,1.9677,74.66854420276007
3675.9364858979407,1.9685,74.60786585184682
3675.986498831594,1.7382,95.68765374640067
3676.0265091785323,1.6904,101.1757458928466
3676.066519525485,1.8999,80.0928880486654
3676.106529872453,1.6727,103.32829509597333
3676.146540219436,1.7908,90.1490678170362
3676.186550566433,1.6873,101.5478584380454
3676.2265609134447,1.831,86.23404015826924
3676.2665712604717,1.7609,93.23651166877822
3676.316584194276,1.9517,75.89782446170962
3676.356594541337,2.3027,54.52313229085324
3676.396604888411,1.9615,75.14132155299974
3676.4366152355005,1.7816,91.08251230575826
3676.4766255826053,1.6374,107.8315366495852
3676.5166359297236,1.7424,95.22690587413567
3676.5566462768584,1.8075,88.49093914478975
3676.5966566240068,2.015,71.20415955848608
3676.646669557963,1.9354,77.18163503030665
3676.686679905145,1.9853,73.35051612136587
3676.726690252342,1.9056,79.61445979379741
3676.7667005995527,2.0994,65.59414828099496
3676.806710946779,1.9878,73.16613048440618
3676.8467212940204,1.9111,79.15687075244719
3676.8867316412757,1.8688,82.78083086705573
3676.926741988546,1.8866,81.22613266610529
3676.976754922654,1.8982,80.23641223831781
3677.0167652699583,1.9181,78.58016804430173
3677.056775617276,1.8062,88.61836640216428
3677.0967859646094,2.1358,63.37738642996103
3677.1367963119565,2.0931,65.98960463210918
3677.176806659319,1.731,96.48532391921421
3677.2168170066966,1.8821,81.61501143853602
3677.2568273540887,1.834,85.95215314494685
3677.3068402883487,1.783,90.93953374873125
3677.346850635774,1.8117,88.08112412644071
3677.3868609832143,1.6726,103.34065086808475
3677.4268713306687,1.5249,124.32904515251747
3677.4668816781377,1.5705,117.21399336842525
3677.5068920256226,1.6405,107.42439038530885
3677.546902373121,1.7018,99.82477677036924
3677.5869127206347,1.75,94.40158866629675
3677.636925655048,1.9612,75.16431167037459
3677.6769360025946,1.8884,81.07135901639113
3677.716946350156,1.9078,79.43094922586529
3677.7569566977318,1.7893,90.30027801788331
3677.796967045322,1.8591,83.64691490265896
3677.8369773929285,1.9807,73.6916117022844
3677.8769877405484,1.9065,79.53931050068765
3677.916998088184,1.8337,85.9802796009559
3677.967011022748,1.7664,92.65679905941893
3678.007021370416,1.9606,75.21032356951285
3678.0470317180993,2.0443,69.17771528335876
3678.087042065797,1.8732,82.39239644326675
3678.1270524135102,2.0482,68.91452213801257
3678.167062761237,2.0598,68.14050806803445
3678.2070731089793,1.7805,91.19508928565952
3678.2470834567353,1.6706,103.58823244917022
3678.2970963914527,1.7114,98.70799578908107
3678.337106739242,1.7595,93.38494357855792
3678.3771170870464,1.667,104.03612697003629
3678.4171274348655,1.6436,107.01954570657914
3678.457137782699,1.8502,84.45358192996291
3678.497148130549,1.8242,86.87814067890126
3678.537158478412,1.7144,98.36284328823423
3678.57716882629,1.6861,101.69245332668078
3678.627181761159,1.7415,95.32535699310264
3678.6671921090697,1.7302,96.57456916188647
3678.707202456996,1.6382,107.726245338062
3678.747212804936,1.6549,105.56303305441418
3678.7872231528922,1.8263,86.67845924373172
3678.827233500863,1.9451,76.4137621912793
3678.867243848848,1.9509,75.96008360130179
3678.907254196846,1.9712,74.4036215577151
3678.9572671318674,1.9369,77.06213731354865
3678.9972774799,1.7326,96.30720415886103
3679.037287827947,1.7624,93.07786984833767
3679.077298176009,1.7218,97.5191675336717
3679.117308524086,1.6598,104.94067489676429
3679.157318872178,1.8627,83.32390235136262
3679.1973292202842,1.7961,89.61782250365057
3679.2373395684053,1.8353,85.8304311762529
3679.2873525035766,1.7982,89.40862727397993
3679.327362851731,1.9526,75.82787438013212
3679.3673731998997,2.0356,69.77029923735877
3679.407383548083,1.6923,100.94868699063139
3679.447393896282,1.5789,115.97011748524763
3679.487404244495,1.6482,106.42301295487684
3679.5274145927224,2.0401,69.46284379539765
3679.5674249409653,1.8183,87.44285756374572
3679.617437876288,1.8195,87.32755471223803
3679.6574482245633,1.9049,79.67298289974127
3679.697458572854,1.8598,83.5839599722709
3679.7374689211592,1.5845,115.15183458877057
3679.777479269478,1.7061,99.32222081291043
3679.817489617812,1.9029,79.84054779590969
3679.857499966161,1.817,87.56802687329606
3679.897510314525,1.7237,97.30429929420492
3679.947523250001,1.6741,103.15554670635268
3679.987533598398,1.9133,78.97493911106781
3680.027543946809,1.877,82.0591263181525
3680.067554295235,1.8816,81.65839250352485
3680.1075646436752,1.7248,97.18022631619634
3680.1475749921306,1.6691,103.77450298492744
3680.1875853406013,1.8542,84.0895977119919
3680.227595689086,1.929,77.69462791467127
3680.2776086247127,1.7711,92.16568180962578
3680.317618973231,1.6888,101.36754809806139
3680.3576293217634,1.8385,85.5319071585552
3680.397639670311,1.7703,92.24900007622192
3680.4376500188732,1.6862,101.6803919605808
3680.4776603674504,1.8149,87.77079192387912
3680.5176707160413,1.5014,128.2515123810907
3680.557681064649,1.7074,99.1710322730557
3680.607694000427,1.7953,89.69770908730496
3680.6477043490654,1.5394,121.99790364969644
3680.6877146977195,1.754,93.97151389559613
3680.727725046388,1.8868,81.2089137166346
3680.7677353950717,2.0455,69.0965724158292
3680.8077457437694,2.0301,70.14885819597858
3680.847756092483,1.7835,90.88855155897386
3680.88776644121,1.7013,99.8834609453968
3680.937779377139,1.6913,101.06809628618771
3680.9777897258996,1.5363,122.4907433563927
3681.0178000746755,1.8438,85.04089150579559
3681.057810423465,1.9874,73.19558543324867
3681.0978207722696,1.8093,88.31495465351166
3681.1378311210888,1.7558,93.77893851644043
3681.177841469922,1.7865,90.58355680510803
3681.2178518187707,2.0526,68.61938548091521
3681.2678647548523,1.9371,77.04622525545903
3681.3078751037337,1.9066,79.5309671478196
3681.3478854526306,1.9743,74.17015143809172
3681.387895801541,1.917,78.6703745538692
3681.4279061504662,1.8804,81.76264828488425
3681.4679164994063,1.4828,131.48922215253742
3681.507926848361,1.6607,104.82696265691087
3681.547937197331,1.6961,100.49685624473148
3681.5979501335646,1.7155,98.23674083965261
3681.637960482567,1.8531,84.18945844385298
3681.6779708315835,1.9207,78.36756842201224
3681.717981180616,1.8367,85.69963491980913
3681.7579915296633,1.9884,73.12198138678785
3681.798001878724,1.7096,98.91596001825877
3681.8380122277995,1.7334,96.21832918506139
3681.8780225768905,1.8968,80.35489850232489
3681.9280355132746,1.9237,78.1233315217381
3681.968045862398,1.6906,101.15180889972035
3682.0080562115363,1.916,78.75251532977734
3682.048066560689,1.9518,75.89004745163949
3682.0880769098576,1.9252,78.00164101196077
3682.12808725904,2.0133,71.32445769212835
3682.1680976082366,1.6698,103.68751426486807
3682.208107957449,1.7089,98.99701252311033
3682.2581208939837,1.8316,86.17755192805713
3682.298131243229,1.9478,76.20206278081054
3682.3381415924887,1.9367,77.0780543015308
3682.378151941762,1.5788,115.98480886056505
3682.418162291051,1.9017,79.94134059736301
3682.458172640354,1.8232,86.97346968145833
3682.498182989672,1.7573,93.6189108697432
3682.538193339005,1.908,79.41429791673487
3682.578203688353,2.1103,64.91829233423272
3682.6282166250567,1.9786,73.84812077941422
3682.6682269744374,1.7327,96.29608805457615
3682.708237323832,1.9823,73.57270040173015
3682.748247673242,2.0168,71.07711649146877
3682.7882580226665,1.835,85.85849790121402
3682.8282683721063,1.767,92.59388495725621
3682.86827872156,1.8003,89.20016367814902
3682.908289071028,1.6846,101.873631649175
3682.958302007884,1.9487,76.13169178046671
3682.998312357385,1.8636,83.24344156166997
3683.0383227069005,2.0923,66.04007707968319
3683.0783330564313,1.6953,100.5917260696003
3683.1183434059767,1.6335,108.34704905911231
3683.1583537555366,1.7244,97.22531629120921
3683.1983641051115,1.6766,102.84814310088666
3683.2383744547005,1.6954,100.57985999668139
3683.2883873917076,1.9168,78.68679242485476
3683.328397741329,1.8691,82.75425953008688
3683.3684080909666,1.7994,89.28941585043107
3683.408418440618,1.7484,94.57444564022101
3683.448428790284,2.1106,64.89983872449676
3683.488439139964,1.5612,118.61462909162029
3683.52844948966,2.0922,66.04639020689453
3683.5684598393705,1.868,82.85175036394725
3683.618472776529,1.6965,100.44947165317502
3683.6584831262708,1.8759,82.15539099734121
3683.6984934760294,1.7234,97.3381786183047
3683.7385038258017,1.7844,90.79689159273487
3683.778514175588,1.6991,100.14228708505057
3683.8185245253903,1.5116,126.52651775773111
3683.8585348752067,1.5763,116.35300244897715
3683.8985452250367,1.873,82.40999318675898
3683.948558162346,1.5952,113.61222632747008
3683.9885685122103,2.0535,68.55925021579239
3684.0285788620886,1.9728,74.28298341969614
3684.0685892119814,1.6816,102.23744388638234
3684.108599561889,1.7307,96.51877638257223
3684.148609911812,1.7462,94.81290026014729
3684.188620261748,1.9217,78.28602901680252
3684.2286306117,1.8724,82.46281725409587
3684.2786435491603,2.1501,62.53716282713489
3684.318653899145,1.9007,80.02548047000316
3684.358664249143,1.898,80.253322796248
3684.3986745991583,1.7003,100.00098464647479
3684.4386849491866,1.9792,73.80335306123712
3684.478695299229,1.9865,73.26192413604078
3684.518705649287,2.1152,64.61786586578296
3684.55871599936,1.8255,86.75444710858487
3684.6087289369702,1.7216,97.54182663574709
3684.6487392870754,1.6936,100.7937710144778
3684.688749637195,1.6862,101.6803919605808
3684.7287599873302,1.8577,83.77303832880294
3684.768770337479,1.6957,100.54427437298817
3684.808780687643,1.6804,102.38351466145932
3684.848791037822,1.7198,97.74611442179328
3684.8888013880146,1.5564,119.34738134316436
3684.938814325776,1.7577,93.57630600876064
3684.978824676002,1.8477,84.6822734665315
3685.018835026243,2.1467,62.73541562074083
3685.0588453764985,1.939,76.89530619322929
3685.0988557267683,1.7204,97.67794724240566
3685.1388660770526,1.6561,105.41010790613701
3685.178876427352,1.6667,104.0735825748611
3685.2188867776654,1.8972,80.32101851697256
3685.268899715578,1.7739,91.87495505587897
3685.3089100659254,1.8314,86.1963751693858
3685.3489204162856,1.7752,91.74044216537223
3685.3889307666623,2.0919,66.0653350210337
3685.428941117052,1.8496,84.50838333635906
3685.4689514674574,1.8456,84.87509298382379
3685.5089618178763,1.8679,82.86062170864282
3685.5489721683116,1.7655,92.75129050894175
3685.598985106375,1.608,111.81067459381698
3685.6389954568413,1.6287,108.9866166498756
3685.679005807324,1.7486,94.5528125662236
3685.7190161578196,1.6072,111.92201200788945
3685.7590265083304,1.5366,122.44291879319834
3685.799036858856,1.863,83.29706913114231
3685.8390472093965,1.7825,90.99055884674486
3685.879057559952,1.9457,76.36664170549868
3685.929070498166,1.6954,100.57985999668139
3685.9690808487535,1.8974,80.3040865589301
3686.0090911993557,1.8507,84.40795480077965
3686.0491015499733,1.5084,127.06392701253361
3686.0891119006046,1.8907,80.87423560999792
3686.1291222512505,1.8122,88.03252633127265
3686.1691326019113,1.7824,91.0007690195756
3686.2091429525867,1.5671,117.72316272306868
3686.2591558909517,1.5177,125.51148157980448
3686.2991662416603,1.9298,77.63022457050005
3686.339176592382,1.7956,89.66773910534374
3686.3791869431197,1.7712,92.15527496364672
3686.419197293872,1.6927,100.90098251856531
3686.4592076446384,1.5683,117.54307771503983
3686.49921799542,1.7913,90.09874881073323
3686.539228346215,1.5828,115.39932400196423
3686.589241284731,1.6624,104.61267655105281
3686.6292516355597,1.5883,114.60149366298587
3686.669261986403,1.681,102.31044017112076
3686.7092723372602,1.6276,109.13398174737425
3686.749282688134,1.9174,78.63755422317561
3686.789293039021,1.9946,72.66810446576194
3686.829303389922,1.6262,109.3219699997796
3686.8693137408386,1.6895,101.2835675806981
3686.919326679505,1.7543,93.93937682939985
3686.9593370304533,1.7645,92.85645063420398
3686.999347381417,1.9471,76.25686325834774
3687.0393577323957,1.7872,90.51261227000752
3687.079368083389,1.7834,90.89874456657444
3687.1193784343964,1.603,112.5092708623583
3687.1593887854187,1.9641,74.9425149476809
3687.1993991364548,1.8157,87.69346513409008
3687.2494120752704,1.5024,128.08084046301167
3687.2894224263405,1.6187,110.33736969245061
3687.3294327774247,1.6339,108.2940060477265
3687.369443128524,1.7197,97.75748255571571
3687.409453479637,1.6681,103.89896260525784
3687.4494638307647,1.8028,88.95294195106189
3687.489474181907,1.7308,96.50762362866078
3687.5294845330645,1.9139,78.92543024308333
3687.5794974720316,1.4992,128.62819349316635
3687.6195078232213,1.6773,102.76231631446228
3687.659518174425,1.7189,97.84849906581319
3687.699528525645,1.5708,117.16922532958777
3687.7395388768773,1.9305,77.57393731124162
3687.779549228126,1.8618,83.40447985419284
3687.819559579389,1.8916,80.79729602651975
3687.859569930666,1.6835,102.00680365816814
3687.909582869783,1.7708,92.19691292670586
3687.9495932210934,1.7267,96.96647669418422
3687.9896035724178,1.88,81.79744458400722
3688.0296139237576,1.8483,84.62730285606298
3688.069624275112,2.0126,71.37408084438377
3688.1096346264803,1.6031,112.4952348456945
3688.1496449778624,1.7294,96.66393828451434
3688.1896553292604,1.7481,94.6069091743626
3688.2396682685285,1.7094,98.93910771657048
3688.2796786199588,1.6292,108.9197311687635
3688.319688971404,1.7083,99.0665654164424
3688.3596993228634,1.7689,92.39507914741594
3688.399709674337,1.9973,72.47176824456034
3688.4397200258263,1.8349,85.86785653554863
3688.47973037733,1.7385,95.65463240294508
3688.519740728847,1.6286,109.00000113909911
3688.569753668265,1.708,99.10136935354899
3688.609764019815,1.7095,98.92753285186835
3688.6497743713808,1.811,88.14922867512027
3688.68978472296,1.4995,128.57673024250096
3688.7297950745547,1.7814,91.10296533688971
3688.7698054261637,1.7472,94.7044001305536
3688.809815777787,2.0133,71.32445769212835
3688.8498261294253,1.9888,73.09257085128895
3688.8998390689935,1.8785,81.92812873469357
3688.939849420664,1.8817,81.64971352395253
3688.9798597723493,1.843,85.11473571840587
3689.0198701240492,1.7069,99.22914083195009
3689.059880475764,1.7678,92.51009911597083
3689.0998908274937,1.5947,113.68348108759457
3689.1399011792364,1.5772,116.22025104365427
3689.179911530996,1.804,88.83464043340403
3689.2299244707133,1.8882,81.08853423292646
3689.2699348225037,1.5443,121.22494378311345
3689.3099451743096,1.6179,110.44651322974488
3689.34995552613,1.6857,101.74072025830297
3689.3899658779646,1.8855,81.32093485282542
3689.429976229814,1.8341,85.94278072652753
3689.4699865816774,1.7486,94.5528125662236
3689.509996933555,1.8916,80.79729602651975
3689.560009873424,1.9489,76.1160670185338
3689.600020225335,1.7087,99.02018868002094
3689.640030577261,1.4162,144.14716431554098
3689.6800409292014,1.9247,78.04217290375534
3689.720051281155,1.8676,82.88724429349483
3689.760061633124,1.8074,88.50073148054271
3689.800071985108,1.6902,101.19969138380571
3689.840082337106,1.8286,86.46054939981147
3689.890095277125,1.6575,105.23211485855373
3689.9301056291565,1.5851,115.06467544319364
3689.970115981202,1.5868,114.81826122227875
3690.0101263332617,1.7716,92.11366520102025
3690.050136685337,1.9034,79.79860704814733
3690.090147037426,1.8815,81.6670728669726
3690.13015738953,1.5097,126.8451923283497
3690.1701677416486,1.777,91.55468069323295
3690.220180681817,1.7845,90.78671571190867
3690.2601910339677,1.7255,97.10139430158735
3690.300201386133,1.789,90.33056570893741
3690.3402117383134,1.7989,89.33905828474765
3690.380222090508,1.8851,81.35544952874207
3690.4202324427174,1.5919,114.08374930603667
3690.460242794941,1.6798,102.45666746915343
3690.50025314718,1.7452,94.92158695486194
3690.550266087498,1.9413,76.71320724485865
3690.5902764397697,1.9275,77.8156003955235
3690.6302867920554,1.6731,103.27889416040013
3690.6702971443556,1.5509,120.19537166654062
3690.710307496669,1.7238,97.29301011675138
3690.750317848999,1.8655,83.07396216151366
3690.7903282013426,1.5767,116.29397375886822
3690.830338553701,1.6197,110.20116762964749
3690.880351494169,1.7759,91.66813447122153
3690.920361846561,1.6679,103.92388139646417
3690.9603721989665,1.5822,115.48686373031879
3691.0003825513863,1.7422,95.24877071562543
3691.04039290382,1.7095,98.92753285186835
3691.08040325627,1.8137,87.88697402160231
3691.1204136087335,2.0481,68.92125190422418
3691.160423961212,1.8564,83.89040853253816
3691.2104369018293,1.7819,91.05184567107935
3691.25044725434,1.9891,73.07052459254061
3691.2904576068663,1.892,80.76313589443075
3691.3304679594066,1.9983,72.39925300796864
3691.370478311961,1.5925,113.99779977793561
3691.4104886645296,1.6063,112.04746549380013
3691.450499017113,1.6875,101.5237892752323
3691.4905093697116,1.9778,73.90787446033886
3691.5405223104794,1.756,93.75757780012347
3691.58053266311,1.7971,89.51811426409536
3691.620543015755,1.6873,101.5478584380454
3691.660553368415,1.6847,101.86153803634326
3691.700563721089,1.8573,83.80912598902492
3691.740574073778,1.9556,75.59540452875025
3691.780584426482,1.5973,113.31368667980836
3691.8205947792,1.9909,72.93845626102723
3691.860605131931,2.0062,71.83018940871192
3691.910618072868,1.8591,83.64691490265896
3691.9506284256327,1.8948,80.5246204026112
3691.9906387784126,1.7107,98.78879276485983
3692.0306491312062,1.6417,107.26740424057203
3692.070659484016,1.4796,132.0585925641392
3692.1106698368385,1.89,80.93415351334156
3692.150680189676,1.7927,89.95807951356778
3692.200693130743,1.9532,75.78129470235895
3692.240703483614,1.748,94.6177340669479
3692.280713836498,1.8103,88.21741224226224
3692.320724189398,1.696,100.5087076314941
3692.3607345423115,1.8438,85.04089150579559
3692.4007448952398,1.5458,120.98979166350114
3692.440755248183,1.9358,77.14974180950504
3692.4807656011403,1.7328,96.28497387476791
3692.5207759541127,1.8743,82.29571502348094
3692.570788895348,1.8472,84.72812323293863
3692.6107992483517,1.6962,100.48500695401242
3692.6508096013713,1.7109,98.76569779473944
3692.690819954404,1.6041,112.35501902392207
3692.7308303074524,1.5627,118.38702758360402
3692.770840660515,1.5717,117.03507499141784
3692.8108510135926,1.5875,114.71702656115649
3692.8508613666845,1.8831,81.52835295228057
3692.9008743080694,1.9874,73.19558543324867
3692.9408846611927,1.8687,82.78969082333519
3692.9808950143315,1.9059,79.58939820017773
3693.020905367485,1.9041,79.7399454989173
3693.0609157206527,1.8146,87.79981584064208
3693.1009260738347,1.7926,89.9681163916754
3693.1409364270316,1.4879,130.5893696068156
3693.180946780243,1.9055,79.62281628889897
3693.230959721777,1.9602,75.24102164478386
3693.270970075021,1.8487,84.59068551338618
3693.31098042828,1.819,87.37556983528822
3693.350990781553,1.6229,109.76701167202931
3693.3910011348403,1.6407,107.39820210531971
3693.431011488142,1.7865,90.58355680510803
3693.4710218414575,1.6858,101.72865030429531
3693.5110321947886,1.8115,88.10057451293338
3693.5610451364737,1.8561,83.91752899250223
3693.601055489836,1.5471,120.7865461784088
3693.641065843214,1.6738,103.19252773019024
3693.6810761966067,1.7936,89.86782314241009
3693.7210865500138,1.795,89.72769409724538
3693.7610969034345,1.7069,99.22914083195009
3693.8011072568706,1.7,100.03628220509654
3693.841117610321,1.5898,114.38533938407646
3693.8911305521547,1.8054,88.69692003137745
3693.9311409056377,1.8714,82.55097030053446
3693.971151259135,1.8979,80.26178008006433
3694.011161612647,1.8966,80.37184653415379
3694.051171966173,2.0436,69.2251146476835
3694.0911823197152,2.0224,70.6840383827808
3694.131192673269,1.94,76.81605315384884
3694.17120302684,1.7481,94.6069091743626
3694.221215968823,1.7477,94.65021989426968
3694.261226322425,1.6491,106.30688352992735
3694.3012366760427,1.6409,107.37202340056415
3694.341247029674,1.5497,120.38158860704847
3694.3812573833197,1.6592,105.01658587985443
3694.42126773698,1.6658,104.18607083407136
3694.461278090655,1.6912,101.08004886714563
3694.5012884443445,1.7689,92.39507914741594
3694.5513013864766,1.7497,94.4339632314186
3694.5913117401988,1.5673,117.6931198272829
3694.631322093935,1.5099,126.81159097529842
3694.6713324476864,1.6905,101.16377633430571
3694.7113428014504,1.7228,97.4059903704024
3694.751353155231,1.8004,89.19025503152555
3694.791363509025,1.8928,80.6948805894419
3694.831373862835,1.7356,95.97455637767736
3694.8813868051166,1.72,97.72338410209893
3694.921397158957,1.7709,92.1865007907571
3694.9614075128134,1.7602,93.31068335216241
3695.001417866684,1.8842,81.43318793514449
3695.041428220568,1.9011,79.99180858760923
3695.0814385744684,1.932,77.45352771017922
3695.1214489283816,1.9857,73.32096761300528
3695.1614592823103,1.7923,89.99823710664691
3695.21147222474,1.8999,80.0928880486654
3695.251482578701,1.9292,77.67851956709754
3695.291492932676,1.7081,99.0897660035795
3695.331503286667,1.7898,90.24983237345413
3695.3715136406713,1.7269,96.9440177665127
3695.41152399469,1.7449,94.95422940742515
3695.4515343487224,1.5369,122.3951222330477
3695.49154470277,1.529,123.66316508868911
3695.5415576453493,1.5999,112.94569366600045
3695.5815679994303,1.7639,92.91963257702317
3695.6215783535245,1.8257,86.73544077725995
3695.6615887076337,1.5553,119.51625996496318
3695.701599061757,1.5966,113.41306901612529
3695.7416094158957,1.6511,106.04949770536949
3695.7816197700477,1.9076,79.44760577262622
3695.821630124215,1.7149,98.30549391130016
3695.871643066944,1.7873,90.5024841404796
3695.911653421143,1.9317,77.47758719209085
3695.951663775357,1.7516,94.22920516462226
3695.991674129586,1.9078,79.43094922586529
3696.031684483828,1.7275,96.87668778012456
3696.0716948380864,1.8126,87.99367704764605
3696.1117051923566,1.9439,76.50813409341248
3696.151715546643,1.9539,75.72700597016485
3696.2017284895214,1.8894,80.98556473051175
3696.24173884384,1.8134,87.91605559059204
3696.2817491981737,1.6833,102.03104480424591
3696.3217595525207,1.5654,117.97899243731007
3696.361769906883,1.5951,113.62647191914282
3696.4017802612602,1.6335,108.34704905911231
3696.44179061565,1.7607,93.25769455152518
3696.481800970056,1.8549,84.02614245305102
3696.531813913083,1.8747,82.2606003314148
3696.571824267521,1.4233,142.71262279754657
3696.611834621974,1.7163,98.14518221831669
3696.6518449764403,1.9936,72.74102410194173
3696.6918553309215,1.6967,100.42579192377733
3696.731865685418,2.0821,66.68870916478552
3696.7718760399275,1.8656,83.06505653424449
3696.8118863944533,1.8013,89.10115146003466
3696.861899337629,1.3686,154.3484209245554
3696.9019096921857,1.6827,102.10382011160328
3696.9419200467573,1.6398,107.51612483768834
3696.981930401343,1.8808,81.72787418434508
3697.021940755944,1.7836,90.87836026577945
3697.061951110559,1.9318,77.46956611933315
3697.101961465188,1.9752,74.10257560326106
3697.141971819832,1.7786,91.39003263529334
3697.191984763157,1.7037,99.60224791620399
3697.231995117834,1.9156,78.78540766489517
3697.272005472524,1.6457,106.74659496357442
3697.3120158272295,1.661,104.78909964681652
3697.352026181949,1.9284,77.742983032604
3697.3920365366835,1.2522,184.37744997082947
3697.4320468914316,1.6034,112.45314255158182
3697.4720572461943,1.4882,130.53672502165523
3697.5220701896687,1.7331,96.25164287776164
3697.5620805444637,1.6166,110.62421718733574
3697.6020908992737,1.8107,88.17844052104017
3697.6421012540977,1.6534,105.75465792500123
3697.6821116089363,1.635,108.14833844925649
3697.722121963789,1.8505,84.42620121429852
3697.7621323186568,1.8535,84.1531248787468
3697.8021426735386,1.7652,92.78281978141236
3697.852155617162,1.6246,109.53740909556188
3697.892165972077,1.8123,88.02281159872203
3697.932176327005,2.0281,70.28728019101757
3697.972186681949,1.7944,89.7877092412685
3698.012197036906,1.9029,79.84054779590969
3698.052207391879,1.6901,101.21166731722965
3698.092217746865,1.7873,90.5024841404796
3698.132228101866,1.7548,93.88585167547399
3698.182241045638,1.7896,90.27000555739572
3698.2222514006717,1.7312,96.46303193795913
3698.2622617557186,1.5689,117.4531901301475
3698.302272110781,1.626,109.3488651107578
3698.342282465858,1.8994,80.13506104420979
3698.3822928209493,1.8753,82.20797041819155
3698.4223031760544,1.8382,85.55982757205481
3698.4623135311754,1.7588,93.45929248895273
3698.5123264750946,1.9003,80.05917361771837
3698.5523368302484,1.8226,87.03074241564993
3698.592347185415,1.8609,83.48517429600219
3698.632357540596,1.826,86.70694298922645
3698.672367895792,1.7053,99.41543182314338
3698.7123782510016,1.8154,87.72245070067082
3698.7523886062254,1.9162,78.73607688610585
3698.792398961465,1.7895,90.2800946859035
3698.8424119055344,1.7112,98.73107052177119
3698.882422260806,1.6655,104.22360745067255
3698.922432616091,1.7169,98.07659722735397
3698.9624429713917,1.6106,111.44997308106974
3699.0024533267065,1.7312,96.46303193795913
3699.042463682035,1.9258,77.95304440828168
3699.0824740373787,1.9244,78.06650720497579
3699.1224843927366,1.9244,78.06650720497579
3699.1724973369537,1.9891,73.07052459254061
3699.2125076923444,1.8575,83.79107924470338
3699.252518047749,1.8454,84.89349108640643
3699.2925284031676,1.8113,88.12003134279257
3699.3325387586024,2.0316,70.04530986898811
3699.37254911405,1.7531,94.06802410434109
3699.412559469512,1.9017,79.94134059736301
3699.452569824989,1.8702,82.65694066978934
3699.502582769355,1.9239,78.10708967335847
3699.542593124864,2.1367,63.32400728617851
3699.5826034803877,1.642,107.22821147327642
3699.6226138359257,2.0591,68.18684524457453
3699.6626241914782,1.8992,80.15193956953773
3699.702634547045,1.7766,91.59591223027124
3699.742644902626,1.7433,95.12860719550996
3699.7826552582223,1.8117,88.08112412644071
3699.832668202737,1.7592,93.41679652980253
3699.872678558365,1.7682,92.46824883521101
3699.9126889140066,1.2759,177.5914041655784
3699.9526992696633,1.6546,105.60131633951124
3699.9927096253346,1.5888,114.52937420877987
3700.03271998102,1.9721,74.33572647574731
3700.0727303367203,1.7251,97.14642941629663
3700.1127406924347,1.6031,112.4952348456945
3700.162753637098,1.6829,102.07955302685382
3700.2027639928447,1.6191,110.28285858277606
3700.2427743486064,1.935,77.21354803188387
3700.282784704381,1.8517,84.31681140041822
3700.3227950601713,1.8457,84.86589617527036
3700.3628054159753,1.7774,91.51347699024943
3700.402815771794,1.9217,78.28602901680252
3700.4428261276275,1.782,91.04162690117889
3700.4928390724385,1.5908,114.24157610097156
3700.532849428305,1.9132,78.98319511794413
3700.572859784184,1.902,79.91612451091136
3700.612870140079,1.8653,83.09177771317223
3700.652880495987,1.8004,89.19025503152555
3700.6928908519103,1.5871,114.77485853668081
3700.732901207847,1.5696,117.34845153766528
3700.7729115638,1.5998,112.95981407518357
3700.822924508759,1.6571,105.28292398393933
3700.8629348647437,1.77,92.28027355610708
3700.9029452207424,1.8398,85.41107648669578
3700.942955576755,1.6419,107.2412733420299
3700.982965932783,1.8199,87.28917110444588
3701.0229762888243,2.0796,66.84914569612839
3701.0629866448808,1.6208,110.05163644184925
3701.1029970009513,2.011,71.48769984196521
3701.143007357036,1.9371,77.04622525545903
3701.193020302162,1.96,75.25637773092268
3701.233030658279,1.8182,87.45247644111043
3701.2730410144104,1.7471,94.7152417602545
3701.3130513705564,1.8691,82.75425953008688
3701.3530617267174,1.8614,83.44032960019719
3701.3930720828926,1.7796,91.28735303967375
3701.4330824390804,1.6772,102.7745707049403
3701.483095384338,1.6859,101.71658249802873
3701.5231057405585,1.6451,106.8244742387551
3701.5631160967955,1.6237,109.65887356484468
3701.6031264530457,1.606,112.08933019899993
3701.6431368093095,1.7205,97.66659297889822
3701.6831471655887,1.6387,107.6605165622592
3701.723157521882,1.8478,84.67310797933533
3701.7631678781904,1.737,95.81991025949306
3701.8031782345115,1.6981,100.2602680221528
3701.853191179935,1.7192,97.81435298453451
3701.8932015362884,1.8701,82.66578074320024
3701.9332118926586,1.8434,85.07780159449663
3701.9732222490406,1.8,89.22989952730278
3702.0132326054386,1.8681,82.84288044387071
3702.05324296185,1.7455,94.88896133166904
3702.093253318276,1.6361,108.00296456215345
3702.1332636747165,1.7976,89.46832253356112
3702.1832766202874,1.7506,94.33688946110313
3702.223286976761,1.6198,110.18756129579029
3702.263297333248,1.9439,76.50813409341248
3702.30330768975,1.6577,105.20672408741159
3702.3433180462666,1.7561,93.74690017869752
3702.383328402796,1.7493,94.47715523096441
3702.4233387593413,1.774,91.86459741058209
3702.4633491158993,1.6084,111.75506817663089
3702.5133620616193,1.8965,80.38032256084557
3702.5533724182105,1.9084,79.38101100258379
3702.593382774816,1.7155,98.23674083965261
3702.633393131436,1.5754,116.48598143519332
3702.673403488071,1.8277,86.54572050081808
3702.71341384472,1.9052,79.64789366975502
3702.753424201383,1.7947,89.75769414521407
3702.7934345580607,1.7659,92.70927647268032
3702.8434475039276,1.7956,89.66773910534374
3702.8834578606375,1.583,115.3701662101262
3702.9234682173615,1.9108,79.18172831259751
3702.9634785741,1.622,109.88885835203
3703.0034889308527,1.5829,115.38474372450943
3703.0434992876203,1.7588,93.45929248895273
3703.0835096444025,1.739,95.59963480315868
3703.123520001198,1.7153,98.25965051391371
3703.173532947213,1.7966,89.56794757202388
3703.2135433040417,1.8304,86.2905839476066
3703.2535536608843,1.6397,107.52923935104974
3703.2935640177416,1.7291,96.69748369010088
3703.333574374613,1.8928,80.6948805894419
3703.3735847314983,2.0298,70.1695954137011
3703.4135950883983,1.8583,83.71895052653952
3703.453605445313,1.7939,89.83776786889308
3703.503618391476,1.7603,93.3000819796774
3703.543628748422,1.525,124.31274024926913
3703.583639105384,1.863,83.29706913114231
3703.623649462359,1.6365,107.95017399725539
3703.663659819348,1.8278,86.53625083174374
3703.7036701763527,1.7372,95.7978484728615
3703.743680533371,1.7627,93.04619007420781
3703.783690890404,1.5753,116.50077094890482
3703.8337038367144,1.5892,114.47172765016067
3703.87371419378,1.7228,97.4059903704024
3703.9137245508587,1.7662,92.67778467660898
3703.9537349079524,1.8127,87.98396874496348
3703.9937452650606,1.6484,106.39718997689545
3704.033755622182,1.6242,109.59136837634294
3704.0737659793194,1.6793,102.51768804875371
3704.1137763364704,1.5356,122.60244302751508
3704.163789282929,1.5467,120.84902866974053
3704.2037996401127,1.45,137.50525418825868
3704.2438099973097,1.6631,104.52463203354979
3704.283820354522,1.5441,121.25634918849197
3704.3238307117485,1.7325,96.31832218806689
3704.363841068988,1.5858,114.9631147861229
3704.4038514262434,1.6188,110.32373812665645
3704.443861783513,1.6932,100.84139946578205
3704.49387473012,1.7442,95.0304606426726
3704.5338850874205,1.8461,84.82912388508399
3704.5738954447374,1.8588,83.67391736230026
3704.6139058020663,1.7781,91.44143741040028
3704.653916159411,1.72,97.72338410209893
3704.69392651677,1.7646,92.84592657584236
3704.7339368741436,1.6881,101.45163310896456
3704.773947231531,1.8209,87.19332272781394
3704.8239601782852,1.7494,94.46635445344577
3704.8639705357054,1.6831,102.05529459243833
3704.9039808931398,1.847,84.74647356638575
3704.9439912505877,1.8074,88.50073148054271
3704.9840016080498,1.8275,86.56466450276221
3705.0240119655273,1.5924,114.01211795271813
3705.064022323019,1.6087,111.71339058167462
3705.1040326805237,1.9517,75.89782446170962
3705.154045627426,1.6978,100.29570296157422
3705.1940559849645,1.6154,110.78863254540306
3705.234066342517,1.6507,106.10090003527952
3705.274076700083,1.5773,116.20551491315106
3705.3140870576644,1.8543,84.08052827501359
3705.3540974152593,1.738,95.7096774758144
3705.3941077728687,1.803,88.93320862682161
3705.4341181304926,1.8803,81.77134527780987
3705.484131077542,1.7501,94.39080084415006
3705.524141435197,1.6888,101.36754809806139
3705.564151792869,1.8986,80.20260715338348
3705.6041621505537,1.682,102.18882308901465
3705.6441725082523,1.7107,98.78879276485983
3705.6841828659653,1.8506,84.41707726805984
3705.7241932236925,1.7612,93.20475087459494
3705.7642035814347,1.5488,120.52153545450135
3705.814216528632,1.7272,96.91034400233785
3705.854226886406,1.6941,100.7342828866817
3705.8942372441948,1.6357,108.05579386055071
3705.934247601997,1.8045,88.78541777680026
3705.9742579598146,1.5973,113.31368667980836
3706.0142683176464,1.5983,113.17193836267509
3706.0542786754913,1.7098,98.8928204424167
3706.0942890333513,2.0431,69.25900116883027
3706.144301980696,1.9386,76.92704175480804
3706.1843123385884,1.6838,101.9704581340352
3706.2243226964947,1.7862,90.61398714203557
3706.264333054415,1.8306,86.27172984009476
3706.30434341235,1.8842,81.43318793514449
3706.3443537702997,1.7362,95.90823366078021
3706.3843641282633,1.4405,139.32490914380384
3706.424374486241,1.6847,101.86153803634326
3706.4743874337346,1.6194,110.24200175604945
3706.514397791744,1.7082,99.07816469136968
3706.5544081497683,1.8145,87.80949367881726
3706.594418507807,1.8514,84.34413891381762
3706.6344288658593,1.8254,86.76395261706443
3706.6744392239275,1.5296,123.56616809842757
3706.7144495820085,1.5827,115.41390704318896
3706.754459940105,1.5081,127.11448459394924
3706.804472887745,1.5301,123.48542442276117
3706.844483245873,1.4436,138.72717683704022
3706.8844936040146,1.3866,150.36711891830916
3706.924503962172,1.6339,108.2940060477265
3706.964514320342,1.5374,122.3155234690911
3707.0045246785276,1.4284,141.6953523855339
3707.044535036727,1.6438,106.99350531964329
3707.0845453949414,1.6596,104.96596940987774
3707.134558342729,1.7393,95.5666590076604
3707.174568700975,1.6834,102.01892315119937
3707.214579059235,1.7326,96.30720415886103
3707.254589417509,1.8233,86.96392972238121
3707.2945997757984,1.9819,73.60240122931312
3707.3346101341026,1.961,75.17964427747201
3707.374620492419,1.682,102.18882308901465
3707.414630850751,1.7348,96.06309373555504
3707.4646437986853,1.853,84.19854551181997
3707.5046541570496,1.9098,79.26467146601884
3707.5446645154275,1.7713,92.14486988019456
3707.5846748738204,1.5762,116.3677666438204
3707.624685232227,1.7011,99.90694910574479
3707.6646955906485,1.9276,77.80752677635249
3707.704705949083,1.7807,91.17460522506026
3707.7447163075335,1.8346,85.89594162126468
3707.794729255615,1.7283,96.78702352231164
3707.8347396140966,1.738,95.7096774758144
3707.8747499725932,1.488,130.57181787378238
3707.9147603311026,1.7279,96.83184008361506
3707.9547706896283,1.6974,100.3429787770229
3707.9947810481663,1.608,111.81067459381698
3708.0347914067197,1.7699,92.2907015834927
3708.074801765287,1.8984,80.21950702478026
3708.1248147135166,1.9981,72.41374734562444
3708.164825072116,1.8889,81.02844484087194
3708.20483543073,1.6638,104.43669861983231
3708.2448457893584,1.603,112.5092708623583
3708.2848561480005,1.9045,79.70645365127524
3708.324866506657,1.6849,101.8373572702363
3708.364876865328,1.7406,95.42396086777735
3708.404887224013,1.8385,85.5319071585552
3708.4549001723894,1.9871,73.21768831903181
3708.4949105311066,1.7681,92.47870874261882
3708.5349208898383,1.5304,123.43701619987812
3708.574931248583,1.6765,102.86041284727465
3708.614941607344,1.8612,83.45826314154918
3708.654951966118,1.7841,90.82742950244796
3708.6949623249075,1.5978,113.24277925325828
3708.7349726837097,1.5931,113.9119473434998
3708.784985632233,1.7716,92.11366520102025
3708.8249959910695,1.7125,98.58122923727589
3708.8650063499176,1.7642,92.88803354761055
3708.905016708782,1.7026,99.73098960640576
3708.9450270676593,1.6169,110.58317053528756
3708.985037426551,1.6501,106.17807363126711
3709.025047785457,1.727,96.93279122859515
3709.0650581443783,1.6035,112.43911703665374
3709.1150710930488,1.5863,114.89065376096158
3709.1550814520024,1.8213,87.15502757599074
3709.1950918109687,1.7495,94.45555552796418
3709.2351021699496,1.7159,98.19094552130943
3709.275112528945,1.8754,82.1992036767134
3709.3151228879547,1.6214,109.97020221987543
3709.355133246979,1.91,79.24807241261826
3709.395143606017,1.9789,73.82573183025976
3709.4451565548347,1.6625,104.60009195347278
3709.485166913906,1.6564,105.37192854176789
3709.52517727299,1.7306,96.52993106987148
3709.565187632089,1.7983,89.39868387280801
3709.605197991202,1.7904,90.18935337902265
3709.6452083503295,1.8714,82.55097030053446
3709.685218709472,1.8751,82.22550810914412
3709.7252290686274,1.6235,109.68589310546314
3709.775242017592,1.3397,161.0794483621555
3709.8152523767794,1.757,93.65088361308482
3709.8552627359827,1.7643,92.87750411968231
3709.8952730951987,1.8793,81.85839157966895
3709.935283454429,1.7125,98.58122923727589
3709.975293813674,1.7342,96.1295771789771
3710.015304172933,1.9258,77.95304440828168
3710.055314532207,1.9498,76.04581508002151
3710.1053274813185,1.5629,118.35673021921363
3710.145337840624,1.7013,99.8834609453968
3710.1853481999437,1.594,113.78335042275596
3710.2253585592775,1.5466,120.86465686804029
3710.2653689186263,1.6421,107.21515199075942
3710.305379277988,1.6318,108.57291719791425
3710.3453896373644,1.8768,82.07661639805018
3710.385399996756,1.8133,87.92575265465253
3710.4354129460144,1.7719,92.08247637026734
3710.4754233054377,1.8424,85.1701820159509
3710.5154336648748,1.7404,95.44589361631976
3710.555444024327,1.9946,72.66810446576194
3710.595454383793,1.7572,93.62956663134752
3710.635464743272,1.7451,94.93246590188149
3710.675475102766,1.7362,95.90823366078021
3710.7154854622745,1.6035,112.43911703665374
3710.7654984116807,1.5566,119.3167145983365
3710.8055087712214,1.4171,143.96412690129335
3710.8455191307758,1.6616,104.71343514244649
3710.8855294903447,1.7007,99.95395028844287
3710.925539849927,1.8817,81.64971352395253
3710.9655502095256,1.7829,90.94973533413318
3711.005560569137,1.8911,80.84002667775269
3711.045570928762,1.6426,107.14989035138541
3711.085581288404,1.6053,112.1871058038745
3711.1355942379732,1.6918,101.00836517047121
3711.1756045976454,1.8536,84.14404516257396
3711.215614957332,1.8712,82.56861787168424
3711.255625317033,2.0885,66.28061380443926
3711.2956356767477,1.8905,80.89134821952018
3711.3356460364766,1.8901,80.9255897368542
3711.37565639622,1.4722,133.38951084391158
3711.415666755978,1.8572,83.81815154762822
3711.465679705694,1.7753,91.73010725784208
3711.505690065483,1.67,103.66268043412536
3711.545700425287,1.7863,90.60384199283801
3711.5857107851057,1.893,80.67783028301572
3711.625721144938,1.5453,121.06809962129468
3711.6657315047846,1.6075,111.88024099750224
3711.705741864645,1.64,107.48990300758449
3711.74575222452,1.7716,92.11366520102025
3711.7957651743836,1.8066,88.57912871508482
3711.8357755342904,1.6718,103.43957687801505
3711.8757858942117,1.6553,105.51202104946181
3711.9157962541467,1.6543,105.63962045399823
3711.9558066140967,1.8383,85.55051924872498
3711.9958169740603,1.7832,90.91913572653247
3712.0358273340385,1.7348,96.06309373555504
3712.0758376940307,1.8614,83.44032960019719
3712.125850644041,1.9438,76.51600630894244
3712.165861004065,1.8425,85.16093720460476
3712.205871364104,1.8972,80.32101851697256
3712.2458817241563,1.8264,86.66896778086974
3712.285892084223,1.621,110.02448165358547
3712.325902444304,1.5876,114.70257539695889
3712.3659128043996,1.5976,113.27113423489766
3712.405923164509,1.8979,80.26178008006433
3712.4559361146657,1.8888,81.03702494960879
3712.4959464748076,1.5203,125.08255229610941
3712.5359568349636,1.6969,100.40212056670094
3712.5759671951337,1.8541,84.09866861647627
3712.6159775553174,1.574,116.69329121476497
3712.655987915515,1.7811,91.13365780333854
3712.6959982757276,1.7335,96.20722846415904
3712.7360086359545,1.7132,98.50068671757734
3712.786021586258,1.7995,89.2794923288658
3712.8260319465176,1.696,100.5087076314941
3712.8660423067904,1.9455,76.38234369012883
3712.9060526670773,1.7084,99.05496817832066
3712.946063027378,1.7568,93.6722078756223
3712.9860733876935,1.854,84.10774098878335
3713.0260837480237,1.6581,105.1559701060503
3713.0660941083675,1.7628,93.0356337435821
3713.1161070588178,1.458,136.00042108099709
3713.1561174191934,1.7512,94.27225674663075
3713.1961277795835,1.9149,78.84301885783076
3713.2361381399874,1.909,79.33111985873032
3713.2761485004066,1.8614,83.44032960019719
3713.31615886084,1.4917,129.9248831751203
3713.356169221287,1.5735,116.7674645591767
3713.3961795817477,1.5347,122.74628153795175
3713.4461925323444,1.8052,88.7165747586773
3713.4862028928374,1.935,77.21354803188387
3713.5262132533444,1.5532,119.83966152992019
3713.566223613866,1.6629,104.5497762646768
3713.6062339744017,1.7563,93.72555040723309
3713.6462443349515,1.8452,84.91189517178431
3713.6862546955153,1.853,84.19854551181997
3713.726265056094,1.8246,86.84005295771522
3713.776278006836,1.9649,74.88150240102922
3713.8162883674463,1.57,117.28866380367029
3713.8562987280716,1.6549,105.56303305441418
3713.89630908871,1.7265,96.98894342731724
3713.9363194493626,1.79,90.22966595109209
3713.9763298100297,1.6917,101.02030715674171
3714.016340170711,1.6334,108.36031590120045
3714.0563505314058,1.6418,107.25433759760125
3714.106363482295,1.7955,89.67772743017531
3714.1463738430225,1.6923,100.94868699063139
3714.186384203764,1.7378,95.73170880966501
3714.22639456452,1.4384,139.7320221639285
3714.266404925289,1.5276,123.8899360381754
3714.3064152860734,1.6155,110.77491727025057
3714.346425646872,1.8368,85.69030377266041
3714.386436007684,1.8688,82.78083086705573
3714.436448958719,1.7981,89.41857233418177
3714.4764593195646,1.6795,102.49327327698701
3714.5164696804222,1.6886,101.39156171670717
3714.5564800412953,1.7442,95.0304606426726
3714.596490402182,1.597,113.3562631076705
3714.636500763083,1.7876,90.47210994960965
3714.676511123998,1.75,94.40158866629675
3714.7165214849274,1.9132,78.98319511794413
3714.76653443611,1.8794,81.8496806963821
3714.8065447970707,1.7004,99.98922294507204
3714.846555158046,1.744,95.05225785715443
3714.8865655190357,1.8165,87.61624048761183
3714.9265758800398,1.722,97.49651632629077
3714.966586241057,1.6102,111.50535191443028
3715.0065966020898,1.5852,115.05015854015069
3715.046606963136,1.7146,98.33989751682483
3715.0966199144646,1.6428,107.1238023789624
3715.1366302755423,1.8404,85.35539482570867
3715.176640636635,1.7611,93.21533600254403
3715.2166509977415,1.6875,101.5237892752323
3715.256661358862,1.6154,110.78863254540306
3715.296671719997,1.7071,99.20589128125478
3715.336682081147,1.7607,93.25769455152518
3715.37669244231,1.8859,81.28644213628978
3715.4267053937842,1.7698,92.30113137858929
3715.466715754979,1.6175,110.50114573738131
3715.5067261161885,1.5778,116.13187628423746
3715.5467364774113,1.7025,99.7427057720423
3715.58674683865,1.7627,93.04619007420781
3715.626757199902,1.793,89.92797895464642
3715.666767561167,1.5945,113.7120017622907
3715.7067779224476,1.7079,99.11297474175541
3715.7567908740675,1.8803,81.77134527780987
3715.7968012353795,1.7376,95.75374775145386
3715.836811596706,1.5687,117.48314119855887
3715.876821958047,1.5975,113.28531571954086
3715.916832319402,1.6809,102.32261381888377
3715.9568426807705,1.8154,87.72245070067082
3715.996853042153,1.5384,122.15655871366046
3716.0368634035494,1.4762,132.6676102850608
3716.0868763553162,1.5728,116.87142610855878
3716.126886716745,1.5711,117.12448293352443
3716.1668970781884,1.5902,114.32780152409036
3716.206907439645,1.7334,96.21832918506139
3716.2469178011165,1.8638,83.22557721344073
3716.2869281626017,1.573,116.8417086458819
3716.326938524102,1.4754,132.8115208050224
3716.3669488856153,1.6852,101.80110226230143
3716.416961837527,1.7479,94.62856081751069
3716.4569721990733,1.8753,82.20797041819155
3716.4969825606336,1.906,79.58104696527946
3716.5369929222074,2.0795,66.8555751956124
3716.5770032837954,1.8843,81.42454483331497
3716.617013645397,1.907,79.49760686066664
3716.657024007014,1.7315,96.4296084486253
3716.697034368645,1.7764,91.616538444396
3716.7470473207027,1.7891,90.3204681190036
3716.7870576823657,1.5912,114.18414666650663
3716.8270680440423,1.5952,113.61222632747008
3716.867078405733,1.8154,87.72245070067082
3716.9070887674375,2.0009,72.21122195777761
3716.9470991291573,1.6872,101.55989622936922
3716.9871094908895,1.5953,113.59798341462948
3717.027119852637,1.7608,93.24710220788268
3717.0771328048413,1.5547,119.60852670090696
3717.1171431666207,1.7807,91.17460522506026
3717.1571535284143,1.6622,104.6378525604945
3717.1971638902214,1.9988,72.36303619715423
3717.237174252043,1.866,83.02944834173788
3717.2771846138785,1.8524,84.25309882827739
3717.3171949757293,1.6581,105.1559701060503
3717.3572053375933,1.6027,112.5513946774045
3717.4072182899426,1.6702,103.63785552410914
3717.447228651838,1.4688,134.00776920421885
3717.487239013748,1.5344,122.7942839627303
3717.5272493756725,1.764,92.90909777587486
3717.567259737611,1.7252,97.13516770083208
3717.6072700995633,1.6437,107.00652432492126
3717.6472804615305,1.8233,86.96392972238121
3717.68729082351,1.7473,94.69356036223537
3717.7373037760062,1.661,104.78909964681652
3717.7773141380185,1.4784,132.2730602563054
3717.8173245000453,1.6328,108.43996814931043
3717.857334862086,1.6156,110.76120454180065
3717.8973452241416,1.4471,138.05692929764734
3717.93735558621,0.985,297.976869985268
3717.977365948293,1.0854,245.40051058484613
3718.017376310391,1.7258,97.06763851353728
3718.067389263033,1.9868,73.23980121794614
3718.107399625161,1.6117,111.29789383768589
3718.1474099873053,1.6365,107.95017399725539
3718.1874203494617,1.776,91.65781177954224
3718.2274307116336,1.4605,135.5352244727557
3718.2674410738186,1.6955,100.5679960232699
3718.3074514360183,1.4476,137.96157630539878
3718.347461798232,1.4663,134.46511735051754
3718.3974747510197,1.8445,84.97635662258753
3718.4374851132648,1.6509,106.07519419993577
3718.4774954755253,1.6102,111.50535191443028
3718.5175058377986,1.7674,92.55197781474085
3718.5575162000873,1.7411,95.36916205989748
3718.5975265623892,1.6009,112.80463507711666
3718.6375369247053,1.6671,104.02364626170495
3718.6775472870363,1.8746,82.26937689713886
3718.7275602399686,1.7501,94.39080084415006
3718.7675706023306,1.7123,98.60425953077554
3718.807580964707,1.7457,94.86722026014479
3718.8475913270972,1.6574,105.24481369118035
3718.8876016895015,1.6506,106.11375645715779
3718.9276120519207,1.8434,85.07780159449663
3718.967622414353,1.7607,93.25769455152518
3719.0076327768,1.7225,97.43992282306685
3719.057645729879,1.5805,115.73543460015907
3719.0976560923573,1.4615,135.3498139174832
3719.1376664548498,1.7639,92.91963257702317
3719.177676817357,1.8724,82.46281725409587
3719.217687179878,1.7848,90.75619833129576
3719.2576975424126,1.8295,86.3755039644397
3719.297707904962,1.7093,98.95068461284048
3719.3377182675254,1.7818,91.06206616155185
3719.3877312207496,1.9432,76.56326512726733
3719.4277415833444,1.8568,83.85426836565219
3719.4677519459538,1.5726,116.90115491016489
3719.5077623085776,1.8829,81.5456736043776
3719.5477726712147,1.627,109.21448872047151
3719.5877830338663,1.9596,75.28710400979955
3719.6277933965325,1.7778,91.47230109627318
3719.6678037592114,1.6887,101.37955384087138
3719.717816712581,1.6832,102.04316861782107
3719.757827075292,1.7984,89.38874213029693
3719.797837438018,1.7238,97.29301011675138
3719.8378478007585,1.6418,107.25433759760125
3719.877858163512,1.8537,84.1349669158082
3719.91786852628,1.6484,106.39718997689545
3719.9578788890612,1.7893,90.30027801788331
3719.9978892518575,1.8276,86.5551917243775
3720.0479022053723,1.6044,112.31300539467307
3720.087912568201,1.4475,137.9806389992158
3720.1279229310426,1.3852,150.6712196921282
3720.1679332938984,1.7725,92.02014621111303
3720.2079436567683,1.83,86.32831070933291
3720.247954019653,1.4418,139.07377777771228
3720.2879643825518,1.6769,102.81134703125801
3720.3279747454635,1.5261,124.1335978041219
3720.367985108391,1.7004,99.98922294507204
3720.4179980620684,1.5985,113.14362061786704
3720.458008425027,1.8861,81.2692040069689
3720.4980187879987,1.7728,91.98900486127799
3720.5380291509855,1.7979,89.43846743315159
3720.578039513987,1.7399,95.50075858156035
3720.618049877001,1.7663,92.66729097693069
3720.6580602400295,1.8151,87.75145064064769
3720.7080731938354,1.785,90.73586195860952
3720.748083556896,1.5859,114.94861709802639
3720.78809391997,1.6034,112.45314255158182
3720.8281042830586,1.7792,91.32840410232575
3720.868114646161,1.6939,100.75807181644039
3720.908125009278,1.6345,108.2145145359893
3720.9481353724095,1.4912,130.01202546183757
3720.9881457355536,1.6309,108.69278049713485
3721.028156098713,1.6507,106.10090003527952
3721.078169052682,1.6881,101.45163310896456
3721.1181794158724,1.8248,86.82101848895293
3721.158189779078,1.7123,98.60425953077554
3721.1982001422966,1.8228,87.01164522010201
3721.23821050553,1.6799,102.44446989108378
3721.278220868777,1.8288,86.44163956288945
3721.318231232038,1.6597,104.95332101029076
3721.3582415953133,1.6628,104.56235178273934
3721.408254549427,1.4734,133.17232322128598
3721.448264912734,1.5847,115.12277053993914
3721.488275276055,1.77,92.28027355610708
3721.52828563939,1.8101,88.23690779214824
3721.5682960027398,1.7621,93.1095658044138
3721.608306366103,1.715,98.29403005467692
3721.6483167294805,1.6608,104.81433937371905
3721.6883270928724,1.5078,127.16507235597213
3721.738340047131,1.5677,117.6330685266399
3721.7783504105537,1.5071,127.28322797139674
3721.8183607739916,1.4831,131.4360325491024
3721.858371137443,1.6583,105.1306068869679
3721.898381500908,1.8521,84.28039537066181
3721.938391864387,1.7803,91.21558025021866
3721.978402227881,1.6963,100.47315975884271
3722.018412591388,1.8652,83.100687638176
3722.0684255457923,1.8892,81.00271268914469
3722.1084359093315,1.9759,74.05008044824814
3722.148446272886,1.6225,109.82114071960021
3722.188456636453,1.8791,81.8758175185264
3722.2284670000345,1.706,99.33386501848581
3722.2684773636297,1.7327,96.29608805457615
3722.3084877272395,1.662,104.6630376592896
3722.3484980908634,1.6702,103.63785552410914
3722.3985110454128,1.5532,119.83966152992019
3722.438521409068,1.2558,183.32185689128954
3722.4785317727374,1.7258,97.06763851353728
3722.5185421364204,1.6034,112.45314255158182
3722.558552500118,1.7684,92.4473343435507
3722.598562863829,1.8448,84.94872130130447
3722.638573227555,1.8592,83.6379169873864
3722.6785835912947,1.8583,83.71895052653952
3722.728596545989,1.7385,95.65463240294508
3722.768606909761,1.5688,117.46816423247614
3722.808617273547,1.497,129.00653654246327
3722.848627637346,1.5266,124.05229740580205
3722.8886380011595,1.6802,102.40789022323776
3722.9286483649867,1.7938,89.84778461790664
3722.968658728829,1.6097,111.57463351991245
3723.008669092684,1.5238,124.5086110045678
3723.0586820475237,1.7594,93.39555941854701
3723.0986924114113,1.6601,104.90275026704023
3723.1387027753126,1.5948,113.66922477387301
3723.178713139228,1.7129,98.5351928492785
3723.2187235031574,1.5368,122.41105130966498
3723.258733867101,1.7012,99.89520399005998
3723.298744231059,1.7324,96.3294421426382
3723.3387545950313,1.6457,106.74659496357442
3723.388767550015,1.919,78.50647807008416
3723.428777914019,2.017,71.06302158668875
3723.4687882780363,1.7496,94.44475845409623
3723.5087986420667,1.4636,134.96168805959869
3723.5488090061135,1.85,84.47184314106191
3723.5888193701726,1.7207,97.64389039035973
3723.628829734246,1.7776,91.49288556869976
3723.6688400983344,1.7534,94.0358375217726
3723.7188530534627,1.6537,105.7162912316093
3723.7588634175822,1.558,119.1023779594077
3723.798873781716,1.518,125.46187723332474
3723.838884145863,1.688,101.46365379357209
3723.878894510025,1.5695,117.3634056141441
3723.9189048742,1.7122,98.61577770404959
3723.958915238389,1.5446,121.17785854699194
3723.9989256025933,1.6591,105.02924571801304
3724.048938557867,1.7745,91.81283544758718
3724.088948922103,1.5958,113.52680900940892
3724.1289592863523,1.6657,104.19858078612496
3724.1689696506146,1.7322,96.35168782965567
3724.2089800148924,1.81,88.24665799065912
3724.248990379183,1.6385,107.68680085191997
3724.289000743489,1.6231,109.73996215413095
3724.3290111078086,1.6507,106.10090003527952
3724.379024063227,1.6277,109.12057257341037
3724.419034427578,1.6952,100.60359424252201
3724.459044791944,1.743,95.16135650333638
3724.499055156322,1.8346,85.89594162126468
3724.5390655207157,1.7869,90.54300686163184
3724.579075885122,1.6273,109.17422410256566
3724.6190862495437,1.5869,114.8037909253246
3724.6590966139784,1.9766,73.99764105578113
3724.7091095695428,1.8058,88.65763016655747
3724.7491199340093,1.6679,103.92388139646417
3724.78913029849,1.704,99.56717980998182
3724.829140662985,1.7333,96.22943182733363
3724.869151027494,1.7695,92.33243137414087
3724.909161392017,1.8571,83.82717856427847
3724.9491717565543,1.6646,104.33633909563804
3724.9891821211054,1.7044,99.52045113696616
3725.0391950768135,1.5814,115.60373840032
3725.079205441396,1.3495,158.74844331706365
3725.119215805992,1.7095,98.92753285186835
3725.159226170603,1.554,119.71630633023621
3725.1992365352276,1.8834,81.5023823194381
3725.239246899866,1.5978,113.24277925325828
3725.2792572645194,1.6434,107.04559560134832
3725.319267629186,1.6882,101.43961456041697
3725.3692805850396,1.7782,91.43115298628489
3725.409290949737,1.8379,85.58776165899114
3725.44930131445,1.6384,107.69994660649292
3725.489311679176,1.5135,126.20904259475114
3725.5293220439157,1.6784,102.62766255052571
3725.569332408671,1.906,79.58104696527946
3725.6093427734395,1.7836,90.87836026577945
3725.649353138222,1.6933,100.82948918854149
3725.699366094219,1.7583,93.51245322808919
3725.7393764590333,1.4459,138.28618021026637
3725.779386823861,1.493,129.69872282559623
3725.8193971887035,1.6973,100.35480295372864
3725.85940755356,1.6812,102.28609939220986
3725.89941791843,1.5425,121.50803237027061
3725.939428283313,1.6904,101.1757458928466
3725.979438648212,1.6897,101.25959231562821
3726.0294516043537,1.654,105.67794541298858
3726.069461969284,1.8778,81.98922187440473
3726.109472334227,1.5514,120.11790877794948
3726.1494826991852,1.4483,137.8282479912999
3726.1894930641565,1.7775,91.50318041063873
3726.2295034291424,1.6686,103.83670482414198
3726.2695137941423,1.6396,107.54235626406447
3726.3095241591554,1.7467,94.75862690141092
3726.359537115442,1.6084,111.75506817663089
3726.3995474804874,1.6052,112.2010841904182
3726.4395578455465,1.5778,116.13187628423746
3726.4795682106205,1.6702,103.63785552410914
3726.5195785757073,1.6311,108.66612706078003
3726.559588940809,1.6816,102.23744388638234
3726.599599305924,1.6406,107.41129504811826
3726.6396096710537,1.5198,125.16486776226456
3726.6896226274844,1.7011,99.90694910574479
3726.729632992645,1.5599,118.81241506840664
3726.7696433578203,1.6675,103.97374588039426
3726.8096537230094,1.8382,85.55982757205481
3726.8496640882117,1.8172,87.54875257000604
3726.8896744534286,1.7823,91.01098091104856
3726.929684818659,1.6304,108.75945700620767
3726.9696951839037,1.5273,123.9386109635141
3727.01970814048,1.5617,118.5386890486535
3727.059718505756,1.7181,97.93964274566169
3727.0997288710464,1.6134,111.06347382864345
3727.139739236351,1.4819,131.64898482983813
3727.1797496016684,1.6251,109.47001601769547
3727.2197599670017,1.5918,114.09808367732884
3727.2597703323477,1.5511,120.16437752170266
3727.299780697708,1.6549,105.56303305441418
3727.349793654428,1.6335,108.34704905911231
3727.3898040198205,1.4584,135.9258288279967
3727.4298143852257,1.7221,97.48519368196469
3727.469824750646,1.9232,78.16395831368528
3727.5098351160796,1.9155,78.79363396852928
3727.5498454815274,2.0577,68.27966150698275
3727.5898558469894,1.8446,84.96714335063959
3727.629866212466,1.7206,97.65524069503631
3727.679879169329,1.5728,116.87142610855878
3727.719889534837,1.6167,110.61053243104593
3727.7598999003576,1.6128,111.14612566202709
3727.7999102658932,1.4116,145.08816300285474
3727.8399206314425,1.5102,126.76121397430028
3727.879930997006,1.7218,97.5191675336717
3727.919941362583,1.6737,103.20485915742782
3727.959951728174,1.4713,133.5527504222636
3728.0099646851827,1.6598,104.94067489676429
3728.049975050805,1.6177,110.4738244178086
3728.0899854164422,1.622,109.88885835203
3728.1299957820934,1.6646,104.33633909563804
3728.1700061477577,1.8183,87.44285756374572
3728.2100165134357,1.8811,81.70180816540407
3728.2500268791287,1.4779,132.36257601914204
3728.2900372448357,1.7661,92.6882801588575
3728.3400502019886,1.8709,82.59509984090651
3728.3800605677266,1.8952,80.49063303233721
3728.420070933478,1.817,87.56802687329606
3728.460081299244,1.9091,79.3228092410993
3728.5000916650247,1.7991,89.31919634425101
3728.5401020308186,1.6684,103.86160121980465
3728.5801123966266,1.6739,103.18019851295053
3728.6201227624483,1.6642,104.38650076625666
3728.670135719745,1.7478,94.63938942647616
3728.710146085599,1.5808,115.69151087315245
3728.750156451466,1.7668,92.61484920296856
3728.790166817347,1.6008,112.81872904113317
3728.830177183243,1.5904,114.29904887292646
3728.8701875491524,1.6181,110.41921216818132
3728.9101979150755,1.9112,79.14858750020055
3728.9502082810127,1.5734,116.78230771425667
3729.0002212384534,1.8204,87.24122717150203
3729.0402316044224,1.6457,106.74659496357442
3729.0802419704055,1.6488,106.34557220908991
3729.120252336402,1.6463,106.6688008229765
3729.160262702412,1.6602,104.89011329224884
3729.200273068437,1.4606,135.51666627859242
3729.240283434475,1.8779,81.98049010005958
3729.2802938005275,1.7129,98.5351928492785
3729.3303067581132,1.6219,109.90240939441895
3729.3703171241964,1.772,92.07208361336622
3729.4103274902955,1.8737,82.34842923442486
3729.4503378564063,1.6583,105.1306068869679
3729.4903482225322,1.7803,91.21558025021866
3729.5303585886722,1.7175,98.00808410325988
3729.5703689548272,1.6403,107.4505882452019
3729.610379320994,1.5494,120.42821046011636
3729.650389687176,1.7625,93.06730812617775
3729.7004026449226,1.7353,96.00774353740947
3729.7404130111354,1.619,110.29648257244315
3729.7804233773622,1.6182,110.40556543327273
3729.820433743604,1.7463,94.80204185880844
3729.860444109859,1.7564,93.71487825636395
3729.9004544761283,1.6156,110.76120454180065
3729.940464842411,1.4713,133.5527504222636
3729.9904778002838,1.5013,128.2685983330386
3730.0304881665984,1.5792,115.92606010353616
3730.0704985329266,1.6725,103.3530088565431
3730.110508899269,1.7929,89.93801079542791
3730.1505192656264,1.629,108.94647797062767
3730.1905296319956,1.5532,119.83966152992019
3730.2305399983793,1.7309,96.4964728076903
3730.2705503647776,1.513,126.29247274230944
3730.3105607311895,1.5857,114.97761521713474
3730.360573689225,1.73,96.5968998198465
3730.400584055668,1.8436,85.05934354704875
3730.4405944221257,1.54,121.90285892868152
3730.480604788597,1.6905,101.16377633430571
3730.5206151550815,1.7328,96.28497387476791
3730.5606255215803,1.6354,108.09544127600614
3730.600635888095,1.9338,77.30940588496641
3730.6406462546215,1.7475,94.67188640804284
3730.6906592127993,1.6743,103.13090373341171
3730.7306695793586,1.8411,85.29050167979416
3730.77067994593,1.6852,101.80110226230143
3730.8106903125167,1.5604,118.73628503547894
3730.850700679118,1.7621,93.1095658044138
3730.890711045732,1.8018,89.05170716032019
3730.9307214123605,1.5658,117.91872223798708
3730.970731779002,1.8538,84.12589013813248
3731.0207447373245,1.735,96.04094791386132
3731.0607551039993,1.8568,83.85426836565219
3731.1007654706864,1.7186,97.88266303033257
3731.1407758373875,1.7804,91.20533390475022
3731.1807862041023,1.624,109.61836296972292
3731.220796570832,1.8674,82.9049998120868
3731.260806937575,1.8246,86.84005295771522
3731.300817304332,1.7638,92.93016917005724
3731.3508302627984,1.7172,98.04233168822576
3731.3908406295873,1.6676,103.9612763953777
3731.4308509963907,1.7643,92.87750411968231
3731.4708613632065,1.8343,85.92404048805817
3731.5108717300363,1.5779,116.11715695820418
3731.5508820968817,1.5989,113.08701700428789
3731.59089246374,1.6819,102.20097503624407
3731.6309028306127,1.6907,101.13984358858804
3731.6809157892217,1.6721,103.40246298445041
3731.7209261561256,1.8816,81.65839250352485
3731.7609365230433,1.7551,93.85375853859847
3731.800946889974,1.7122,98.61577770404959
3731.84095725692,1.7095,98.92753285186835
3731.8809676238793,1.6878,101.48770157299211
3731.920977990853,1.7051,99.43875507784674
3731.9609883578396,1.6817,102.22528543441221
3732.0110013165927,1.5581,119.08709030399602
3732.051011683611,1.6167,110.61053243104593
3732.091022050644,1.6708,103.56343427571097
3732.13103241769,1.389,149.84794102093872
3732.1710427847506,1.5233,124.59036047169067
3732.211053151825,1.7318,96.39620232764663
3732.2510635189124,1.6669,104.04860992464667
3732.291073886015,1.7043,99.53213022074563
3732.3410868449128,1.6987,100.1894544570789
3732.381097212046,1.6826,102.11595689913857
3732.421107579193,1.7282,96.79822474528825
3732.4611179463545,1.6355,108.08222304665408
3732.501128313529,1.6212,109.9973369145802
3732.5411386807186,1.4593,135.75822046970472
3732.5811490479214,1.4572,136.14978990854007
3732.6211594151387,1.6307,108.71944374095438
3732.6711723741796,1.5156,125.85953718811538
3732.7111827414274,1.6549,105.56303305441418
3732.7511931086906,1.6617,104.70083235959302
3732.791203475966,1.7252,97.13516770083208
3732.8312138432557,1.671,103.53864500590507
3732.8712242105603,1.7141,98.39727700630493
3732.911234577878,1.7004,99.98922294507204
3732.95124494521,1.6888,101.36754809806139
3733.001257904394,1.7596,93.37432954844593
3733.041268271757,1.6327,108.45325206216721
3733.081278639134,1.7913,90.09874881073323
3733.1212890065253,1.6701,103.65026686429353
3733.1612993739295,1.6728,103.31594153967889
3733.201309741349,1.589,114.50054548769664
3733.241320108781,1.6041,112.35501902392207
3733.281330476228,1.7258,97.06763851353728
3733.331343435556,1.7087,99.02018868002094
3733.371353803034,1.6002,112.90334832075798
3733.4113641705253,1.5656,117.94885156316971
3733.4513745380314,1.6239,109.63186400680897
3733.491384905551,1.7054,99.40377327279656
3733.5313952730844,1.8286,86.46054939981147
3733.5714056406323,1.7299,96.60806805338096
3733.611416008194,1.8184,87.43324027326085
3733.661428967665,1.7829,90.94973533413318
3733.7014393352574,1.645,106.83746240364755
3733.7414497028635,1.6765,102.86041284727465
3733.781460070484,1.8434,85.07780159449663
3733.8214704381194,1.7252,97.13516770083208
3733.861480805767,1.5773,116.20551491315106
3733.90149117343,1.4408,139.26689541219167
3733.9415015411055,1.618,110.43286143346349
3733.99151450072,1.5198,125.16486776226456
3734.0315248684274,1.5755,116.47119473754687
3734.071535236149,1.598,113.2144349173722
3734.1115456038838,1.6754,102.99552509539522
3734.151555971633,1.6178,110.46016755765125
3734.191566339396,1.6804,102.38351466145932
3734.2315767071727,1.6447,106.87644111389065
3734.271587074963,1.6778,102.70107722576181
3734.3216000347215,1.7742,91.84388737387046
3734.361610402543,1.765,92.80384822878332
3734.4016207703785,1.6337,108.32052268321875
3734.4416311382292,1.6618,104.68823185181407
3734.4816415060923,1.5102,126.76121397430028
3734.52165187397,1.4149,144.41216858149127
3734.561662241862,1.5358,122.57051325013808
3734.601672609767,1.892,80.76313589443075
3734.6516855696686,1.5494,120.42821046011636
3734.691695937606,1.54,121.90285892868152
3734.731706305556,1.5805,115.73543460015907
3734.7717166735197,1.5346,122.76227921823839
3734.811727041498,1.8035,88.88390403493615
3734.8517374094904,1.7012,99.89520399005998
3734.891747777497,1.6416,107.28047327152399
3734.931758145517,1.6693,103.74963789796212
3734.981771105561,1.7456,94.87808986179863
3735.021781473612,1.6949,100.63921136626037
3735.061791841678,1.7669,92.60436619023885
3735.1018022097564,1.9557,75.58767395318318
3735.1418125778496,1.7751,91.75077881959709
3735.1818229459564,1.6612,104.76386903556256
3735.221833314077,1.7367,95.85301723171953
3735.2618436822117,1.5262,124.11733133187444
3735.311856642399,1.7081,99.0897660035795
3735.351867010565,1.7264,97.00017972206216
3735.3918773787445,1.5327,123.06683033771644
3735.4318877469386,1.6405,107.42439038530885
3735.471898115145,1.5658,117.91872223798708
3735.5119084833673,1.6372,107.85788359732938
3735.5519188516023,1.7885,90.38107906748941
3735.5919292198514,1.6982,100.24846054870686
3735.6419421801825,1.8006,89.17044269071907
3735.6819525484625,1.6788,102.57876315804458
3735.7219629167566,1.6777,102.71332066341775
3735.761973285065,1.7778,91.47230109627318
3735.8019836533867,1.8087,88.37355777453882
3735.841994021723,1.6122,111.22886979220391
3735.882004390073,1.636,108.0161682540075
3735.9220147584356,1.7892,90.31037222211172
3735.9720277189094,1.6694,103.73720870563423
3736.0120380873045,1.7756,91.69911301148551
3736.052048455713,1.8505,84.42620121429852
3736.0920588241356,1.5393,122.01375524290914
3736.1320691925716,1.7206,97.65524069503631
3736.172079561022,1.6804,102.38351466145932
3736.2120899294864,1.7012,99.89520399005998
3736.252100297965,1.7552,93.84306448305173
3736.302113258582,1.6225,109.82114071960021
3736.3421236270915,1.7185,97.89405499471764
3736.382133995614,1.6652,104.26116435671504
3736.4221443641504,1.6767,102.83587554977031
3736.4621547327015,1.6393,107.58172140688424
3736.502165101266,1.6506,106.11375645715779
3736.542175469845,1.7654,92.76179848049354
3736.5821858384375,1.6337,108.32052268321875
3736.6321987991973,1.538,122.22010740774921
3736.672209167821,1.4316,141.06260853277075
3736.7122195364586,1.6777,102.71332066341775
3736.7522299051097,1.7462,94.81290026014729
3736.7922402737754,1.682,102.18882308901465
3736.832250642454,1.7061,99.32222081291043
3736.872261011147,1.5347,122.74628153795175
3736.912271379854,1.6503,106.15233974641332
3736.962284340757,1.5988,113.10116392483944
3737.002294709495,1.6389,107.63424189466316
3737.042305078247,1.8011,89.12094071083138
3737.082315447012,1.8637,83.2345086686492
3737.122325815792,1.654,105.67794541298858
3737.1623361845855,1.6585,105.1052528430466
3737.2023465533925,1.6675,103.97374588039426
3737.2423569222137,1.7318,96.39620232764663
3737.2923698832597,1.8982,80.23641223831781
3737.3323802521113,1.7238,97.29301011675138
3737.372390620978,1.639,107.62110816767182
3737.412400989858,1.8087,88.37355777453882
3737.4524113587518,1.5433,121.38209293074678
3737.4924217276593,1.4882,130.53672502165523
3737.5324320965806,1.5463,120.9115596566026
3737.572442465517,1.6087,111.71339058167462
3737.622455426705,1.5211,124.95101635243651
3737.662465795672,1.5783,116.05830762958487
3737.702476164652,1.5877,114.68812696325824
3737.7424865336466,1.4744,132.9917384797934
3737.782496902654,1.6599,104.9280310687475
3737.822507271677,1.5223,124.75410112770412
3737.8625176407127,1.5896,114.41412460382317
3737.902528009762,1.6926,100.91290546593062
3737.9525409710936,1.7227,97.41729921825244
3737.9925513401745,1.7465,94.7803306513723
3738.0325617092694,1.7175,98.00808410325988
3738.072572078378,1.6679,103.92388139646417
3738.1125824475,1.5854,115.02113297458311
3738.152592816636,1.5223,124.75410112770412
3738.192603185787,1.7729,91.97862792420663
3738.2326135549506,1.5072,127.26633851797044
3738.2826265164244,1.6739,103.18019851295053
3738.3226368856194,1.6408,107.3851115563295
3738.362647254829,1.8119,88.06168018046979
3738.4026576240512,1.8685,82.8074150036554
3738.4426679932876,1.6814,102.26176729867429
3738.482678362538,1.5348,122.73028698455111
3738.5226887318026,1.6828,102.09168548767978
3738.56269910108,1.7247,97.19149586884609
3738.612712062698,1.6459,106.72065413010725
3738.6527224320075,1.5756,116.45641085525054
3738.6927328013294,1.4856,130.9940382285681
3738.732743170667,1.4695,133.88012982700096
3738.772753540017,1.5524,119.96320748492778
3738.812763909382,1.7439,95.06315927680313
3738.85277427876,1.5406,121.80792523393579
3738.892784648152,1.5472,120.77093312712593
3738.942797609912,1.682,102.18882308901465
3738.982807979335,1.7326,96.30720415886103
3739.022818348773,1.6102,111.50535191443028
3739.062828718224,1.5799,115.82335713028698
3739.102839087688,1.5928,113.95486143315279
3739.142849457168,1.7307,96.51877638257223
3739.1828598266598,1.7092,98.96226354115379
3739.222870196166,1.762,93.12013472099882
3739.2728831580675,1.719,97.83711505231004
3739.3128935276054,1.6744,103.11858555824364
3739.352903897157,1.7497,94.4339632314186
3739.392914266721,1.5903,114.31342384250799
3739.432924636301,1.6653,104.24864313274931
3739.4729350058933,1.6403,107.4505882452019
3739.5129453755,1.6133,111.07724273053434
3739.55295574512,1.5406,121.80792523393579
3739.592966114755,1.6822,102.1645256956878
3739.6429790768166,1.619,110.29648257244315
3739.682989446482,1.7584,93.50181745226688
3739.722999816161,1.5594,118.88861834314702
3739.7630101858535,1.7991,89.31919634425101
3739.80302055556,1.6733,103.25420697692373
3739.8430309252817,1.3922,149.15987611364258
3739.8830412950156,1.567,117.73818848489572
3739.9230516647644,1.685,101.82527011593882
3739.9730646269686,1.6319,108.5596112938649
3740.013074996747,1.7651,92.7933331115889
3740.05308536654,1.4677,134.20871447218994
3740.0930957363485,1.4731,133.22657037078673
3740.1331061061687,1.6003,112.88923849757413
3740.1731164760035,1.5986,113.12946573096464
3740.2131268458515,1.6486,106.37137639648628
3740.253137215713,1.517,125.62733952263919
3740.30315017806,1.605,112.22904880225528
3740.343160547954,1.5301,123.48542442276117
3740.383170917861,1.8341,85.94278072652753
3740.423181287782,1.5397,121.95036740008847
3740.463191657717,1.829,86.4227359289612
3740.5032020276653,1.8992,80.15193956953773
3740.5432123976275,1.7086,99.03177981058658
3740.5832227676037,1.794,89.82775279487355
3740.633235730093,1.8833,81.51103781806913
3740.6732461001006,1.9046,79.69808398632388
3740.7132564701224,1.7431,95.15043818858051
3740.7532668401564,1.793,89.92797895464642
3740.793277210205,1.7449,94.95422940742515
3740.833287580267,1.7464,94.79118532269251
3740.873297950344,1.6388,107.64737802599667
3740.9133083204333,1.7206,97.65524069503631
3740.9633212830654,1.6414,107.30661849969927
3741.0033316531867,1.567,117.73818848489572
3741.043342023322,1.5818,115.54527889919338
3741.08335239347,1.7671,92.58340550361777
3741.123362763633,1.8201,87.26998878978043
3741.1633731338093,1.557,119.25541655774722
3741.2033835039992,1.8494,84.52666232568298
3741.2433938742024,1.5788,115.98480886056505
3741.2934068369773,1.6584,105.11792871838873
3741.3334172072127,1.6548,105.57579183600224
3741.3734275774614,1.7302,96.57456916188647
3741.4134379477237,1.6939,100.75807181644039
3741.4534483179996,2.1191,64.3802388936054
3741.49345868829,1.8016,89.07147994021562
3741.5334690585937,1.8788,81.90196686196379
3741.573479428912,1.6347,108.18803681444864
3741.623492391828,1.7875,90.482232980661
3741.663502762178,1.7176,97.99667222925052
3741.7035131325397,1.8597,83.59294918152703
3741.743523502916,1.7279,96.83184008361506
3741.783533873306,1.8771,82.05038337458963
3741.82354424371,1.5093,126.91243511202079
3741.863554614128,1.644,106.96747443591444
3741.903564984559,1.8486,84.5998376206801
3741.953577947618,1.8392,85.46681265142519
3741.9935883180806,1.5625,118.41733658291949
3742.0335986885566,1.7435,95.10678371482084
3742.0736090590476,1.7302,96.57456916188647
3742.1136194295514,1.6961,100.49685624473148
3742.153629800069,1.631,108.67945255332502
3742.1936401706,1.7772,91.53407536405048
3742.233650541145,1.7752,91.74044216537223
3742.283663504346,1.6781,102.66436004469469
3742.323673874923,1.8863,81.2519713605107
3742.363684245513,1.5343,122.81029102856665
3742.4036946161164,1.8304,86.2905839476066
3742.4437049867342,1.6051,112.2150651896614
3742.4837153573653,1.5978,113.24277925325828
3742.523725728011,1.67,103.66268043412536
3742.5637360986702,1.8672,82.92276103648211
3742.6137490620126,1.883,81.53701258844687
3742.6537594327024,1.6227,109.79407119220836
3742.6937698034067,1.5731,116.82685416483999
3742.7337801741232,1.496,129.1790627021003
3742.7737905448553,1.527,123.98731458021317
3742.8138009156005,1.5975,113.28531571954086
3742.8538112863594,1.6202,110.1331611518176
3742.893821657132,1.69,101.22364537662055
3742.9438346206175,1.6256,109.40268511626071
3742.9838449914205,1.7417,95.30346577667117
3743.023855362238,1.3706,153.89829486381078
3743.063865733069,1.3695,154.14562014725215
3743.103876103914,1.6493,106.28110280513353
3743.143886474773,1.7223,97.46255430975036
3743.183896845645,1.9005,80.04232438457665
3743.2239072165316,1.6577,105.20672408741159
3743.273920180159,1.7612,93.20475087459494
3743.3139305510763,1.6422,107.20209489389767
3743.353940922007,1.5976,113.27113423489766
3743.3939512929524,1.661,104.78909964681652
3743.433961663911,1.5157,125.84293029990603
3743.473972034883,1.9295,77.65436643709705
3743.5139824058692,1.7057,99.36880992400324
3743.5539927768687,1.67,103.66268043412536
3743.6040057406385,1.8467,84.77401024628485
3743.644016111669,1.765,92.80384822878332
3743.684026482714,1.7125,98.58122923727589
3743.724036853772,1.4903,130.16910266250684
3743.764047224844,1.5526,119.93230309136142
3743.80405759593,1.5111,126.6102629545073
3743.8440679670302,1.5857,114.97761521713474
3743.884078338144,1.7386,95.64362908688868
3743.9340913020537,1.6336,108.33378465331724
3743.974101673199,1.5409,121.76049996738213
3744.014112044357,1.6157,110.74749435942283
3744.054122415528,1.3781,152.22774041932058
3744.0941327867145,1.4844,131.2059168028406
3744.1341431579144,1.5427,121.47652914156912
3744.174153529127,1.478,132.34466559847758
3744.214163900354,1.5849,115.0937174932643
3744.2641768644075,1.5008,128.35407932953512
3744.304187235665,1.7315,96.4296084486253
3744.3441976069366,1.6038,112.39705623203324
3744.3842079782216,1.688,101.46365379357209
3744.424218349522,1.7593,93.40617706882466
3744.464228720835,1.5599,118.81241506840664
3744.5042390921612,1.6059,112.10329031486255
3744.5442494635013,1.6174,110.51481019804963
3744.5942624276972,1.8226,87.03074241564993
3744.6342727990677,1.7682,92.46824883521101
3744.674283170453,1.8229,87.00209897940167
3744.7142935418515,1.6008,112.81872904113317
3744.754303913264,1.3592,156.49069739143474
3744.7943142846907,1.6911,101.09200356854478
3744.8343246561317,1.545,121.11512089330606
3744.874335027585,1.5205,125.04964884497265
3744.9243479919214,1.5977,113.25695541302566
3744.964358363406,1.678,102.67659691692201
3745.004368734905,1.7318,96.39620232764663
3745.0443791064176,1.7096,98.91596001825877
3745.0843894779437,1.7218,97.5191675336717
3745.124399849483,1.7516,94.22920516462226
3745.164410221036,1.6247,109.52392550219999
3745.2044205926036,1.3184,166.32627037288532
3745.254433557082,1.493,129.69872282559623
3745.2944439286803,1.6021,112.63571330929263
3745.3344543002922,1.7273,96.89912331309506
3745.374464671918,1.6378,107.77887170735791
3745.414475043558,1.4872,130.71233089030915
3745.4544854152105,1.5133,126.24240473026218
3745.4944957868775,1.43,141.37844948588275
3745.534506158558,1.4935,129.61189528928568
3745.584519123179,1.7416,95.3144104421674
3745.62452949489,1.7441,95.04135831258759
3745.664539866615,1.6283,109.04016940366945
3745.7045502383544,1.5785,116.02889974065948
3745.744560610108,1.6094,111.61623348134198
3745.7845709818744,1.465,134.7038642331217
3745.8245813536546,1.6615,104.72604020092218
3745.8645917254476,1.6681,103.89896260525784
3745.914604690209,1.9308,77.54983293878172
3745.954615062035,1.5811,115.64761214619568
3745.994625433873,1.4418,139.07377777771228
3746.0346358057254,1.474,133.0639282725979
3746.0746461775916,1.7522,94.16468306570027
3746.114656549472,1.7768,91.5752929809287
3746.1546669213653,1.7522,94.16468306570027
3746.1946772932724,1.7024,99.75442400238211
3746.2446902581755,1.5908,114.24157610097156
3746.2847006301135,1.6984,100.22485185840848
3746.324711002065,1.7521,94.17543214583425
3746.3647213740314,1.7314,96.44074768132488
3746.404731746011,1.624,109.61836296972292
3746.444742118005,1.6749,103.05702777434188
3746.4847524900106,1.7295,96.65276036166573
3746.5247628620314,1.6543,105.63962045399823
3746.574775827077,1.5274,123.92238280158541
3746.614786199127,1.4734,133.17232322128598
3746.654796571193,1.4971,128.98930293858518
3746.694806943272,1.6098,111.56077203417094
3746.734817315364,1.8247,86.83053494096745
3746.7748276874704,1.5855,115.00662431067258
3746.8148380595903,1.6632,104.51206331939431
3746.854848431724,1.6039,112.38304120836693
3746.9048613969103,1.7113,98.71953214414586
3746.9448717690757,1.5575,119.17886041142779
3746.984882141254,1.7334,96.21832918506139
3747.0248925134456,1.52,125.13193182781797
3747.064902885651,1.6144,110.9259255044115
3747.104913257871,1.6168,110.59685021390591
3747.1449236301046,1.873,82.40999318675898
3747.184934002351,1.728,96.82063302548974
3747.2349469676797,1.7833,90.90893928896574
3747.274957339957,1.6912,101.08004886714563
3747.3149677122483,1.5916,114.126760525971
3747.3549780845537,1.3777,152.31614847838483
3747.394988456873,1.4613,135.38686557931032
3747.434998829205,1.6587,105.07990796986144
3747.4750092015506,1.7237,97.30429929420492
3747.515019573911,1.7047,99.48542621677085
3747.5650325393804,1.8259,86.71644069116644
3747.6050429117718,1.6216,109.94307756451624
3747.6450532841764,1.6923,100.94868699063139
3747.685063656594,1.6232,109.72644114449658
3747.725074029027,1.5371,122.36327340606542
3747.765084401472,1.719,97.83711505231004
3747.805094773932,1.8234,86.95439133284874
3747.845105146405,1.8983,80.22795896364072
3747.8951181120165,1.7017,99.83650946722473
3747.9351284845197,1.6195,110.22838785915445
3747.975138857037,1.6711,103.52625370854017
3748.015149229569,1.5908,114.24157610097156
3748.055159602114,1.5689,117.4531901301475
3748.095169974673,1.5747,116.5895672086027
3748.1351803472453,1.7465,94.7803306513723
3748.1751907198327,1.7861,90.62413399529687
3748.2252036855834,1.6846,101.873631649175
3748.265214058201,1.6537,105.7162912316093
3748.305224430832,1.6396,107.54235626406447
3748.345234803476,1.7431,95.15043818858051
3748.385245176134,1.8084,88.40288121155055
3748.425255548806,1.6906,101.15180889972035
3748.4652659214917,1.6323,108.5064121302924
3748.505276294191,1.5352,122.66634002351536
3748.555289260084,1.5873,114.74593708379497
3748.5952996328137,1.8269,86.6215338434678
3748.635310005558,1.8346,85.89594162126468
3748.6753203783155,1.6713,103.50147778622402
3748.7153307510866,1.617,110.56949339456293
3748.7553411238723,1.7189,97.84849906581319
3748.79535149667,1.6178,110.46016755765125
3748.8353618694823,1.7786,91.39003263529334
3748.875372242308,1.6313,108.63948342708055
3748.92538520836,1.726,97.04514443278819
3748.965395581217,1.3137,167.5185232010718
3749.005405954087,1.4116,145.08816300285474
3749.0454163269706,1.6312,108.65280401889885
3749.0854266998685,1.4595,135.72101626942467
3749.12543707278,1.6635,104.47437077601725
3749.1654474457055,1.6825,102.12809585080004
3749.2154604118814,1.6608,104.81433937371905
3749.255470784837,1.7089,98.99701252311033
3749.295481157807,1.6987,100.1894544570789
3749.335491530791,1.7239,97.28172290382771
3749.375501903787,1.7196,97.76885267296993
3749.4155122767984,1.5968,113.3846607256749
3749.4555226498223,1.7697,92.31156294179637
3749.495533022861,1.4236,142.65248055868045
3749.5355433959116,1.4224,142.89327789418826
3749.585556362247,1.4031,146.85137877153858
3749.6255667353294,1.4774,132.45218268239384
3749.6655771084256,1.6229,109.76701167202931
3749.705587481535,1.5221,124.78688799199377
3749.7455978546586,1.4021,147.06092679568613
3749.785608227796,1.3823,151.30408457952464
3749.825618600948,1.4874,130.6771813797409
3749.8656289741116,1.7382,95.68765374640067
3749.915641940587,1.7357,95.96349781498053
3749.9556523137826,1.6489,106.33267363634744
3749.995662686991,1.6867,101.62011730546229
3750.0356730602134,1.6724,103.36536906187847
3750.0756834334516,1.7146,98.33989751682483
3750.115693806701,1.7524,94.14319042569402
3750.155704179965,1.7772,91.53407536405048
3750.195714553242,1.4125,144.90333092665486
3750.245727519858,1.5394,121.99790364969644
3750.2857378931667,1.6372,107.85788359732938
3750.3257482664885,1.6122,111.22886979220391
3750.365758639824,1.631,108.67945255332502
3750.405769013173,1.6368,107.91060646966636
3750.4457793865363,1.6096,111.58849758926002
3750.4857897599127,1.5852,115.05015854015069
3750.525800133303,1.7141,98.39727700630493
3750.57581310006,1.7068,99.24076867230252
3750.615823473481,1.7058,99.35715957355193
3750.655833846916,1.6411,107.34585426637476
3750.695844220364,1.5712,117.1095744965128
3750.735854593827,1.8155,87.71278724856906
3750.7758649673015,1.7566,93.69353942227603
3750.8158753407915,1.8373,85.6436708889004
3750.8558857142934,1.5818,115.54527889919338
3750.9058986811924,1.7249,97.16895872352448
3750.9459090547257,1.5729,116.85656596021462
3750.9859194282735,1.757,93.65088361308482
3751.0259298018354,1.5215,124.88532617325232
3751.0659401754097,1.676,102.92179452662835
3751.1059505489975,1.666,104.1610576876994
3751.1459609225994,1.6645,104.34887612304244
3751.185971296215,1.6365,107.95017399725539
3751.235984263255,1.6659,104.17356313477646
3751.275994636901,1.5452,121.0837703356125
3751.3160050105607,1.3097,168.54333320005142
3751.3560153842354,1.3278,163.9796344570746
3751.396025757922,1.5894,114.4429206906943
3751.4360361316235,1.7851,90.72569633543397
3751.4760465053378,1.6352,108.12188501027617
3751.516056879067,1.6017,112.69197838139843
3751.5660698462466,1.5075,127.21569032262896
3751.6060802200054,1.5642,118.16008054110904
3751.6460905937784,1.2913,173.38076787086564
3751.6861009675645,1.4416,139.11236915631238
3751.7261113413647,1.6272,109.1876431674219
3751.7661217151785,1.659,105.04190784554093
3751.8061320890065,1.6246,109.53740909556188
3751.846142462847,1.6187,110.33736969245061
3751.896155430168,1.4267,142.033230626042
3751.93616580404,1.6278,109.10716587065066
3751.9761761779246,1.5718,117.02018362132323
3752.016186551825,1.5992,113.04459216470883
3752.056196925737,1.6107,111.43613481892075
3752.0962072996635,1.5624,118.4324954475359
3752.136217673604,1.4316,141.06260853277075
3752.1762280475573,1.4632,135.03548797390525
3752.2262410150183,1.5202,125.09900889182401
3752.266251389003,1.5055,127.55391710797443
3752.3062617630007,1.6104,111.47765733951614
3752.3462721370124,1.6145,110.91218472751463
3752.3862825110377,1.6314,108.62616528472445
3752.4262928850767,1.2636,181.06561115662726
3752.4663032591297,1.3337,162.532023809355
3752.506313633195,1.3851,150.69297646779867
3752.5563266007975,1.6074,111.89416206899055
3752.5963369748943,1.4613,135.38686557931032
3752.636347349006,1.5743,116.64882112703711
3752.6763577231295,1.5504,120.27290951191264
3752.7163680972676,1.5138,126.1590241827858
3752.756378471419,1.5179,125.47840874756389
3752.796388845584,1.7421,95.25970596041873
3752.836399219762,1.685,101.82527011593882
3752.886412187505,1.6386,107.67365750403789
3752.926422561715,1.5259,124.16614034335761
3752.966432935938,1.5002,128.45676936643494
3753.0064433101747,1.7062,99.3105786546667
3753.0464536844256,1.7711,92.16568180962578
3753.0864640586888,1.6001,112.91746078944935
3753.1264744329665,1.4694,133.8983528560351
3753.1664848072583,1.6148,110.87097771240256
3753.2164977751413,1.6414,107.30661849969927
3753.256508149463,1.3644,155.3001369288517
3753.2965185237986,1.3894,149.7616728401208
3753.3365288981477,1.5746,116.6043764548057
3753.3765392725104,1.6397,107.52923935104974
3753.4165496468863,1.5431,121.41355942815564
3753.4565600212773,1.6606,104.83958822066191
3753.4965703956805,1.4161,144.16752335121637
3753.546583363704,1.7394,95.5556708672726
3753.586593738139,1.8374,85.63434888022365
3753.626604112587,1.496,129.1790627021003
3753.6666144870487,1.797,89.52807759800872
3753.7066248615233,1.6577,105.20672408741159
3753.7466352360134,1.5266,124.05229740580205
3753.7866456105144,1.7714,92.13446655887134
3753.8266559850317,1.6057,112.13121837167868
3753.8766689531953,1.346,159.57510234487825
3753.9166793277427,1.7487,94.54199881258012
3753.9566897023033,1.7573,93.6189108697432
3753.9967000768766,1.6321,108.53300682275224
3754.0367104514644,1.6925,100.92483052673039
3754.076720826066,1.6301,108.7994923653388
3754.1167312006814,1.699,100.15407580491338
3754.1567415753098,1.6374,107.8315366495852
3754.206754543615,1.6055,112.159156866282
3754.246764918273,1.5538,119.74712726832774
3754.286775292946,1.485,131.09991331012247
3754.3267856676325,1.462,135.2572512794958
3754.366796042332,1.6233,109.71292263358421
3754.4068064170456,1.6427,107.13684517408804
3754.446816791773,1.3502,158.5838824780358
3754.486827166514,1.3046,169.86366199714678
3754.5368401349597,1.4945,129.43850158482425
3754.5768505097312,1.7723,92.04091589715162
3754.616860884516,1.549,120.49041507307956
3754.656871259315,1.563,118.34158589825442
3754.696881634127,1.5009,128.33697629563366
3754.7368920089534,1.3985,147.81902528552
3754.7769023837927,1.6685,103.8491519028672
3754.8169127586457,1.4724,133.35327602703103
3754.8669257272313,1.6059,112.10329031486255
3754.906936102115,1.5674,117.67810269185635
3754.946946477012,1.7427,95.1941227256616
3754.9869568519234,1.5665,117.81336046274994
3755.0269672268482,1.544,121.27205646794077
3755.0669776017858,1.6805,102.37133014405151
3755.106987976738,1.678,102.67659691692201
3755.1469983517036,1.9082,79.39765184303924
3755.1970113204293,1.6564,105.37192854176789
3755.237021695425,1.8477,84.6822734665315
3755.2770320704344,1.7878,90.45186898332202
3755.317042445458,1.7763,91.62685416423197
3755.3570528204946,1.5564,119.34738134316436
3755.3970631955453,1.4262,142.13283659164802
3755.4370735706093,1.4502,137.46732957715125
3755.4770839456864,1.5764,116.33824106377305
3755.527096914553,1.6111,111.38080753588592
3755.5671072896616,1.4794,132.09430094044956
3755.6071176647833,1.3568,157.04480937564577
3755.647128039918,1.612,111.2564717030816
3755.6871384150672,1.6202,110.1331611518176
3755.7271487902303,1.657,105.29563201500218
3755.7671591654066,1.6672,104.01116779911376
3755.8071695405965,1.7975,89.47827755569683
3755.8571825096033,1.7562,93.73622438120584
3755.897192884823,1.6897,101.25959231562821
3755.937203260057,1.7455,94.88896133166904
3755.9772136353054,1.7545,93.91796127645664
3756.0172240105667,1.7892,90.31037222211172
3756.0572343858403,1.7983,89.39868387280801
3756.0972447611293,1.6617,104.70083235959302
3756.137255136432,1.5604,118.73628503547894
3756.187268105578,1.5844,115.16637074073108
3756.22727848091,1.6282,109.05356375951246
3756.267288856256,1.6187,110.33736969245061
3756.3072992316165,1.5981,113.2002667399213
3756.3473096069906,1.6742,103.14322411593889
3756.3873199823765,1.7178,97.97385445991523
3756.427330357777,1.6494,106.26821595942457
3756.4673407331916,1.5762,116.3677666438204
3756.5173537024784,1.7988,89.3489917394855
3756.557364077923,1.7545,93.91796127645664
3756.5973744533817,1.4544,136.67452328244653
3756.6373848288526,1.4866,130.81786455454042
3756.6773952043386,1.6439,106.98048869016704
3756.7174055798378,1.6127,111.15990993718088
3756.7574159553506,1.6176,110.48748381084317
3756.7974263308765,1.7318,96.39620232764663
3756.8474393003025,1.701,99.91869629293824
3756.8874496758594,1.5459,120.97413918919413
3756.92746005143,1.655,105.55027658552495
3756.9674704270137,1.5816,115.57450310542212
3757.0074808026116,1.6075,111.88024099750224
3757.0474911782226,1.6206,110.0788012843326
3757.0875015538472,1.6576,105.219418324149
3757.1275119294855,1.4878,130.60692487909697
3757.177524899052,1.6584,105.11792871838873
3757.2175352747213,1.7325,96.31832218806689
3757.2575456504037,1.6232,109.72644114449658
3757.297556026099,1.6693,103.74963789796212
3757.337566401809,1.5815,115.58911936643685
3757.377576777532,1.6951,100.6154645159421
3757.417587153268,1.5778,116.13187628423746
3757.457597529019,1.5752,116.5155632793965
3757.507610498726,1.6731,103.27889416040013
3757.5476208745063,1.6688,103.81181737918239
3757.5876312503,1.6363,107.9765644403841
3757.627641626108,1.6876,101.5117579027286
3757.6676520019305,1.1167,231.83664676642533
3757.7076623777652,1.5937,113.82619185654059
3757.7476727536136,1.5238,124.5086110045678
3757.7876831294757,1.5334,122.95449557575272
3757.837696099323,1.3838,150.97624391464294
3757.877706475216,1.8107,88.17844052104017
3757.917716851122,1.665,104.28621357321033
3757.9577272270412,1.6129,111.13234395067255
3757.9977376029747,1.6256,109.40268511626071
3758.037747978922,1.7902,90.20950628728818
3758.077758354883,1.7445,94.99777887654055
3758.1177687308564,1.6659,104.17356313477646
3758.167781700843,1.5289,123.67934235710264
3758.2077920768475,1.6251,109.47001601769547
3758.247802452866,1.5192,125.26375362477812
3758.287812828897,1.603,112.5092708623583
3758.3278232049433,1.4539,136.76854483180145
3758.3678335810023,1.9281,77.76717752174675
3758.407843957074,1.7385,95.65463240294508
3758.447854333161,1.7508,94.31533783958864
3758.497867303287,1.5945,113.7120017622907
3758.537877679404,1.5793,115.91137988869002
3758.577888055534,1.6053,112.1871058038745
3758.617898431678,1.6852,101.80110226230143
3758.6579088078342,1.6651,104.27368783668804
3758.6979191840055,1.5769,116.26447625739773
3758.73792956019,1.5732,116.81200251636852
3758.777939936387,1.5449,121.13080073825762
3758.8279529066535,1.6777,102.71332066341775
3758.867963282882,1.505,127.63868456357893
3758.9079736591234,1.5718,117.02018362132323
3758.9479840353797,1.6375,107.81836679575483
3758.987994411648,1.6322,108.51970825449027
3759.028004787931,1.7617,93.15185227015155
3759.0680151642273,1.5377,122.26780147691949
3759.108025540537,1.4392,139.57672134224785
3759.1480359168604,1.6251,109.47001601769547
3759.198048887283,1.498,128.83435578026143
3759.2380592636373,1.6024,112.5935421538078
3759.278069640004,1.5813,115.61836020777305
3759.3180800163855,1.6369,107.8974221280008
3759.358090392779,1.6753,103.00782122594563
3759.3981007691873,1.6458,106.73362336470369
3759.4381111456078,1.6176,110.48748381084317
3759.4881241161543,1.6582,105.14328734933731
3759.5281344926066,1.7281,96.80942791286424
3759.568144869072,1.7032,99.66073594420378
3759.608155245551,1.7405,95.43492629694359
3759.6481656220426,1.6765,102.86041284727465
3759.6881759985495,1.6325,108.47982721169363
3759.728186375068,1.6489,106.33267363634744
3759.768196751602,1.5597,118.84288758402568
3759.8082071281488,1.5509,120.19537166654062
3759.858220098851,1.557,119.25541655774722
3759.8982304754286,1.5511,120.16437752170266
3759.9382408520196,1.512,126.45958140969591
3759.978251228624,1.5443,121.22494378311345
3760.0182616052416,1.6557,105.46104601193969
3760.0582719818717,1.5202,125.09900889182401
3760.098282358518,1.6128,111.14612566202709
3760.1382927351765,1.6319,108.5596112938649
3760.1883057060177,1.6691,103.77450298492744
3760.228316082707,1.5804,115.7500814013424
3760.2683264594093,1.5836,115.28275910925082
3760.308336836126,1.4971,128.98930293858518
3760.348347212855,1.5696,117.34845153766528
3760.3883575895984,1.5718,117.02018362132323
3760.428367966354,1.5311,123.3241743174741
3760.4683783431246,1.4729,133.26275355364896
3760.518391314107,1.4397,139.4797897680946
3760.5584016909065,1.5872,114.76039644361263
3760.5984120677213,1.6777,102.71332066341775
3760.6384224445487,1.693,100.86522635208289
3760.678432821389,1.6307,108.71944374095438
3760.718443198245,1.5689,117.4531901301475
3760.7584535751125,1.5889,114.51495848745235
3760.7984639519937,1.5666,117.79832030890039
3760.848476923115,1.5948,113.66922477387301
3760.8884873000284,1.6227,109.79407119220836
3760.928497676953,1.5703,117.24385298331354
3760.9685080538925,1.444,138.6503303736043
3761.008518430845,1.6328,108.43996814931043
3761.048528807811,1.5855,115.00662431067258
3761.088539184791,1.6646,104.33633909563804
3761.128549561784,1.7041,99.55549455677078
3761.1785625330454,1.5812,115.63298478949766
3761.2185729100684,1.4383,139.75145298956255
3761.258583287107,1.6755,102.98323116641261
3761.298593664157,1.5484,120.58381239835747
3761.3386040412215,1.6253,109.44307620023423
3761.378614418299,1.5999,112.94569366600045
3761.4186247953903,1.5084,127.06392701253361
3761.458635172495,1.6066,112.0056242385526
3761.5086481438952,1.5588,118.98015908436406
3761.548658521031,1.3601,156.2836612535247
3761.588668898179,1.5662,117.8584982109007
3761.6286792753413,1.5809,115.67687518732065
3761.6686896525175,1.5675,117.66308843042916
3761.7087000297065,1.6834,102.01892315119937
3761.748710406909,1.4376,139.88758232437493
3761.788720784126,1.6567,105.33376991639555
3761.838733755665,1.6762,102.89723526330742
3761.878744132912,1.6326,108.46653841609556
3761.9187545101718,1.8228,87.01164522010201
3761.9587648874467,1.8022,89.0121813473347
3761.9987752647335,1.7152,98.27110835645122
3762.038785642035,1.7295,96.65276036166573
3762.078796019349,1.6865,101.64422073446835
3762.1188063966765,1.7898,90.24983237345413
3762.1688193683553,1.7019,99.81304614161621
3762.2088297457126,1.6055,112.159156866282
3762.2488401230853,1.6197,110.20116762964749
3762.2888505004703,1.6288,108.97323462579271
3762.328860877869,1.6441,106.95446255630765
3762.368871255281,1.5438,121.3034801843105
3762.4088816327067,1.4765,132.61370413841578
3762.448892010147,1.5743,116.64882112703711
3762.498904981965,1.5451,121.09944409268702
3762.538915359434,1.7025,99.7427057720423
3762.5789257369174,1.6447,106.87644111389065
3762.618936114414,1.801,89.13083780860273
3762.658946491925,1.6446,106.88943875774787
3762.6989568694476,1.6539,105.6907250340447
3762.738967246985,1.6023,112.60759657375127
3762.778977624536,1.6315,108.61284959123002
3762.8289905964934,1.6383,107.71309476834432
3762.8690009740744,1.4374,139.9265129538387
3762.909011351669,1.5569,119.27073663865859
3762.9490217292764,1.639,107.62110816767182
3762.989032106898,1.656,105.42283897219029
3763.0290424845334,1.3832,151.10725219663505
3763.0690528621813,1.6484,106.39718997689545
3763.109063239844,1.7646,92.84592657584236
3763.159076211941,1.683,102.06742272861132
3763.199086589633,1.5195,125.21429605100464
3763.239096967339,1.4629,135.09087764168365
3763.2791073450576,1.5344,122.7942839627303
3763.3191177227914,1.7171,98.05375153907526
3763.3591281005374,1.7303,96.5634067365657
3763.3991384782976,1.7118,98.66187058497586
3763.439148856071,1.6438,106.99350531964329
3763.489161828307,1.5955,113.56950562275836
3763.5291722061093,1.5641,118.17519003311669
3763.569182583927,1.544,121.27205646794077
3763.6091929617583,1.6565,105.35920669638602
3763.6492033396025,1.6664,104.11105841075796
3763.68921371746,1.4306,141.25988493674726
3763.7292240953316,1.5141,126.10903549942567
3763.7692344732154,1.6098,111.56077203417094
3763.81924744559,1.6478,106.47468712180783
3763.8592578235052,1.6443,106.92844591872087
3763.8992682014336,1.6192,110.26923711723705
3763.9392785793752,1.6458,106.73362336470369
3763.979288957331,1.5903,114.31342384250799
3764.0192993353,1.8075,88.49093914478975
3764.0593097132823,1.772,92.07208361336622
3764.099320091279,1.5369,122.3951222330477
3764.1493330637923,1.6301,108.7994923653388
3764.1893434418184,1.715,98.29403005467692
3764.2293538198583,1.6703,103.62544641303833
3764.2693641979113,1.6792,102.52989870615829
3764.309374575978,1.6441,106.95446255630765
3764.3493849540587,1.674,103.16787150518064
3764.3893953321517,1.5685,117.51310372490794
3764.4294057102584,1.4973,128.9548460890537
3764.479418682912,1.4656,134.59359441933015
3764.519429061049,1.7269,96.9440177665127
3764.5594394391997,1.6379,107.76571150029348
3764.5994498173645,1.6184,110.37827955207483
3764.6394601955426,1.5,128.4910267657688
3764.679470573734,1.6111,111.38080753588592
3764.7194809519387,1.5346,122.76227921823839
3764.7594913301573,1.4949,129.36924151516047
3764.8095043029484,1.6993,100.11871588867295
3764.8495146811974,1.6179,110.44651322974488
3764.8895250594596,1.4619,135.27575620935815
3764.9295354377346,1.5227,124.68856615256104
3764.969545816024,1.564,118.19030242345532
3765.0095561943263,1.7423,95.23783735367513
3765.0495665726426,1.6661,104.14855449229947
3765.089576950972,1.6742,103.14322411593889
3765.1395899239023,1.6317,108.58622554842498
3765.1796003022623,1.7079,99.11297474175541
3765.219610680636,1.6398,107.51612483768834
3765.2596210590223,1.4099,145.43825648769902
3765.2996314374222,1.7025,99.7427057720423
3765.339641815836,1.5939,113.79762821287697
3765.379652194263,1.5226,124.70494505428823
3765.4196625727036,1.5137,126.17569368243203
3765.4696755457735,1.6779,102.68883597710384
3765.509685924244,1.7643,92.87750411968231
3765.549696302728,1.6995,100.09515301349413
3765.5897066812254,1.4462,138.22881397811832
3765.6297170597372,1.4905,130.13417202658843
3765.6697274382623,1.592,114.06941763585858
3765.7097378167996,1.7094,98.93910771657048
3765.749748195351,1.6444,106.91544115958607
3765.79976116856,1.5912,114.18414666650663
3765.839771547142,1.6772,102.7745707049403
3765.879781925737,1.6778,102.70107722576181
3765.9197923043457,1.3915,149.30998477427522
3765.9598026829676,1.5728,116.87142610855878
3765.9998130616036,1.5047,127.68958560314297
3766.0398234402533,1.5451,121.09944409268702
3766.079833818916,1.6019,112.66384057675478
3766.1298467922625,1.5469,120.81778136526829
3766.1698571709558,1.749,94.50956867997844
3766.2098675496622,1.5431,121.41355942815564
3766.249877928382,1.5114,126.56000586293418
3766.289888307115,1.6377,107.79203432523033
3766.3298986858626,1.5787,115.99950302776784
3766.3699090646223,1.4569,136.2058666663931
3766.409919443396,1.4162,144.14716431554098
3766.4599324168817,1.5438,121.3034801843105
3766.499942795685,1.7641,92.89856476620604
3766.5399531745024,1.6643,104.37395695780856
3766.579963553334,1.5537,119.76254220091484
3766.6199739321783,1.4354,140.31671470367226
3766.659984311036,1.6933,100.82948918854149
3766.699994689907,1.7407,95.41299732838671
3766.740005068791,1.6275,109.14739339314967
3766.7900180424162,1.4986,128.73121273029304
3766.830028421331,1.5036,127.87648348667442
3766.870038800259,1.5629,118.35673021921363
3766.9100491792015,1.5837,115.26820091683364
3766.950059558156,1.6198,110.18756129579029
3766.990069937125,1.5558,119.43945254870307
3767.030080316107,1.7189,97.84849906581319
3767.070090695103,1.6994,100.10693341117852
3767.120103668866,1.4991,128.64535477631816
3767.1601140478906,1.63,108.81284239761133
3767.20012442693,1.6162,110.67898161656235
3767.240134805983,1.6312,108.65280401889885
3767.2801451850487,1.496,129.1790627021003
3767.3201555641285,1.5931,113.9119473434998
3767.360165943222,1.5943,113.74053317114439
3767.400176322328,1.7139,98.42024286445796
3767.45018929623,1.6864,101.65627566498345
3767.4901996753665,1.5905,114.28467661466377
3767.530210054517,1.4398,139.4604155704033
3767.5702204336803,1.386,150.49733498530216
3767.610230812857,1.4659,134.53851028118896
3767.650241192047,1.5639,118.20541771286621
3767.6902515712504,1.5787,115.99950302776784
3767.730261950468,1.5177,125.51148157980448
3767.7802749245084,1.6135,111.04970748674016
3767.8202853037556,1.5764,116.33824106377305
3767.8602956830164,1.6202,110.1331611518176
3767.9003060622913,1.6158,110.73378672248684
3767.940316441579,1.5722,116.96064655324574
3767.98032682088,1.5677,117.6330685266399
3768.0203372001947,1.5793,115.91137988869002
3768.060347579522,1.6213,109.98376831200001
3768.110360553701,1.5886,114.55821381889152
3768.15037093306,1.5007,128.37118578255945
3768.1903813124313,1.4865,130.83546592376237
3768.2303916918163,1.5531,119.85509433430404
3768.2704020712154,1.6563,105.38465269148259
3768.310412450627,1.5257,124.19869568117134
3768.350422830052,1.4679,134.17214536526174
3768.3904332094908,1.6408,107.3851115563295
3768.430443588943,1.7764,91.616538444396
3768.4804565632767,1.4006,147.37609080519906
3768.52046694276,1.6504,106.1394763121582
3768.560477322256,1.729,96.70866937247234
3768.6004877017654,1.6258,109.37577014795642
3768.6404980812877,1.4908,130.081802429985
3768.680508460824,1.4839,131.29435128849707
3768.720518840373,1.4656,134.59359441933015
3768.7705318148282,1.6321,108.53300682275224
3768.8105421944083,1.6971,100.37845757799941
3768.850552574002,1.5631,118.32644448379386
3768.8905629536084,1.5935,113.85476625593112
3768.9305733332285,1.5803,115.76473098312218
3768.9705837128618,1.7466,94.76947784442073
3769.0105940925087,1.7526,94.12170514323701
3769.0506044721687,1.6034,112.45314255158182
3769.0906148518425,1.6362,107.98976329114292
3769.140627826453,1.5936,113.84047771143253
3769.1806382061573,1.6246,109.53740909556188
3769.220648585874,1.7579,93.55501448373741
3769.260658965605,1.6717,103.45195261634623
3769.3006693453494,1.7379,95.72069219196631
3769.3406797251064,1.6723,103.3777314846212
3769.3806901048774,1.436,140.19948297418415
3769.420700484662,1.6736,103.21719279519151
3769.4707134594114,1.5597,118.84288758402568
3769.5107238392256,1.4725,133.3351641550655
3769.5507342190535,1.4622,135.22025280909963
3769.5907445988946,1.5224,124.7377125410116
3769.6307549787493,1.5423,121.53954785544005
3769.6707653586172,1.5675,117.66308843042916
3769.7107757384993,1.5293,123.61465232277544
3769.7507861183935,1.4957,129.23088804061553
3769.8007990932815,1.5641,118.17519003311669
3769.8408094732063,1.5079,127.14820641374772
3769.880819853145,1.3733,153.2937414250284
3769.9208302330967,1.5882,114.61592572814206
3769.9608406130615,1.6726,103.34065086808475
3770.000850993041,1.7168,98.08802306571309
3770.0408613730324,1.8201,87.26998878978043
3770.080871753038,1.6879,101.47567661474582
3770.1308847280643,1.3379,161.5131696171838
3770.170895108099,1.6707,103.57583224921747
3770.2109054881485,1.7278,96.8430490876906
3770.2509158682105,1.417,143.9844471701978
3770.2909262482867,1.686,101.70451683899367
3770.3309366283765,1.7546,93.90725624608876
3770.3709470084787,1.6617,104.70083235959302
3770.4109573885953,1.6059,112.10329031486255
3770.460970363759,1.5606,118.70585350899233
3770.500980743905,1.6419,107.2412733420299
3770.540991124064,1.6967,100.42579192377733
3770.5810015042375,1.7915,90.07863300402624
3770.621011884424,1.1127,233.50648156632724
3770.6610222646245,1.7889,90.34066499229175
3770.7010326448367,1.7045,99.50877410869873
3770.741043025064,1.4368,140.04340240133942
3770.791056000365,1.4295,141.47736734227172
3770.8310663806224,1.5828,115.39932400196423
3770.871076760892,1.6513,106.02381054705569
3770.911087141176,1.7298,96.61923822388209
3770.951097521473,1.5054,127.5708638422533
3770.9911079017834,1.7589,93.44866578105542
3771.0311182821065,1.6997,100.07159845559775
3771.0711286624437,1.5464,120.89592236068697
3771.1211416378837,1.5173,125.57766648345904
3771.161152018251,1.4549,136.58059865246173
3771.201162398631,1.5884,114.58706432351622
3771.2411727790245,1.5745,116.61918852280112
3771.281183159432,1.7021,99.78959108647359
3771.3211935398526,1.7881,90.42152026772892
3771.361203920287,1.5285,123.7440831851147
3771.4012143007344,1.7057,99.36880992400324
3771.4512272763122,1.5673,117.6931198272829
3771.49123765679,1.4741,133.0458753149132
3771.531248037282,1.6543,105.63962045399823
3771.571258417786,1.5782,116.0730157668307
3771.611268798303,1.6803,102.39570135434874
3771.6512791788336,1.6344,108.22775704196687
3771.691289559378,1.7917,90.05852393327042
3771.731299939937,1.6226,109.80760470469431
3771.7813129156525,1.7063,99.29893854327469
3771.8213232962403,1.7196,97.76885267296993
3771.8613336768417,1.6322,108.51970825449027
3771.901344057456,1.6341,108.26749914786723
3771.941354438084,1.7385,95.65463240294508
3771.981364818726,1.524,124.47593374486691
3772.0213751993806,1.4706,133.67992179640345
3772.0613855800493,1.6833,102.03104480424591
3772.1113985559036,1.9358,77.14974180950504
3772.1514089366005,1.6867,101.62011730546229
3772.191419317313,1.6789,102.56654377069295
3772.231429698038,1.7075,99.15941668650069
3772.2714400787763,1.6287,108.9866166498756
3772.311450459528,1.5191,125.28024599448648
3772.351460840294,1.4997,128.5424385652262
3772.3914712210726,1.3549,157.4855712512539
3772.441484197064,1.62,110.1603561867567
3772.4814945778717,1.6288,108.97323462579271
3772.521504958694,1.6381,107.73939831623397
3772.5615153395297,1.5429,121.44503816298096
3772.601525720379,1.5891,114.48613520882769
3772.6415361012405,1.6473,106.53933277313828
3772.681546482117,1.5062,127.43538446333869
3772.721556863005,1.4741,133.0458753149132
3772.7715698391344,1.7184,97.90544894798002
3772.811580220053,1.7288,96.73104656067297
3772.851590600986,1.6264,109.29508481013964
3772.8916009819322,1.6308,108.70611089281084
3772.9316113628906,1.7451,94.93246590188149
3772.9716217438627,1.5397,121.95036740008847
3773.0116321248483,1.654,105.67794541298858
3773.051642505848,1.5459,120.97413918919413
3773.101655482115,1.4459,138.28618021026637
3773.1416658631447,1.5856,114.99211839175392
3773.1816762441877,1.6041,112.35501902392207
3773.221686625243,1.5901,114.34218191835582
3773.2616970063123,1.5352,122.66634002351536
3773.301707387395,1.438,139.80976979073412
3773.3417177684905,1.3589,156.55980086756156
3773.3817281495994,1.5238,124.5086110045678
3773.431741126005,1.6577,105.20672408741159
3773.4717515071443,1.5608,118.67543368018278
3773.5117618882973,1.6249,109.49696578338445
3773.5517722694635,1.7451,94.93246590188149
3773.5917826506425,1.5414,121.68151938308358
3773.631793031835,1.5097,126.8451923283497
3773.6718034130413,1.67,103.66268043412536
3773.7118137942607,1.5978,113.24277925325828
3773.7618267708044,1.3933,148.92444802533478
3773.8018371520534,1.4268,142.0133219978178
3773.8418475333165,1.5836,115.28275910925082
3773.881857914592,1.4295,141.47736734227172
3773.921868295882,1.5528,119.90141063843775
3773.961878677185,1.3409,160.79127071736377
3774.0018890585006,1.5315,123.25976270073461
3774.0418994398306,1.4416,139.11236915631238
3774.091912416511,1.4957,129.23088804061553
3774.1319227978706,1.5592,118.91912018179738
3774.1719331792433,1.5041,127.79147906951786
3774.2119435606305,1.4513,137.25902439870282
3774.2519539420296,1.6244,109.56438375325907
3774.291964323443,1.5952,113.61222632747008
3774.3319747048704,1.7738,91.88531445299647
3774.371985086309,1.748,94.6177340669479
3774.4219980631274,1.5919,114.08374930603667
3774.462008444597,1.5888,114.52937420877987
3774.5020188260805,1.5637,118.23565699187138
3774.5420292075764,1.6381,107.73939831623397
3774.5820395890873,1.5272,123.95484231337156
3774.62204997061,1.6883,101.4275981474233
3774.662060352146,1.5528,119.90141063843775
3774.702070733696,1.5718,117.02018362132323
3774.7520837106513,1.5741,116.67846502704893
3774.792094092231,1.6711,103.52625370854017
3774.8321044738245,1.5299,123.51771239326064
3774.872114855432,1.5947,113.68348108759457
3774.9121252370514,1.6691,103.77450298492744
3774.952135618684,1.572,116.99040940627016
3774.99214600033,1.5831,115.35559145811645
3775.0321563819903,1.5709,117.15430834933686
3775.082169359084,1.6124,111.20127815179825
3775.1221797407734,1.4903,130.16910266250684
3775.162190122476,1.5191,125.28024599448648
3775.2022005041936,1.5432,121.39782465017062
3775.2422108859237,1.9113,79.14030554806867
3775.282221267666,1.8571,83.82717856427847
3775.3222316494225,1.6975,100.33115668994688
3775.362242031192,1.8076,88.48114843418497
3775.412255008424,1.49,130.22152499252908
3775.452265390223,1.7558,93.77893851644043
3775.492275772036,1.7623,93.08843336849152
3775.532286153863,1.6784,102.62766255052571
3775.572296535703,1.4261,142.15277035789015
3775.6123069175546,1.3321,162.92269600790848
3775.6523172994216,1.7793,91.31813874107544
3775.6923276813013,1.5009,128.33697629563366
3775.74234065867,1.6004,112.8751313192366
3775.78235104058,1.6711,103.52625370854017
3775.8223614225035,1.4643,134.83268370805783
3775.8623718044387,1.5798,115.83802062561178
3775.90238218639,1.3335,162.58078094179916
3775.9423925683523,1.3385,161.36840142997428
3775.9824029503284,1.4804,131.91590375404465
3776.0224133323177,1.4979,128.85155833988009
3776.072426309824,1.5072,127.26633851797044
3776.112436691844,1.6962,100.48500695401242
3776.152447073876,1.586,114.93412215215342
3776.192457455922,1.6838,101.9704581340352
3776.232467837982,1.3582,156.72122042439028
3776.2724782200553,1.3625,155.7335692669945
3776.3124886021415,1.3261,164.40033251962416
3776.3524989842417,1.6474,106.52639893381014
3776.402511961884,1.6841,101.93413203157479
3776.4425223440135,1.8706,82.62159455238833
3776.482532726157,1.5981,113.2002667399213
3776.5225431083127,1.5661,117.8735498916047
3776.562553490482,1.6479,106.4617650522774
3776.602563872665,1.5945,113.7120017622907
3776.6425742548613,1.566,117.88860445586263
3776.682584637071,1.5188,125.32974265096877
3776.7325976148504,1.6053,112.1871058038745
3776.77260799709,1.4853,131.04695973091737
3776.812618379343,1.4788,132.20151301173323
3776.852628761609,1.6465,106.6428883401274
3776.8926391438886,1.586,114.93412215215342
3776.932649526181,1.5998,112.95981407518357
3776.972659908487,1.603,112.5092708623583
3777.0126702908065,1.644,106.96747443591444
3777.0626832687235,1.4568,136.2245666180672
3777.1026936510734,1.6783,102.6398928620178
3777.142704033435,1.5952,113.61222632747008
3777.182714415812,1.5814,115.60373840032
3777.2227247982005,1.4988,128.69685923739198
3777.2627351806022,1.5654,117.97899243731007
3777.302745563019,1.5205,125.04964884497265
3777.3427559454467,1.5361,122.52264196657258
3777.392768923503,1.6625,104.60009195347278
3777.4327793059606,1.8407,85.32757441191346
3777.4727896884333,1.5978,113.24277925325828
3777.5128000709187,1.6967,100.42579192377733
3777.552810453418,1.6456,106.7595689272942
3777.5928208359296,1.7653,92.77230823784883
3777.632831218455,1.694,100.74617629833278
3777.6728416009937,1.5528,119.90141063843775
3777.722854579187,1.5289,123.67934235710264
3777.7628649617545,1.7259,97.05639049566979
3777.802875344337,1.7429,95.17227669748094
3777.842885726932,1.7557,93.78962161216279
3777.88289610954,1.5766,116.3087267194311
3777.9229064921624,1.701,99.91869629293824
3777.9629168747974,1.585,115.07919509400035
3778.002927257446,1.5152,125.92599762477268
3778.0529402357747,1.5791,115.94074310744006
3778.0929506184534,1.5827,115.41390704318896
3778.1329610011453,1.3073,169.1627395994846
3778.17297138385,1.5684,117.52808928663556
3778.212981766568,1.7002,100.01274842328756
3778.252992149299,1.553,119.87053012000625
3778.293002532044,1.564,118.19030242345532
3778.333012914803,1.6424,107.17598785481606
3778.373023297574,1.4469,138.09509817605925
3778.4230362760572,1.3703,153.96568814806326
3778.4630466588583,1.5087,127.01339958772236
3778.5030570416725,1.6526,105.85707127710972
3778.543067424501,1.7054,99.40377327279656
3778.583077807342,1.5654,117.97899243731007
3778.6230881901965,1.54,121.90285892868152
3778.663098573065,1.6104,111.47765733951614
3778.7131115516668,1.5496,120.39712621613418
3778.7531219345647,1.5875,114.71702656115649
3778.7931323174753,1.669,103.7869388806358
3778.8331427004,1.4373,139.94598436318677
3778.873153083338,1.4398,139.4604155704033
3778.9131634662886,1.7336,96.19612966418325
3778.953173849252,1.7304,96.55224624642112
3778.99318423223,1.5976,113.27113423489766
3779.03319461522,1.6397,107.52923935104974
3779.083207593978,1.7032,99.66073594420378
3779.123217976998,1.7486,94.5528125662236
3779.1632283600316,1.7501,94.39080084415006
3779.203238743078,1.5159,125.80972638255972
3779.243249126139,1.726,97.04514443278819
3779.2832595092123,1.556,119.40875031226588
3779.3232698922993,1.4631,135.05394741076918
3779.363280275399,1.4693,133.91657960595066
3779.413293254294,1.7456,94.87808986179863
3779.4533036374232,1.6241,109.60486442643898
3779.4933140205667,1.8083,88.41265893390701
3779.5333244037233,1.4616,135.33129379007124
3779.573334786893,1.5215,124.88532617325232
3779.613345170076,1.6601,104.90275026704023
3779.6533555532724,1.7551,93.85375853859847
3779.693365936482,1.5571,119.24009942839564
3779.743378915513,1.5997,112.97393713252109
3779.7833892987524,1.4533,136.88149881242813
3779.823399682005,1.2251,192.62475884024877
3779.8634100652716,1.7181,97.93964274566169
3779.9034204485506,1.5457,121.00544717584341
3779.943430831843,1.7659,92.70927647268032
3779.9834412151486,1.73,96.5968998198465
3780.0234515984685,1.6629,104.5497762646768
3780.073464577636,1.4643,134.83268370805783
3780.1134749609846,1.4813,131.75565509901153
3780.1534853443472,1.614,110.98091415483425
3780.193495727722,1.6202,110.1331611518176
3780.2335061111103,1.7491,94.49876234380703
3780.273516494513,1.6152,110.81607073833854
3780.313526877929,1.6753,103.00782122594563
3780.3535372613574,1.7173,98.03091383228308
3780.4035502406614,1.7978,89.44841747265805
3780.4435606241204,1.5465,120.88028809809435
3780.483571007592,1.4495,137.60013440576267
3780.523581391076,1.589,114.50054548769664
3780.5635917745744,1.5603,118.7515051872255
3780.6036021580867,1.5233,124.59036047169067
3780.6436125416117,1.5754,116.48598143519332
3780.683622925149,1.5769,116.26447625739773
3780.7336359045908,1.5447,121.1621695643119
3780.773646288158,1.7029,99.69585349286623
3780.813656671739,1.7317,96.40733577223186
3780.8536670553335,1.6556,105.47378630757731
3780.8936774389413,1.3952,148.51911032180502
3780.9336878225618,1.508,127.1313438267034
3780.973698206196,1.5079,127.14820641374772
3781.013708589844,1.4989,128.67968764751424
3781.063721569421,1.7568,93.6722078756223
3781.1037319530983,1.5038,127.84247154495188
3781.1437423367897,1.4159,144.2082543642986
3781.183752720493,1.5042,127.77448835733907
3781.2237631042094,1.3432,160.24108754114584
3781.2637734879395,1.591,114.21285596927669
3781.303783871683,1.6339,108.2940060477265
3781.34379425544,1.66,104.91538952568966
3781.393807235155,1.7073,99.18264990071421
3781.4338176189412,1.6932,100.84139946578205
3781.4738280027414,1.5899,114.37095084766611
3781.513838386554,1.4553,136.50552864092737
3781.5538487703807,1.4309,141.2006585849047
3781.5938591542194,1.5481,120.63055178917783
3781.6338695380723,1.5847,115.12277053993914
3781.6738799219384,1.6957,100.54427437298817
3781.7238929017894,1.2868,174.59552862392133
3781.7639032856855,1.5395,121.98205514535707
3781.8039136695947,1.5412,121.71310239259974
3781.8439240535163,1.47,133.78907045961756
3781.883934437453,1.464,134.88794862871953
3781.923944821401,1.6536,105.7290778092395
3781.9639552053623,1.6538,105.703506973398
3782.0039655893383,1.6108,111.4222991339677
3782.0539785693254,1.6364,107.96336800928538
3782.093988953331,1.5586,119.01069616033502
3782.1339993373495,1.4807,131.8624550671476
3782.17400972138,1.4012,147.2499037380051
3782.2140201054253,1.4648,134.7406509530339
3782.2540304894837,1.5201,125.11546873544197
3782.2940408735544,1.5896,114.41412460382317
3782.3340512576397,1.7407,95.41299732838671
3782.384064237763,1.4259,142.19265047290162
3782.424074621878,1.5249,124.32904515251747
3782.4640850060055,1.4507,137.37258666336936
3782.5040953901457,1.437,140.00442298326846
3782.5441057742996,1.4807,131.8624550671476
3782.584116158467,1.3987,147.77675507709725
3782.624126542648,1.3251,164.64855867846398
3782.664136926841,1.5371,122.36327340606542
3782.714149907102,1.8016,89.07147994021562
3782.7541602913257,1.5811,115.64761214619568
3782.7941706755623,1.5102,126.76121397430028
3782.834181059812,1.5524,119.96320748492778
3782.874191444075,1.551,120.17987309537286
3782.914201828352,1.5605,118.7210678096512
3782.954212212642,1.4816,131.70230376518478
3782.994222596944,1.4803,131.93372720474372
3783.0442355773407,1.5918,114.09808367732884
3783.0842459616742,1.5035,127.89349454767277
3783.1242563460205,1.5443,121.22494378311345
3783.164266730379,1.5903,114.31342384250799
3783.2042771147503,1.6461,106.69472275143934
3783.244287499136,1.5806,115.72079057886856
3783.284297883535,1.5788,115.98480886056505
3783.324308267947,1.4179,143.8017194964404
3783.374321248481,1.898,80.253322796248
3783.4143316329228,1.5485,120.5682386378197
3783.4543420173773,1.6219,109.90240939441895
3783.494352401845,1.4238,142.61240685134968
3783.5343627863263,1.3071,169.21451086472752
3783.5743731708217,1.6115,111.32552144705416
3783.614383555329,1.6411,107.34585426637476
3783.6543939398507,1.6509,106.07519419993577
3783.70440692052,1.5507,120.22637780446176
3783.744417305071,1.4273,141.9138416166329
3783.784427689635,1.5489,120.5059737568971
3783.8244380742126,1.6404,107.4374881174754
3783.864448458803,1.6427,107.13684517408804
3783.904458843406,1.7886,90.37097300666515
3783.944469228022,1.6852,101.80110226230143
3783.9844796126526,1.5447,121.1621695643119
3784.034492593459,1.4953,129.30003702023825
3784.0745029781183,1.4571,136.16847831268626
3784.1145133627915,1.6925,100.92483052673039
3784.154523747478,1.6673,103.99869158172396
3784.1945341321775,1.5618,118.52350979161463
3784.2345445168903,1.3063,169.4218337720518
3784.2745549016163,1.8485,84.60899121334323
3784.314565286355,1.7665,92.64630892367022
3784.364578267297,1.6176,110.48748381084317
3784.4045886520657,1.919,78.50647807008416
3784.4445990368486,1.9178,78.6047544265674
3784.484609421644,1.8162,87.64518777154493
3784.5246198064524,1.7686,92.42642694675541
3784.564630191274,1.669,103.7869388806358
3784.6046405761085,1.7961,89.61782250365057
3784.644650960957,1.8109,88.15896434399727
3784.694663942035,1.7037,99.60224791620399
3784.734674326913,1.5666,117.79832030890039
3784.774684711804,1.5268,124.01979960879396
3784.8146950967075,1.5611,118.62982585700078
3784.854705481626,1.5021,128.1320062490536
3784.894715866557,1.5252,124.2801400635445
3784.9347262515,1.7512,94.27225674663075
3784.9747366364572,2.0234,70.61418908277392
3785.0247496176717,1.7708,92.19691292670586
3785.064760002658,1.5797,115.85268690575968
3785.1047703876584,1.3979,147.94594478698937
3785.144780772672,1.5421,121.57107560343614
3785.184791157698,1.366,154.9365432032682
3785.2248015427376,1.5382,122.18832686365772
3785.26481192779,1.5496,120.39712621613418
3785.3048223128562,1.4739,133.0819849049331
3785.3548352942066,1.3371,161.7064971064731
3785.394845679303,1.431,141.1809247447533
3785.4348560644107,1.754,93.97151389559613
3785.4748664495332,1.4611,135.4239324574152
3785.5148768346685,1.5333,122.97053397982941
3785.554887219817,1.4121,144.98543488607976
3785.594897604979,1.5765,116.32348248749524
3785.6349079901534,1.5216,124.86891172262752
3785.6849209716397,1.6107,111.43613481892075
3785.7249313568445,1.44,139.42167928318517
3785.764941742062,1.4473,138.0187762416142
3785.8049521272933,1.7255,97.10139430158735
3785.844962512537,1.8499,84.48097596776843
3785.884972897794,1.516,125.79312935168863
3785.9249832830637,1.515,125.95924758554932
3785.9649936683477,1.6317,108.58622554842498
3786.015006649971,1.5409,121.76049996738213
3786.0550170352844,1.557,119.25541655774722
3786.095027420611,1.4961,129.1617945169295
3786.1350378059506,1.4599,135.64665373493028
3786.1750481913027,1.3965,148.24272673607936
3786.21505857667,1.4064,146.16303881379275
3786.255068962049,1.3886,149.93428376365492
3786.2950793474406,1.4259,142.19265047290162
3786.3450923291994,1.4717,133.48016252513966
3786.3851027146225,1.5358,122.57051325013808
3786.425113100057,1.5849,115.0937174932643
3786.465123485505,1.364,155.39123534194272
3786.505133870967,1.3943,148.7109058370595
3786.5451442564413,1.5234,124.57400413855788
3786.5851546419294,1.4078,145.8724771404285
3786.6251650274307,1.3185,166.3010417286943
3786.675178009325,1.5041,127.79147906951786
3786.7151883948573,1.5647,118.08457653010505
3786.7551987804004,1.4636,134.96168805959869
3786.7952091659577,1.6555,105.4865289120049
3786.8352195515286,1.437,140.00442298326846
3786.8752299371117,1.7442,95.0304606426726
3786.915240322708,1.4882,130.53672502165523
3786.955250708318,1.478,132.34466559847758
3787.005263690349,1.4623,135.201759266489
3787.0452740759883,1.2451,186.48621433576835
3787.085284461641,1.6731,103.27889416040013
3787.1252948473075,1.6823,102.15238024855988
3787.165305232986,1.4059,146.2670212633425
3787.2053156186785,1.451,137.3157879214623
3787.245326004384,1.5427,121.47652914156912
3787.285336390102,1.681,102.31044017112076
3787.335349372269,1.7108,98.7772442673366
3787.3753597580167,1.546,120.95848975213639
3787.4153701437785,1.5465,120.88028809809435
3787.4553805295523,1.4929,129.71609880252635
3787.495390915341,1.4363,140.14092219566334
3787.5354013011406,1.5415,121.66573248803373
3787.5754116869552,1.5538,119.74712726832774
3787.615422072783,1.5908,114.24157610097156
3787.6554324586227,1.6851,101.81318511346412
3787.7054454409426,1.6364,107.96336800928538
3787.745455826812,1.6804,102.38351466145932
3787.7854662126947,1.6666,104.08607227154381
3787.8254765985907,1.507,127.30012078713283
3787.865486984501,1.5492,120.45930674369204
3787.9054973704237,1.5796,115.86735597143593
3787.9455077563584,1.5686,117.49812102912595
3787.9955207387975,1.7494,94.46635445344577
3788.035531124763,1.6758,102.94636258361706
3788.0755415107415,1.469,133.97128219111812
3788.115551896733,1.6288,108.97323462579271
3788.1555622827377,1.6459,106.72065413010725
3788.195572668756,1.5946,113.69774008350952
3788.2355830547867,1.5935,113.85476625593112
3788.2755934408315,1.6301,108.7994923653388
3788.3156038268894,1.4726,133.31705597274652
3788.36561680948,1.5288,123.69552280012113
3788.405627195567,1.5488,120.52153545450135
3788.4456375816667,1.5433,121.38209293074678
3788.48564796778,1.6135,111.04970748674016
3788.525658353907,1.6561,105.41010790613701
3788.5656687400465,1.4637,134.94324753414017
3788.6056791261994,1.4795,132.07644494213795
3788.6456895123665,1.4583,135.94447113699124
3788.6957024950916,1.664,104.41159516800032
3788.7357128812873,1.589,114.50054548769664
3788.7757232674962,1.6388,107.64737802599667
3788.815733653718,1.4956,129.24817008420962
3788.855744039953,1.4551,136.54305590805535
3788.895754426202,1.6002,112.90334832075798
3788.9357648124633,1.7605,93.27888465406447
3788.975775198738,1.6037,112.41107387753377
3789.025788181599,1.5568,119.28605967188813
3789.0657985679027,1.4094,145.5414663295908
3789.1058089542207,1.5367,122.426983496112
3789.1458193405515,1.568,117.58806020762593
3789.185829726895,1.4464,138.19058965243383
3789.2258401132517,1.5889,114.51495848745235
3789.2658504996216,1.4395,139.51855027724943
3789.305860886005,1.5867,114.83273425524041
3789.355873869002,1.7159,98.19094552130943
3789.3958842554143,1.4449,138.47765911903332
3789.4358946418397,1.6343,108.24100197887566
3789.475905028279,1.7042,99.54381136051964
3789.515915414731,1.7443,95.01956484697958
3789.5559258011963,1.5967,113.39886353651013
3789.595936187675,1.4454,138.38186998667956
3789.6359465741666,1.3836,151.019894405138
3789.685959557299,1.4105,145.31454952981466
3789.72596994382,1.3321,162.92269600790848
3789.7659803303545,1.205,199.10450292118756
3789.8059907169018,1.3597,156.37562656013193
3789.8460011034613,1.4882,130.53672502165523
3789.886011490036,1.5921,114.05508866611598
3789.9260218766226,1.5601,118.7819542714759
3789.966032263221,1.4109,145.23216588946016
3790.01604524649,1.493,129.69872282559623
3790.05605563312,1.7279,96.83184008361506
3790.0960660197625,1.6376,107.80519935449962
3790.136076406418,1.4916,129.942304622061
3790.1760867930866,1.5756,116.45641085525054
3790.216097179768,1.5396,121.96620972908848
3790.2561075664635,1.3523,158.0917323227123
3790.2961179531717,1.6049,112.24303502885118
3790.3461309365757,1.38,151.8088514511693
3790.3861413233135,1.4658,134.55686790265736
3790.4261517100645,1.6123,111.21507268851057
3790.466162096828,1.4471,138.05692929764734
3790.506172483605,1.6408,107.3851115563295
3790.5461828703956,1.3018,170.59515590327666
3790.586193257199,1.5661,117.8735498916047
3790.6262036440157,1.38,151.8088514511693
3790.676216627555,1.4006,147.37609080519906
3790.7162270144013,1.5228,124.6721904774598
3790.75623740126,1.5242,124.44326934768837
3790.7962477881324,1.5643,118.14497394669125
3790.836258175018,1.549,120.49041507307956
3790.8762685619167,1.5623,118.44765722311824
3790.916278948828,1.4568,136.2245666180672
3790.9562893357534,1.6356,108.06900724169988
3791.006302319427,1.3948,148.60430693776507
3791.0463127063817,1.4713,133.5527504222636
3791.086323093349,1.6447,106.87644111389065
3791.1263334803293,1.6115,111.32552144705416
3791.166343867324,1.676,102.92179452662835
3791.2063542543306,1.5134,126.2257220091708
3791.246364641351,1.5633,118.29617037139414
3791.2863750283827,1.5507,120.22637780446176
3791.3363880121938,1.5781,116.08772670020993
3791.376398399256,1.6034,112.45314255158182
3791.4164087863314,1.558,119.1023779594077
3791.45641917342,1.5261,124.1335978041219
3791.4964295605223,1.4855,131.01167516685555
3791.536439947638,1.456,136.37430496678962
3791.576450334765,1.4591,135.7954399698509
3791.616460721906,1.4973,128.9548460890537
3791.6664737058522,1.5752,116.5155632793965
3791.706484093022,1.6601,104.90275026704023
3791.746494480207,1.6414,107.30661849969927
3791.7865048674034,1.6947,100.66296662452255
3791.8265152546137,1.6516,105.98529730516663
3791.866525641837,1.5527,119.91685537270375
3791.9065360290733,1.5503,120.28842608431117
3791.946546416323,1.4027,146.93514420245725
3791.9965594004034,1.288,174.27034714589524
3792.036569787682,1.4691,133.9530442724786
3792.076580174974,1.5942,113.75480290256371
3792.116590562279,1.4904,130.1516355867672
3792.1566009495973,1.3648,155.2091186022167
3792.1966113369285,1.4066,146.12147687900347
3792.2366217242734,1.5436,121.33491611591668
3792.2766321116305,1.5183,125.41230228780113
3792.3266450958463,1.5644,118.12987024912245
3792.3666554832334,1.4841,131.25896676828927
3792.4066658706333,1.2978,171.64837164092947
3792.4466762580464,1.5804,115.7500814013424
3792.486686645473,1.5584,119.04124499414064
3792.5266970329126,1.5479,120.66172648186395
3792.566707420365,1.4772,132.488050827382
3792.606717807832,1.6974,100.3429787770229
3792.6567307921814,1.5257,124.19869568117134
3792.6967411796772,1.4436,138.72717683704022
3792.736751567185,1.7299,96.60806805338096
3792.776761954707,1.5796,115.86735597143593
3792.8167723422403,1.4733,133.19040192248053
3792.8567827297884,1.5003,128.4396458041187
3792.8967931173497,1.6292,108.9197311687635
3792.9368035049233,1.6337,108.32052268321875
3792.9868164894087,1.6948,100.65108794415042
3793.0268268770114,1.5018,128.18320270081404
3793.066837264628,1.3801,151.78685257550245
3793.1068476522573,1.4601,135.6094953839639
3793.1468580399005,1.6214,109.97020221987543
3793.1868684275564,1.5842,115.19545130321589
3793.226878815224,1.471,133.60723020942095
3793.266889202907,1.4292,141.53676789513534
3793.316902187528,1.4646,134.777452744313
3793.3569125752388,1.3804,151.7208846319278
3793.3969229629633,1.4689,133.9895238346934
3793.4369333507,1.6299,108.8261948871696
3793.476943738451,1.5055,127.55391710797443
3793.5169541262144,1.4765,132.61370413841578
3793.5569645139913,1.6162,110.67898161656235
3793.596974901781,1.5901,114.34218191835582
3793.646987886537,1.6473,106.53933277313828
3793.6869982743565,1.6672,104.01116779911376
3793.727008662189,1.5168,125.6604712576289
3793.767019050034,1.5109,126.64378431500417
3793.807029437893,1.556,119.40875031226588
3793.8470398257637,1.3077,169.0592683210666
3793.8870502136483,1.4041,146.64227830791975
3793.927060601546,1.442,139.03520245542657
3793.977073586437,1.4806,131.8802676862221
3794.0170839743646,1.5936,113.84047771143253
3794.0570943623043,1.3542,157.6484250549767
3794.0971047502576,1.4145,144.49385538829938
3794.137115138225,1.5072,127.26633851797044
3794.1771255262033,1.4505,137.41047207189033
3794.217135914196,1.6332,108.38685689664284
3794.2571463022023,1.6258,109.37577014795642
3794.307159287228,1.36,156.30664497294433
3794.347169675263,1.6681,103.89896260525784
3794.387180063311,1.5323,123.13109076349313
3794.4271904513726,1.4784,132.2730602563054
3794.467200839446,1.5502,120.30394565962469
3794.507211227534,1.6674,103.98621760899694
3794.547221615635,1.4352,140.3558246238862
3794.587232003749,1.4277,141.83433255328367
3794.637244988908,1.5271,123.97107685199279
3794.6772553770516,1.5683,117.54307771503983
3794.7172657652077,1.6245,109.55089517904386
3794.7572761533766,1.5669,117.7532171236578
3794.7972865415586,1.5577,119.14825859260236
3794.8372969297543,1.4796,132.0585925641392
3794.8773073179627,1.4327,140.8460814254901
3794.9173177061843,1.4718,133.46202479756113
3794.967330691479,1.7024,99.75442400238211
3795.0073410797304,1.6713,103.50147778622402
3795.0473514679943,1.5709,117.15430834933686
3795.087361856272,1.1757,209.1520480161981
3795.1273722445617,1.6039,112.38304120836693
3795.167382632865,1.3563,157.16061977218683
3795.207393021181,1.5907,114.25594022936781
3795.2474034095103,1.693,100.86522635208289
3795.2974163949402,1.5057,127.52003376839758
3795.3374267832987,1.6617,104.70083235959302
3795.3774371716704,1.453,136.9380282833871
3795.4174475600557,1.4238,142.61240685134968
3795.457457948454,1.4649,134.72225570967134
3795.4974683368646,1.3295,163.56054917111484
3795.537478725288,1.5252,124.2801400635445
3795.5774891137253,1.477,132.5239335440218
3795.6275020992903,1.4295,141.47736734227172
3795.667512487757,1.4131,144.78030569229117
3795.707522876236,1.4803,131.93372720474372
3795.747533264729,1.4334,140.70855091828258
3795.7875436532336,1.4068,146.0799326691008
3795.8275540417535,1.4378,139.84866793968567
3795.8675644302853,1.7231,97.37207563959456
3795.907574818829,1.4257,142.23254737246143
3795.9575878045293,1.5904,114.29904887292646
3795.997598193104,1.5356,122.60244302751508
3796.0376085816906,1.5289,123.67934235710264
3796.0776189702906,1.5509,120.19537166654062
3796.1176293589037,1.4293,141.51696355488275
3796.15763974753,1.3518,158.20870291939394
3796.19765013617,1.5685,117.51310372490794
3796.2376605248232,1.6267,109.25477561751629
3796.2876735106565,1.5801,115.7940384912869
3796.327683899338,1.5423,121.53954785544005
3796.3676942880334,1.5071,127.28322797139674
3796.407704676741,1.4292,141.53676789513534
3796.447715065463,1.5253,124.26384477938626
3796.487725454197,1.5713,117.09466890579783
3796.527735842944,1.4949,129.36924151516047
3796.567746231704,1.505,127.63868456357893
3796.6177592176723,1.5369,122.3951222330477
3796.6577696064624,1.4922,129.83782847146287
3796.6977799952647,1.3497,158.70139980696234
3796.737790384081,1.3974,148.05183594696547
3796.777800772909,1.4922,129.83782847146287
3796.8178111617503,1.4114,145.12928482230345
3796.8578215506063,1.2981,171.5690425885279
3796.897831939474,1.4943,129.47315247878166
3796.9378423283556,1.6041,112.35501902392207
3796.987855314474,1.5138,126.1590241827858
3797.027865703384,1.5687,117.48314119855887
3797.067876092308,1.5859,114.94861709802639
3797.1078864812443,1.565,118.03930885608052
3797.1478968701936,1.5244,124.41061780628246
3797.187907259156,1.5593,118.90386779538028
3797.227917648132,1.5257,124.19869568117134
3797.2779306343687,1.4717,133.48016252513966
3797.317941023374,1.4465,138.17148343502603
3797.3579514123917,1.4992,128.62819349316635
3797.397961801423,1.4872,130.71233089030915
3797.437972190466,1.5962,113.46991763576179
3797.4779825795235,1.6218,109.91596294355072
3797.5179929685933,1.5873,114.74593708379497
3797.558003357676,1.637,107.88424020244962
3797.5980137467727,1.4628,135.10934843780464
3797.648026733161,1.6533,105.76745146425549
3797.6880371222865,1.6532,105.78024732517413
3797.7280475114253,1.793,89.92797895464642
3797.7680579005764,1.7143,98.37431918566168
3797.8080682897407,1.5171,125.61077856866874
3797.848078678918,1.4685,134.06252767864606
3797.888089068109,1.6217,109.92951900004365
3797.928099457312,1.4985,128.7483946351517
3797.978112443835,1.418,143.7814378959454
3798.018122833068,1.653,105.80584601425183
3798.058133222314,1.5181,125.44534898585827
3798.0981436115735,1.494,129.52515491456953
3798.138154000845,1.5088,126.99656381010769
3798.1781643901295,1.3872,150.2370717801357
3798.218174779429,1.2905,173.59579692823533
3798.25818516874,1.4345,140.49283818994442
3798.308198155397,1.6359,108.02937436729691
3798.3482085447367,1.6078,111.83849336712404
3798.38821893409,1.716,98.1795016952882
3798.428229323457,1.5573,119.20947402133946
3798.4682397128363,1.4882,130.53672502165523
3798.508250102229,1.3847,150.78005071235268
3798.5482604916347,1.5894,114.4429206906943
3798.5882708810536,1.5704,117.2289217498189
3798.6382838678455,1.6271,109.20106470652107
3798.678294257293,1.5762,116.3677666438204
3798.718304646753,1.4867,130.80026673696284
3798.758315036227,1.4681,134.13559120278867
3798.7983254257147,1.5793,115.91137988869002
3798.8383358152146,1.442,139.03520245542657
3798.8783462047277,1.5947,113.68348108759457
3798.9183565942535,1.4977,128.88597379707204
3798.968369581179,1.3991,147.69226903610544
3799.008379970735,1.3934,148.90307311544078
3799.0483903603026,1.4309,141.2006585849047
3799.088400749884,1.5891,114.48613520882769
3799.128411139478,1.5158,125.82632669834321
3799.1684215290866,1.5978,113.24277925325828
3799.2084319187065,1.4586,135.88855571220694
3799.24844230834,1.569,117.43821889084288
3799.2984552953994,1.4545,136.65573060716446
3799.3384656850626,1.5281,123.80887486000222
3799.3784760747385,1.5083,127.08077618775351
3799.418486464427,1.4552,136.52429034036334
3799.458496854129,1.3597,156.37562656013193
3799.498507243843,1.4934,129.62925381988487
3799.538517633571,1.6198,110.18756129579029
3799.578528023312,1.4191,143.558623192996
3799.6285410105065,1.3868,150.32375111681895
3799.6685514002766,1.5651,118.02422541573058
3799.708561790059,1.4963,129.12726853253355
3799.748572179855,1.5582,119.0718055918179
3799.7885825696644,1.4852,131.06460735861077
3799.8285929594854,1.4091,145.60344497810888
3799.868603349321,1.4474,137.99970564425692
3799.9086137391687,1.5802,115.77938334620234
3799.958626726497,1.3668,154.75522498605392
3799.9986371163745,1.3761,152.67055199470585
3800.038647506266,1.5365,122.4588572017338
3800.0786578961684,1.3501,158.60737549900472
3800.1186682860844,1.5545,119.63930602392745
3800.1586786760136,1.5129,126.30916869883185
3800.198689065957,1.4732,133.20848430531422
3800.2386994559124,1.457,136.18717056495177
3800.288712443374,1.3702,153.98816241373808
3800.3287228333593,1.2354,189.42617927747085
3800.3687332233567,1.4279,141.79460307638345
3800.4087436133673,1.4354,140.31671470367226
3800.448754003391,1.3603,156.23770902020263
3800.4887643934276,1.4483,137.8282479912999
3800.528774783477,1.4871,130.7299109639909
3800.5687851735397,1.4917,129.9248831751203
3800.6187981611365,1.585,115.07919509400035
3800.6588085512285,1.6095,111.60236424285576
3800.698818941333,1.5208,125.00031800619016
3800.7388293314507,1.37,154.0331257100911
3800.7788397215813,1.5239,124.49227076648002
3800.818850111726,1.58,115.80869641908028
3800.8588605018826,1.3932,148.94582753808444
3800.8988708920524,1.4042,146.6213928283122
3800.9488838797834,1.457,136.18717056495177
3800.9888942699813,1.2702,179.18885571230965
3801.028904660194,1.4137,144.65743706701656
3801.068915050419,1.4765,132.61370413841578
3801.108925440657,1.421,143.17497950603894
3801.1489358309086,1.4678,134.19042805015985
3801.188946221172,1.4585,135.90719035341908
3801.228956611449,1.2541,183.81919862658515
3801.2789695993133,1.6138,111.00842381461108
3801.3189799896195,1.497,129.00653654246327
3801.358990379939,1.6823,102.15238024855988
3801.399000770272,1.552,120.02505211861096
3801.4390111606167,1.5251,124.29643855322517
3801.4790215509747,1.5456,121.02110572700728
3801.5190319413455,1.5602,118.766728265641
3801.5590423317294,1.3748,152.95941642551088
3801.6090553197287,1.4411,139.208917907689
3801.649065710142,1.4105,145.31454952981466
3801.689076100569,1.5433,121.38209293074678
3801.7290864910074,1.3924,149.11702950158434
3801.7690968814595,1.4406,139.30556720616923
3801.8091072719258,1.5485,120.5682386378197
3801.849117662404,1.4755,132.79351918791087
3801.889128052894,1.5645,118.11476944766203
3801.939141041027,1.6503,106.15233974641332
3801.979151431547,1.5555,119.48552811033693
3802.019161822081,1.2774,177.17457232893457
3802.0591722126273,1.1905,203.98412393635357
3802.0991826031873,1.3484,159.0075569113643
3802.1391929937586,1.406,146.24621589837662
3802.179203384344,1.6779,102.68883597710384
3802.2192137749425,1.5594,118.88861834314702
3802.269226763209,1.5528,119.90141063843775
3802.3092371538364,1.5611,118.62982585700078
3802.3492475444773,1.5045,127.72353654708385
3802.3892579351304,1.4629,135.09087764168365
3802.4292683257972,1.4142,144.5551659861899
3802.469278716476,1.4538,136.78736078373134
3802.5092891071686,1.5188,125.32974265096877
3802.549299497874,1.504,127.80847317091188
3802.5993124862744,1.5132,126.25909075889943
3802.639322877009,1.5884,114.58706432351622
3802.679333267756,1.5382,122.18832686365772
3802.719343658517,1.5911,114.19849996461635
3802.75935404929,1.5785,116.02889974065948
3802.7993644400767,1.4068,146.0799326691008
3802.8393748308763,1.5493,120.44375709656649
3802.8793852216886,1.3542,157.6484250549767
3802.9293982102217,1.3813,151.52323862815945
3802.969408601063,1.4338,140.63005248031473
3803.0094189919178,1.443,138.84256637722152
3803.049429382785,1.3201,165.89816283156793
3803.0894397736665,1.4495,137.60013440576267
3803.1294501645593,1.4519,137.14560289420984
3803.1694605554662,1.467,134.33682415170196
3803.209470946385,1.6535,105.7418667068497
3803.2594839350522,1.636,108.0161682540075
3803.2994943260014,1.5082,127.09762871459573
3803.3395047169624,1.5063,127.41846471696844
3803.3795151079376,1.482,131.63121904651757
3803.4195254989245,1.4487,137.75214714224836
3803.459535889925,1.4054,146.3711147142492
3803.499546280939,1.344,160.05038125830612
3803.5395566719644,1.587,114.78932336368842
3803.589569660766,1.5021,128.1320062490536
3803.629580051821,1.7125,98.58122923727589
3803.6695904428893,1.5679,117.60306011005136
3803.7096008339704,1.3034,170.17658216101236
3803.749611225065,1.327,164.17740861169412
3803.789621616172,1.3951,148.5404026057618
3803.829632007292,1.3953,148.49782261568217
3803.869642398425,1.3831,151.12910348801898
3803.9196553873603,1.6904,101.1757458928466
3803.9596657785223,1.5737,116.73778673737132
3803.9996761696975,1.6137,111.02218248035827
3804.0396865608864,1.4586,135.88855571220694
3804.079696952087,1.3606,156.16881866166332
3804.1197073433013,1.4743,133.00978041950745
3804.159717734529,1.5519,120.0405207495548
3804.199728125768,1.6198,110.18756129579029
3804.249741114837,1.4844,131.2059168028406
3804.2897515061068,1.49,130.22152499252908
3804.329761897388,1.6107,111.43613481892075
3804.369772288683,1.5183,125.41230228780113
3804.4097826799916,1.5396,121.96620972908848
3804.449793071313,1.4504,137.4294206535659
3804.4898034626463,1.2737,178.2054234815472
3804.529813853993,1.368,154.48384386875298
3804.579826843195,1.4248,142.41229138200146
3804.6198372345707,1.5275,123.90615782675067
3804.65984762596,1.4781,132.32675881284513
3804.6998580173613,1.4135,144.6983758908445
3804.739868408777,1.4948,129.38655132012067
3804.779878800204,1.3241,164.89734745272563
3804.819889191645,1.6523,105.89551464108966
3804.859899583099,1.6577,105.20672408741159
3804.909912572434,1.5999,112.94569366600045
3804.9499229639164,1.4409,139.24756555361296
3804.989933355412,1.5844,115.16637074073108
3805.0299437469207,1.6333,108.37358518017834
3805.0699541384424,1.4923,129.82042803037015
3805.1099645299773,1.462,135.2572512794958
3805.1499749215254,1.5901,114.34218191835582
3805.189985313085,1.5383,122.17244123980015
3805.2399983025543,1.7791,91.33867119461597
3805.280008694143,1.5521,120.00958647744666
3805.3200190857456,1.5349,122.7142955572216
3805.3600294773614,1.6286,109.00000113909911
3805.4000398689896,1.7068,99.24076867230252
3805.4400502606313,1.6118,111.28408388952933
3805.480060652285,1.6436,107.01954570657914
3805.5200710439517,1.2917,173.2734031339613
3805.570084033555,1.3168,166.7307106953045
3805.610094425251,1.54,121.90285892868152
3805.6501048169603,1.6546,105.60131633951124
3805.690115208682,1.5792,115.92606010353616
3805.7301256004175,1.5521,120.00958647744666
3805.7701359921657,1.4277,141.83433255328367
3805.8101463839257,1.8373,85.6436708889004
3805.8501567757003,1.1239,228.87575053587423
3805.9001697654357,1.5632,118.31130597508826
3805.940180157239,1.5072,127.26633851797044
3805.9801905490535,1.441,139.22823971915102
3806.020200940883,1.3075,169.11099208977478
3806.060211332725,1.3592,156.49069739143474
3806.1002217245796,1.5409,121.76049996738213
3806.140232116447,1.3811,151.56712657258058
3806.180242508327,1.6197,110.20116762964749
3806.2302554981957,1.6536,105.7290778092395
3806.2702658901053,1.5563,119.36271914936913
3806.3102762820286,1.4846,131.17056802454582
3806.3502866739636,1.5382,122.18832686365772
3806.390297065912,1.702,99.80131758047962
3806.4303074578734,1.645,106.83746240364755
3806.470317849847,1.6335,108.34704905911231
3806.5103282418345,1.5444,121.20924565560328
3806.560341231837,1.4526,137.01345540065708
3806.600351623853,1.6572,105.2702182533182
3806.6403620158817,1.4554,136.48677080868433
3806.6803724079236,1.5728,116.87142610855878
3806.720382799978,1.5096,126.86199801324398
3806.7603931920466,1.576,116.39730346527689
3806.8004035841273,1.4137,144.65743706701656
3806.8404139762215,1.6011,112.77645507107442
3806.8804243683276,1.6215,109.9566386375872
3806.9304373584787,1.5311,123.3241743174741
3806.9704477506143,1.3226,165.27158924191667
3807.0104581427627,1.31,168.46614667834962
3807.0504685349247,1.4335,140.68892014815341
3807.0904789270994,1.3108,168.2605749852339
3807.130489319286,1.285,175.0850100546792
3807.170499711487,1.5244,124.41061780628246
3807.2205127017555,1.4904,130.1516355867672
3807.2605230939844,1.4132,144.75981671963012
3807.3005334862264,1.4249,142.39230300468788
3807.340543878482,1.5593,118.90386779538028
3807.38055427075,1.45,137.50525418825868
3807.4205646630307,1.4482,137.84728305709442
3807.4605750553246,1.5703,117.24385298331354
3807.5005854476317,1.5822,115.48686373031879
3807.540595839951,1.5426,121.49227922425864
3807.5906088303686,1.6033,112.46717069096138
3807.630619222717,1.3808,151.6329942501257
3807.670629615079,1.4194,143.49794543435692
3807.7106400074535,1.4909,130.0643529226191
3807.750650399841,1.6028,112.53735077755755
3807.7906607922414,1.3869,150.30207425138946
3807.830671184654,1.5366,122.44291879319834
3807.8706815770806,1.6283,109.04016940366945
3807.920694567632,1.5873,114.74593708379497
3807.9607049600863,1.5959,113.51258215546441
3808.0007153525553,1.6199,110.17395748170074
3808.040725745036,1.3458,159.62253490276854
3808.0807361375296,1.4748,132.9196074176265
3808.1207465300367,1.4799,132.0050571422352
3808.1607569225557,1.5031,127.96157274698643
3808.2007673150883,1.5491,120.47485940227051
3808.2507803057724,1.3641,155.36845322542732
3808.2907906983337,1.5301,123.48542442276117
3808.330801090908,1.5271,123.97107685199279
3808.370811483496,1.4618,135.29426493704858
3808.410821876096,1.4845,131.1882406278013
3808.4508322687093,1.4634,134.9985804521903
3808.4908426613356,1.6524,105.8826978598908
3808.530853053974,1.5451,121.09944409268702
3808.5808660447915,1.6398,107.51612483768834
3808.620876437459,1.5698,117.3185519577398
3808.6608868301405,1.4986,128.73121273029304
3808.7008972228336,1.7081,99.0897660035795
3808.740907615541,1.5894,114.4429206906943
3808.7809180082595,1.3904,149.54632803344768
3808.8209284009918,1.4742,133.02782603088193
3808.860938793738,1.6036,112.42509414552252
3808.9109517846873,1.617,110.56949339456293
3808.950962177462,1.7158,98.20239134828992
3808.9909725702487,1.6658,104.18607083407136
3809.0309829630496,1.5263,124.10106805675638
3809.070993355863,1.4673,134.28189755200722
3809.1110037486883,1.5567,119.30138565819449
3809.151014141528,1.5732,116.81200251636852
3809.191024534379,1.4334,140.70855091828258
3809.2410375254613,1.4036,146.74677267437247
3809.281047918342,1.4548,136.59937583130417
3809.321058311236,1.3954,148.47653948608104
3809.3610687041423,1.5079,127.14820641374772
3809.4010790970624,1.4591,135.7954399698509
3809.441089489994,1.5376,122.2837057040115
3809.481099882939,1.4731,133.22657037078673
3809.5211102758976,1.4455,138.36272408732063
3809.571123267112,1.376,152.69274327212682
3809.611133660099,1.4777,132.39840776950305
3809.6511440530994,1.5181,125.44534898585827
3809.6911544461127,1.7647,92.8354043065249
3809.7311648391383,1.5316,123.24366768136409
3809.771175232176,1.3708,153.85339058726717
3809.8111856252276,1.5136,126.19236648612939
3809.851196018292,1.4401,139.40231719141633
3809.90120900964,1.4581,135.98176726243904
3809.941219402733,1.3923,149.13845049956666
3809.98122979584,1.6806,102.3591478016076
3810.021240188959,1.3471,159.31460080060785
3810.0612505820905,1.4488,137.7331317780766
3810.1012609752356,1.3859,150.51905410731302
3810.1412713683926,1.4974,128.93762284155574
3810.1812817615632,1.3582,156.72122042439028
3810.231294753044,1.5173,125.57766648345904
3810.271305146244,1.6516,105.98529730516663
3810.3113155394562,1.6169,110.58317053528756
3810.351325932681,1.376,152.69274327212682
3810.391336325919,1.4408,139.26689541219167
3810.43134671917,1.3281,163.90556127405486
3810.471357112434,1.3652,155.1181802681911
3810.5113675057105,1.5122,126.42613315280614
3810.5613804973254,1.5655,117.96392055625134
3810.601390890631,1.4969,129.02377360031323
3810.641401283948,1.4799,132.0050571422352
3810.6814116772803,1.4006,147.37609080519906
3810.721422070624,1.4534,136.86266343391858
3810.761432463982,1.3726,153.45013498862644
3810.8014428573515,1.4319,141.00350619340514
3810.8414532507345,1.5296,123.56616809842757
3810.891466242481,1.4771,132.50599036375215
3810.931476635892,1.5096,126.86199801324398
3810.9714870293174,1.5413,121.69730935100642
3811.0114974227554,1.5302,123.46928518491184
3811.0515078162052,1.4683,134.0990519766289
3811.091518209669,1.5752,116.5155632793965
3811.1315286031454,1.3986,147.79788791456807
3811.1715389966334,1.3031,170.25494730900616
3811.221551988513,1.3439,160.07420092001513
3811.26156238203,1.4551,136.54305590805535
3811.3015727755615,1.4364,140.12141008950366
3811.3415831691054,1.6263,109.30852616509736
3811.3815935626612,1.6635,104.47437077601725
3811.4216039562307,1.5914,114.15544818721806
3811.461614349813,1.4832,131.41830985315957
3811.5016247434082,1.553,119.87053012000625
3811.5516377354197,1.6407,107.39820210531971
3811.591648129044,1.4066,146.12147687900347
3811.6316585226814,1.5111,126.6102629545073
3811.671668916331,1.4783,132.29095614274212
3811.711679309993,1.4623,135.201759266489
3811.7516897036685,1.3469,159.36191724896878
3811.7917000973557,1.3339,162.48328860663898
3811.831710491058,1.2592,182.33320960276905
3811.8817234832027,1.5046,127.70655938275723
3811.921733876932,1.5763,116.35300244897715
3811.9617442706744,1.484,131.27665724009313
3812.0017546644303,1.4003,147.4392451745981
3812.041765058199,1.4748,132.9196074176265
3812.081775451981,1.3736,153.22678879405078
3812.1217858457753,1.6115,111.32552144705416
3812.1617962395817,1.5915,114.14110300467921
3812.2118092318597,1.4559,136.3930396181799
3812.251819625695,1.3596,156.3986305704778
3812.2918300195442,1.3234,165.07183526180233
3812.3318404134056,1.5032,127.94454810205283
3812.3718508072798,1.2471,185.8885508632479
3812.4118612011675,1.383,151.15095951954726
3812.451871595068,1.4048,146.49617359968022
3812.491881988981,1.4315,141.08231757043404
3812.54189498139,1.5216,124.86891172262752
3812.5819053753326,1.6519,105.94680504441997
3812.621915769287,1.6692,103.76206932421474
3812.661926163255,1.6062,112.06141778911798
3812.701936557235,1.6049,112.24303502885118
3812.7419469512292,1.521,124.96744699566136
3812.7819573452352,1.4486,137.77116644456885
3812.821967739254,1.6473,106.53933277313828
3812.871980731796,1.5411,121.72889850866137
3812.911991125844,1.599,113.07287273785815
3812.952001519905,1.4957,129.23088804061553
3812.992011913978,1.4796,132.0585925641392
3813.0320223080644,1.4681,134.13559120278867
3813.072032702164,1.6895,101.2835675806981
3813.112043096277,1.754,93.97151389559613
3813.152053490401,1.5597,118.84288758402568
3813.202066483076,1.5739,116.70812022857848
3813.2420768772295,1.6518,105.95963346770499
3813.282087271396,1.4968,129.041014113058
3813.3220976655753,1.4428,138.8810615514011
3813.3621080597677,1.7247,97.19149586884609
3813.402118453974,1.4896,130.29147070769648
3813.4421288481917,1.2307,190.87576461009152
3813.4821392424224,1.3197,165.99874519354952
3813.532152235229,1.4452,138.42017370920803
3813.572162629488,1.3961,148.32768561135427
3813.6121730237614,1.3672,154.6646852121767
3813.652183418046,1.4669,134.35514050748662
3813.692193812345,1.5121,126.44285562222214
3813.7322042066567,1.4959,129.19633435048746
3813.77221460098,1.5485,120.5682386378197
3813.8122249953162,1.5183,125.41230228780113
3813.8622379882554,1.4229,142.79287163126668
3813.9022483826207,1.2978,171.64837164092947
3813.9422587769996,1.0777,248.91973218317182
3813.9822691713907,1.4149,144.41216858149127
3814.022279565794,1.5026,128.04674696340115
3814.0622899602113,1.4307,141.24013867974455
3814.1023003546406,1.5627,118.38702758360402
3814.1423107490837,1.5495,120.41266683356457
3814.192323742155,1.5918,114.09808367732884
3814.2323341366264,1.6863,101.66833274018467
3814.27234453111,1.3659,154.95923038408017
3814.312354925607,1.4356,140.27762112805368
3814.3523653201173,1.6231,109.73996215413095
3814.39237571464,1.5985,113.14362061786704
3814.4323861091752,1.5206,125.0332019878424
3814.4723965037238,1.546,120.95848975213639
3814.5224094969276,1.54,121.90285892868152
3814.562419891504,1.5093,126.91243511202079
3814.6024302860947,1.5715,117.06486626036005
3814.642440680697,1.5115,126.54326014866794
3814.6824510753127,1.5249,124.32904515251747
3814.7224614699403,1.4682,134.1173197231783
3814.762471864582,1.4237,142.63244159394816
3814.802482259236,1.4562,136.33684724223303
3814.8524952525718,1.3613,156.00825157679827
3814.8925056472544,1.2754,177.7306750420017
3814.93251604195,1.4686,134.04427112517988
3814.9725264366584,1.4816,131.70230376518478
3815.01253683138,1.4291,141.5565763929037
3815.0525472261143,1.4943,129.47315247878166
3815.092557620861,1.5431,121.41355942815564
3815.132568015621,1.4718,133.46202479756113
3815.182581009088,1.4176,143.86259005262318
3815.2225914038763,1.3403,160.93526278542495
3815.262601798679,1.5146,126.02578702676165
3815.302612193493,1.6132,111.09101419304763
3815.3426225883195,1.4818,131.6667542100754
3815.3826329831595,1.5024,128.08084046301167
3815.422643378012,1.4741,133.0458753149132
3815.4626537728777,1.4605,135.5352244727557
3815.5126667664767,1.2932,172.87167228436908
3815.5526771613713,1.5812,115.63298478949766
3815.592687556279,1.5116,126.52651775773111
3815.6326979511987,1.5135,126.20904259475114
3815.672708346131,1.2692,179.47133176916304
3815.712718741077,1.5475,120.72411213247308
3815.7527291360348,1.5609,118.66022815053343
3815.792739531006,1.512,126.45958140969591
3815.842752524738,1.4042,146.6213928283122
3815.882762919738,1.5063,127.41846471696844
3815.9227733147504,1.513,126.29247274230944
3815.9627837097764,1.3211,165.6471065156782
3816.0027941048147,1.4439,138.66953600219165
3816.0428044998657,1.5444,121.20924565560328
3816.082814894929,1.5299,123.51771239326064
3816.122825290006,1.4521,137.10782696587933
3816.1628356850956,1.4503,137.4483731549591
3816.2128486789748,1.5162,125.75994514121737
3816.252859074093,1.5316,123.24366768136409
3816.2928694692246,1.5203,125.08255229610941
3816.332879864369,1.4362,140.1604383777397
3816.372890259525,1.4645,134.79585929428796
3816.4129006546946,1.7156,98.22528900699477
3816.452911049876,1.5836,115.28275910925082
3816.5029240438726,1.4123,144.94437418613427
3816.5429344390836,1.4523,137.0700666431266
3816.582944834307,1.3541,157.67171050358093
3816.622955229544,1.3194,166.07424200638414
3816.662965624793,1.2563,183.17596400701206
3816.7029760200553,1.3573,156.92912694158045
3816.74298641533,1.512,126.45958140969591
3816.782996810618,1.5507,120.22637780446176
3816.8230072059187,1.5079,127.14820641374772
3816.873020200063,1.5267,124.03604691082643
3816.913030595392,1.5514,120.11790877794948
3816.9530409907343,1.4694,133.8983528560351
3816.9930513860886,1.4524,137.05119233115593
3817.0330617814566,1.5821,115.50146336884055
3817.073072176837,1.614,110.98091415483425
3817.113082572231,1.5031,127.96157274698643
3817.153092967637,1.4513,137.25902439870282
3817.203105961912,1.4161,144.16752335121637
3817.243116357347,1.4269,141.9934175551532
3817.2831267527945,1.5145,126.04243012540127
3817.3231371482552,1.5655,117.96392055625134
3817.3631475437287,1.6251,109.47001601769547
3817.4031579392145,1.6224,109.83467923754304
3817.443168334713,1.4823,131.5779432683508
3817.483178730224,1.4012,147.2499037380051
3817.5331917246317,1.4838,131.31204891446524
3817.573202120172,1.5171,125.61077856866874
3817.6132125157246,1.3692,154.21317597313322
3817.653222911291,1.613,111.11856480248146
3817.6932333068694,1.5,128.4910267657688
3817.733243702461,1.546,120.95848975213639
3817.7732540980655,1.349,158.86614364712082
3817.813264493682,1.3844,150.8454059328765
3817.8632774882217,1.4932,129.66398134420865
3817.903287883868,1.4756,132.77552123053
3817.943298279526,1.4931,129.6813503398021
3817.983308675197,1.6092,111.64397971555606
3818.0233190708805,1.4905,130.13417202658843
3818.063329466577,1.4493,137.6381139914104
3818.1033398622876,1.455,136.56182534506686
3818.143350258009,1.3888,149.89110306669056
3818.193363252681,1.4845,131.1882406278013
3818.233373648432,1.5281,123.80887486000222
3818.2733840441956,1.5264,124.08480797792991
3818.313394439973,1.469,133.97128219111812
3818.3534048357615,1.6171,110.55581879110426
3818.3934152315637,1.6058,112.11725303887222
3818.433425627378,1.6256,109.40268511626071
3818.473436023206,1.5328,123.05077309142091
3818.5234490180096,1.2771,177.25782121000432
3818.563459413865,1.3081,168.95589194858408
3818.603469809734,1.4337,140.64967093031535
3818.643480205616,1.4239,142.59237632969894
3818.6834906015106,1.46,135.62807265062898
3818.723500997419,1.4992,128.62819349316635
3818.763511393339,1.4781,132.32675881284513
3818.8035217892716,1.4075,145.93466737249585
3818.8535347842057,1.4055,146.35028713637703
3818.8935451801676,1.4245,142.47228177333176
3818.933555576142,1.3924,149.11702950158434
3818.973565972129,1.4164,144.1064591798306
3819.0135763681296,1.3873,150.21541366022444
3819.053586764142,1.6145,110.91218472751463
3819.093597160168,1.4986,128.73121273029304
3819.133607556207,1.5458,120.98979166350114
3819.1836205512723,1.4522,137.08894485434303
3819.22363094734,1.7016,99.84824423266883
3819.263641343419,1.3616,155.93951290885525
3819.3036517395117,1.5943,113.74053317114439
3819.3436621356173,1.7548,93.88585167547399
3819.383672531735,1.4912,130.01202546183757
3819.423682927866,1.4705,133.69810396250648
3819.4636933240095,1.6044,112.31300539467307
3819.5137063192074,1.6156,110.76120454180065
3819.5537167153793,1.3613,156.00825157679827
3819.5937271115645,1.5527,119.91685537270375
3819.633737507762,1.3212,165.62203223285402
3819.673747903973,1.4108,145.25275523027327
3819.713758300196,1.2932,172.87167228436908
3819.7537686964324,1.3712,153.76364097365942
3819.793779092681,1.5864,114.87616977706965
3819.8437920880096,1.4672,134.3002026749831
3819.883802484287,1.5104,126.72764598237742
3819.9238128805773,1.6904,101.1757458928466
3819.9638232768807,1.533,123.01866802526602
3820.003833673197,1.6645,104.34887612304244
3820.043844069525,1.4845,131.1882406278013
3820.083854465867,1.4753,132.82952608285683
3820.1238648622198,1.5514,120.11790877794948
3820.1738778576805,1.3783,152.18356525124744
3820.213888254063,1.547,120.8021622575286
3820.2538986504587,1.5423,121.53954785544005
3820.2939090468662,1.5669,117.7532171236578
3820.333919443287,1.5382,122.18832686365772
3820.373929839721,1.6191,110.28285858277606
3820.413940236167,1.5922,114.04076239613045
3820.453950632627,1.5081,127.11448459394924
3820.503963628219,1.4805,131.89808391486267
3820.5439740247066,1.6036,112.42509414552252
3820.5839844212073,1.495,129.3519351836212
3820.623994817721,1.4075,145.93466737249585
3820.664005214246,1.4599,135.64665373493028
3820.704015610785,1.3567,157.06796121191937
3820.7440260073367,1.4207,143.23545251034926
3820.784036403901,1.4797,132.04074380547462
3820.8340493996243,1.3703,153.96568814806326
3820.874059796217,1.2899,173.75733134472986
3820.914070192823,1.355,157.46232702339285
3820.9540805894417,1.3948,148.60430693776507
3820.9940909860725,1.4069,146.0591672078325
3821.0341013827156,1.5186,125.36275672000332
3821.074111779373,1.4217,143.03402467448922
3821.1141221760427,1.3915,149.30998477427522
3821.1641351718977,1.5349,122.7142955572216
3821.2041455685944,1.5127,126.34257054588784
3821.2441559653057,1.4867,130.80026673696284
3821.2841663620297,1.4877,130.62448369157806
3821.324176758765,1.4129,144.8212966895985
3821.364187155514,1.405,146.45446950215057
3821.404197552276,1.5663,117.84344941301431
3821.4442079490505,1.5851,115.06467544319364
3821.4942209450364,1.505,127.63868456357893
3821.534231341839,1.503,127.97860079016357
3821.574241738655,1.529,123.66316508868911
3821.6142521354836,1.5817,115.55988961657464
3821.6542625323245,1.4942,129.49048314379928
3821.6942729291786,1.4675,134.24529853172078
3821.734283326045,1.5244,124.41061780628246
3821.7742937229245,1.5424,121.5237885803995
3821.824306719042,1.4853,131.04695973091737
3821.864317115951,1.5235,124.55765102612457
3821.9043275128715,1.6561,105.41010790613701
3821.9443379098043,1.4721,133.40763379083256
3821.9843483067502,1.3821,151.3478773361977
3822.0243587037103,1.506,127.46923406803423
3822.0643691006812,1.5653,117.99406720708397
3822.104379497666,1.5996,112.98806283867516
3822.154392493914,1.5192,125.26375362477812
3822.1944028909274,1.4936,129.59454024514966
3822.234413287953,1.4461,138.24793208858787
3822.2744236849912,1.4239,142.59237632969894
3822.314434082042,1.5394,121.99790364969644
3822.354444479106,1.5954,113.58374317994937
3822.3944548761833,1.5802,115.77938334620234
3822.4344652732725,1.4626,135.14630139655307
3822.4844782696528,1.4296,141.45757546758773
3822.52448866677,1.5181,125.44534898585827
3822.5644990639003,1.5424,121.5237885803995
3822.604509461044,1.5489,120.5059737568971
3822.6445198581996,1.507,127.30012078713283
3822.6845302553684,1.4655,134.611963316586
3822.7245406525503,1.5424,121.5237885803995
3822.764551049744,1.581,115.66224227856924
3822.814564046255,1.5554,119.50089255578843
3822.854574443478,1.4739,133.0819849049331
3822.8945848407143,1.4219,142.99379009688568
3822.934595237962,1.4164,144.1064591798306
3822.9746056352237,1.5336,122.9224281792907
3823.0146160324966,1.5308,123.37251616932667
3823.054626429783,1.5063,127.41846471696844
3823.094636827083,1.5084,127.06392701253361
3823.144649823724,1.438,139.80976979073412
3823.1846602210517,1.5252,124.2801400635445
3823.2246706183923,1.5747,116.5895672086027
3823.2646810157457,1.5762,116.3677666438204
3823.304691413112,1.6267,109.25477561751629
3823.3447018104903,1.599,113.07287273785815
3823.384712207882,1.5566,119.3167145983365
3823.4247226052853,1.4984,128.76557998017324
3823.4747356020575,1.4404,139.34425511002678
3823.514745999491,1.474,133.0639282725979
3823.5547563969358,1.5151,125.94262095923308
3823.594766794394,1.5846,115.1373011887381
3823.6347771918645,1.5494,120.42821046011636
3823.674787589349,1.7548,93.88585167547399
3823.7147979868437,1.5326,123.08289072725084
3823.7548083843535,1.5626,118.40218062852382
3823.8048213812567,1.394,148.77492024209212
3823.844831778795,1.3514,158.3023728911919
3823.884842176344,1.4316,141.06260853277075
3823.9248525739076,1.3778,152.29403924476264
3823.964862971482,1.3408,160.81525597197015
3824.004873369071,1.3341,162.43457532050184
3824.044883766672,1.4613,135.38686557931032
3824.0848941642857,1.3558,157.27655832000144
3824.1349071613204,1.5974,113.2994998676221
3824.1749175589625,1.3693,154.19065243084677
3824.214927956618,1.435,140.39495089780817
3824.2549383542846,1.482,131.63121904651757
3824.2949487519645,1.4215,143.07427623586182
3824.3349591496576,1.3399,161.03136498088483
3824.374969547364,1.3458,159.62253490276854
3824.4149799450815,1.4987,128.71403426467907
3824.464992942247,1.4745,132.97370021074377
3824.505003339995,1.576,116.39730346527689
3824.545013737754,1.4125,144.90333092665486
3824.585024135526,1.5326,123.08289072725084
3824.6250345333115,1.4591,135.7954399698509
3824.665044931109,1.4966,129.07550550692594
3824.705055328919,1.3279,163.95493781778228
3824.7450657267423,1.3983,147.86131363305503
3824.7950787240393,1.4249,142.39230300468788
3824.83508912189,1.3676,154.57422487070627
3824.8750995197547,1.4142,144.5551659861899
3824.9151099176315,1.4812,131.77344608115297
3824.9551203155206,1.5272,123.95484231337156
3824.995130713424,1.5061,127.45230758006223
3825.0351411113384,1.4959,129.19633435048746
3825.075151509266,1.4671,134.31851154120778
3825.1251645066936,1.4514,137.2401110458944
3825.1651749046496,1.5057,127.52003376839758
3825.2051853026182,1.5096,126.86199801324398
3825.2451957006006,1.5077,127.18194165426678
3825.285206098595,1.3167,166.75603718052417
3825.325216496601,1.3185,166.3010417286943
3825.3652268946216,1.4769,132.54188036917776
3825.4052372926535,1.5357,122.58647657945188
3825.445247690699,1.5686,117.49812102912595
3825.4952606882725,1.4828,131.48922215253742
3825.5352710863463,1.4543,136.69331983450263
3825.5752814844327,1.3439,160.07420092001513
3825.6152918825314,1.4158,144.22862634414312
3825.6553022806434,1.4283,141.71519418535928
3825.6953126787676,1.674,103.16787150518064
3825.7353230769045,1.3948,148.60430693776507
3825.785336074593,1.591,114.21285596927669
3825.8253464727595,1.2564,183.14680632975814
3825.865356870938,1.5897,114.39973063590107
3825.905367269129,1.6095,111.60236424285576
3825.9453776673313,1.5311,123.3241743174741
3825.985388065548,1.5594,118.88861834314702
3826.0253984637766,1.4709,133.62539754656862
3826.065408862018,1.5317,123.22757581427211
3826.1054192602724,1.3358,162.02139541604723
3826.1554322581073,1.3375,161.60978999868703
3826.1954426563907,1.3909,149.4388297653214
3826.235453054686,1.2806,176.29022151902097
3826.2754634529933,1.2924,173.0857546644598
3826.315473851314,1.4899,130.239006139952
3826.355484249648,1.5156,125.85953718811538
3826.395494647995,1.4981,128.81715666540097
3826.4355050463532,1.4871,130.7299109639909
3826.4855180443187,1.559,118.9496337601946
3826.5255284427067,1.5268,124.01979960879396
3826.5655388411064,1.5381,122.20421558603877
3826.605549239519,1.626,109.3488651107578
3826.6455596379437,1.5155,125.8761473638388
3826.6855700363817,1.5539,119.7317153116902
3826.725580434832,1.3513,158.325803382296
3826.7655908332963,1.4334,140.70855091828258
3826.815603831393,1.3816,151.45744244483464
3826.855614229884,1.3837,150.99806679392645
3826.8956246283888,1.4165,144.08611307736058
3826.9356350269054,1.3318,162.99610384251733
3826.9756454254352,1.3541,157.67171050358093
3827.0156558239773,1.3332,162.6539577874939
3827.0556662225326,1.2473,185.8289425898319
3827.0956766211007,1.3133,167.62058299346623
3827.1456896193276,1.4466,138.15238117977995
3827.1857000179243,1.4152,144.35094892631352
3827.225710416533,1.4366,140.08239810039507
3827.2657208151545,1.4666,134.41011205679942
3827.3057312137885,1.4221,142.95357249349772
3827.345741612435,1.4084,145.7482158780128
3827.3857520110946,1.3967,148.20027466854043
3827.425762409767,1.4043,146.6005118102985
3827.4757754081247,1.332,162.94715977508585
3827.515785806825,1.4066,146.12147687900347
3827.5557962055386,1.5948,113.66922477387301
3827.595806604265,1.3693,154.19065243084677
3827.635817003003,1.5084,127.06392701253361
3827.6758274017548,1.4442,138.61193108434014
3827.715837800519,1.4675,134.24529853172078
3827.755848199294,1.3388,161.2960903150473
3827.8058611977826,1.5102,126.76121397430028
3827.8458715965876,1.3368,161.77908441388715
3827.8858819954053,1.2432,187.05666845548473
3827.9258923942357,1.4647,134.7590499642381
3827.9659027930793,1.5691,117.42325051383243
3828.0059131919343,1.5027,128.02970531820222
3828.045923590803,1.4419,139.0544881100869
3828.085933989684,1.4286,141.65568128522912
3828.1359469883027,1.2766,177.39669978996554
3828.175957387212,1.3679,154.50643168623643
3828.2159677861337,1.4883,130.51918390065964
3828.255978185069,1.4056,146.3294640036149
3828.2959885840155,1.3823,151.30408457952464
3828.335998982976,1.4094,145.5414663295908
3828.3760093819487,1.5511,120.16437752170266
3828.4160197809333,1.511,126.62702197089051
3828.4660327796832,1.3549,157.4855712512539
3828.5060431786965,1.4454,138.38186998667956
3828.546053577723,1.3769,152.4931958012694
3828.586063976762,1.4528,136.97573405426067
3828.6260743758135,1.3709,153.83094581857995
3828.6660847748776,1.5908,114.24157610097156
3828.7060951739545,1.4522,137.08894485434303
3828.746105573044,1.6026,112.56544120629097
3828.796118571923,1.4113,145.14985228828084
3828.836128971042,1.3025,170.4118400820361
3828.876139370172,1.4693,133.91657960595066
3828.916149769316,1.5567,119.30138565819449
3828.9561601684713,1.5614,118.58424431988975
3828.99617056764,1.4693,133.91657960595066
3829.03618096682,1.3696,154.1231114030623
3829.076191366015,1.4824,131.5601918629932
3829.1262043650245,1.353,157.92819129718305
3829.1662147642464,1.5173,125.57766648345904
3829.2062251634816,1.5188,125.32974265096877
3829.2462355627295,1.3248,164.7231361588272
3829.2862459619896,1.5279,123.84128978166535
3829.326256361261,1.4919,129.89005079026495
3829.3662667605477,1.3586,156.628950126074
3829.4062771598456,1.4888,130.43153130835734
3829.456290158986,1.4155,144.28976819152567
3829.4963005583118,1.4291,141.5565763929037
3829.536310957651,1.4974,128.93762284155574
3829.5763213570026,1.4095,145.52081557397483
3829.616331756368,1.3526,158.0216122206188
3829.6563421557444,1.5126,126.35927643817283
3829.696352555134,1.4772,132.488050827382
3829.736362954536,1.3909,149.4388297653214
3829.7863759538063,1.3917,149.26707347186823
3829.826386353237,1.4554,136.48677080868433
3829.8663967526804,1.4212,143.13468544340276
3829.906407152136,1.414,144.59606139973388
3829.946417551605,1.3784,152.1614848776903
3829.9864279510853,1.466,134.52015641626545
3830.026438350579,1.39,149.63241018474127
3830.0664487500853,1.3341,162.43457532050184
3830.116461749486,1.4132,144.75981671963012
3830.156472149021,1.5139,126.14235798631773
3830.196482548569,1.4867,130.80026673696284
3830.236492948128,1.4278,141.81446572791057
3830.2765033477012,1.4059,146.2670212633425
3830.3165137472865,1.4627,135.12782302241575
3830.356524146884,1.4051,146.43362413118095
3830.3965345464944,1.4464,138.19058965243383
3830.4465475460256,1.5596,118.85812823822191
3830.4865579456646,1.4183,143.72061883221136
3830.5265683453163,1.3684,154.39354211356286
3830.5665787449802,1.4657,134.57522928169587
3830.606589144656,1.5322,123.14716373419017
3830.6465995443455,1.4696,133.86191051783544
3830.6866099440476,1.4278,141.81446572791057
3830.7266203437625,1.5454,121.05243194894598
3830.7766333434233,1.4128,144.8417987167085
3830.8166437431673,1.4196,143.45751496492082
3830.856654142922,1.4239,142.59237632969894
3830.8966645426904,1.4478,137.92346276707062
3830.936674942471,1.3645,155.27737484275593
3830.976685342265,1.3537,157.76490390768598
3831.01669574207,1.4104,145.3351563928363
3831.0567061418897,1.404,146.66316825039237
3831.10671914168,1.3766,152.55966813947427
3831.146729541527,1.4894,130.32646470021254
3831.1867399413863,1.393,148.98860037743785
3831.2267503412586,1.3422,160.47995009741433
3831.266760741144,1.4765,132.61370413841578
3831.3067711410417,1.5527,119.91685537270375
3831.3467815409517,1.3782,152.2056504313258
3831.3867919408744,1.3919,149.22418066569887
3831.436804940795,1.5028,128.0126670748665
3831.4768153407463,1.4042,146.6213928283122
3831.51682574071,1.4634,134.9985804521903
3831.5568361406854,1.6651,104.27368783668804
3831.596846540675,1.4991,128.64535477631816
3831.636856940677,1.4634,134.9985804521903
3831.676867340691,1.5177,125.51148157980448
3831.716877740717,1.3821,151.3478773361977
3831.7668907407674,1.3479,159.1255455830912
3831.806901140822,1.4493,137.6381139914104
3831.8469115408907,1.3509,158.41957738552068
3831.8869219409708,1.4016,147.16586904221603
3831.9269323410635,1.6165,110.63790448340366
3831.9669427411695,1.5157,125.84293029990603
3832.006953141287,1.4931,129.6813503398021
3832.0469635414183,1.3987,147.77675507709725
3832.096976541599,1.465,134.7038642331217
3832.136986941757,1.4453,138.40101986027537
3832.176997341929,1.3824,151.2821953285665
3832.2170077421133,1.5561,119.39340363315968
3832.2570181423102,1.4988,128.69685923739198
3832.2970285425195,1.4233,142.71262279754657
3832.337038942741,1.5318,123.21148709863553
3832.3770493429756,1.5941,113.76907531954292
3832.4270623432867,1.3856,150.58423969049565
3832.4670727435496,1.4548,136.59937583130417
3832.507083143825,1.4359,140.21901139082408
3832.547093544113,1.4213,143.11454479056385
3832.5871039444137,1.4972,128.97207278775613
3832.6271143447275,1.4116,145.08816300285474
3832.6671247450518,1.4069,146.0591672078325
3832.7071351453915,1.556,119.40875031226588
3832.757148145832,1.4619,135.27575620935815
3832.797158546198,1.3418,160.57564468710652
3832.837168946578,1.4263,142.11290701801332
3832.8771793469705,1.3461,159.5513939938649
3832.917189747375,1.3666,154.80052468921036
3832.9572001477914,1.3444,159.95515575856828
3832.997210548221,1.3377,161.56146897363305
3833.037220948663,1.2853,175.0032869826974
3833.087233949234,1.4166,144.06577128352455
3833.127244349704,1.407,146.03840617400738
3833.167254750187,1.3193,166.09941905635685
3833.2072651506833,1.4706,133.67992179640345
3833.2472755511913,1.4524,137.05119233115593
3833.287285951713,1.3991,147.69226903610544
3833.327296352246,1.3555,157.34618303997172
3833.3673067527925,1.4781,132.32675881284513
3833.4173197534924,1.3084,168.87842188143594
3833.4573301540663,1.2905,173.59579692823533
3833.497340554653,1.5479,120.66172648186395
3833.5373509552533,1.3582,156.72122042439028
3833.577361355866,1.2728,178.45753136857772
3833.6173717564907,1.2838,175.412475457486
3833.657382157128,1.4286,141.65568128522912
3833.697392557777,1.5187,125.34624805510904
3833.747405558607,1.249,185.323427842726
3833.787415959286,1.3584,156.67507508638167
3833.827426359976,1.503,127.97860079016357
3833.8674367606795,1.2565,183.11765561386363
3833.9074471613962,1.4227,142.83302143319307
3833.947457562125,1.6797,102.46886722581458
3833.9874679628656,1.5846,115.1373011887381
3834.0274783636187,1.3715,153.6963802903802
3834.077491364579,1.5266,124.05229740580205
3834.117501765361,1.5127,126.34257054588784
3834.157512166155,1.4055,146.35028713637703
3834.197522566962,1.3148,167.23833891067892
3834.2375329677816,1.2402,187.9627292150411
3834.2775433686143,1.4857,130.97640485149748
3834.317553769459,1.4382,139.7708878684898
3834.3575641703155,1.4628,135.10934843780464
3834.407577171406,1.3194,166.07424200638414
3834.4475875722915,1.2981,171.5690425885279
3834.487597973189,1.3293,163.60976988287942
3834.5276083741005,1.4634,134.9985804521903
3834.567618775024,1.519,125.29674162151576
3834.607629175959,1.4814,131.7378677196181
3834.647639576908,1.3542,157.6484250549767
3834.6876499778696,1.3087,168.80100508472057
3834.737662979088,1.5037,127.85947581940167
3834.7776733800774,1.4935,129.61189528928568
3834.8176837810793,1.3068,169.29221233603175
3834.857694182094,1.3856,150.58423969049565
3834.8977045831202,1.5372,122.3473536540826
3834.9377149841603,1.6007,112.83282564669318
3834.9777253852126,1.4819,131.64898482983813
3835.0177357862763,1.2851,175.05776267133052
3835.0677487876255,1.4826,131.5246998275081
3835.1077591887183,1.3757,152.75934614244866
3835.1477695898243,1.4166,144.06577128352455
3835.1877799909416,1.4183,143.72061883221136
3835.227790392072,1.4059,146.2670212633425
3835.267800793216,1.3257,164.49955557794118
3835.307811194372,1.4915,129.95972957326302
3835.3478215955406,1.4361,140.17995863686807
3835.3878319967203,1.2882,174.2162385653397
3835.437844998214,1.3714,153.71879561367615
3835.477855399424,1.4229,142.79287163126668
3835.5178658006453,1.4817,131.6845271882005
3835.55787620188,1.5392,122.02960992579786
3835.597886603127,1.4023,147.01898132472652
3835.637897004386,1.4321,140.96412526698325
3835.6779074056576,1.4734,133.17232322128598
3835.7279204072656,1.153,217.46858507307675
3835.767930808566,1.4144,144.5142879195745
3835.807941209878,1.5583,119.05652382211785
3835.8479516112034,1.5994,113.01632220008291
3835.887962012541,1.4352,140.3558246238862
3835.927972413892,1.3508,158.4430339037344
3835.9679828152553,1.3021,170.51655577766064
3836.0079932166295,1.318,166.42724238097634
3836.0480036180184,1.494,129.52515491456953
3836.098016619771,1.4057,146.30864531469794
3836.1380270211866,1.423,142.77280307835395
3836.178037422616,1.3707,153.8758402685329
3836.218047824057,1.3419,160.55171301680497
3836.258058225511,1.566,117.88860445586263
3836.298068626977,1.4167,144.0454337971061
3836.338079028457,1.2659,180.40825709278027
3836.378089429947,1.4169,144.00477174165815
3836.42810243183,1.3898,149.67547913537456
3836.4681128333496,1.4615,135.3498139174832
3836.5081232348816,1.4194,143.49794543435692
3836.548133636427,1.3309,163.21662526974387
3836.5881440379844,1.2872,174.48703374196373
3836.6281544395542,1.2291,191.3730386398181
3836.668164841137,1.3982,147.88246461223312
3836.7081752427316,1.2275,191.87225846888117
3836.758188244743,1.3357,162.04565645357707
3836.798198646366,1.4343,140.53202177369792
3836.8382090480018,1.225,192.65620903842313
3836.8782194496494,1.4625,135.1647835612531
3836.9182298513115,1.5714,117.07976616065498
3836.958240252984,1.383,151.15095951954726
3836.9982506546703,1.6224,109.83467923754304
3837.0382610563684,1.484,131.27665724009313
3837.08827405851,1.3598,156.3526276247561
3837.128284460236,1.4357,140.25808046662175
3837.1682948619755,1.3686,154.3484209245554
3837.2083052637267,1.1783,208.230050386634
3837.2483156654907,1.3468,159.38558337834672
3837.288326067268,1.277,177.28558387606404
3837.3283364690574,1.3536,157.78821516876036
3837.3683468708596,1.4342,140.55161971305057
3837.4183598731283,1.2302,191.03095433450113
3837.458370274959,1.507,127.30012078713283
3837.498380676802,1.2806,176.29022151902097
3837.538391078657,1.3432,160.24108754114584
3837.5784014805245,1.3829,151.17282029259107
3837.6184118824053,1.4596,135.70241990411404
3837.6584222842976,1.4002,147.460305652359
3837.6984326862025,1.4055,146.35028713637703
3837.7484456886014,1.524,124.47593374486691
3837.788456090536,1.5608,118.67543368018278
3837.8284664924813,1.4527,136.9945927799824
3837.86847689444,1.4824,131.5601918629932
3837.9084872964117,1.4538,136.78736078373134
3837.9484976983945,1.4392,139.57672134224785
3837.9885081003904,1.3785,152.13940930925978
3838.028518502399,1.4502,137.46732957715125
3838.078531504927,1.4315,141.08231757043404
3838.1185419069643,1.4516,137.20229606597923
3838.1585523090134,1.2233,193.19204302643473
3838.1985627110757,1.2166,195.32577606934618
3838.23857311315,1.4008,147.33401043262336
3838.2785835152363,1.4114,145.12928482230345
3838.318593917336,1.4998,128.52529787079425
3838.3586043194477,1.5797,115.85268690575968
3838.4086173221053,1.5711,117.12448293352443
3838.4486277242454,1.5392,122.02960992579786
3838.488638126398,1.5696,117.34845153766528
3838.5286485285637,1.2488,185.38279303155971
3838.5686589307406,1.1599,214.88893376959746
3838.6086693329316,1.3011,170.77876767907543
3838.648679735133,1.5547,119.60852670090696
3838.688690137349,1.4896,130.29147070769648
3838.7387031401354,1.4408,139.26689541219167
3838.778713542379,1.3808,151.6329942501257
3838.818723944635,1.2837,175.43980570148403
3838.858734346903,1.4033,146.80952291479463
3838.8987447491836,1.4731,133.22657037078673
3838.9387551514774,1.5008,128.35407932953512
3838.9787655537834,1.1737,209.86545031120713
3839.0187759561018,1.4511,137.29686283540877
3839.0687889590176,1.4464,138.19058965243383
3839.1087993613646,1.4352,140.3558246238862
3839.148809763723,1.1982,201.37082127597387
3839.188820166095,1.318,166.42724238097634
3839.228830568478,1.5352,122.66634002351536
3839.2688409708753,1.274,178.12150622793544
3839.308851373284,1.4949,129.36924151516047
3839.3488617757066,1.3949,148.58300091242845
3839.3988747787507,1.2883,174.18919372456216
3839.4388851812005,1.4185,143.68009422575244
3839.4788955836634,1.5738,116.72295206920775
3839.5189059861377,1.6217,109.92951900004365
3839.5589163886248,1.4474,137.99970564425692
3839.5989267911255,1.4612,135.40539711580735
3839.638937193637,1.4488,137.7331317780766
3839.6789475961623,1.37,154.0331257100911
3839.7289605993346,1.4563,136.31812416694672
3839.768971001888,1.5397,121.95036740008847
3839.8089814044533,1.3377,161.56146897363305
3839.848991807032,1.5872,114.76039644361263
3839.8890022096225,1.3074,169.1368628760966
3839.929012612226,1.5001,128.47389635334721
3839.9690230148412,1.398,147.9247801879014
3840.0090334174683,1.2818,175.9602962936498
3840.059046420771,1.4531,136.91918123609176
3840.0990568234274,1.525,124.31274024926913
3840.1390672260964,1.4237,142.63244159394816
3840.179077628778,1.2209,193.9523284658035
3840.2190880314706,1.4779,132.36257601914204
3840.2590984341764,1.66,104.91538952568966
3840.2991088368954,1.4754,132.8115208050224
3840.339119239626,1.3123,167.87614089997822
3840.3891322430586,1.7064,99.2873004782546
3840.4291426458176,1.6638,104.43669861983231
3840.469153048589,1.3921,149.18130634513864
3840.5091634513733,1.2566,183.0885118571127
3840.5491738541705,1.5517,120.07146698386398
3840.589184256979,1.4054,146.3711147142492
3840.6291946598008,1.2648,180.72219640590126
3840.6692050626352,1.3178,166.47776286822577
3840.7192180661946,1.3405,160.88724394554944
3840.7592284690572,1.4946,129.42118135402254
3840.7992388719317,1.4612,135.40539711580735
3840.8392492748194,1.281,176.1801434174761
3840.8792596777184,1.2437,186.90629544167854
3840.919270080631,1.3797,151.87487678100055
3840.9592804835556,1.4786,132.2372793757484
3840.999290886494,1.3431,160.26494979020697
3841.0493038901827,1.2753,177.75854887621455
3841.0893142931473,1.4964,129.11001073145778
3841.1293246961254,1.425,142.37231883530316
3841.1693350991154,1.4039,146.68406265700168
3841.209345502118,1.4742,133.02782603088193
3841.2493559051336,1.5476,120.70851118471334
3841.289366308161,1.3175,166.55358674236882
3841.3293767112013,1.2588,182.44910539818008
3841.3793897150194,1.3843,150.86720044929527
3841.4194001180877,1.4358,140.2385438879243
3841.4594105211686,1.4339,140.61043813473256
3841.499420924262,1.4399,139.4410454091406
3841.5394313273673,1.4016,147.16586904221603
3841.579441730486,1.3089,168.74942345747985
3841.6194521336165,1.392,149.2027411953816
3841.6594625367597,1.3835,151.04172674964573
3841.7094755407065,1.0373,268.6867830299256
3841.749485943877,1.2768,177.3411287789939
3841.789496347061,1.1983,201.33721328951157
3841.829506750257,1.2076,198.24807033047273
3841.8695171534664,1.3066,169.34404305375622
3841.909527556688,1.4809,131.8268406537972
3841.949537959922,1.3076,169.0851272387033
3841.989548363168,1.4029,146.89325253068913
3842.039561367242,1.5218,124.83609252842675
3842.0795717705164,1.6375,107.81836679575483
3842.1195821738033,1.535,122.69830725514863
3842.1595925771026,1.4902,130.18657325475098
3842.1996029804145,1.3215,165.54684353473374
3842.2396133837387,1.347,159.33825639024414
3842.279623787075,1.5836,115.28275910925082
3842.319634190425,1.3377,161.56146897363305
3842.3696471946273,1.4376,139.88758232437493
3842.409657598005,1.4634,134.9985804521903
3842.4496680013945,1.3826,151.2384310745341
3842.489678404796,1.398,147.9247801879014
3842.529688808211,1.1733,210.00856872587954
3842.5696992116377,1.1806,207.41950965264527
3842.6097096150775,1.4431,138.82332479180036
3842.6497200185295,1.3982,147.88246461223312
3842.699733022862,1.2728,178.45753136857772
3842.739743426342,1.5737,116.73778673737132
3842.7797538298346,1.4995,128.57673024250096
3842.8197642333394,1.3053,169.68152365413013
3842.859774636857,1.3563,157.16061977218683
3842.899785040387,1.5009,128.33697629563366
3842.939795443929,1.3314,163.09405815605194
3842.9798058474835,1.1848,205.95155368375075
3843.0298188519455,1.3161,166.90811734630847
3843.0698292555276,1.3106,168.31193261838507
3843.109839659123,1.4507,137.37258666336936
3843.149850062731,1.4319,141.00350619340514
3843.1898604663506,1.4831,131.4360325491024
3843.2298708699836,1.2531,184.11269858285357
3843.269881273629,1.4617,135.3127774636064
3843.3098916772856,1.5793,115.91137988869002
3843.3599046818754,1.551,120.17987309537286
3843.399915085561,1.3673,154.64206268365174
3843.4399254892596,1.2378,188.6923261119183
3843.47993589297,1.2844,175.24862802600956
3843.5199462966934,1.3434,160.19337902834138
3843.5599567004283,1.3197,165.99874519354952
3843.599967104177,1.2972,171.8071948934002
3843.6399775079376,1.3205,165.7976718595608
3843.6899905126547,1.5976,113.27113423489766
3843.7300009164433,1.4141,144.57561152398245
3843.770011320243,1.4126,144.8828158340035
3843.810021724057,1.5519,120.0405207495548
3843.8500321278834,1.4892,130.36147279277642
3843.8900425317224,1.501,128.31987667994397
3843.930052935572,1.4205,143.27578913410562
3843.9700633394355,1.4045,146.55876315397057
3844.0200763442813,1.4856,130.9940382285681
3844.060086748173,1.4443,138.59273742145373
3844.1000971520766,1.4492,137.65710968113876
3844.140107555992,1.5361,122.52264196657258
3844.1801179599215,1.3539,157.71829688064622
3844.220128363861,1.3616,155.93951290885525
3844.2601387678155,1.4604,135.55378647932997
3844.3001491717814,1.3612,156.03117456643957
3844.3501621767564,1.576,116.39730346527689
3844.39017258075,1.4805,131.89808391486267
3844.430182984756,1.4682,134.1173197231783
3844.470193388774,1.3439,160.07420092001513
3844.5102037928064,1.4326,140.86574509976822
3844.5502141968495,1.5521,120.00958647744666
3844.5902246009055,1.4893,130.34396698351512
3844.6302350049737,1.4292,141.53676789513534
3844.6702454090555,1.3981,147.90362013008237
3844.720258414174,1.473,133.24466011989819
3844.7602688182824,1.3978,147.9671139286459
3844.800279222404,1.412,145.00597177931533
3844.8402896265384,1.4695,133.88012982700096
3844.880300030685,1.4151,144.3713511519218
3844.9203104348426,1.4503,137.4483731549591
3844.9603208390145,1.4673,134.28189755200722
3845.0103338442464,1.4096,145.5001692132244
3845.0503442484446,1.3531,157.9048490107595
3845.090354652656,1.396,148.34893674200583
3845.1303650568802,1.3887,149.91269108309962
3845.170375461117,1.4945,129.43850158482425
3845.210385865366,1.5737,116.73778673737132
3845.250396269627,1.4893,130.34396698351512
3845.2904066739006,1.4245,142.47228177333176
3845.330417078186,1.4357,140.25808046662175
3845.3804300835623,1.4451,138.43933153457803
3845.4204404878774,1.1792,207.9123173994098
3845.4604508922034,1.5634,118.28103767196826
3845.500461296542,1.5327,123.06683033771644
3845.5404717008932,1.673,103.29124107242184
3845.580482105257,1.5378,122.25190035238302
3845.6204925096345,1.4525,137.03232191735722
3845.6605029140233,1.3214,165.5719007441047
3845.7105159195257,1.3943,148.7109058370595
3845.750526323943,1.4702,133.7526727234151
3845.7905367283724,1.2964,172.0193023575607
3845.8305471328135,1.3005,170.93638523998303
3845.870557537268,1.418,143.7814378959454
3845.910567941735,1.472,133.4257604314119
3845.9505783462128,1.2969,171.88668919535718
3845.9905887507052,1.4513,137.25902439870282
3846.040601756336,1.8167,87.59695026480325
3846.0806121608553,1.4676,134.22700463237058
3846.1206225653877,1.5267,124.03604691082643
3846.160632969931,1.4361,140.17995863686807
3846.200643374488,1.4479,137.9044119203772
3846.2406537790566,1.3471,159.31460080060785
3846.2806641836382,1.4165,144.08611307736058
3846.3206745882326,1.4297,141.43778774576842
3846.370687593992,1.3972,148.0942242453601
3846.410697998614,1.4544,136.67452328244653
3846.450708403249,1.3625,155.7335692669945
3846.4907188078946,1.2451,186.48621433576835
3846.530729212554,1.4777,132.39840776950305
3846.570739617225,1.3566,157.0911181682002
3846.6107500219086,1.4914,129.97715802966624
3846.650760426605,1.452,137.12671297880996
3846.700773432494,1.5424,121.5237885803995
3846.740783837218,1.4405,139.32490914380384
3846.7807942419545,1.3528,157.9748914002906
3846.8208046467034,1.4866,130.81786455454042
3846.860815051464,1.3741,153.11529850974776
3846.900825456239,1.4722,133.38951084391158
3846.940835861025,1.4803,131.93372720474372
3846.9808462658234,1.481,131.8090388575723
3847.0308592718397,1.4844,131.2059168028406
3847.0708696766665,1.3739,153.15988001687978
3847.1108800815055,1.3755,152.8037722684541
3847.1508904863567,1.4643,134.83268370805783
3847.190900891221,1.4526,137.01345540065708
3847.230911296097,1.4803,131.93372720474372
3847.2709217009865,1.4287,141.63585198241685
3847.3109321058873,1.3274,164.07847683632812
3847.360945112031,1.4988,128.69685923739198
3847.4009555169596,1.2458,186.27670467003514
3847.4409659219014,1.4143,144.5347247851294
3847.4809763268563,1.3097,168.54333320005142
3847.520986731822,1.2233,193.19204302643473
3847.560997136801,1.7244,97.22531629120921
3847.601007541792,1.5841,115.20999571513045
3847.6410179467957,1.6015,112.72012672848751
3847.6910309530676,1.3803,151.74286916726706
3847.731041358099,1.4306,141.25988493674726
3847.771051763142,1.4201,143.3565135149138
3847.8110621681985,1.433,140.78711510028825
3847.8510725732676,1.4532,136.9003380794624
3847.891082978349,1.3856,150.58423969049565
3847.931093383443,1.3994,147.62895204343886
3847.9711037885486,1.4295,141.47736734227172
3848.0211167949483,1.3768,152.51534841936814
3848.0611272000815,1.4722,133.38951084391158
3848.101137605228,1.4566,136.2619780763432
3848.141148010387,1.4147,144.45300332368637
3848.181158415558,1.5054,127.5708638422533
3848.2211688207412,1.5389,122.07719252055155
3848.2611792259363,1.5023,128.0978923192356
3848.301189631144,1.4115,145.1087217275743
3848.351202637673,1.5203,125.08255229610941
3848.3912130429085,1.4153,144.3305510251927
3848.431223448157,1.169,211.556382098681
3848.471233853418,1.5173,125.57766648345904
3848.511244258691,1.3047,169.83762428393598
3848.5512546639775,1.4025,146.97705379706122
3848.5912650692744,1.3529,157.95153875984988
3848.6312754745854,1.2458,186.27670467003514
3848.681288481241,1.3055,169.62953793332915
3848.72129888658,1.431,141.1809247447533
3848.7613092919305,1.509,126.96290229553648
3848.8013196972934,1.4437,138.70795923280366
3848.841330102669,1.2928,172.97866379568433
3848.8813405080564,1.3316,163.0450699650883
3848.921350913457,1.4578,136.0377402350461
3848.96136131887,1.4068,146.0799326691008
3849.0113743256534,1.492,129.87263985047213
3849.0513847310935,1.524,124.47593374486691
3849.0913951365465,1.4865,130.83546592376237
3849.131405542012,1.4926,129.76824768948845
3849.1714159474905,1.3917,149.26707347186823
3849.21142635298,1.319,166.1749845676579
3849.2514367584827,1.405,146.45446950215057
3849.2914471639974,1.2781,176.9805528611102
3849.3414601709082,1.3994,147.62895204343886
3849.3814705764516,1.4137,144.65743706701656
3849.4214809820064,1.1918,203.5393605335157
3849.461491387575,1.4575,136.09374777425697
3849.5015017931546,1.5303,123.45314911089312
3849.541512198746,1.499,128.6625194941286
3849.581522604351,1.2825,175.76826744816103
3849.621533009968,1.5202,125.09900889182401
3849.671546017008,1.5358,122.57051325013808
3849.7115564226524,1.4921,129.85523241118418
3849.75156682831,1.4436,138.72717683704022
3849.791577233979,1.391,149.41734402115068
3849.8315876396614,1.344,160.05038125830612
3849.8715980453558,1.3342,162.41022689204385
3849.911608451064,1.3904,149.54632803344768
3849.9516188567827,1.4686,134.04427112517988
3850.001631863949,1.5597,118.84288758402568
3850.041642269696,1.4698,133.8254830550612
3850.0816526754547,1.2702,179.18885571230965
3850.1216630812273,1.3819,151.3916891083831
3850.161673487012,1.4799,132.0050571422352
3850.201683892809,1.5353,122.65036109232715
3850.241694298617,1.3978,147.9671139286459
3850.281704704439,1.3809,151.61103358764726
3850.3317177117324,1.4316,141.06260853277075
3850.371728117582,1.2736,178.23340907823032
3850.411738523444,1.5783,116.05830762958487
3850.4517489293175,1.4717,133.48016252513966
3850.4917593352034,1.4902,130.18657325475098
3850.531769741103,1.4602,135.59092193388923
3850.571780147014,1.619,110.29648257244315
3850.611790552937,1.338,161.4890280606375
3850.661803560359,1.4379,139.82921683630724
3850.7018139663096,1.3463,159.50399313985082
3850.741824372273,1.3266,164.27642989100866
3850.7818347782504,1.3219,165.44667155710403
3850.821845184238,1.3602,156.26068260310765
3850.861855590239,1.4304,141.29938987570665
3850.9018659962517,1.4056,146.3294640036149
3850.9418764022776,1.374,153.13758682982714
3850.9918894098264,1.457,136.18717056495177
3851.031899815881,1.4741,133.0458753149132
3851.071910221946,1.4447,138.51600262245205
3851.1119206280237,1.3214,165.5719007441047
3851.1519310341137,1.3724,153.49486282433418
3851.191941440217,1.3745,153.0261938708377
3851.2319518463323,1.386,150.49733498530216
3851.2719622524596,1.4507,137.37258666336936
3851.3219752601362,1.4411,139.208917907689
3851.3619856662917,1.4705,133.69810396250648
3851.401996072459,1.3279,163.95493781778228
3851.4420064786395,1.3398,161.0554039798864
3851.482016884832,1.4679,134.17214536526174
3851.522027291037,1.4339,140.61043813473256
3851.5620376972543,1.4572,136.14978990854007
3851.602048103484,1.4858,130.958775034685
3851.6520611112874,1.4234,142.69257115929256
3851.6920715175443,1.2918,173.2465775321118
3851.7320819238143,1.3031,170.25494730900616
3851.7720923300963,1.3843,150.86720044929527
3851.8121027363914,1.3414,160.67142489670525
3851.8521131426983,1.4682,134.1173197231783
3851.892123549017,1.3936,148.86033709893545
3851.9321339553485,1.4726,133.31705597274652
3851.9821469632802,1.6471,106.56520751939053
3852.02215736964,1.5072,127.26633851797044
3852.0621677760105,1.5099,126.81159097529842
3852.1021781823956,1.4653,134.6487123940681
3852.1421885887917,1.3996,147.58676333276713
3852.1821989951995,1.2617,181.61135645630577
3852.2222094016206,1.3835,151.04172674964573
3852.262219808054,1.4949,129.36924151516047
3852.3122328161135,1.5219,124.81968778314994
3852.352243222574,1.501,128.31987667994397
3852.392253629048,1.5349,122.7142955572216
3852.432264035533,1.3326,162.8004597712445
3852.472274442032,1.3248,164.7231361588272
3852.5122848485425,1.3324,162.84933775267788
3852.5522952550655,1.4342,140.55161971305057
3852.5923056616007,1.395,148.5616994688652
3852.642318669788,1.4143,144.5347247851294
3852.6823290763505,1.5225,124.72132718348907
3852.7223394829257,1.5222,124.77049294441524
3852.762349889514,1.4785,132.25516800096824
3852.8023602961134,1.55,120.3349938220967
3852.8423707027264,1.536,122.53859594451025
3852.882381109351,1.3771,152.4489050419693
3852.922391515988,1.3588,156.58284553147064
3852.972404524302,1.4503,137.4483731549591
3853.0124149309663,1.4013,147.2288883173788
3853.0524253376434,1.4193,143.51816707876745
3853.0924357443328,1.556,119.40875031226588
3853.1324461510344,1.4673,134.28189755200722
3853.172456557749,1.4106,145.29394704920858
3853.212466964476,1.5598,118.82764986100446
3853.252477371215,1.4432,138.80408720601312
3853.3024903796554,1.4006,147.37609080519906
3853.3425007864225,1.3085,168.85261036600633
3853.382511193201,1.3386,161.34429232293968
3853.4225215999923,1.475,132.8835638906255
3853.4625320067958,1.5939,113.79762821287697
3853.5025424136124,1.449,137.69511285983086
3853.5425528204405,1.4221,142.95357249349772
3853.582563227281,1.4184,143.7003543861848
3853.6325762358492,1.4606,135.51666627859242
3853.672586642718,1.4906,130.1167119810271
3853.7125970495986,1.3362,161.9244057299957
3853.752607456492,1.4499,137.52422237933828
3853.792617863397,1.4787,132.21939437966392
3853.8326282703147,1.4013,147.2288883173788
3853.8726386772455,1.4635,134.98013236527095
3853.9126490841886,1.5173,125.57766648345904
3853.9526594911426,1.5582,119.0718055918179
3854.002672499853,1.6013,112.74828562328932
3854.0426829068356,1.5597,118.84288758402568
3854.0826933138305,1.5232,124.60672002636876
3854.1227037208378,1.5315,123.25976270073461
3854.1627141278577,1.4782,132.30885566126105
3854.20272453489,1.4449,138.47765911903332
3854.2427349419336,1.502,128.1490683244618
3854.2927479507557,1.5018,128.18320270081404
3854.3327583578275,1.4727,133.2989514790719
3854.3727687649125,1.5082,127.09762871459573
3854.4127791720084,1.579,115.95542890110828
3854.452789579118,1.5222,124.77049294441524
3854.4927999862393,1.4191,143.558623192996
3854.5328103933725,1.3911,149.39586291035423
3854.5728208005185,1.4677,134.20871447218994
3854.6128312076767,1.5018,128.18320270081404
3854.6628442166416,1.5431,121.41355942815564
3854.7028546238275,1.4601,135.6094953839639
3854.7428650310258,1.3623,155.7792992491125
3854.7828754382363,1.3936,148.86033709893545
3854.822885845459,1.4492,137.65710968113876
3854.862896252694,1.487,130.74749458454278
3854.9029066599414,1.5087,127.01339958772236
3854.942917067201,1.3289,163.70827798435724
3854.9929300762938,1.2514,184.61326424261063
3855.0329404835807,1.3224,165.32158439076608
3855.0729508908803,1.4526,137.01345540065708
3855.1129612981936,1.529,123.66316508868911
3855.152971705517,1.4626,135.14630139655307
3855.192982112854,1.5267,124.03604691082643
3855.232992520204,1.6214,109.97020221987543
3855.273002927565,1.4371,139.98493937677006
3855.3230159367845,1.3636,155.48241393547417
3855.3630263441732,1.57,117.28866380367029
3855.4030367515747,1.5855,115.00662431067258
3855.4430471589885,1.5056,127.53697375032151
3855.483057566414,1.4038,146.7049615290197
3855.5230679738524,1.4241,142.55232794449864
3855.5630783813035,1.5751,116.5303584273837
3855.6030887887664,1.4888,130.43153130835734
3855.653101798113,1.3083,168.9042393158021
3855.693112205603,1.434,140.59082789242407
3855.733122613107,1.4776,132.41632910116846
3855.773133020622,1.4361,140.17995863686807
3855.8131434281486,1.4721,133.40763379083256
3855.8531538356897,1.625,109.48348965670539
3855.8931642432417,1.6094,111.61623348134198
3855.933174650807,1.4401,139.40231719141633
3855.983187660279,1.4304,141.29938987570665
3856.0231980678723,1.489,130.3964949929643
3856.063208475475,1.4751,132.86554762466523
3856.1032188830936,1.4539,136.76854483180145
3856.1432292907225,1.4172,143.94381093373048
3856.183239698364,1.4071,146.01764956636688
3856.223250106018,1.4635,134.98013236527095
3856.2632605136837,1.3678,154.52902445809033
3856.3132735232825,1.5483,120.59938917657658
3856.3532839309773,1.4354,140.31671470367226
3856.393294338684,1.5042,127.77448835733907
3856.4333047464015,1.498,128.83435578026143
3856.4733151541327,1.516,125.79312935168863
3856.5133255618757,1.4752,132.84753502240676
3856.5533359696306,1.4707,133.6617433390518
3856.593346377399,1.4778,132.38049007582242
3856.643359387125,1.6048,112.25702387010068
3856.6833697949205,1.4029,146.89325253068913
3856.7233802027276,1.3862,150.45391084171365
3856.7633906105475,1.4143,144.5347247851294
3856.803401018379,1.3751,152.89268268107932
3856.8434114262245,1.473,133.24466011989819
3856.8834218340808,1.4404,139.34425511002678
3856.9234322419506,1.5271,123.97107685199279
3856.9734452518037,1.5228,124.6721904774598
3857.0134556597004,1.5655,117.96392055625134
3857.053466067609,1.5043,127.75750103347434
3857.0934764755307,1.5287,123.71170641857529
3857.1334868834642,1.5372,122.3473536540826
3857.1734972914105,1.5309,123.35639906093617
3857.213507699368,1.4444,138.57354774492538
3857.2535181073386,1.5551,119.54700367753205
3857.303531117319,1.5703,117.24385298331354
3857.343541525317,1.4571,136.16847831268626
3857.3835519333275,1.4675,134.24529853172078
3857.423562341351,1.4844,131.2059168028406
3857.463572749385,1.5047,127.68958560314297
3857.5035831574323,1.3788,152.07321142078862
3857.543593565492,1.4664,134.4467785015285
3857.5836039735636,1.5091,126.9460765568057
3857.6336169836713,1.5519,120.0405207495548
3857.673627391771,1.509,126.96290229553648
3857.7136377998822,1.4297,141.43778774576842
3857.7536482080063,1.4454,138.38186998667956
3857.793658616143,1.4881,130.5542696790459
3857.8336690242904,1.558,119.1023779594077
3857.8736794324527,1.5548,119.59314149337553
3857.9136898406255,1.4589,135.83267477825365
3857.9637028508587,1.538,122.22010740774921
3858.003713259059,1.5629,118.35673021921363
3858.043723667273,1.4673,134.28189755200722
3858.083734075499,1.4935,129.61189528928568
3858.1237444837366,1.5272,123.95484231337156
3858.163754891986,1.4944,129.455825292767
3858.203765300248,1.5582,119.0718055918179
3858.243775708523,1.5152,125.92599762477268
3858.2937887188828,1.3112,168.15793021307314
3858.3337991271846,1.6064,112.03351580403242
3858.3738095354997,1.4502,137.46732957715125
3858.413819943826,1.3278,163.9796344570746
3858.453830352166,1.4015,147.1868709707679
3858.493840760517,1.5311,123.3241743174741
3858.53385116888,1.6322,108.51970825449027
3858.5738615772566,1.3958,148.39145270666606
3858.6238745877426,1.4618,135.29426493704858
3858.663884996147,1.4624,135.18326951755267
3858.7038954045624,1.4411,139.208917907689
3858.74390581299,1.3434,160.19337902834138
3858.783916221431,1.4979,128.85155833988009
3858.8239266298833,1.602,112.6497756262049
3858.863937038348,1.4979,128.85155833988009
3858.903947446824,1.5204,125.06609894744368
3858.953960457439,1.4963,129.12726853253355
3858.993970865943,1.4811,131.79124066701542
3859.03398127446,1.494,129.52515491456953
3859.0739916829893,1.4843,131.22359655062638
3859.114002091531,1.4607,135.49811189579614
3859.1540125000847,1.3888,149.89110306669056
3859.19402290865,1.459,135.8140554599956
3859.2340333172283,1.4786,132.2372793757484
3859.284046327969,1.5835,115.29732005985736
3859.3240567365747,1.5542,119.68549728981621
3859.364067145193,1.5833,115.32645023842593
3859.4040775538238,1.5273,123.9386109635141
3859.444087962466,1.5266,124.05229740580205
3859.4840983711215,1.3236,165.0219533521204
3859.524108779788,1.498,128.83435578026143
3859.5641191884674,1.3766,152.55966813947427
3859.6141321993346,1.2896,173.83818311606228
3859.654142608041,1.4096,145.5001692132244
3859.69415301676,1.404,146.66316825039237
3859.7341634254926,1.477,132.5239335440218
3859.774173834236,1.4996,128.5595826888235
3859.8141842429923,1.464,134.88794862871953
3859.854194651761,1.3159,166.95885696920962
3859.894205060542,1.4217,143.03402467448922
3859.9442180715346,1.412,145.00597177931533
3859.984228480343,1.4382,139.7708878684898
3860.024238889163,1.4208,143.2152905859345
3860.064249297996,1.4071,146.01764956636688
3860.104259706841,1.4786,132.2372793757484
3860.1442701156975,1.4667,134.39178445901348
3860.184280524568,1.4807,131.8624550671476
3860.224290933449,1.5573,119.20947402133946
3860.274303944568,1.422,142.97367917401158
3860.314314353477,1.4879,130.5893696068156
3860.3543247623998,1.4077,145.89320279997855
3860.3943351713338,1.4242,142.53231007857912
3860.43434558028,1.4672,134.3002026749831
3860.4743559892377,1.4301,141.3586783639085
3860.514366398209,1.3996,147.58676333276713
3860.554376807191,1.3993,147.65005318281342
3860.6043898184375,1.446,138.26705416560478
3860.6444002274475,1.4303,141.31914855998
3860.6844106364706,1.3763,152.62618395045456
3860.7244210455056,1.4277,141.83433255328367
3860.764431454553,1.446,138.26705416560478
3860.8044418636114,1.4237,142.63244159394816
3860.844452272683,1.4714,133.53459789795014
3860.8844626817677,1.4084,145.7482158780128
3860.9344756931396,1.316,166.93348426606542
3860.974486102252,1.3997,147.56567575888516
3861.014496511374,1.5058,127.50309716130594
3861.054506920511,1.4201,143.3565135149138
3861.094517329659,1.4252,142.33236311559642
3861.1345277388195,1.4192,143.53839299791215
3861.1745381479914,1.7052,99.42709242466637
3861.214548557177,1.4878,130.60692487909697
3861.2645615686756,1.4913,129.99458999221093
3861.3045719778875,1.4456,138.34358216109888
3861.344582387113,1.5596,118.85812823822191
3861.38459279635,1.4666,134.41011205679942
3861.424603205599,1.4722,133.38951084391158
3861.4646136148604,1.5364,122.47479872252846
3861.5046240241336,1.4322,140.94444099026148
3861.54463443342,1.3393,161.1756797560653
3861.5946474450448,1.4117,145.0676086469066
3861.634657854358,1.5756,116.45641085525054
3861.6746682636835,1.6417,107.26740424057203
3861.7146786730214,1.4415,139.13167086951512
3861.754689082372,1.5423,121.53954785544005
3861.7946994917347,1.4201,143.3565135149138
3861.834709901109,1.4656,134.59359441933015
3861.8747203104967,1.5244,124.41061780628246
3861.924733322247,1.4914,129.97715802966624
3861.964743731661,1.5471,120.7865461784088
3862.0047541410872,1.4236,142.65248055868045
3862.0447645505265,1.445,138.45849333748606
3862.084774959978,1.4553,136.50552864092737
3862.124785369442,1.4189,143.5990964158031
3862.164795778918,1.4576,136.07507475202956
3862.2048061884057,1.5418,121.61839023215018
3862.2548192002823,1.5518,120.05599237104882
3862.294829609797,1.5037,127.85947581940167
3862.334840019324,1.4971,128.98930293858518
3862.3748504288646,1.466,134.52015641626545
3862.4148608384166,1.464,134.88794862871953
3862.454871247982,1.519,125.29674162151576
3862.494881657558,1.5497,120.38158860704847
3862.5348920671463,1.2988,171.38415519500626
3862.5849050791485,1.3444,159.95515575856828
3862.624915488766,1.2773,177.20231543848115
3862.6649258983944,1.3263,164.3507546524226
3862.704936308035,1.3786,152.11733854456165
3862.7449467176875,1.4036,146.74677267437247
3862.784957127353,1.4439,138.66953600219165
3862.8249675370303,1.4783,132.29095614274212
3862.86497794672,1.5082,127.09762871459573
3862.9149909588486,1.5055,127.55391710797443
3862.955001368566,1.4936,129.59454024514966
3862.995011778296,1.4508,137.35364983436344
3863.035022188037,1.4175,143.8828888269545
3863.075032597791,1.4468,138.11418855139144
3863.1150430075572,1.4025,146.97705379706122
3863.1550534173357,1.4661,134.50180630686202
3863.195063827126,1.4828,131.48922215253742
3863.2450768393815,1.4531,136.91918123609176
3863.2850872491986,1.3252,164.62371077290584
3863.325097659029,1.3304,163.33933060132378
3863.365108068872,1.5352,122.66634002351536
3863.4051184787263,1.2988,171.38415519500626
3863.445128888593,1.1982,201.37082127597387
3863.4851392984715,1.4035,146.76768495025357
3863.525149708363,1.4178,143.82200538857765
3863.5751627207446,1.4221,142.95357249349772
3863.6151731306622,1.4253,142.31239156291355
3863.6551835405935,1.5168,125.6604712576289
3863.6951939505375,1.4256,142.2525021193905
3863.735204360492,1.3793,151.96297757918012
3863.775214770459,1.4316,141.06260853277075
3863.8152251804395,1.4776,132.41632910116846
3863.855235590432,1.4798,132.02289866516594
3863.895246000436,1.3567,157.06796121191937
3863.9452590129586,1.3162,166.88275620818126
3863.9852694229903,1.4074,145.9554062879744
3864.0252798330334,1.4472,138.03785079238006
3864.06529024309,1.383,151.15095951954726
3864.105300653158,1.5839,115.23909280378133
3864.1453110632397,1.5124,126.39269816463752
3864.185321473332,1.3733,153.2937414250284
3864.2353344859644,1.4824,131.5601918629932
3864.2753448960852,1.5922,114.04076239613045
3864.315355306217,1.4637,134.94324753414017
3864.3553657163625,1.5101,126.77800297200105
3864.3953761265197,1.4617,135.3127774636064
3864.435386536688,1.102,238.06300951337238
3864.4753969468698,1.1754,209.25882625060592
3864.5154073570625,1.2855,174.94883671829228
3864.555417767269,1.4305,141.2796353350152
3864.6054307800437,1.4068,146.0799326691008
3864.645441190276,1.4217,143.03402467448922
3864.685451600521,1.4698,133.8254830550612
3864.7254620107783,1.5399,121.91869200068656
3864.7654724210493,1.5826,115.42849284888217
3864.8054828313298,1.5879,114.65923828459657
3864.845493241624,1.5163,125.74335795988476
3864.8855036519312,1.3671,154.68731270522633
3864.935516664831,1.4181,143.7611605858822
3864.9755270751657,1.3971,148.11542522142403
3865.015537485511,1.4271,141.9536212218104
3865.055547895869,1.4948,129.38655132012067
3865.095558306239,1.4393,139.55732694558242
3865.1355687166224,1.6491,106.30688352992735
3865.1755791270175,1.4693,133.91657960595066
3865.215589537424,1.47,133.78907045961756
3865.2656025504493,1.3414,160.67142489670525
3865.305612960884,1.2755,177.70280776350498
3865.34562337133,1.5003,128.4396458041187
3865.3856337817892,1.5484,120.58381239835747
3865.4256441922603,1.5178,125.49494352943674
3865.465654602743,1.481,131.8090388575723
3865.5056650132387,1.496,129.1790627021003
3865.5456754237466,1.4182,143.7408875650407
3865.595688436899,1.513,126.29247274230944
3865.635698847432,1.5885,114.57263770904682
3865.6757092579805,1.4055,146.35028713637703
3865.71571966854,1.1913,203.71025107604478
3865.7557300791113,1.3801,151.78685257550245
3865.7957404896947,1.5666,117.79832030890039
3865.8357509002913,1.3652,155.1181802681911
3865.8757613108996,1.3443,159.97895416460068
3865.925774324176,1.419,143.5788576652244
3865.9657847348126,1.4561,136.3555741751607
3866.00579514546,1.5615,118.5690563120439
3866.04580555612,1.4552,136.52429034036334
3866.0858159667914,1.555,119.56237998245149
3866.1258263774766,1.3604,156.21474050331977
3866.1658367881732,1.4778,132.38049007582242
3866.205847198881,1.472,133.4257604314119
3866.2558602122836,1.6006,112.8469248944568
3866.2958706230206,1.4805,131.89808391486267
3866.335881033768,1.4309,141.2006585849047
3866.375891444529,1.5982,113.1861012219108
3866.415901855302,1.4337,140.64967093031535
3866.4559122660867,1.4842,131.2412798721215
3866.4959226768838,1.4976,128.90318669648627
3866.5359330876922,1.4018,147.12387866820438
3866.5859461012215,1.4212,143.13468544340276
3866.625956512058,1.4423,138.9773695581074
3866.6659669229066,1.5119,126.47631051610541
3866.705977333768,1.474,133.0639282725979
3866.745987744641,1.5211,124.95101635243651
3866.7859981555266,1.5029,127.99563223248867
3866.8260085664233,1.3246,164.77288263247124
3866.8660189773336,1.4481,137.8663220664791
3866.9160319909884,1.3725,153.47249646233809
3866.9560424019246,1.4621,135.23875014642246
3866.996052812874,1.3376,161.58562677677446
3867.0360632238353,1.4604,135.55378647932997
3867.0760736348097,1.7063,99.29893854327469
3867.116084045794,1.7198,97.74611442179328
3867.156094456792,1.4284,141.6953523855339
3867.196104867803,1.3861,150.4756205638878
3867.246117881583,1.4488,137.7331317780766
3867.2861282926197,1.4714,133.53459789795014
3867.3261387036705,1.4689,133.9895238346934
3867.366149114732,1.4868,130.7826724700741
3867.4061595258063,1.4165,144.08611307736058
3867.4461699368912,1.5702,117.25878706963574
3867.4861803479903,1.4987,128.71403426467907
3867.5261907591002,1.4052,146.4127832103852
3867.5762037730055,1.4729,133.26275355364896
3867.6162141841437,1.4118,145.0470586584921
3867.656224595294,1.5782,116.0730157668307
3867.6962350064555,1.4006,147.37609080519906
3867.7362454176305,1.5393,122.01375524290914
3867.776255828817,1.5588,118.98015908436406
3867.816266240016,1.5359,122.55455303876153
3867.856276651227,1.6323,108.5064121302924
3867.906289665257,1.5609,118.66022815053343
3867.946300076495,1.4733,133.19040192248053
3867.9863104877463,1.5826,115.42849284888217
3868.026320899008,1.4558,136.41177813039212
3868.0663313102837,1.4925,129.78563764032018
3868.1063417215705,1.4869,130.76508175291897
3868.146352132869,1.4723,133.3713915896454
3868.1863625441806,1.4613,135.38686557931032
3868.236375558337,1.3419,160.55171301680497
3868.2763859696747,1.3036,170.12436878350945
3868.316396381026,1.3055,169.62953793332915
3868.3564067923894,1.3223,165.34659047269068
3868.3964172037645,1.3487,158.93682668766525
3868.436427615152,1.2513,184.64277283264536
3868.476438026551,1.385,150.71473795629484
3868.5164484379625,1.5674,117.67810269185635
3868.566461452244,1.3224,165.32158439076608
3868.6064718636826,1.4184,143.7003543861848
3868.6464822751336,1.5441,121.25634918849197
3868.6864926865983,1.417,143.9844471701978
3868.7265030980725,1.4359,140.21901139082408
3868.7665135095604,1.5824,115.45767275646938
3868.80652392106,1.2837,175.43980570148403
3868.8465343325715,1.5667,117.78328303492528
3868.8965473469784,1.3749,152.9371669902622
3868.9365577585177,1.3998,147.54459270425
3868.9765681700696,1.5227,124.68856615256104
3869.0165785816325,1.6089,111.68561846962494
3869.0565889932077,1.1553,216.60356398689177
3869.0965994047965,1.3893,149.78323289984306
3869.1366098163953,1.5118,126.49304294232874
3869.176620228008,1.4176,143.86259005262318
3869.2266332425406,1.1915,203.64186904224619
3869.26664365418,1.4004,147.41818920834342
3869.306654065831,1.3104,168.36331376871257
3869.346664477495,1.6361,108.00296456215345
3869.386674889171,1.4299,141.39822475607707
3869.426685300859,1.3607,156.14586533391255
3869.4666957125587,1.4091,145.60344497810888
3869.506706124271,1.3927,149.05279419094234
3869.556719138929,1.3396,161.1034981292995
3869.5967295506684,1.4304,141.29938987570665
3869.6367399624205,1.3765,152.58183524428776
3869.6767503741835,1.3705,153.92075437453522
3869.71676078596,1.301,170.8050221294624
3869.756771197748,1.405,146.45446950215057
3869.796781609548,1.446,138.26705416560478
3869.8367920213605,1.5457,121.00544717584341
3869.8868050361434,1.5099,126.81159097529842
3869.926815447984,1.3379,161.5131696171838
3869.9668258598354,1.1908,203.88135692711484
3870.0068362716997,1.2754,177.7306750420017
3870.0468466835764,1.4198,143.41710157997267
3870.0868570954644,1.4634,134.9985804521903
3870.126867507365,1.4061,146.22541497220107
3870.166877919278,1.3077,169.0592683210666
3870.2168909341854,1.4344,140.51242793304348
3870.2569013461257,1.4875,130.6596119409476
3870.2969117580774,1.4799,132.0050571422352
3870.3369221700414,1.3915,149.30998477427522
3870.376932582018,1.3179,166.45249974954706
3870.4169429940066,1.328,163.93024675733574
3870.4569534060074,1.1723,210.36700591875237
3870.49696381802,1.0045,286.52013681286104
3870.546976833053,1.3878,150.10719327870706
3870.5869872450935,1.303,170.2810810541828
3870.6269976571457,1.4064,146.16303881379275
3870.6670080692097,1.3725,153.47249646233809
3870.707018481286,1.5397,121.95036740008847
3870.747028893374,1.3571,156.97538457177805
3870.787039305475,1.4722,133.38951084391158
3870.8270497175886,1.3824,151.2821953285665
3870.8770627327463,1.3604,156.21474050331977
3870.9170731448867,1.3423,160.45603981614292
3870.9570835570394,1.3832,151.10725219663505
3870.9970939692034,1.368,154.48384386875298
3871.0371043813793,1.4917,129.9248831751203
3871.077114793569,1.5121,126.44285562222214
3871.1171252057693,1.4763,132.6496379180379
3871.1571356179825,1.3189,166.20018453100917
3871.207148633265,1.2966,171.96623868248548
3871.2471590455057,1.337,161.7306874465649
3871.2871694577575,1.4368,140.04340240133942
3871.3271798700225,1.4125,144.90333092665486
3871.367190282299,1.5919,114.08374930603667
3871.407200694587,1.494,129.52515491456953
3871.447211106888,1.3131,167.67164786912778
3871.4872215192017,1.3144,167.3401427200132
3871.537234534609,1.352,158.16189910753255
3871.57724494695,1.3433,160.21723062105286
3871.6172553593024,1.2437,186.90629544167854
3871.657265771667,1.4794,132.09430094044956
3871.697276184043,1.5135,126.20904259475114
3871.737286596432,1.3739,153.15988001687978
3871.7772970088326,1.3678,154.52902445809033
3871.817307421246,1.3267,164.25166617428147
3871.8673204367788,1.5804,115.7500814013424
3871.9073308492184,1.455,136.56182534506686
3871.9473412616717,1.3135,167.5695414421818
3871.987351674136,1.4365,140.10190205812572
3872.027362086613,1.4323,140.92476083633014
3872.0673724991,1.383,151.15095951954726
3872.107382911602,1.301,170.8050221294624
3872.147393324115,1.3499,158.65437720507208
3872.1974063397734,1.4208,143.2152905859345
3872.2374167523126,1.4462,138.22881397811832
3872.277427164865,1.4396,139.49916800333597
3872.3174375774297,1.4352,140.3558246238862
3872.3574479900067,1.5135,126.20904259475114
3872.397458402594,1.519,125.29674162151576
3872.437468815195,1.4452,138.42017370920803
3872.477479227809,1.2683,179.72613170741838
3872.527492243592,1.5264,124.08480797792991
3872.567502656231,1.4131,144.78030569229117
3872.6075130688837,1.4301,141.3586783639085
3872.647523481548,1.3806,151.67692989188316
3872.687533894224,1.3077,169.0592683210666
3872.7275443069125,1.4144,144.5142879195745
3872.7675547196145,1.3547,157.53207515030408
3872.807565132326,1.3528,157.9748914002906
3872.8575781482346,1.4703,133.73447942500283
3872.897588560974,1.3585,156.65201005976522
3872.937598973726,1.5649,118.05439518810006
3872.9776093864907,1.5037,127.85947581940167
3873.017619799267,1.3087,168.80100508472057
3873.0576302120544,1.243,187.11686847696504
3873.0976406248556,1.4616,135.33129379007124
3873.137651037668,1.4743,133.00978041950745
3873.177661450493,1.3444,159.95515575856828
3873.227674466541,1.2087,197.8873961078171
3873.2676848793926,1.3589,156.55980086756156
3873.3076952922574,1.501,128.31987667994397
3873.347705705133,1.533,123.01866802526602
3873.387716118021,1.5141,126.10903549942567
3873.4277265309215,1.4551,136.54305590805535
3873.467736943834,1.4055,146.35028713637703
3873.5177499599918,1.4571,136.16847831268626
3873.557760372931,1.3745,153.0261938708377
3873.5977707858824,1.5634,118.28103767196826
3873.6377811988473,1.3404,160.9112506786696
3873.677791611822,1.4454,138.38186998667956
3873.71780202481,1.4173,143.92349926629532
3873.7578124378106,1.3809,151.61103358764726
3873.7978228508227,1.3247,164.74800657917552
3873.8378332638463,1.3227,165.24660017156168
3873.887846280145,1.308,168.98172715062174
3873.927856693196,1.3204,165.82278604080835
3873.9678671062593,1.453,136.9380282833871
3874.007877519335,1.332,162.94715977508585
3874.047887932423,1.3304,163.33933060132378
3874.087898345523,1.3592,156.49069739143474
3874.127908758635,1.3363,161.9001719163489
3874.167919171759,1.3354,162.11847227071218
3874.2179321881813,1.3071,169.21451086472752
3874.257942601333,1.263,181.23768571832403
3874.297953014496,1.2788,176.7868519177147
3874.3379634276716,1.3603,156.23770902020263
3874.377973840859,1.4629,135.09087764168365
3874.417984254059,1.2581,182.65218909899914
3874.45799466727,1.4096,145.5001692132244
3874.4980050804947,1.3022,170.4903678069044
3874.5480180970403,1.2336,189.97938227026697
3874.5880285102917,1.312,167.9529222442188
3874.628038923556,1.3698,154.07810870269734
3874.6680493368303,1.3473,159.26730542234318
3874.7080597501176,1.3799,151.83085510971674
3874.7480701634167,1.3107,168.28625086305954
3874.7880805767286,1.3924,149.11702950158434
3874.828090990052,1.3084,168.87842188143594
3874.8781040067233,1.3616,155.93951290885525
3874.918114420074,1.4286,141.65568128522912
3874.958124833437,1.5585,119.02596910713127
3874.9981352468117,1.2769,177.31335306504604
3875.0381456601986,1.2696,179.35826124720538
3875.0781560735973,1.4591,135.7954399698509
3875.118166487008,1.4107,145.2733489497755
3875.158176900432,1.2842,175.3032183197523
3875.2081899172285,1.3937,148.83897598968318
3875.2482003306786,1.4088,145.66546322535146
3875.288210744141,1.3355,162.09419487927698
3875.3282211576147,1.5171,125.61077856866874
3875.368231571101,1.2632,181.18030028616408
3875.4082419846004,1.5592,118.91912018179738
3875.4482523981114,1.481,131.8090388575723
3875.4882628116343,1.4573,136.13110535145694
3875.5382758285555,1.469,133.97128219111812
3875.5782862421047,1.4164,144.1064591798306
3875.618296655667,1.3914,149.33144736489132
3875.6583070692413,1.4345,140.49283818994442
3875.6983174828274,1.4061,146.22541497220107
3875.7383278964253,1.2519,184.46582734651705
3875.778338310036,1.3416,160.62352408303545
3875.8183487236583,1.3105,168.3376202530045
3875.8683617407037,1.5071,127.28322797139674
3875.908372154353,1.2931,172.89841085415878
3875.9483825680145,1.4278,141.81446572791057
3875.988392981688,1.4906,130.1167119810271
3876.0284033953735,1.3366,161.82750310822655
3876.068413809072,1.211,197.1364325717475
3876.108424222782,1.2434,186.99649748103576
3876.148434636503,1.3044,169.9157553900059
3876.1984476536727,1.3297,163.5113506675053
3876.2384580674225,1.3479,159.1255455830912
3876.2784684811836,1.387,150.28040207436698
3876.318478894957,1.4283,141.71519418535928
3876.3584893087423,1.4816,131.70230376518478
3876.3984997225393,1.4586,135.88855571220694
3876.4385101363496,1.3196,166.0239050767151
3876.4785205501707,1.2763,177.48010529480297
3876.5285335674653,1.3985,147.81902528552
3876.5685439813133,1.4605,135.5352244727557
3876.6085543951745,1.47,133.78907045961756
3876.6485648090475,1.4774,132.45218268239384
3876.6885752229323,1.4375,139.90704560794495
3876.7285856368294,1.4281,141.75489029019127
3876.7685960507374,1.3761,152.67055199470585
3876.8086064646586,1.368,154.48384386875298
3876.8586194820778,1.3919,149.22418066569887
3876.8986298960253,1.4421,139.01592081261828
3876.938640309986,1.3266,164.27642989100866
3876.9786507239583,1.4365,140.10190205812572
3877.0186611379418,1.4318,141.0232028454098
3877.058671551938,1.4526,137.01345540065708
3877.0986819659474,1.3391,161.22382779444834
3877.1386923799673,1.1592,215.14853960317876
3877.1887053975106,1.2,200.7671623991653
3877.2287158115582,1.2923,173.11254292067403
3877.268726225618,1.2078,198.18241989422953
3877.3087366396894,1.228,191.71604263798298
3877.348747053773,1.2889,174.02705684974953
3877.3887574678693,1.4483,137.8282479912999
3877.4287678819774,1.3202,165.87303152508247
3877.4687782960964,1.1941,202.75602699934234
3877.5187913137643,1.2905,173.59579692823533
3877.558801727911,1.4655,134.611963316586
3877.5988121420705,1.3963,148.28519704686576
3877.6388225562414,1.3842,150.88899968944358
3877.678832970425,1.3294,163.58515675014246
3877.7188433846204,1.2821,175.87795970250576
3877.7588537988277,1.3122,167.90172883012593
3877.7988642130467,1.381,151.58907769559275
3877.848877230838,1.4011,147.27092365855765
3877.888887645085,1.2666,180.2089032577512
3877.928898059343,1.2596,182.21742420173766
3877.9689084736137,1.187,205.1888356505271
3878.0089188878956,1.4269,141.9934175551532
3878.048929302191,1.3985,147.81902528552
3878.088939716498,1.3645,155.27737484275593
3878.1289501308174,1.4143,144.5347247851294
3878.178963148732,1.5406,121.80792523393579
3878.2189735630773,1.4292,141.53676789513534
3878.258983977436,1.3686,154.3484209245554
3878.2989943918055,1.4717,133.48016252513966
3878.3390048061874,1.467,134.33682415170196
3878.3790152205825,1.3745,153.0261938708377
3878.4190256349884,1.4268,142.0133219978178
3878.459036049406,1.4701,133.77086973461655
3878.509049067446,1.4172,143.94381093373048
3878.5490594818907,1.4147,144.45300332368637
3878.5890698963485,1.5821,115.50146336884055
3878.6290803108172,1.3418,160.57564468710652
3878.6690907252987,1.3892,149.80479761565954
3878.709101139793,1.3977,147.988287614171
3878.749111554298,1.4065,146.14225563015717
3878.7891219688154,1.4732,133.20848430531422
3878.839134986978,1.561,118.64502554305568
3878.8791454015236,1.4778,132.38049007582242
3878.9191558160805,1.4089,145.6447860743303
3878.9591662306484,1.3209,165.6972721668448
3878.99917664523,1.2557,183.35105638328224
3879.039187059823,1.3311,163.1675818497499
3879.0791974744275,1.3547,157.53207515030408
3879.119207889043,1.3842,150.88899968944358
3879.169220907332,1.4927,129.75086123353645
3879.2092313219755,1.1832,206.50893199322672
3879.249241736631,1.2068,198.51099855888162
3879.2892521512986,1.3224,165.32158439076608
3879.3292625659788,1.4418,139.07377777771228
3879.369272980671,1.2011,200.3995950566814
3879.4092833953755,1.234,189.8562390368521
3879.4492938100907,1.4611,135.4239324574152
3879.4993068285025,1.4901,130.20404736444362
3879.5393172432455,1.2949,172.41806396571343
3879.5793276580007,1.1798,207.7008992540584
3879.6193380727686,1.1778,208.40688352677395
3879.6593484875466,1.1954,202.31527195266455
3879.6993589023386,1.2543,183.76058285779732
3879.7393693171416,1.3237,164.9970208756778
3879.7793797319573,1.3311,163.1675818497499
3879.8293927504933,1.3707,153.8758402685329
3879.869403165335,1.4918,129.9074652315014
3879.9094135801897,1.4541,136.73092457320308
3879.9494239950554,1.4778,132.38049007582242
3879.989434409933,1.3537,157.76490390768598
3880.0294448248246,1.1374,223.47486584331048
3880.069455239727,1.2936,172.76478000764197
3880.109465654641,1.1731,210.08018283949065
3880.1594786733017,1.186,205.5349995072958
3880.1994890882424,1.314,167.44203951494225
3880.239499503196,1.4094,145.5414663295908
3880.2795099181612,1.378,152.2498352166275
3880.319520333139,1.3855,150.60597762846595
3880.3595307481287,1.3856,150.58423969049565
3880.399541163131,1.3536,157.78821516876036
3880.4395515781443,1.3303,163.36388827207472
3880.4895645969273,1.2622,181.4675002992497
3880.5295750119676,1.3702,153.98816241373808
3880.5695854270207,1.5862,114.90514048431224
3880.6095958420856,1.3989,147.73450299741413
3880.649606257162,1.2342,189.79471231434584
3880.6896166722513,1.2284,191.59120729270427
3880.729627087351,1.1532,217.39316032847398
3880.769637502465,1.6776,102.72556629059358
3880.819650521372,1.462,135.2572512794958
3880.859660936512,1.3264,164.32597412838984
3880.899671351664,1.3692,154.21317597313322
3880.939681766828,1.3269,164.20215553631166
3880.979692182003,1.2269,192.0599696287419
3881.019702597191,1.4065,146.14225563015717
3881.0597130123906,1.3557,157.29976142435592
3881.099723427603,1.2936,172.76478000764197
3881.149736446634,1.2889,174.02705684974953
3881.189746861873,1.2617,181.61135645630577
3881.2297572771245,1.2776,177.11910565206932
3881.2697676923876,1.2819,175.93284434017798
3881.3097781076617,1.2956,172.2318028555818
3881.349788522949,1.2833,175.54919057543566
3881.389798938247,1.1577,215.70642437783368
3881.4298093535585,1.1684,211.7737157383079
3881.4798223727134,1.2249,192.68766693962374
3881.5198327880516,1.1521,217.8084826578594
3881.5598432034017,1.2901,173.7034614964502
3881.599853618763,1.2772,177.23006506482403
3881.639864034137,1.3981,147.90362013008237
3881.6798744495236,1.3243,164.84754460705804
3881.719884864922,1.3813,151.52323862815945
3881.7598952803314,1.4052,146.4127832103852
3881.80990829961,1.2522,184.37744997082947
3881.8499187150474,1.2239,193.0026701720565
3881.8899291304956,1.2242,192.90808814421916
3881.929939545957,1.3547,157.53207515030408
3881.9699499614308,1.3686,154.3484209245554
3882.0099603769145,1.3557,157.29976142435592
3882.049970792412,1.3616,155.93951290885525
3882.08998120792,1.4657,134.57522928169587
3882.1399942273233,1.4867,130.80026673696284
3882.1800046428602,1.2976,171.70128824619496
3882.2200150584076,1.2176,195.00507073681308
3882.2600254739673,1.2302,191.03095433450113
3882.3000358895392,1.3304,163.33933060132378
3882.340046305123,1.3046,169.86366199714678
3882.3800567207195,1.1435,221.09697426486528
3882.420067136328,1.2683,179.72613170741838
3882.460077551948,1.2463,186.12727099489896
3882.5100905714885,1.4185,143.68009422575244
3882.5501009871355,0.9726,305.6233087623109
3882.5901114027947,1.2603,182.0150649649562
3882.6301218184663,1.3736,153.22678879405078
3882.6701322341482,1.3544,157.601869630006
3882.7101426498434,1.1087,235.19442236849514
3882.7501530655504,1.2654,180.55085528860909
3882.8001660852,1.1872,205.1197078272726
3882.8401765009344,1.2435,186.96642288060866
3882.8801869166805,1.1817,207.03353169839997
3882.920197332438,1.3297,163.5113506675053
3882.9602077482073,1.4148,144.43258378789875
3883.000218163989,1.3355,162.09419487927698
3883.0402285797827,1.2562,183.20512864784214
3883.0802389955884,1.2761,177.53574164750327
3883.120249411407,1.3065,169.36996733913787
3883.170262431196,1.3824,151.2821953285665
3883.210272847041,1.3169,166.7053899794305
3883.250283262897,1.2422,187.35795940741187
3883.290293678766,1.3781,152.22774041932058
3883.330304094647,1.3954,148.47653948608104
3883.3703145105383,1.3514,158.3023728911919
3883.410324926443,1.2787,176.81450400599329
3883.4503353423606,1.295,172.3914367419657
3883.5003483622727,1.2805,176.31775716407887
3883.540358778216,1.2617,181.61135645630577
3883.580369194172,1.1397,222.57379871339435
3883.6203796101395,1.2016,200.2328526016001
3883.660390026119,1.1016,238.23592600912025
3883.7004004421096,1.2285,191.56001750783165
3883.7404108581136,1.3294,163.58515675014246
3883.7804212741285,1.2548,183.6141660384302
3883.830434294165,1.2823,175.82310074383903
3883.8704447102073,1.2667,180.1804511147528
3883.910455126262,1.2465,186.06754786944117
3883.9504655423284,1.2965,171.9927674503952
3883.990475958407,1.1043,237.07238337421228
3884.0304863744973,1.2364,189.11988775001817
3884.0704967905986,1.1288,226.89301479557972
3884.110507206715,1.3238,164.97209404922376
3884.1605202268734,1.4308,141.22039656284946
3884.200530643014,1.3348,162.26425122246852
3884.2405410591678,1.2903,173.64961669612748
3884.280551475333,1.3554,157.36940155426444
3884.32056189151,1.2843,175.27591998494287
3884.360572307699,1.2476,185.73958392456765
3884.4005827239,1.2117,196.90872682126894
3884.4405931401134,1.1912,203.74445501000733
3884.4906061603965,1.2613,181.7265645811998
3884.530616576636,1.2925,173.05897262577736
3884.570626992888,1.2641,180.92240281964277
3884.610637409152,1.2237,193.06576350685538
3884.6506478254278,1.1845,206.0558900926604
3884.690658241716,1.1893,204.39596995385062
3884.730668658016,1.2301,191.06201499036317
3884.770679074327,1.2586,182.50709473763914
3884.8206920947346,1.2169,195.22948144910347
3884.8607025110728,1.078,248.78120628427803
3884.9007129274232,1.053,260.73439752859747
3884.940723343786,1.2209,193.9523284658035
3884.9807337601605,1.2183,194.78104673281237
3885.0207441765474,1.2186,194.68515460532373
3885.0607545929456,1.2422,187.35795940741187
3885.1007650093557,1.2881,174.24328970513196
3885.1507780298866,1.296,172.1255034166807
3885.190788446324,1.1442,220.82653132697268
3885.2307988627726,1.3745,153.0261938708377
3885.270809279234,1.3268,164.2269080566117
3885.310819695708,1.2066,198.57681234509337
3885.350830112193,1.2133,196.38973568965253
3885.3908405286898,1.3218,165.47170602597453
3885.430850945199,1.3142,167.39107948720263
3885.4808639658527,1.102,238.06300951337238
3885.520874382389,1.1838,206.2996502660118
3885.5608847989365,1.1955,202.28142726153905
3885.6008952154966,1.2014,200.29952460177802
3885.6409056320686,1.2304,190.96885574114035
3885.6809160486523,1.3079,169.0075682788395
3885.7209264652483,1.1311,225.97121672325935
3885.7609368818557,1.2505,184.87909646273977
3885.8109499026323,1.3082,168.93006267091462
3885.850960319268,1.4179,143.8017194964404
3885.8909707359144,1.1757,209.1520480161981
3885.930981152573,1.3876,150.1504673931038
3885.9709915692442,1.369,154.25823786589254
3886.0110019859258,1.3822,151.32597858161003
3886.05101240262,1.3512,158.3492390757404
3886.0910228193266,1.4375,139.90704560794495
3886.1410358402277,1.2437,186.90629544167854
3886.1810462569606,1.3391,161.22382779444834
3886.2210566737053,1.2415,187.56929640212357
3886.261067090463,1.217,195.1973990661763
3886.3010775072316,1.1334,225.05502474353364
3886.3410879240123,1.3189,166.20018453100917
3886.381098340807,1.3465,159.4566134060588
3886.421108757611,1.2248,192.7191325463664
3886.471121778635,1.0474,263.5299188645805
3886.511132195466,1.2273,191.9347982670707
3886.5511426123103,1.272,178.6820766638031
3886.5911530291655,1.148,219.36703434336522
3886.631163446034,1.1667,212.39131631619372
3886.6711738629133,1.2597,182.18849508417165
3886.7111842798054,1.3446,159.9075748748257
3886.7511946967084,1.15,218.60468272604894
3886.8012077178555,1.1387,222.96489616595292
3886.8412181347853,1.2666,180.2089032577512
3886.8812285517283,1.3083,168.9042393158021
3886.921238968682,1.3184,166.32627037288532
3886.961249385649,1.3045,169.88970569855795
3887.001259802627,1.2467,186.00785348463648
3887.041270219617,1.2643,180.8651670529239
3887.08128063662,1.2108,197.2015639068094
3887.131293657889,1.3397,161.0794483621555
3887.1713040749187,1.245,186.51617313961444
3887.2113144919585,1.1839,206.26480090993238
3887.251324909011,1.3074,169.1368628760966
3887.2913353260765,1.2958,172.1786408310661
3887.331345743153,1.2524,184.3185670002625
3887.3713561602417,1.247,185.91836575582417
3887.4113665773425,1.2919,173.21975815935343
3887.461379598736,1.2163,195.42214195142756
3887.5013900158624,1.2561,183.234300254466
3887.5414004330023,1.2821,175.87795970250576
3887.581410850154,1.3459,159.59881598065584
3887.6214212673167,1.3224,165.32158439076608
3887.661431684492,1.2437,186.90629544167854
3887.7014421016793,1.2615,181.66894681981907
3887.741452518878,1.2625,181.3812686337756
3887.791465540394,1.3144,167.3401427200132
3887.8314759576197,1.3156,167.03500979655118
3887.8714863748573,1.2685,179.66946262688307
3887.9114967921073,1.3471,159.31460080060785
3887.951507209369,1.4009,147.31297700458128
3887.9915176266427,1.2691,179.4996161062765
3888.0315280439286,1.2615,181.66894681981907
3888.071538461226,1.3079,169.0075682788395
3888.1215514828646,1.2623,181.43874957936046
3888.161561900189,1.1953,202.3491251385809
3888.201572317525,1.115,232.54413088744525
3888.241582734874,1.2398,188.08403452171555
3888.2815931522327,1.2333,190.07181833663353
3888.321603569606,1.2201,194.2067545031616
3888.36161398699,1.1754,209.25882625060592
3888.4016244043855,1.1776,208.4776798596939
3888.451637426147,1.2684,179.69779381633265
3888.4916478435703,1.3272,164.12793154276113
3888.5316582610044,1.3391,161.22382779444834
3888.571668678451,1.3302,163.38845148152106
3888.6116790959104,1.3347,162.28856683021837
3888.651689513381,1.1917,203.5735214346814
3888.6916999308633,1.2106,197.26672752503407
3888.7317103483574,1.2169,195.22948144910347
3888.7817233702417,1.1992,201.03511965320422
3888.821733787763,1.1383,223.1216238302167
3888.861744205296,1.2808,176.2351695765385
3888.9017546228406,1.127,227.61836210666218
3888.9417650403984,1.1544,216.94143479417184
3888.9817754579667,1.3055,169.62953793332915
3889.0217858755473,1.4689,133.9895238346934
3889.06179629314,1.2099,197.49505472696606
3889.111809315148,1.2313,190.68978643701837
3889.1518197327673,1.1063,236.2159868219755
3889.191830150399,1.1956,202.2475910623626
3889.231840568041,1.3283,163.8562070322724
3889.2718509856963,1.2707,179.04786770508014
3889.311861403364,1.3095,168.59482035554225
3889.351871821043,1.0885,244.00472260749436
3889.3918822387336,1.1895,204.32724238267025
3889.4418952608644,1.1753,209.29443716706064
3889.481905678582,1.2679,179.83955033041255
3889.521916096312,1.2792,176.67630840705857
3889.5619265140535,1.2647,180.75077697020293
3889.601936931807,1.2588,182.44910539818008
3889.641947349573,1.1383,223.1216238302167
3889.68195776735,1.1911,203.77866755920144
3889.721968185139,1.2418,187.47867964172062
3889.771981207392,1.1767,208.79671021024495
3889.8119916252085,1.167,212.28213182534006
3889.852002043036,1.1232,229.1611187812039
3889.892012460876,1.111,234.2216289405226
3889.932022878728,1.2379,188.66184149244563
3889.972033296592,1.169,211.556382098681
3890.0120437144665,1.2618,181.58257154332142
3890.0520541323544,1.2963,172.04584340587644
3890.102067154731,1.2531,184.11269858285357
3890.142077572644,1.2314,190.6588165021817
3890.182087990571,1.258,182.68122873389913
3890.222098408509,1.2233,193.19204302643473
3890.262108826459,1.2645,180.80795844216942
3890.3021192444207,1.2598,182.15957285530533
3890.3421296623947,1.2713,178.8789016305948
3890.38214008038,1.2812,176.12514302573544
3890.432153102879,1.2699,179.27352846462668
3890.4721635208916,1.2144,196.03411860723935
3890.5121739389156,1.2428,187.1770975641761
3890.552184356952,1.2053,199.00540084246143
3890.5921947750003,1.1491,218.947248369192
3890.6322051930606,1.1597,214.9630588978689
3890.6722156111327,1.2652,180.6079419098862
3890.712226029217,1.3143,167.36560819692403
3890.7622390518377,1.2754,177.7306750420017
3890.8022494699476,1.0599,257.35066387613824
3890.842259888071,1.0974,240.06298035338298
3890.882270306206,1.1945,202.6202567798044
3890.922280724352,1.1932,203.06200938517946
3890.962291142511,1.0599,257.35066387613824
3891.0023015606803,1.2256,192.46762330679044
3891.0423119788625,1.2485,185.47189431334132
3891.0923250016062,1.2869,174.5683954186384
3891.132335419816,1.1909,203.8471185148598
3891.1723458380357,1.1147,232.66931715169508
3891.212356256269,1.1944,202.65418654692056
3891.2523666745133,1.2842,175.3032183197523
3891.2923770927696,1.1883,204.7401285019008
3891.3323875110377,1.2564,183.14680632975814
3891.3723979293186,1.2261,192.31067997221086
3891.4224109521856,1.2488,185.38279303155971
3891.4624213704915,1.1793,207.8770586313203
3891.50243178881,1.2123,196.71386432510116
3891.5424422071414,1.2386,188.44865585637206
3891.582452625484,1.2329,190.19517140495088
3891.6224630438383,1.1889,204.53352916456527
3891.6624734622046,1.2458,186.27670467003514
3891.7024838805823,1.2088,197.854656358126
3891.752496903573,1.1966,201.90969550342447
3891.7925073219776,1.2199,194.27043923639204
3891.8325177403945,1.2339,189.8870136180171
3891.8725281588227,1.0934,241.82264285798882
3891.912538577263,1.1219,229.6925062304283
3891.9525489957155,1.2445,186.66607550305474
3891.9925594141805,1.19,204.15557503404833
3892.032569832656,1.1441,220.8651356428477
3892.0825828557695,1.2357,189.33421373640505
3892.1225932742714,1.1997,200.86758355304403
3892.162603692786,1.2456,186.33652853319361
3892.202614111314,1.2401,187.9930445373802
3892.2426245298525,1.1436,221.0583091521968
3892.282634948402,1.2695,179.3865188579314
3892.322645366965,1.1955,202.28142726153905
3892.3626557855396,1.294,172.65798684282103
3892.402666204126,1.3188,166.22539022704916
3892.452679227375,1.2669,180.1235670396835
3892.4926896459874,1.0308,272.0860239992114
3892.532700064613,1.1139,233.00364182624665
3892.5727104832495,1.4052,146.4127832103852
3892.612720901899,1.3278,163.9796344570746
3892.6527313205597,1.2719,178.7101746212506
3892.6927417392317,1.3072,169.18862226175577
3892.7427547625884,1.2249,192.68766693962374
3892.7827651812872,1.2143,196.06640750274363
3892.822775599998,1.1668,212.35491212818238
3892.8627860187207,1.196,202.11233112835035
3892.9027964374563,1.2883,174.18919372456216
3892.9428068562024,1.2371,188.90592548269836
3892.982817274961,1.2219,193.63499839819107
3893.0228276937305,1.3036,170.12436878350945
3893.0628381125134,1.3628,155.66501204048512
3893.1128511360075,1.1375,223.43557532087917
3893.1528615548173,1.1646,213.15797184174204
3893.1928719736375,1.4452,138.42017370920803
3893.23288239247,1.291,173.4613569236054
3893.272892811314,1.3442,160.00275788218053
3893.3129032301704,1.2646,180.77936431491068
3893.352913649038,1.2679,179.83955033041255
3893.392924067919,1.3969,148.15784083380186
3893.442937091536,1.3253,164.59886849179864
3893.4829475104425,1.2287,191.4976607824582
3893.522957929361,1.3301,163.4130202313285
3893.5629683482916,1.1698,211.26712395261814
3893.6029787672333,1.1691,211.52019235386416
3893.6429891861885,1.3678,154.52902445809033
3893.6829996051542,1.3144,167.3401427200132
3893.7230100241322,1.2745,177.98177580264112
3893.7730230478714,1.3932,148.94582753808444
3893.813033466876,1.2552,183.49715854114328
3893.853043885893,1.0957,240.80848238242808
3893.8930543049214,1.322,165.4216427690587
3893.9330647239613,1.3374,161.63395864099152
3893.973075143014,1.173,210.1160036337877
3894.013085562077,1.3381,161.46489191638545
3894.0530959811526,1.2735,178.26140126776937
3894.1031090050146,1.2904,173.6227036840975
3894.1431194241172,1.3258,164.47474139364084
3894.1831298432317,1.3622,155.80217179393895
3894.2231402623574,1.2809,176.20765327508622
3894.2631506814955,1.2568,183.0302452121827
3894.3031611006463,1.1158,232.21079436328515
3894.343171519808,1.2141,196.13100923080566
3894.383181938981,1.2185,194.71711077824781
3894.4331949629645,1.1799,207.6656942499725
3894.473205382165,1.1128,233.46451611343284
3894.5132158013785,1.2607,181.8995824264323
3894.5532262206016,1.3032,170.2288195796496
3894.593236639838,1.2709,178.99151908958837
3894.633247059085,1.3309,163.21662526974387
3894.6732574783455,1.353,157.92819129718305
3894.713267897617,1.398,147.9247801879014
3894.763280921722,1.2989,171.35776710878267
3894.8032913410216,1.3234,165.07183526180233
3894.8433017603306,1.3746,153.00392986438536
3894.8833121796524,1.3407,160.8392465938021
3894.923322598987,1.3807,151.65495968441013
3894.963333018333,1.3389,161.27199741096194
3895.0033434376896,1.2547,183.64343539951096
3895.0433538570587,1.2194,194.42978818584183
3895.093366881287,1.1797,207.7361132112171
3895.133377300683,1.1416,221.83354304917486
3895.1733877200913,1.1984,201.3036137159055
3895.21339813951,1.2713,178.8789016305948
3895.253408558942,1.1929,203.16415744768761
3895.2934189783855,1.1455,220.32559489138725
3895.3334293978414,1.3616,155.93951290885525
3895.373439817308,1.1224,229.48790792264154
3895.423452841658,1.3828,151.19468580852197
3895.4634632611514,1.2699,179.27352846462668
3895.503473680658,1.1601,214.81484697526685
3895.5434841001743,1.1635,213.56121104379162
3895.583494519704,1.1628,213.81841385782283
3895.623504939245,1.3811,151.56712657258058
3895.663515358797,1.2447,186.60609287955162
3895.7035257783623,1.1838,206.2996502660118
3895.753538802835,1.298,171.59547949444098
3895.793549222426,1.3568,157.04480937564577
3895.8335596420293,1.1351,224.38141588624154
3895.873570061644,1.1464,219.97979058926103
3895.9135804812713,1.2003,200.66681653285485
3895.9535909009105,1.4777,132.39840776950305
3895.9936013205615,1.3417,160.59958170865153
3896.033611740223,1.2828,175.6860655877416
3896.083624764818,1.2354,189.42617927747085
3896.123635184507,1.2852,175.03052164799635
3896.1636456042074,1.2282,191.65360971922217
3896.2036560239208,1.2034,199.6342996931637
3896.2436664436455,1.2642,180.89378154071372
3896.283676863381,1.2495,185.17513956736246
3896.3236872831294,1.2971,171.8336868655182
3896.36369770289,1.1053,236.64360399191656
3896.4137107276065,1.2879,174.29741088958656
3896.453721147393,1.3275,164.053757864838
3896.4937315671914,1.2798,176.5106874455573
3896.5337419870025,1.3614,155.98533363830967
3896.573752406824,1.3727,153.42777840177496
3896.6137628266583,1.2896,173.83818311606228
3896.6537732465044,1.1855,205.708410025715
3896.6937836663615,1.1182,231.21507385803764
3896.7437966912003,1.354,157.6950011116293
3896.783807111085,1.2772,177.23006506482403
3896.8238175309807,1.1529,217.50631216611202
3896.8638279508896,1.158,215.59467396492977
3896.903838370809,1.1424,221.52296086963122
3896.943848790741,1.3905,149.52481910240667
3896.983859210684,1.2166,195.32577606934618
3897.0238696306396,1.3211,165.6471065156782
3897.0738826556,1.2912,173.40762464712355
3897.113893075582,1.1171,231.67064914226836
3897.1539034955754,1.1569,216.00485061157343
3897.193913915581,1.1922,203.40280287896462
3897.233924335599,1.287,174.5412685378613
3897.2739347556276,1.2249,192.68766693962374
3897.313945175669,1.2204,194.11128610328188
3897.3539555957213,1.3599,156.3296337628576
3897.4039686208043,1.3072,169.18862226175577
3897.443979040883,1.3259,164.44993282361682
3897.483989460975,1.2135,196.32500610081536
3897.5239998810775,1.3535,157.8115315969064
3897.564010301193,1.2878,174.3244809381638
3897.604020721319,1.2205,194.07947894638679
3897.644031141458,1.3156,167.03500979655118
3897.684041561608,1.3584,156.67507508638167
3897.7340545868133,1.2609,181.8418823671041
3897.77406500699,1.3465,159.4566134060588
3897.814075427179,1.2255,192.49903502753432
3897.85408584738,1.2032,199.70067293973707
3897.8940962675915,1.3316,163.0450699650883
3897.9341066878155,1.431,141.1809247447533
3897.9741171080523,1.4429,138.86181196338535
3898.0141275283,1.41,145.4176276939455
3898.064140553626,1.3449,159.83624334633248
3898.1041509739,1.3421,160.5038657235529
3898.144161394186,1.2677,179.89629990672603
3898.1841718144847,1.2623,181.43874957936046
3898.224182234794,1.2854,174.97605867345527
3898.264192655116,1.3949,148.58300091242845
3898.30420307545,1.1851,205.84729650090037
3898.3442134957954,1.1975,201.60631297727423
3898.3942265212436,1.4474,137.99970564425692
3898.4342369416154,1.1632,213.6713839635479
3898.4742473619986,1.3537,157.76490390768598
3898.5142577823945,1.233,190.1643218827345
3898.5542682028017,1.2597,182.18849508417165
3898.594278623221,1.3883,149.9990898036376
3898.6342890436526,1.3845,150.82361613882253
3898.6742994640945,1.298,171.59547949444098
3898.7243124896645,1.2608,181.87072896442285
3898.7643229101345,1.3353,162.14275511671542
3898.8043333306146,1.2437,186.90629544167854
3898.844343751108,1.279,176.73156719795074
3898.8843541716137,1.2708,179.0196900717576
3898.9243645921297,1.1585,215.40861616310247
3898.9643750126575,1.2796,176.5658685470547
3899.0043854331975,1.3025,170.4118400820361
3899.05439845889,1.3601,156.2836612535247
3899.0944088794563,1.2747,177.9259296667478
3899.1344193000346,1.2877,174.35155729358547
3899.174429720626,1.2779,177.03595446175925
3899.214440141227,1.19,204.15557503404833
3899.2544505618416,1.2615,181.66894681981907
3899.2944609824676,1.2787,176.81450400599329
3899.334471403104,1.2466,186.03769708560995
3899.3844844289183,1.275,177.84220973371836
3899.4244948495825,1.2751,177.81431622001523
3899.4645052702576,1.3391,161.22382779444834
3899.5045156909455,1.2518,184.49530059272212
3899.5445261116456,1.1607,214.59281633175334
3899.5845365323567,1.2869,174.5683954186384
3899.6245469530804,1.4456,138.34358216109888
3899.664557373814,1.3203,165.8479059287392
3899.71457039975,1.3692,154.21317597313322
3899.754580820511,1.194,202.78999087669473
3899.7945912412847,1.3313,163.11856053132544
3899.8346016620694,1.332,162.94715977508585
3899.874612082866,1.0847,245.71734588914214
3899.9146225036748,1.5606,118.70585350899233
3899.9546329244945,1.4668,134.37346060958322
3899.9946433453274,1.3549,157.4855712512539
3900.044656371385,1.3735,153.2491014631727
3900.084666792243,1.3662,154.89118378616374
3900.124677213113,1.4333,140.7281857974136
3900.164687633996,1.3737,153.20448099757365
3900.2046980548894,1.3087,168.80100508472057
3900.2447084757955,1.3383,161.41663585829377
3900.284718896713,1.3509,158.41957738552068
3900.3247293176423,1.3775,152.3603813917269
3900.3747423438213,1.1191,230.84332923394226
3900.4147527647765,1.2363,189.15048346034573
3900.4547631857445,1.2736,178.23340907823032
3900.4947736067243,1.3428,160.33656852707472
3900.5347840277154,1.3448,159.86001521831847
3900.574794448719,1.1343,224.69803102351824
3900.6148048697346,1.234,189.8562390368521
3900.654815290761,1.339,161.24790990463305
3900.7048283170607,1.2368,188.99757911304562
3900.7448387381137,1.2845,175.22134244096694
3900.7848491591785,1.2439,186.8461970030973
3900.8248595802547,1.2989,171.35776710878267
3900.864870001345,1.3995,147.60785542718767
3900.9048804224444,1.4192,143.53839299791215
3900.9448908435565,1.2261,192.31067997221086
3900.984901264681,1.2997,171.14688164572635
3901.0349142911014,1.2885,174.13512293222988
3901.074924712252,1.1966,201.90969550342447
3901.114935133415,1.3532,157.88151189904923
3901.154945554589,1.4236,142.65248055868045
3901.194955975775,1.4108,145.25275523027327
3901.234966396972,1.4169,144.00477174165815
3901.274976818182,1.1747,209.50829368474072
3901.314987239403,1.2923,173.11254292067403
3901.365000265946,1.3347,162.28856683021837
3901.4050106871928,1.4363,140.14092219566334
3901.445021108453,1.2436,186.936355534934
3901.485031529724,1.3745,153.0261938708377
3901.5250419510066,1.093,241.99967244325538
3901.565052372301,1.2599,182.1306575129518
3901.605062793608,1.2329,190.19517140495088
3901.645073214926,1.2134,196.3573668943149
3901.685083636256,1.1596,215.00013584549748
3901.7350966629356,1.2398,188.08403452171555
3901.775107084292,1.4245,142.47228177333176
3901.81511750566,1.2113,197.038796053449
3901.8551279270405,1.2702,179.18885571230965
3901.895138348432,1.2948,172.44469735911628
3901.9351487698355,1.1665,212.46415278144207
3901.975159191252,1.1485,219.17607300888167
3902.0251722180374,1.22,194.23859295473497
3902.0651826394783,1.1575,215.78097293024305
3902.105193060933,1.4111,145.19100033893687
3902.145203482398,1.1628,213.81841385782283
3902.185213903875,1.4187,143.63958675683696
3902.2252243253643,1.125,228.4283905043607
3902.2652347468643,1.2791,176.70393456240924
3902.305245168377,1.4859,130.9411487771723
3902.3452555899007,1.361,156.07703570511876
3902.395268616823,1.418,143.7814378959454
3902.4352790383746,1.1926,203.2663826062394
3902.475289459937,1.2414,187.59951658901636
3902.5152998815115,1.4024,146.9980153186218
3902.555310303097,1.3147,167.26378115180128
3902.595320724695,1.4359,140.21901139082408
3902.635331146305,1.4705,133.69810396250648
3902.6753415679254,1.4678,134.19042805015985
3902.725354594969,1.4753,132.82952608285683
3902.7653650166167,1.4743,133.00978041950745
3902.805375438276,1.2968,171.9131995568591
3902.845385859948,1.276,177.56356963484367
3902.885396281631,1.3613,156.00825157679827
3902.9254067033253,1.4134,144.7188518201373
3902.965417125032,1.4203,143.31614279909363
3903.0054275467505,1.4487,137.75214714224836
3903.0554405739144,1.4149,144.41216858149127
3903.0954509956605,1.3707,153.8758402685329
3903.1354614174165,1.4439,138.66953600219165
3903.1754718391844,1.5078,127.16507235597213
3903.2154822609655,1.3618,155.89371236621145
3903.255492682757,1.5109,126.64378431500417
3903.29550310456,1.333,162.7027698018512
3903.335513526375,1.446,138.26705416560478
3903.3855265536613,1.2793,176.64868872987262
3903.4255369755037,1.3453,159.74120886337707
3903.4655473973567,1.3791,152.00705672829753
3903.5055578192223,1.2846,175.19406322783036
3903.5455682410993,1.5545,119.63930602392745
3903.585578662988,1.1593,215.11142426206067
3903.625589084888,1.3127,167.77384765044724
3903.665599506801,1.2924,173.0857546644598
3903.715612534208,1.2224,193.47662532991643
3903.7556229561465,1.3861,150.4756205638878
3903.795633378097,1.5448,121.14648362833006
3903.835643800059,1.3624,155.75643174062387
3903.8756542220335,1.4784,132.2730602563054
3903.9156646440188,1.4355,140.29716587335784
3903.9556750660167,1.3122,167.90172883012593
3903.9956854880256,1.3269,164.20215553631166
3904.045698515554,1.2031,199.73387197661827
3904.085708937589,1.1748,209.47262817595615
3904.125719359637,1.2841,175.330523032424
3904.1657297816964,1.2973,171.78070904729714
3904.2057402037667,1.3042,169.96787275036095
3904.24575062585,1.2878,174.3244809381638
3904.285761047944,1.2264,192.21660609655694
3904.3257714700503,1.3503,158.56039467638118
3904.375784497699,1.4222,142.93347005415097
3904.4157949198316,1.3882,150.02070115421964
3904.455805341976,1.2906,173.56889642660204
3904.495815764132,1.2626,181.35253840375174
3904.5358261863003,0.9841,298.5221429060734
3904.5758366084806,1.2599,182.1306575129518
3904.615847030672,1.2777,177.09138208067228
3904.655857452875,1.235,189.5489042667183
3904.705870480644,1.29,173.73039328862455
3904.745880902874,1.3647,155.2318656809048
3904.7858913251152,1.3042,169.96787275036095
3904.825901747368,1.2434,186.99649748103576
3904.8659121696332,1.293,172.9251556280281
3904.905922591909,1.3534,157.83485319365127
3904.945933014198,1.2355,189.3955166534323
3904.9859434364976,1.3873,150.21541366022444
3905.035956464389,1.425,142.37231883530316
3905.0759668867154,1.4227,142.83302143319307
3905.1159773090535,1.2609,181.8418823671041
3905.155987731403,1.3376,161.58562677677446
3905.1959981537643,1.3126,167.79941219573456
3905.2360085761384,1.3773,152.40463357585645
3905.276018998523,1.4223,142.9133718547786
3905.316029420919,1.3315,163.06956130119232
3905.366042448932,1.38,151.8088514511693
3905.406052871355,1.3016,170.64758618335983
3905.4460632937903,1.2103,197.36453352998467
3905.4860737162367,1.2246,192.78208688654627
3905.526084138694,1.2898,173.78427566670888
3905.566094561165,1.2858,174.86720895751256
3905.606104983646,1.2251,192.62475884024877
3905.6461154061394,1.284,175.35783412494487
3905.6961284342738,1.6148,110.87097771240256
3905.736138856793,1.3589,156.55980086756156
3905.776149279325,1.3241,164.89734745272563
3905.8161597018684,1.3344,162.3615464561416
3905.8561701244225,1.2588,182.44910539818008
3905.8961805469894,1.3046,169.86366199714678
3905.936190969569,1.3874,150.1937602233153
3905.976201392159,1.391,149.41734402115068
3906.0262144204135,1.4096,145.5001692132244
3906.0662248430303,1.3637,155.4596117650301
3906.1062352656577,1.1913,203.71025107604478
3906.146245688298,1.3741,153.11529850974776
3906.18625611095,1.4054,146.3711147142492
3906.226266533613,1.3598,156.3526276247561
3906.266276956289,1.3641,155.36845322542732
3906.3062873789754,1.3456,159.6699886122853
3906.356300407351,1.3392,161.1997510787961
3906.3963108300636,1.4068,146.0799326691008
3906.436321252789,1.3708,153.85339058726717
3906.4763316755257,1.3657,155.00461969751893
3906.516342098275,1.3007,170.88382181660631
3906.5563525210346,1.415,144.39175770324005
3906.596362943807,1.306,169.49967810415575
3906.63637336659,1.3359,161.99713982655493
3906.686386395086,1.3448,159.86001521831847
3906.726396817897,1.4128,144.8417987167085
3906.7664072407188,1.4074,145.9554062879744
3906.806417663552,1.3466,159.4329314553253
3906.8464280863973,1.5562,119.37805991244754
3906.8864385092547,1.4543,136.69331983450263
3906.9264489321226,1.2334,190.0409988200051
3906.966459355003,1.188,204.84354557621631
3907.016472383619,1.4809,131.8268406537972
3907.0564828065267,1.5326,123.08289072725084
3907.0964932294446,1.4014,147.20787739539435
3907.136503652375,1.3147,167.26378115180128
3907.176514075317,1.2982,171.5426117916583
3907.2165244982702,1.288,174.27034714589524
3907.2565349212355,1.4601,135.6094953839639
3907.296545344213,1.3321,162.92269600790848
3907.3465583729508,1.286,174.8128221844986
3907.3865687959537,1.2629,181.266388658803
3907.426579218969,1.248,185.62053926483458
3907.4665896419947,1.3877,150.12882799710295
3907.5066000650336,1.3985,147.81902528552
3907.546610488084,1.4764,132.63166920281935
3907.5866209111455,1.52,125.13193182781797
3907.6266313342194,1.3459,159.59881598065584
3907.676644363078,1.3877,150.12882799710295
3907.716654786177,1.3515,158.27894760088844
3907.7566652092887,1.487,130.74749458454278
3907.7966756324117,1.2942,172.60462738908905
3907.836686055547,1.4136,144.67790430688072
3907.8766964786937,1.3571,156.97538457177805
3907.9167069018526,1.2384,188.5095291511938
3907.956717325022,1.3903,149.5678416058659
3908.0067303540013,1.5067,127.35081941712627
3908.0467407771985,1.3778,152.29403924476264
3908.0867512004065,1.3351,162.1913371789632
3908.1267616236264,1.241,187.72047039979924
3908.1667720468577,1.5593,118.90386779538028
3908.206782470101,1.5803,115.76473098312218
3908.2467928933565,1.3783,152.18356525124744
3908.2868033166224,1.4346,140.4732525432583
3908.336816345723,1.3808,151.6329942501257
3908.3768267690157,1.3696,154.1231114030623
3908.4168371923206,1.4159,144.2082543642986
3908.456847615637,1.3883,149.9990898036376
3908.496858038965,1.3043,169.9418110733276
3908.536868462305,1.4175,143.8828888269545
3908.576878885656,1.4288,141.61602684294337
3908.6168893090194,1.3823,151.30408457952464
3908.6669023382397,1.4054,146.3711147142492
3908.706912761629,1.5138,126.1590241827858
3908.74692318503,1.4116,145.08816300285474
3908.786933608444,1.3146,167.28922919921973
3908.8269440318677,1.3526,158.0216122206188
3908.866954455304,1.3696,154.1231114030623
3908.906964878752,1.3125,167.82498258456465
3908.946975302212,1.3731,153.3384008945006
3908.996988331553,1.4819,131.64898482983813
3909.0369987550393,1.3657,155.00461969751893
3909.077009178536,1.3913,149.35291458355596
3909.117019602046,1.3079,169.0075682788395
3909.1570300255667,1.3605,156.19177705096962
3909.1970404491,1.4181,143.7611605858822
3909.237050872644,1.4051,146.43362413118095
3909.2770612962,1.3711,153.78607101320853
3909.3270743256617,1.3197,165.99874519354952
3909.367084749244,1.362,155.8479319985218
3909.4070951728386,1.4087,145.6861447799795
3909.4471055964445,1.4168,144.0251006168892
3909.487116020062,1.3318,162.99610384251733
3909.52712644369,1.2964,172.0193023575607
3909.567136867332,1.5212,124.93458894943494
3909.6071472909844,1.3497,158.70139980696234
3909.6571603205666,1.1798,207.7008992540584
3909.6971707442453,1.3511,158.37267997306535
3909.737181167936,1.364,155.39123534194272
3909.777191591638,1.3274,164.07847683632812
3909.817202015352,1.2967,171.93971605193778
3909.857212439078,1.3125,167.82498258456465
3909.8972228628145,1.4296,141.45757546758773
3909.9372332865623,1.4003,147.4392451745981
3909.9872463162656,1.4707,133.6617433390518
3910.027256740041,1.4391,139.59611978207712
3910.0672671638285,1.3778,152.29403924476264
3910.1072775876264,1.3566,157.0911181682002
3910.1472880114366,1.476,132.70356597847817
3910.1872984352594,1.3707,153.8758402685329
3910.2273088590923,1.3489,158.8896994206538
3910.2673192829375,1.3973,148.07302782097483
3910.3173323127603,1.33,163.43759452316334
3910.3573427366327,1.289,174.00005604736268
3910.3973531605156,1.3936,148.86033709893545
3910.43736358441,1.3783,152.18356525124744
3910.477374008317,1.3125,167.82498258456465
3910.517384432235,1.3877,150.12882799710295
3910.5573948561646,1.5062,127.43538446333869
3910.597405280106,1.3738,153.18217807232273
3910.64741831005,1.2593,182.30425290851696
3910.6874287340183,1.2682,179.7544763022542
3910.7274391579977,1.4776,132.41632910116846
3910.7674495819892,1.4563,136.31812416694672
3910.8074600059913,1.396,148.34893674200583
3910.847470430006,1.4195,143.4777280634761
3910.887480854032,1.3899,149.65394233602817
3910.927491278071,1.3081,168.95589194858408
3910.9675017021204,1.3412,160.7193471408922
3911.0175147321984,1.5692,117.40828499838658
3911.057525156274,1.1849,205.91679249053396
3911.097535580362,1.5082,127.09762871459573
3911.137546004461,1.3321,162.92269600790848
3911.177556428572,1.5906,114.27030706703809
3911.2175668526943,1.3857,150.5625064585522
3911.257577276828,1.3496,158.724918947712
3911.3075903070126,1.4675,134.24529853172078
3911.3476007311733,1.5157,125.84293029990603
3911.3876111553454,1.3771,152.4489050419693
3911.427621579529,1.3149,167.2129024740864
3911.4676320037242,1.5108,126.66054998772935
3911.507642427931,1.607,111.9498723456637
3911.54765285215,1.3723,153.5172340760397
3911.587663276381,1.2432,187.05666845548473
3911.6276737006224,1.2939,172.68467584898713
3911.677686730942,1.3724,153.49486282433418
3911.71769715521,1.4178,143.82200538857765
3911.75770757949,1.5525,119.9477537951797
3911.7977180037815,1.4992,128.62819349316635
3911.837728428084,1.3512,158.3492390757404
3911.8777388523995,1.2557,183.35105638328224
3911.917749276726,1.3178,166.47776286822577
3911.9577597010643,1.3543,157.6251447642928
3912.007772731504,1.3224,165.32158439076608
3912.047783155868,1.2863,174.73128958676705
3912.087793580244,1.219,194.5574085491018
3912.1278040046313,1.2369,188.96702049288933
3912.1678144290313,1.3904,149.54632803344768
3912.2078248534426,1.5466,120.86465686804029
3912.2478352778653,1.3621,155.82504937658217
3912.2878457023003,1.3903,149.5678416058659
3912.3378587328602,1.278,177.0082504101696
3912.3778691573198,1.4523,137.0700666431266
3912.4178795817925,1.5218,124.83609252842675
3912.457890006277,1.4195,143.4777280634761
3912.497900430772,1.3546,157.55533482453347
3912.5379108552793,1.3576,156.85977882471994
3912.577921279798,1.3704,153.94321880214093
3912.6179317043293,1.3833,151.0854056440249
3912.667944735009,1.445,138.45849333748606
3912.7079551595652,1.5652,118.00914486631133
3912.7479655841335,1.5947,113.68348108759457
3912.7879760087135,1.4561,136.3555741751607
3912.827986433306,1.6297,108.85290724055608
3912.8679968579095,1.2644,180.83655935412497
3912.908007282524,1.4371,139.98493937677006
3912.948017707151,1.4456,138.34358216109888
3912.9980307379506,1.524,124.47593374486691
3913.0380411626033,1.49,130.22152499252908
3913.0780515872675,1.4195,143.4777280634761
3913.1180620119444,1.2302,191.03095433450113
3913.158072436632,1.4692,133.9348100777607
3913.198082861332,1.4853,131.04695973091737
3913.2380932860433,1.4366,140.08239810039507
3913.278103710765,1.5184,125.39578383548996
3913.328116741686,1.5036,127.87648348667442
3913.3681271664345,1.4119,145.02651303637396
3913.408137591195,1.3789,152.05115505892792
3913.448148015968,1.4307,141.24013867974455
3913.4881584407503,1.4361,140.17995863686807
3913.528168865547,1.4342,140.55161971305057
3913.568179290354,1.4439,138.66953600219165
3913.608189715172,1.5832,115.34101946778226
3913.6582027462123,1.3487,158.93682668766525
3913.698213171058,1.5601,118.7819542714759
3913.738223595914,1.4472,138.03785079238006
3913.7782340207823,1.5232,124.60672002636876
3913.8182444456625,1.4372,139.96545983712008
3913.858254870554,1.3901,149.6108826801765
3913.898265295458,1.4537,136.80618061883916
3913.938275720372,1.4529,136.95687922241956
3913.9882887515314,1.4103,145.35576763951653
3914.028299176473,1.5124,126.39269816463752
3914.068309601426,1.5103,126.74442831138678
3914.10832002639,1.319,166.1749845676579
3914.1483304513663,1.3967,148.20027466854043
3914.1883408763533,1.3594,156.44465382205317
3914.228351301353,1.3142,167.39107948720263
3914.2683617263633,1.2742,178.0655943185417
3914.318374757644,1.4568,136.2245666180672
3914.35838518268,1.3637,155.4596117650301
3914.398395607729,1.5269,124.00355549886825
3914.43840603279,1.6503,106.15233974641332
3914.4784164578614,1.5758,116.42685153384993
3914.5184268829453,1.3932,148.94582753808444
3914.55843730804,1.4646,134.777452744313
3914.598447733147,1.3748,152.95941642551088
3914.6484607645466,1.3615,155.96242074948978
3914.6884711896796,1.2605,181.95730995323737
3914.7284816148235,1.1961,202.078537346332
3914.7684920399806,1.2511,184.70181124161644
3914.8085024651477,1.3899,149.65394233602817
3914.8485128903276,1.4692,133.9348100777607
3914.8885233155193,1.4683,134.0990519766289
3914.9285337407214,1.4989,128.67968764751424
3914.9785467722418,1.4515,137.22120160201223
3915.0185571974707,1.4732,133.20848430531422
3915.058567622711,1.3069,169.26630590004626
3915.0985780479623,1.3364,161.87594354259042
3915.1385884732267,1.5725,116.91602356486916
3915.178598898502,1.2846,175.19406322783036
3915.21860932379,1.3678,154.52902445809033
3915.258619749088,1.3387,161.32018861850207
3915.3086327807273,1.4229,142.79287163126668
3915.3486432060517,1.3808,151.6329942501257
3915.3886536313885,1.3003,170.9889729196507
3915.4286640567366,1.2667,180.1804511147528
3915.468674482096,1.4034,146.7886016966362
3915.5086849074673,1.3692,154.21317597313322
3915.5486953328505,1.3436,160.1456918187193
3915.588705758245,1.326,164.42512986617555
3915.638718790005,1.2688,179.58450924722584
3915.6787292154254,1.2908,173.5151141782701
3915.718739640857,1.3997,147.56567575888516
3915.7587500663008,1.4408,139.26689541219167
3915.798760491757,1.482,131.63121904651757
3915.838770917224,1.4689,133.9895238346934
3915.8787813427025,1.2801,176.42796428344832
3915.918791768193,1.4305,141.2796353350152
3915.968804800072,1.4858,130.958775034685
3916.008815225588,1.4082,145.78961865100794
3916.048825651116,1.463,135.07241063301697
3916.0888360766558,1.2977,171.6748268852727
3916.1288465022076,1.4262,142.13283659164802
3916.16885692777,1.6022,112.62165362536052
3916.2088673533444,1.4536,136.82500433819365
3916.2488777789304,1.6188,110.32373812665645
3916.2988908109296,1.2829,175.65867778176604
3916.338901236542,1.3194,166.07424200638414
3916.378911662166,1.5492,120.45930674369204
3916.418922087801,1.4656,134.59359441933015
3916.4589325134484,1.2967,171.93971605193778
3916.4989429391076,1.2642,180.89378154071372
3916.538953364778,1.3853,150.6494676279227
3916.5789637904604,1.367,154.70994516425353
3916.6289768225784,1.4968,129.041014113058
3916.668987248287,1.4405,139.32490914380384
3916.7089976740067,1.2853,175.0032869826974
3916.749008099737,1.2754,177.7306750420017
3916.7890185254805,1.3905,149.52481910240667
3916.829028951235,1.4876,130.64204604521086
3916.8690393770007,1.5403,121.85537821383662
3916.9090498027795,1.5395,121.98205514535707
3916.959062835017,1.3908,149.46032014419904
3916.999073260821,1.3234,165.07183526180233
3917.0390836866363,1.4063,146.183826431171
3917.079094112463,1.5531,119.85509433430404
3917.1191045383025,1.5625,118.41733658291949
3917.159114964152,1.5214,124.90174386069438
3917.199125390014,1.4946,129.42118135402254
3917.239135815888,1.4172,143.94381093373048
3917.289148848245,1.4972,128.97207278775613
3917.329159274145,1.3714,153.71879561367615
3917.369169700056,1.4897,130.27397899659027
3917.409180125978,1.4163,144.12680959215166
3917.449190551913,1.379,152.0291034952281
3917.4892009778587,1.2946,172.49798266251278
3917.529211403816,1.3703,153.96568814806326
3917.569221829785,1.4986,128.73121273029304
3917.6192348622635,1.4722,133.38951084391158
3917.6592452882583,1.3763,152.62618395045456
3917.699255714265,1.1917,203.5735214346814
3917.7392661402832,1.3421,160.5038657235529
3917.779276566313,1.4594,135.73961645760556
3917.8192869923546,1.3122,167.90172883012593
3917.8592974184076,1.3811,151.56712657258058
3917.8993078444723,1.5521,120.00958647744666
3917.9493208770705,1.3879,150.08556323656813
3917.9893313031607,1.3023,170.46418586861657
3918.0293417292633,1.5137,126.17569368243203
3918.0693521553776,1.5184,125.39578383548996
3918.109362581502,1.3515,158.27894760088844
3918.1493730076395,1.4184,143.7003543861848
3918.189383433789,1.4877,130.62448369157806
3918.2293938599496,1.4482,137.84728305709442
3918.2794068926664,1.4295,141.47736734227172
3918.3194173188517,1.3182,166.37674488717997
3918.3594277450497,1.2717,178.76639042275318
3918.39943817126,1.3441,160.02656691288854
3918.4394485974813,1.324,164.9222573394537
3918.479459023714,1.3865,150.38880985707624
3918.5194694499587,1.4771,132.50599036375215
3918.5594798762145,1.476,132.70356597847817
3918.609492909051,1.5092,126.92925416259592
3918.649503335332,1.4247,142.43228396842528
3918.689513761626,1.3917,149.26707347186823
3918.729524187931,1.3657,155.00461969751893
3918.769534614248,1.3368,161.77908441388715
3918.8095450405767,1.3101,168.44042962032609
3918.849555466916,1.4261,142.15277035789015
3918.889565893268,1.5225,124.72132718348907
3918.939578926224,1.612,111.2564717030816
3918.9795893526007,1.3517,158.23211261652773
3919.0195997789906,1.5962,113.46991763576179
3919.059610205392,1.4334,140.70855091828258
3919.099620631804,1.4413,139.17028634929892
3919.139631058228,1.483,131.45375883033486
3919.1796414846635,1.3443,159.97895416460068
3919.21965191111,1.3162,166.88275620818126
3919.2696649441855,1.5439,121.28776679961666
3919.3096753706586,1.4224,142.89327789418826
3919.3496857971427,1.3906,149.50331481140785
3919.38969622364,1.4551,136.54305590805535
3919.4297066501467,1.4934,129.62925381988487
3919.469717076667,1.3761,152.67055199470585
3919.5097275031976,1.3604,156.21474050331977
3919.5497379297403,1.3821,151.3478773361977
3919.5997509629346,1.4576,136.07507475202956
3919.6397613895033,1.5214,124.90174386069438
3919.6797718160833,1.3883,149.9990898036376
3919.719782242675,1.2882,174.2162385653397
3919.7597926692792,1.2942,172.60462738908905
3919.799803095894,1.4071,146.01764956636688
3919.8398135225198,1.4074,145.9554062879744
3919.8798239491584,1.4128,144.8417987167085
3919.9298369824724,1.4744,132.9917384797934
3919.969847409136,1.4576,136.07507475202956
3920.0098578358115,1.4363,140.14092219566334
3920.0498682625,1.4603,135.57235229935958
3920.0898786891985,1.45,137.50525418825868
3920.1298891159086,1.4538,136.78736078373134
3920.1698995426295,1.4788,132.20151301173323
3920.2099099693637,1.4318,141.0232028454098
3920.2599230027968,1.3685,154.37097904621535
3920.2999334295564,1.4594,135.73961645760556
3920.339943856327,1.3802,151.76485848133026
3920.37995428311,1.4917,129.9248831751203
3920.419964709905,1.4733,133.19040192248053
3920.45997513671,1.4633,135.01703232139042
3920.4999855635274,1.4037,146.72586486771897
3920.539995990356,1.3002,171.01527586025787
3920.5900090239084,1.3534,157.83485319365127
3920.630019450764,1.462,135.2572512794958
3920.6700298776304,1.3831,151.12910348801898
3920.7100403045088,1.4269,141.9934175551532
3920.750050731398,1.4145,144.49385538829938
3920.7900611582986,1.4999,128.50816060461315
3920.8300715852115,1.4754,132.8115208050224
3920.8700820121358,1.3738,153.18217807232273
3920.910092439072,1.2605,181.95730995323737
3920.960105472758,1.4798,132.02289866516594
3921.0001158997197,1.4517,137.18339443671866
3921.0401263266936,1.335,162.21563639847784
3921.0801367536783,1.3663,154.86851154695452
3921.1201471806753,1.4031,146.85137877153858
3921.1601576076832,1.4335,140.68892014815341
3921.2001680347025,1.435,140.39495089780817
3921.250181068494,1.3447,159.88379239395695
3921.290191495539,1.2894,173.89211565224133
3921.330201922596,1.4163,144.12680959215166
3921.370212349666,1.4318,141.0232028454098
3921.4102227767453,1.3692,154.21317597313322
3921.4502332038373,1.2863,174.73128958676705
3921.4902436309417,1.349,158.86614364712082
3921.530254058056,1.4267,142.033230626042
3921.570264485183,1.4648,134.7406509530339
3921.620277519107,1.4819,131.64898482983813
3921.6602879462603,1.4305,141.2796353350152
3921.700298373424,1.393,148.98860037743785
3921.7403088005995,1.3742,153.09301505522495
3921.7803192277865,1.4134,144.7188518201373
3921.820329654986,1.3623,155.7792992491125
3921.860340082195,1.4592,135.77682830677026
3921.9003505094174,1.427,141.973517296875
3921.9503635434608,1.2935,172.7914937802935
3921.9903739707092,1.4532,136.9003380794624
3922.030384397968,1.5988,113.10116392483944
3922.070394825239,1.4725,133.3351641550655
3922.1104052525216,1.3368,161.77908441388715
3922.150415679816,1.3483,159.03114414500146
3922.1904261071213,1.4205,143.27578913410562
3922.2304365344376,1.4545,136.65573060716446
3922.280449568601,1.4685,134.06252767864606
3922.320459995944,1.4224,142.89327789418826
3922.3604704232994,1.4449,138.47765911903332
3922.4004808506647,1.4023,147.01898132472652
3922.4404912780424,1.5619,118.50833345001746
3922.4805017054314,1.59,114.35656502598685
3922.5205121328327,1.4489,137.7141203509664
3922.560522560244,1.5252,124.2801400635445
3922.610535594527,1.3705,153.92075437453522
3922.650546021965,1.3931,148.96721165501143
3922.690556449414,1.4527,136.9945927799824
3922.7305668768763,1.372,153.58437718366918
3922.770577304349,1.5006,128.3882956556181
3922.810587731834,1.2012,200.36622990739795
3922.850598159329,1.444,138.6503303736043
3922.8906085868366,1.5647,118.08457653010505
3922.940621621238,1.5583,119.05652382211785
3922.980632048771,1.4387,139.673753995517
3923.020642476317,1.465,134.7038642331217
3923.0606529038732,1.2873,174.45992582291458
3923.100663331441,1.3258,164.47474139364084
3923.140673759021,1.3659,154.95923038408017
3923.180684186612,1.4497,137.5621705379626
3923.220694614214,1.3697,154.10060758869054
3923.2707076487345,1.329,163.68364262006304
3923.3107180763623,1.2453,186.4263183783592
3923.3507285040023,1.3554,157.36940155426444
3923.390738931655,1.5002,128.45676936643494
3923.430749359318,1.4684,134.08078796212365
3923.4707597869933,1.3185,166.3010417286943
3923.5107702146793,1.325,164.67341221017102
3923.5507806423766,1.4205,143.27578913410562
3923.600793677015,1.3874,150.1937602233153
3923.6408041047393,1.4612,135.40539711580735
3923.680814532475,1.3688,154.30331951251733
3923.720824960222,1.412,145.00597177931533
3923.7608353879796,1.5039,127.82547066242265
3923.8008458157497,1.3964,148.2639596104134
3923.8408562435316,1.2946,172.49798266251278
3923.880866671325,1.2198,194.3022933507006
3923.930879706082,1.4076,145.91393287691585
3923.970890133901,1.487,130.74749458454278
3924.0109005617314,1.5046,127.70655938275723
3924.050910989573,1.5815,115.58911936643685
3924.0909214174267,1.5499,120.3505224108058
3924.130931845292,1.5184,125.39578383548996
3924.1709422731683,1.3746,153.00392986438536
3924.2109527010566,1.3738,153.18217807232273
3924.2609657359326,1.4515,137.22120160201223
3924.300976163847,1.473,133.24466011989819
3924.3409865917715,1.4363,140.14092219566334
3924.3809970197094,1.3292,163.6343885709971
3924.4210074476573,1.3945,148.66825251755884
3924.461017875618,1.3738,153.18217807232273
3924.5010283035895,1.2091,197.75648584432216
3924.541038731572,1.3007,170.88382181660631
3924.5910517665675,1.3268,164.2269080566117
3924.631062194577,1.4527,136.9945927799824
3924.671072622597,1.492,129.87263985047213
3924.711083050629,1.6587,105.07990796986144
3924.7510934786733,1.3975,148.03064862202956
3924.791103906728,1.5821,115.50146336884055
3924.831114334795,1.4792,132.13002380192736
3924.8711247628726,1.2849,175.11226380002233
3924.921137797987,1.3394,161.15161382464544
3924.961148226091,1.5387,122.10892971349628
3925.0011586542064,1.4628,135.10934843780464
3925.0411690823335,1.4555,136.46801684257147
3925.0811795104714,1.2902,173.6765359662649
3925.121189938622,1.3358,162.02139541604723
3925.1612003667833,1.3781,152.22774041932058
3925.2012107949577,1.4866,130.81786455454042
3925.251223830189,1.485,131.09991331012247
3925.291234258388,1.4775,132.43425407180365
3925.331244686599,1.3674,154.61944511819942
3925.3712551148224,1.4259,142.19265047290162
3925.4112655430554,1.4557,136.43052050448722
3925.4512759713,1.4342,140.55161971305057
3925.491286399557,1.3771,152.4489050419693
3925.531296827825,1.3717,153.65156435002925
3925.5813098631766,1.4493,137.6381139914104
3925.62132029147,1.5259,124.16614034335761
3925.661330719776,1.5429,121.44503816298096
3925.7013411480925,1.5129,126.30916869883185
3925.7413515764206,1.4901,130.20404736444362
3925.7813620047614,1.4044,146.57963525260806
3925.8213724331126,1.5016,128.21735071726752
3925.861382861476,1.4249,142.39230300468788
3925.911395896946,1.3319,162.9716290527371
3925.9514063253346,1.2822,175.85052701429805
3925.9914167537354,1.2739,178.14947205846877
3926.0314271821476,1.5173,125.57766648345904
3926.07143761057,1.5095,126.8788070382304
3926.1114480390056,1.5854,115.02113297458311
3926.1514584674514,1.3367,161.803291044367
3926.1914688959096,1.4464,138.19058965243383
3926.2414819314986,1.2959,172.15206904855665
3926.2814923599817,1.4019,147.10289022018
3926.321502788478,1.3258,164.47474139364084
3926.361513216985,1.3511,158.37267997306535
3926.401523645503,1.4459,138.28618021026637
3926.4415340740325,1.4501,137.48628992122377
3926.481544502574,1.4688,134.00776920421885
3926.521554931127,1.4435,138.74639843537236
3926.571567966834,1.4443,138.59273742145373
3926.6115783954124,1.428,141.7747445975332
3926.651588824003,1.4002,147.460305652359
3926.691599252604,1.5119,126.47631051610541
3926.731609681217,1.4939,129.54249602218596
3926.7716201098424,1.4201,143.3565135149138
3926.811630538478,1.3005,170.93638523998303
3926.8516409671256,1.3666,154.80052468921036
3926.901654002952,1.6144,110.9259255044115
3926.9416644316257,1.4324,140.905084804038
3926.98167486031,1.3027,170.3595184031065
3927.021685289007,1.5901,114.34218191835582
3927.061695717715,1.5469,120.81778136526829
3927.101706146435,1.3992,147.6711588466044
3927.1417165751654,1.3975,148.03064862202956
3927.1817270039082,1.3956,148.4339869511975
3927.2317400398524,1.5146,126.02578702676165
3927.27175046862,1.5253,124.26384477938626
3927.3117608974003,1.5008,128.35407932953512
3927.3517713261913,1.4686,134.04427112517988
3927.3917817549955,1.3486,158.9603981842522
3927.4317921838083,1.3833,151.0854056440249
3927.4718026126347,1.5416,121.64994866505953
3927.511813041472,1.4516,137.20229606597923
3927.5618260775345,1.4834,131.38287521327567
3927.6018365063983,1.4899,130.239006139952
3927.6418469352725,1.6247,109.52392550219999
3927.681857364159,1.4783,132.29095614274212
3927.7218677930564,1.3455,159.69372340283385
3927.761878221965,1.5801,115.7940384912869
3927.8018886508858,1.4805,131.89808391486267
3927.8418990798173,1.3574,156.90600579367475
3927.8919121159993,1.4107,145.2733489497755
3927.9319225449563,1.3745,153.0261938708377
3927.971932973926,1.3532,157.88151189904923
3928.0119434029075,1.3726,153.45013498862644
3928.051953831899,1.4241,142.55232794449864
3928.0919642609033,1.5588,118.98015908436406
3928.1319746899185,1.4678,134.19042805015985
3928.171985118945,1.4354,140.31671470367226
3928.221998155245,1.4108,145.25275523027327
3928.2620085842973,1.4246,142.45228076514127
3928.3020190133616,1.3159,166.95885696920962
3928.342029442437,1.4075,145.93466737249585
3928.382039871524,1.2309,190.81374166669815
3928.422050300623,1.3936,148.86033709893545
3928.4620607297325,1.3039,170.04609376211903
3928.5020711588545,1.4626,135.14630139655307
3928.5520841952725,1.3135,167.5695414421818
3928.5920946244196,1.3808,151.6329942501257
3928.6321050535785,1.3869,150.30207425138946
3928.6721154827474,1.445,138.45849333748606
3928.7121259119294,1.4365,140.10190205812572
3928.752136341123,1.3393,161.1756797560653
3928.7921467703277,1.3207,165.7474606102026
3928.832157199544,1.2641,180.92240281964277
3928.88217023608,1.3771,152.4489050419693
3928.922180665322,1.4508,137.35364983436344
3928.9621910945752,1.4581,135.98176726243904
3929.00220152384,1.4908,130.081802429985
3929.0422119531163,1.4314,141.1020307389578
3929.0822223824052,1.5377,122.26780147691949
3929.1222328117037,1.333,162.7027698018512
3929.162243241015,1.305,169.75954705515244
3929.212256277669,1.372,153.58437718366918
3929.2522667070057,1.5087,127.01339958772236
3929.292277136354,1.5191,125.28024599448648
3929.3322875657136,1.3579,156.79047666585663
3929.372297995084,1.3042,169.96787275036095
3929.412308424467,1.4751,132.86554762466523
3929.4523188538615,1.4718,133.46202479756113
3929.4923292832655,1.5431,121.41355942815564
3929.542342320039,1.3455,159.69372340283385
3929.58235274947,1.4976,128.90318669648627
3929.622363178913,1.4985,128.7483946351517
3929.6623736083675,1.485,131.09991331012247
3929.702384037833,1.3643,155.3229040203503
3929.742394467309,1.3978,147.9671139286459
3929.782404896798,1.4126,144.8828158340035
3929.8224153262977,1.4487,137.75214714224836
3929.8724283631896,1.4453,138.40101986027537
3929.912438792715,1.432,140.98381366764713
3929.9524492222517,1.4768,132.5598308402074
3929.9924596518003,1.5519,120.0405207495548
3930.0324700813617,1.5187,125.34624805510904
3930.0724805109326,1.353,157.92819129718305
3930.1124909405153,1.4688,134.00776920421885
3930.1525013701103,1.4094,145.5414663295908
3930.192511799716,1.3339,162.48328860663898
3930.24252483674,1.2865,174.6769662064709
3930.282535266371,1.5525,119.9477537951797
3930.3225456960145,1.4924,129.80303108696836
3930.3625561256686,1.3221,165.39661966011994
3930.4025665553354,1.3509,158.41957738552068
3930.4425769850122,1.4982,128.79996099437895
3930.482587414702,1.4222,142.93347005415097
3930.532600451829,1.4549,136.58059865246173
3930.5726108815443,1.4833,131.40059074153947
3930.61262131127,1.4792,132.13002380192736
3930.652631741008,1.4796,132.0585925641392
3930.692642170757,1.4284,141.6953523855339
3930.7326526005177,1.2045,199.26983763491754
3930.772663030289,1.3885,149.95588110970016
3930.8126734600723,1.5678,117.61806288281188
3930.852683889868,1.4836,131.3474549029527
3930.902696927128,1.4241,142.55232794449864
3930.9427073569486,1.4184,143.7003543861848
3930.98271778678,1.4304,141.29938987570665
3931.0227282166247,1.3286,163.7822174563728
3931.06273864648,1.4207,143.23545251034926
3931.1027490763454,1.4192,143.53839299791215
3931.1427595062237,1.3802,151.76485848133026
3931.1827699361143,1.4711,133.5890665769923
3931.232782973491,1.5453,121.06809962129468
3931.2727934034065,1.533,123.01866802526602
3931.3128038333334,1.3887,149.91269108309962
3931.352814263271,1.343,160.2888173698235
3931.3928246932205,1.3182,166.37674488717997
3931.432835123182,1.3016,170.64758618335983
3931.4728455531535,1.371,153.80850596103798
3931.512855983138,1.612,111.2564717030816
3931.562869020634,1.5736,116.75262423378796
3931.6028794506433,1.423,142.77280307835395
3931.642889880665,1.5801,115.7940384912869
3931.6829003106973,1.5341,122.84231455149961
3931.722910740741,1.4269,141.9934175551532
3931.7629211707963,1.4524,137.05119233115593
3931.8029316008633,1.364,155.39123534194272
3931.8429420309412,1.4162,144.14716431554098
3931.8929550685552,1.4983,128.7827687662761
3931.9329654986595,1.4816,131.70230376518478
3931.9729759287757,1.4691,133.9530442724786
3932.012986358902,1.4282,141.73504015318923
3932.0529967890398,1.5121,126.44285562222214
3932.09300721919,1.3435,160.16953276142536
3932.1330176493507,1.3398,161.0554039798864
3932.173028079523,1.3315,163.06956130119232
3932.2230411172554,1.3406,160.86324258446118
3932.263051547454,1.3141,167.41655659261863
3932.3030619776628,1.3559,157.25336034926264
3932.3430724078853,1.5076,127.19881430952212
3932.3830828381174,1.5206,125.0332019878424
3932.4230932683618,1.3781,152.22774041932058
3932.4631036986166,1.4111,145.19100033893687
3932.5031141288837,1.353,157.92819129718305
3932.5531271667337,1.4037,146.72586486771897
3932.5931375970263,1.3407,160.8392465938021
3932.63314802733,1.254,183.84851702871322
3932.673158457646,1.3877,150.12882799710295
3932.713168887973,1.3109,168.23490498311475
3932.7531793183116,1.5625,118.41733658291949
3932.7931897486615,1.3828,151.19468580852197
3932.833200179022,1.31,168.46614667834962
3932.8832132169905,1.3594,156.44465382205317
3932.9232236473763,1.3408,160.81525597197015
3932.9632340777757,1.3574,156.90600579367475
3933.003244508185,1.3944,148.68957688313483
3933.0432549386064,1.4305,141.2796353350152
3933.0832653690395,1.4164,144.1064591798306
3933.123275799484,1.4372,139.96545983712008
3933.163286229939,1.3827,151.21655606871212
3933.2132992680245,1.452,137.12671297880996
3933.2533096985057,1.3064,169.39589757796207
3933.2933201289984,1.3335,162.58078094179916
3933.3333305595024,1.3604,156.21474050331977
3933.3733409900183,1.4361,140.17995863686807
3933.4133514205455,1.4653,134.6487123940681
3933.4533618510836,1.3882,150.02070115421964
3933.4933722816336,1.4202,143.33632602504937
3933.5433853198365,1.3112,168.15793021307314
3933.583395750412,1.3479,159.1255455830912
3933.6234061809996,1.2425,187.26749573417933
3933.663416611597,1.3458,159.62253490276854
3933.703427042207,1.3933,148.92444802533478
3933.743437472828,1.2825,175.76826744816103
3933.783447903461,1.3347,162.28856683021837
3933.8234583341055,1.3314,163.09405815605194
3933.8734713724266,1.3068,169.29221233603175
3933.9134818030957,1.2676,179.92468476849913
3933.9534922337775,1.3066,169.34404305375622
3933.9935026644694,1.4391,139.59611978207712
3934.033513095174,1.3036,170.12436878350945
3934.0735235258894,1.3388,161.2960903150473
3934.113533956615,1.3641,155.36845322542732
3934.1535443873536,1.3728,153.40542670035967
3934.203557425793,1.5637,118.23565699187138
3934.2435678565566,1.5068,127.3339165091046
3934.2835782873312,1.4007,147.35504836573375
3934.3235887181186,1.3776,152.33826252690685
3934.3635991489164,1.5479,120.66172648186395
3934.4036095797255,1.4316,141.06260853277075
3934.4436200105474,1.2615,181.66894681981907
3934.48363044138,1.1494,218.83297040607061
3934.5336434799365,1.272,178.6820766638031
3934.5736539107943,1.4241,142.55232794449864
3934.6136643416635,1.4788,132.20151301173323
3934.6536747725445,1.3407,160.8392465938021
3934.693685203437,1.4252,142.33236311559642
3934.7336956343397,1.4439,138.66953600219165
3934.7737060652553,1.3757,152.75934614244866
3934.8137164961813,1.2805,176.31775716407887
3934.8637295348562,1.3413,160.6953833391852
3934.9037399658087,1.3519,158.18529841690778
3934.9437503967724,1.3729,153.38307988295733
3934.983760827746,1.3634,155.52803332931282
3935.023771258733,1.3108,168.2605749852339
3935.0637816897306,1.4064,146.16303881379275
3935.10379212074,1.5169,125.64390375200466
3935.143802551761,1.4533,136.88149881242813
3935.1938155905527,1.3439,160.07420092001513
3935.233826021599,1.5021,128.1320062490536
3935.2738364526567,1.4788,132.20151301173323
3935.3138468837255,1.4699,133.80727489942876
3935.3538573148057,1.4382,139.7708878684898
3935.393867745898,1.3693,154.19065243084677
3935.433878177001,1.4703,133.73447942500283
3935.473888608116,1.2875,174.4057289328002
3935.523901647025,1.5307,123.38863643659043
3935.563912078165,1.4571,136.16847831268626
3935.6039225093173,1.3993,147.65005318281342
3935.6439329404807,1.3639,155.41402246973504
3935.6839433716555,1.3556,157.32296966384087
3935.7239538028416,1.5053,127.58781395405545
3935.763964234039,1.3969,148.15784083380186
3935.8039746652476,1.3211,165.6471065156782
3935.853987704273,1.3942,148.73223938064922
3935.8939981355084,1.31,168.46614667834962
3935.9340085667536,1.3223,165.34659047269068
3935.9740189980107,1.3601,156.2836612535247
3936.014029429279,1.3898,149.67547913537456
3936.054039860559,1.3878,150.10719327870706
3936.0940502918506,1.364,155.39123534194272
3936.1340607231546,1.3781,152.22774041932058
3936.184073762299,1.3171,166.65476584871135
3936.2240841936273,1.296,172.1255034166807
3936.2640946249667,1.3986,147.79788791456807
3936.3041050563174,1.3668,154.75522498605392
3936.344115487681,1.56,118.7971832054808
3936.384125919054,1.47,133.78907045961756
3936.4241363504393,1.4072,145.99689738365294
3936.4641467818356,1.3385,161.36840142997428
3936.514159821098,1.3303,163.36388827207472
3936.554170252521,1.1851,205.84729650090037
3936.594180683955,1.2677,179.89629990672603
3936.634191115399,1.3672,154.6646852121767
3936.6742015468553,1.4064,146.16303881379275
3936.7142119783234,1.4284,141.6953523855339
3936.754222409803,1.4295,141.47736734227172
3936.794232841294,1.5427,121.47652914156912
3936.8442458806735,1.522,124.80328627128887
3936.8842563121893,1.3637,155.4596117650301
3936.924266743717,1.3017,170.6213680224471
3936.964277175256,1.4162,144.14716431554098
3937.0042876068064,1.4642,134.85110157391333
3937.0442980383687,1.3596,156.3986305704778
3937.0843084699413,1.4239,142.59237632969894
3937.124318901526,1.4432,138.80408720601312
3937.174331941023,1.4699,133.80727489942876
3937.214342372633,1.2304,190.96885574114035
3937.254352804255,1.3317,163.02058414608226
3937.2943632358874,1.3863,150.43220581742384
3937.334373667532,1.3545,157.57859965059362
3937.374384099188,1.4469,138.09509817605925
3937.4143945308556,1.4118,145.0470586584921
3937.4544049625333,1.3361,161.94864498515932
3937.504418002148,1.3132,167.64611251486176
3937.5444284338514,1.2586,182.50709473763914
3937.5844388655673,1.2963,172.04584340587644
3937.624449297294,1.2824,175.79568088912703
3937.664459729033,1.3442,160.00275788218053
3937.7044701607824,1.3839,150.95442576591984
3937.744480592544,1.3566,157.0911181682002
3937.7844910243157,1.4243,142.5122964288674
3937.8345040640465,1.4733,133.19040192248053
3937.8745144958443,1.4759,132.72154930685295
3937.9145249276544,1.3102,168.4147184505769
3937.9545353594754,1.475,132.8835638906255
3937.9945457913063,1.5458,120.98979166350114
3938.0345562231514,1.4699,133.80727489942876
3938.074566655006,1.3663,154.86851154695452
3938.114577086872,1.2834,175.5218347682706
3938.1645901267207,1.5202,125.09900889182401
3938.2046005586126,1.3631,155.59650007453516
3938.244610990515,1.3732,153.31606872060215
3938.28462142243,1.4344,140.51242793304348
3938.3246318543556,1.3978,147.9671139286459
3938.364642286293,1.3403,160.93526278542495
3938.404652718242,1.3752,152.8704478043217
3938.4446631502014,1.3486,158.9603981842522
3938.4946761901683,1.3962,148.30643904674352
3938.534686622154,1.4196,143.45751496492082
3938.574697054151,1.3489,158.8896994206538
3938.6147074861583,1.4861,130.90590693621422
3938.6547179181784,1.4067,146.10070255907132
3938.69472835021,1.4071,146.01764956636688
3938.7347387822515,1.3277,164.0043366768936
3938.7747492143058,1.3932,148.94582753808444
3938.824762254389,1.3926,149.0742013485974
3938.864772686468,1.3781,152.22774041932058
3938.9047831185594,1.3889,149.86951971308451
3938.9447935506614,1.2739,178.14947205846877
3938.984803982775,1.251,184.73134106507823
3939.0248144148995,1.3278,163.9796344570746
3939.064824847035,1.3547,157.53207515030408
3939.104835279183,1.2859,174.8400123989045
3939.154848319383,1.2458,186.27670467003514
3939.1948587515562,1.2935,172.7914937802935
3939.2348691837415,1.2948,172.44469735911628
3939.274879615937,1.2387,188.41823026550685
3939.314890048144,1.4292,141.53676789513534
3939.354900480362,1.3638,155.43681461027404
3939.3949109125933,1.3672,154.6646852121767
3939.4349213448336,1.5163,125.74335795988476
3939.4749317770866,1.4463,138.2096998330992
3939.5249448174177,1.366,154.9365432032682
3939.5649552496966,1.2381,188.600894411879
3939.604965681986,1.3816,151.45744244483464
3939.644976114287,1.419,143.5788576652244
3939.684986546599,1.4556,136.44926674152646
3939.724996978923,1.4645,134.79585929428796
3939.7650074112585,1.479,132.16576115640825
3939.815020451692,1.2551,183.5263999278678
3939.8550308840527,1.2244,192.84507207910943
3939.8950413164257,1.3834,151.0635638288183
3939.9350517488087,1.4075,145.93466737249585
3939.9750621812027,1.4289,141.5962058656433
3940.015072613608,1.4499,137.52422237933828
3940.055083046026,1.2792,176.67630840705857
3940.095093478455,1.2713,178.8789016305948
3940.1451065190067,1.3956,148.4339869511975
3940.1851169514603,1.4566,136.2619780763432
3940.2251273839256,1.4126,144.8828158340035
3940.2651378164037,1.3596,156.3986305704778
3940.3051482488913,1.4442,138.61193108434014
3940.345158681391,1.3185,166.3010417286943
3940.3851691139016,1.1738,209.8296935669644
3940.4251795464243,1.3006,170.9101004971908
3940.465189978958,1.3753,152.84821777757185
3940.5152030196405,1.4499,137.52422237933828
3940.5552134521995,1.3974,148.05183594696547
3940.5952238847694,1.5018,128.18320270081404
3940.635234317352,1.4974,128.93762284155574
3940.6752447499453,1.3101,168.44042962032609
3940.7152551825493,1.5247,124.361664583993
3940.7552656151656,1.3053,169.68152365413013
3940.8052786559515,1.3643,155.3229040203503
3940.845289088593,1.4827,131.50695919544273
3940.885299521245,1.3961,148.32768561135427
3940.92530995391,1.3182,166.37674488717997
3940.9653203865855,1.3369,161.75488321516144
3941.005330819272,1.3943,148.7109058370595
3941.0453412519696,1.3554,157.36940155426444
3941.085351684679,1.3077,169.0592683210666
3941.1253621174,1.358,156.76738615210522
3941.1753751583165,1.4022,147.03995181665474
3941.215385591063,1.3561,157.2069798025755
3941.2553960238206,1.4752,132.84753502240676
3941.2954064565893,1.4449,138.47765911903332
3941.3354168893707,1.4229,142.79287163126668
3941.375427322162,1.3265,164.30119920848176
3941.415437754965,1.2367,189.02814514643805
3941.455448187779,1.4685,134.06252767864606
3941.5054612288136,1.4227,142.83302143319307
3941.5454716616528,1.3425,160.40823528183205
3941.585482094504,1.4293,141.51696355488275
3941.625492527366,1.3268,164.2269080566117
3941.6655029602407,1.3977,147.988287614171
3941.705513393125,1.4847,131.15289899211203
3941.7455238260227,1.4068,146.0799326691008
3941.7855342589305,1.3685,154.37097904621535
3941.835547300081,1.3399,161.03136498088483
3941.875557733014,1.3524,158.06835377042364
3941.9155681659586,1.3082,168.93006267091462
3941.955578598915,1.2118,196.87622963696393
3941.995589031882,1.2547,183.64343539951096
3942.0355994648603,1.2632,181.18030028616408
3942.0756098978504,1.2632,181.18030028616408
3942.1156203308515,1.3368,161.77908441388715
3942.16563337212,1.3003,170.9889729196507
3942.205643805147,1.4398,139.4604155704033
3942.245654238184,1.4485,137.79018968612561
3942.2856646712344,1.3589,156.55980086756156
3942.3256751042954,1.4231,142.7527387558889
3942.365685537367,1.1758,209.1164734327453
3942.40569597045,1.4998,128.52529787079425
3942.445706403545,1.2675,179.95307634884244
3942.49571944493,1.425,142.37231883530316
3942.53572987805,1.3646,155.25461776059586
3942.5757403111807,1.2918,173.2465775321118
3942.6157507443245,1.3228,165.22161676830078
3942.655761177479,1.3684,154.39354211356286
3942.695771610644,1.312,167.9529222442188
3942.7357820438215,1.4051,146.43362413118095
3942.7757924770094,1.3824,151.2821953285665
3942.8258055185106,1.487,130.74749458454278
3942.865815951724,1.471,133.60723020942095
3942.905826384949,1.3824,151.2821953285665
3942.9458368181854,1.3594,156.44465382205317
3942.9858472514334,1.3858,150.54077793127726
3943.025857684692,1.4061,146.22541497220107
3943.065868117962,1.351,158.39612607581165
3943.105878551243,1.2644,180.83655935412497
3943.1558915928613,1.2478,185.680047284167
3943.1959020261693,1.2582,182.62315638790884
3943.2359124594873,1.3568,157.04480937564577
3943.2759228928167,1.4982,128.79996099437895
3943.315933326157,1.3035,170.15047246804127
3943.35594375951,1.3978,147.9671139286459
3943.3959541928743,1.4248,142.41229138200146
3943.435964626249,1.3512,158.3492390757404
3943.485977667983,1.2084,197.98566412980531
3943.525988101384,1.2975,171.72775572558206
3943.565998534795,1.2928,172.97866379568433
3943.6060089682182,1.1095,234.8553731858401
3943.6460194016527,1.2043,199.3360291880755
3943.6860298350994,1.3832,151.10725219663505
3943.726040268556,1.5004,128.42252566548552
3943.766050702024,1.3245,164.79776432041552
3943.816063743875,1.4083,145.76891505957832
3943.8560741773686,1.3205,165.7976718595608
3943.896084610875,1.3907,149.48181515911665
3943.9360950443915,1.2622,181.4675002992497
3943.9761054779183,1.3421,160.5038657235529
3944.0161159114577,1.401,147.29194808032128
3944.0561263450077,1.3407,160.8392465938021
3944.0961367785685,1.3281,163.90556127405486
3944.146149820537,1.3285,163.80687507900615
3944.186160254125,1.2663,180.2943001341407
3944.2261706877234,1.4196,143.45751496492082
3944.266181121332,1.3759,152.71493938828627
3944.3061915549533,1.5819,115.53067095257764
3944.3462019885856,1.6423,107.18904018211018
3944.3862124222296,1.2231,193.25522925170682
3944.426222855884,1.4024,146.9980153186218
3944.4762358979683,1.4505,137.41047207189033
3944.516246331649,1.4206,143.25561869267327
3944.5562567653405,1.4249,142.39230300468788
3944.596267199044,1.39,149.63241018474127
3944.6362776327574,1.3635,155.50522112307775
3944.6762880664833,1.3578,156.81357228154076
3944.7162985002205,1.2294,191.27965184945762
3944.7563089339683,1.4513,137.25902439870282
3944.80632197617,1.3654,155.0727410691173
3944.8463324099425,1.4611,135.4239324574152
3944.8863428437276,1.4398,139.4604155704033
3944.926353277525,1.4826,131.5246998275081
3944.966363711331,1.4297,141.43778774576842
3945.00637414515,1.3316,163.0450699650883
3945.0463845789805,1.3573,156.92912694158045
3945.086395012821,1.355,157.46232702339285
3945.1364080551393,1.2606,181.92844275531075
3945.1764184890067,1.2471,185.8885508632479
3945.216428922884,1.2571,182.94289738301907
3945.256439356774,1.3088,168.7752113152482
3945.296449790674,1.2686,179.64113813695673
3945.336460224586,1.2712,178.90704602907363
3945.3764706585093,1.4022,147.03995181665474
3945.4164810924444,1.2353,189.4568493484066
3945.466494134878,1.3155,167.0604056508332
3945.5065045688375,1.2755,177.70280776350498
3945.546515002809,1.2987,171.41054937711382
3945.586525436792,1.4318,141.0232028454098
3945.6265358707856,1.4799,132.0050571422352
3945.666546304791,1.4048,146.49617359968022
3945.7065567388067,1.3418,160.57564468710652
3945.7465671728355,1.3234,165.07183526180233
3945.796580215386,1.32,165.92329984992594
3945.8365906494387,1.3391,161.22382779444834
3945.8766010835034,1.4672,134.3002026749831
3945.916611517579,1.3454,159.71746348600655
3945.956621951666,1.2762,177.50792020150638
3945.996632385764,1.4213,143.11454479056385
3946.0366428198745,1.3643,155.3229040203503
3946.076653253995,1.2347,189.64102629398292
3946.126666296662,1.3339,162.48328860663898
3946.1666767308084,1.4197,143.43730613748744
3946.206687164965,1.3283,163.8562070322724
3946.2466975991347,1.2486,185.4421867498963
3946.286708033315,1.3702,153.98816241373808
3946.326718467506,1.4652,134.66709257634793
3946.366728901709,1.2748,177.89801645502456
3946.406739335923,1.4205,143.27578913410562
3946.456752378707,1.3185,166.3010417286943
3946.4967628129457,1.2882,174.2162385653397
3946.5367732471955,1.2596,182.21742420173766
3946.576783681458,1.2076,198.24807033047273
3946.616794115731,1.3283,163.8562070322724
3946.6568045500153,1.2811,176.1526400016962
3946.6968149843115,1.3479,159.1255455830912
3946.7368254186185,1.3184,166.32627037288532
3946.786838461518,1.2441,186.78612754621827
3946.8268488958506,1.2076,198.24807033047273
3946.8668593301945,1.1693,211.4478407171521
3946.9068697645494,1.2526,184.2597122325803
3946.9468801989156,1.4659,134.53851028118896
3946.986890633292,1.4421,139.01592081261828
3947.0269010676816,1.3691,154.23570445100108
3947.066911502082,1.2747,177.9259296667478
3947.1169245450983,1.3937,148.83897598968318
3947.156934979523,1.4733,133.19040192248053
3947.19694541396,1.248,185.62053926483458
3947.236955848408,1.2791,176.70393456240924
3947.2769662828673,1.2152,195.7760943412281
3947.3169767173376,1.2305,190.93781779871847
3947.3569871518193,1.3574,156.90600579367475
3947.396997586313,1.2563,183.17596400701206
3947.4470106294457,1.2253,192.5618815429209
3947.4870210639638,1.2798,176.5106874455573
3947.5270314984937,1.3849,150.736504158978
3947.5670419330345,1.4331,140.767467887269
3947.607052367587,1.3226,165.27158924191667
3947.6470628021502,1.3271,164.15266728107258
3947.6870732367256,1.3048,169.81159255708982
3947.727083671311,1.3187,166.2506016575168
3947.77709671456,1.3956,148.4339869511975
3947.81710714917,1.3435,160.16953276142536
3947.8571175837938,1.2771,177.25782121000432
3947.897128018428,1.3585,156.65201005976522
3947.9371384530727,1.4413,139.17028634929892
3947.97714888773,1.3081,168.95589194858408
3948.017159322397,1.2997,171.14688164572635
3948.057169757077,1.2684,179.69779381633265
3948.1071828004406,1.2612,181.75538374152168
3948.1471932351456,1.2451,186.48621433576835
3948.1872036698614,1.3256,164.52437537821208
3948.2272141045883,1.3416,160.62352408303545
3948.2672245393273,1.2926,173.0321968027026
3948.307234974076,1.2516,184.55426828013586
3948.347245408837,1.173,210.1160036337877
3948.387255843609,1.2997,171.14688164572635
3948.4372688870894,1.2936,172.76478000764197
3948.4772793218863,1.1328,225.2934934166307
3948.517289756695,1.109,235.0671929373001
3948.557300191516,1.3413,160.6953833391852
3948.5973106263464,1.4471,138.05692929764734
3948.6373210611887,1.3087,168.80100508472057
3948.6773314960424,1.2597,182.18849508417165
3948.7173419309074,1.3412,160.7193471408922
3948.7673549745045,1.3226,165.27158924191667
3948.8073654093946,1.3151,167.16204700742932
3948.847375844296,1.3553,157.39262520823556
3948.8873862792093,1.3223,165.34659047269068
3948.9273967141326,1.3635,155.50522112307775
3948.967407149068,1.2809,176.20765327508622
3949.007417584014,1.2962,172.07239059723761
3949.0474280189724,1.3484,159.0075569113643
3949.097441062685,1.2278,191.77850606885622
3949.137451497669,1.2496,185.14550327062508
3949.1774619326634,1.3957,148.41271754329298
3949.2174723676685,1.394,148.77492024209212
3949.257482802685,1.3146,167.28922919921973
3949.297493237713,1.3271,164.15266728107258
3949.337503672752,1.2539,183.87784244564654
3949.3775141078036,1.3,171.06789995235357
3949.427527151633,1.3951,148.5404026057618
3949.467537586708,1.1736,209.90121619610352
3949.5075480217956,1.1962,202.04475203923622
3949.5475584568944,1.1622,214.03924341174607
3949.5875688920046,1.3736,153.22678879405078
3949.627579327125,1.3641,155.36845322542732
3949.667589762257,1.3225,165.2965839810799
3949.707600197401,1.2696,179.35826124720538
3949.757613241346,1.3464,159.48030063371135
3949.797623676515,1.35,158.63087374083443
3949.837634111694,1.3565,157.11428024599803
3949.8776445468857,1.3253,164.59886849179864
3949.917654982089,1.3251,164.64855867846398
3949.957665417302,1.3745,153.0261938708377
3949.9976758525268,1.3533,157.8581799605228
3950.037686287763,1.2946,172.49798266251278
3950.0876993318243,1.2541,183.81919862658515
3950.127709767086,1.2765,177.42449509108056
3950.1677202023593,1.2815,176.04269071666874
3950.2077306376423,1.2159,195.55074076752732
3950.2477410729384,1.3374,161.63395864099152
3950.2877515082446,1.1961,202.078537346332
3950.3277619435617,1.1487,219.09975828723785
3950.3677723788905,1.1884,204.70567354698227
3950.4077828142313,1.3579,156.79047666585663
3950.4577958584223,1.3414,160.67142489670525
3950.4978062937876,1.3237,164.9970208756778
3950.537816729165,1.3968,148.17905547272375
3950.577827164552,1.3061,169.47372403332386
3950.6178375999525,1.3406,160.86324258446118
3950.657848035363,1.2369,188.96702049288933
3950.697858470785,1.3405,160.88724394554944
3950.737868906218,1.0907,243.02137519577062
3950.7878819505245,1.1937,202.89193372840757
3950.827892385982,1.282,175.90539881046462
3950.8679028214524,1.2965,171.9927674503952
3950.9079132569323,1.296,172.1255034166807
3950.9479236924244,1.2551,183.5263999278678
3950.987934127928,1.3254,164.574031833445
3951.0279445634424,1.331,163.19210079622042
3951.0679549989677,1.2378,188.6923261119183
3951.117968043391,1.2795,176.59346880189483
3951.157978478942,1.2842,175.3032183197523
3951.1979889145045,1.1941,202.75602699934234
3951.2379993500763,1.1712,210.76234775074116
3951.278009785662,1.2816,176.01521947988917
3951.3180202212575,1.2174,195.0691485842546
3951.3580306568642,1.3737,153.20448099757365
3951.3980410924833,1.2333,190.07181833663353
3951.4480541370212,1.3166,166.7813694368424
3951.4880645726644,1.3263,164.3507546524226
3951.5280750083202,1.3803,151.74286916726706
3951.5680854439856,1.372,153.58437718366918
3951.608095879664,1.1514,218.07339867595465
3951.648106315352,1.1501,218.56666951172963
3951.6881167510523,1.2729,178.42949297101282
3951.7281271867632,1.2326,190.28776502624135
3951.778140231417,1.3551,157.43908794128185
3951.8181506671535,1.2359,189.27294057805102
3951.8581611029012,1.3006,170.9101004971908
3951.89817153866,1.2343,189.7639601681568
3951.9381819744294,1.1937,202.89193372840757
3951.9781924102103,1.2432,187.05666845548473
3952.0182028460026,1.3199,165.94844258188763
3952.058213281807,1.2758,177.61924524175907
3952.108226326577,1.3206,165.77256338326816
3952.148236762406,1.2704,179.1324405329113
3952.1882471982462,1.2482,185.561059848228
3952.228257634097,1.2998,171.12054833807917
3952.2682680699595,1.3511,158.37267997306535
3952.308278505833,1.2779,177.03595446175925
3952.3482889417182,1.2857,174.89441186229672
3952.388299377614,1.2942,172.60462738908905
3952.438312422501,1.2421,187.3881285323679
3952.4783228584215,1.2418,187.47867964172062
3952.5183332943543,1.2098,197.52770525660225
3952.5583437302985,1.2308,190.84474935896932
3952.598354166253,1.3073,169.1627395994846
3952.638364602219,1.396,148.34893674200583
3952.6783750381965,1.4592,135.77682830677026
3952.718385474186,1.3953,148.49782261568217
3952.768398519187,1.3009,170.83128263460512
3952.808408955202,1.1746,209.5439683030936
3952.8484193912263,1.2711,178.93519707033835
3952.8884298272624,1.3662,154.89118378616374
3952.9284402633098,1.2725,178.54168622626503
3952.968450699369,1.329,163.68364262006304
3953.008461135439,1.2419,187.44848864717449
3953.0484715715206,1.3667,154.77787235173528
3953.0984846166375,1.3481,159.07833436022236
3953.1384950527445,1.216,195.51857916568053
3953.1785054888624,1.248,185.62053926483458
3953.2185159249902,1.4504,137.4294206535659
3953.2585263611313,1.268,179.81118561163535
3953.298536797283,1.4448,138.49682888032132
3953.3385472334444,1.3096,168.56907382916083
3953.3785576696187,1.2442,186.75610368009404
3953.428570714852,1.2991,171.30500921648013
3953.4685811510503,1.3997,147.56567575888516
3953.50859158726,1.2788,176.7868519177147
3953.5486020234825,1.257,182.9720063772589
3953.5886124597146,1.2062,198.70853814424984
3953.628622895958,1.0928,242.08826014306229
3953.6686333322136,1.2201,194.2067545031616
3953.7086437684793,1.3256,164.52437537821208
3953.758656813828,1.2682,179.7544763022542
3953.7986672501197,1.3308,163.24115527198163
3953.838677686422,1.2525,184.28913609218665
3953.878688122736,1.2357,189.33421373640505
3953.918698559061,1.1954,202.31527195266455
3953.9587089953975,1.2924,173.0857546644598
3953.998719431744,1.337,161.7306874465649
3954.038729868104,1.4187,143.63958675683696
3954.0887429135673,1.2708,179.0196900717576
3954.1287533499512,1.3036,170.12436878350945
3954.1687637863465,1.3043,169.9418110733276
3954.2087742227527,1.3628,155.66501204048512
3954.2487846591703,1.2733,178.3174054337002
3954.2887950955983,1.2119,196.8437404968416
3954.3288055320386,1.1938,202.85794423836697
3954.3688159684893,1.1206,230.22574412679072
3954.4188290140687,1.2876,174.3786399578109
3954.4588394505463,1.0733,250.9648095754036
3954.4988498870325,1.1905,203.98412393635357
3954.538860323531,1.2794,176.62107552882622
3954.578870760042,1.0991,239.32093489405216
3954.618881196562,1.3092,168.67209533633786
3954.6588916330948,1.2821,175.87795970250576
3954.6989020696387,1.1856,205.67371036963414
3954.748915115333,1.233,190.1643218827345
3954.7889255519017,1.1229,229.28358286167693
3954.828935988481,1.2173,195.10119935246183
3954.8689464250724,1.298,171.59547949444098
3954.908956861675,1.3079,169.0075682788395
3954.9489672982877,1.2409,187.75072713007478
3954.9889777349126,1.3491,158.84259311149822
3955.0289881715485,1.2139,196.19564289246844
3955.079001217359,1.1621,214.07608159578712
3955.11901165402,1.2111,197.1038790037389
3955.159022090692,1.2939,172.68467584898713
3955.1990325273755,1.2205,194.07947894638679
3955.23904296407,1.0624,256.1409141198035
3955.279053400776,1.1173,231.58771717879725
3955.319063837493,1.1351,224.38141588624154
3955.3590742742213,1.0951,241.07243003791297
3955.409087320146,1.2672,180.0382914225028
3955.4490977569,1.27,179.2452975466263
3955.489108193665,1.2342,189.79471231434584
3955.52911863044,1.1604,214.70378860210482
3955.5691290672266,1.1446,220.67221523215113
3955.609139504025,1.1426,221.44541723952227
3955.6491499408335,1.2915,173.32707303265119
3955.689160377655,1.3493,158.79550774777343
3955.739173423696,1.2455,186.36645127254394
3955.7791838605417,1.2049,199.1375533983965
3955.8191942973976,1.1087,235.19442236849514
3955.859204734266,1.1172,231.62917759313964
3955.899215171145,1.225,192.65620903842313
3955.939225608036,1.1848,205.95155368375075
3955.979236044937,1.2423,187.32779756762523
3956.01924648185,1.3438,160.09802589959818
3956.069259528006,1.3478,159.14915907629046
3956.1092699649444,1.1272,227.5375963270469
3956.1492804018935,1.2311,190.75174894888596
3956.189290838854,1.2085,197.9528999909662
3956.229301275825,1.247,185.91836575582417
3956.2693117128074,1.2918,173.2465775321118
3956.3093221498007,1.1428,221.36791431825654
3956.3493325868058,1.148,219.36703434336522
3956.399345633078,1.2621,181.49625785342374
3956.4393560701083,1.2441,186.78612754621827
3956.479366507149,1.3626,155.71071182674646
3956.519376944201,1.2364,189.11988775001817
3956.559387381265,1.2901,173.7034614964502
3956.59939781834,1.3371,161.7064971064731
3956.6394082554257,1.2853,175.0032869826974
3956.679418692523,1.2607,181.8995824264323
3956.72943173891,1.2148,195.90504275410422
3956.7694421760325,1.1645,213.19458273759747
3956.809452613166,1.1634,213.59792588061202
3956.8494630503105,1.1538,217.16712138148594
3956.889473487466,1.2487,185.41248632339776
3956.9294839246327,1.4474,137.99970564425692
3956.9694943618115,1.2436,186.936355534934
3957.0095047990008,1.2347,189.64102629398292
3957.0595178455023,1.0969,240.28188588292994
3957.099528282717,1.2481,185.5907959823364
3957.139538719943,1.3557,157.29976142435592
3957.1795491571793,1.3587,156.6058952838087
3957.219559594427,1.3294,163.58515675014246
3957.2595700316865,1.2031,199.73387197661827
3957.299580468957,1.2228,193.35006672847342
3957.339590906238,1.2135,196.32500610081536
3957.389603952856,1.1873,205.0851570150084
3957.4296143901624,1.2483,185.531330860219
3957.46962482748,1.1446,220.67221523215113
3957.509635264809,1.3384,161.39251594122052
3957.5496457021495,1.277,177.28558387606404
3957.5896561395007,1.2886,174.10809697676638
3957.629666576863,1.2126,196.61654153024142
3957.6696770142375,1.2608,181.87072896442285
3957.7196900609697,1.202,200.09960842891476
3957.759700498368,1.2463,186.12727099489896
3957.7997109357784,1.1201,230.43133016694958
3957.8397213731987,1.3208,165.72236353863696
3957.8797318106317,1.3019,170.5689498239923
3957.9197422480747,1.2521,184.40690203782623
3957.9597526855287,1.3513,158.325803382296
3957.9997631229944,1.4421,139.01592081261828
3958.0497761698425,1.2752,177.7864292682
3958.0897866073324,1.2591,182.36217319666878
3958.129797044836,1.2719,178.7101746212506
3958.1698074823485,1.2314,190.6588165021817
3958.209817919873,1.31,168.46614667834962
3958.249828357408,1.3084,168.87842188143594
3958.289838794955,1.1968,201.8422180114368
3958.329849232513,1.184,206.22996038354592
3958.379862279475,1.2321,190.4422380568205
3958.4198727170588,1.1752,209.330057174496
3958.4598831546527,1.1695,211.3755261965007
3958.499893592257,1.0801,247.81475471651342
3958.5399040298744,1.1271,227.57797384250614
3958.5799144675016,1.1744,209.61534488091607
3958.6199249051397,1.1305,226.21114346281468
3958.659935342789,1.2614,181.69775227468998
3958.7099483898673,1.1133,233.25485844679636
3958.749958827543,1.1964,201.9772068384791
3958.789969265228,1.1362,223.94716159547886
3958.829979702926,1.111,234.2216289405226
3958.8699901406335,1.1305,226.21114346281468
3958.910000578353,1.1642,213.30447203584913
3958.9500110160834,1.1759,209.0809079248194
3958.990021453825,1.1667,212.39131631619372
3959.040034501019,1.2081,198.0840053676921
3959.080044938785,1.1203,230.34906271865884
3959.120055376563,1.1679,211.95508303558648
3959.160065814353,1.1649,213.0481957195084
3959.200076252153,1.3753,152.84821777757185
3959.2400866899648,1.1218,229.73345872447982
3959.280097127787,1.1109,234.26379870558853
3959.320107565621,1.2124,196.68141536609326
3959.370120612929,1.2817,175.98775467288502
3959.410131050787,1.1701,211.1588050771902
3959.450141488658,1.1452,220.44104420732762
3959.490151926538,1.2836,175.46714233328674
3959.5301623644305,1.2894,173.89211565224133
3959.570172802334,1.12,230.47248041900662
3959.6101832402487,1.0228,276.35899762301295
3959.650193678175,1.0954,240.9404019942067
3959.6902041161125,1.1709,210.87036167221132
3959.740217163548,1.1798,207.7008992540584
3959.78022760151,1.0905,243.11052455390666
3959.8202380394832,1.0678,253.55679305342375
3959.860248477467,1.0805,247.63130730878387
3959.9002589154634,1.0732,251.01158114977304
3959.9402693534703,1.1738,209.8296935669644
3959.980279791487,1.2837,175.43980570148403
3960.0302928390242,1.1892,204.43034674360945
3960.0703032770675,1.1515,218.0355239490403
3960.1103137151217,1.1954,202.31527195266455
3960.150324153187,1.2416,187.53908351684453
3960.1903345912624,1.1499,218.6427058581439
3960.23034502935,1.0985,239.5824399377132
3960.2703554674486,1.322,165.4216427690587
3960.3103659055582,1.0563,259.10781668998004
3960.350376343679,1.4265,142.07306044386408
3960.4003893913455,1.2679,179.83955033041255
3960.440399829491,1.1334,225.05502474353364
3960.480410267648,1.063,255.85184350624968
3960.520420705816,1.3034,170.17658216101236
3960.560431143995,1.0951,241.07243003791297
3960.600441582186,1.1004,238.75580738078065
3960.6404520203864,1.03,272.50884562889433
3960.6804624585984,1.2198,194.3022933507006
3960.7304755063806,1.249,185.323427842726
3960.7704859446176,1.0901,243.28897049816806
3960.810496382867,1.318,166.42724238097634
3960.850506821126,1.2827,175.7134597994673
3960.890517259398,1.1556,216.4911157725252
3960.9305276976797,1.2494,185.2047829805059
3960.970538135973,1.2211,193.88880007787554
3961.0105485742774,1.2527,184.23029541919297
3961.0605616221733,1.0879,244.27394417391707
3961.1005720605035,1.2431,187.08676483417761
3961.140582498844,1.1843,206.12549175272446
3961.180592937195,1.0801,247.81475471651342
3961.2206033755583,1.3505,158.5134347248316
3961.2606138139317,1.4313,141.1217480394965
3961.3006242523174,1.1531,217.43086779499882
3961.340634690713,1.1397,222.57379871339435
3961.3906477387245,1.043,265.75806138959246
3961.4306581771443,1.1151,232.50242458391867
3961.4706686155773,1.1554,216.56607151623209
3961.510679054021,1.1734,209.97277540032192
3961.5506894924756,1.1849,205.91679249053396
3961.5906999309414,1.159,215.22279910869352
3961.630710369418,1.1363,223.90774645681802
3961.6707208079065,1.1017,238.19267922731228
3961.720733856031,1.0234,276.03504485882667
3961.7607442945446,1.0438,265.35084780161526
3961.8007547330685,1.1476,219.51998315737578
3961.8407651716043,1.1734,209.97277540032192
3961.880775610151,1.1673,212.1730315059331
3961.9207860487077,1.1684,211.7737157383079
3961.9607964872766,1.0281,273.5170058012658
3962.0008069258565,1.1815,207.10362933001372
3962.0508199740966,1.208,198.1168020630925
3962.090830412702,1.1601,214.81484697526685
3962.130840851317,1.0882,244.13927772557497
3962.1708512899445,1.1982,201.37082127597387
3962.2108617285826,1.2068,198.51099855888162
3962.2508721672316,1.07,252.51520247480366
3962.2908826058924,1.1126,233.54845833522944
3962.3308930445633,1.0849,245.62675893344294
3962.380906092919,1.0209,277.3886189299235
3962.4209165316147,1.1056,236.51519699994319
3962.460926970322,1.1212,229.9794038442829
3962.500937409041,1.1094,234.89771422536842
3962.540947847771,1.1797,207.7361132112171
3962.5809582865118,1.1581,215.55744312481252
3962.620968725264,1.2339,189.8870136180171
3962.6609791640267,1.1345,224.6188144427898
3962.7109922124964,1.1121,233.75851206233213
3962.751002651284,1.1239,228.87575053587423
3962.791013090084,1.1012,238.40903096953406
3962.831023528894,1.1083,235.3642223522219
3962.871033967715,1.1074,235.7469452823945
3962.9110444065486,1.1895,204.32724238267025
3962.951054845392,1.1664,212.50058506510126
3962.991065284246,1.1151,232.50242458391867
3963.0410783328307,1.0405,267.0366633723668
3963.0810887717103,1.1092,234.9824306623083
3963.121099210602,1.1643,213.2678328314095
3963.161109649503,1.1924,203.33457558139477
3963.2011200884167,1.082,246.9451905885154
3963.2411305273404,0.9829,299.2515047574809
3963.2811409662754,1.2118,196.87622963696393
3963.321151405222,1.0799,247.9065548732428
3963.3711644539217,1.0833,246.35286006400318
3963.411174892892,1.1201,230.43133016694958
3963.451185331875,1.1211,230.02043309333342
3963.4911957708678,1.0848,245.67204614837274
3963.5312062098733,1.1185,231.0910592709861
3963.571216648889,1.2067,198.54390136146796
3963.6112270879166,1.2043,199.3360291880755
3963.6512375269544,1.1832,206.50893199322672
3963.701250575767,1.0318,271.55887937742744
3963.74126101483,1.0397,267.4477652554165
3963.7812714539045,1.0172,279.4102538033677
3963.8212818929896,1.0567,258.91169023544325
3963.861292332086,0.9257,337.3761912001553
3963.901302771193,1.0341,270.35224514064106
3963.9413132103123,0.9274,336.14044991198847
3963.9813236494415,1.1271,227.57797384250614
3964.0313366983696,1.0246,275.3888458398226
3964.0713471375243,1.0398,267.3963256232698
3964.11135757669,1.156,216.34132098127878
3964.151368015867,1.1201,230.43133016694958
3964.1913784550543,1.0855,245.3552984280586
3964.231388894253,1.1348,224.50006809487616
3964.271399333464,1.1212,229.9794038442829
3964.311409772685,1.0766,249.42865161903632
3964.361422821726,1.1242,228.75361301131403
3964.401433260973,1.2402,187.9627292150411
3964.44144370023,1.1721,210.43880346991057
3964.4814541394985,1.1162,232.04439480835234
3964.5214645787773,1.1151,232.50242458391867
3964.5614750180675,1.1115,234.0109508146731
3964.6014854573696,1.0931,241.95539682681505
3964.6414958966825,1.1344,224.65841749581418
3964.691508945839,1.237,188.9364692835723
3964.731519385177,1.0873,244.54361155296598
3964.7715298245253,1.0193,278.26013798959485
3964.8115402638846,1.028,273.5702217629516
3964.8515507032557,1.0679,253.50930832940597
3964.8915611426387,1.0804,247.67715005929335
3964.931571582031,0.9917,293.96416662185055
3964.9715820214346,0.9822,299.67820091958896
3965.0215950707066,0.9818,299.9224371732064
3965.0616055101355,1.0003,288.9312329165142
3965.101615949576,1.0304,272.29731171005494
3965.141626389027,1.0645,255.13130426291127
3965.1816368284894,1.132,225.61204168979242
3965.221647267963,1.1057,236.47241789388474
3965.261657707447,1.1706,210.9784586492961
3965.301668146942,1.0123,282.12174732877554
3965.3516811963277,0.8777,375.2862998391856
3965.3916916358494,1.1443,220.787937131502
3965.4317020753806,1.1047,236.90073188644743
3965.4717125149236,1.0184,278.75217360878247
3965.511722954477,1.0491,262.67654462525223
3965.5517333940415,1.1197,230.59599733406432
3965.591743833618,1.1289,226.85281942583373
3965.631754273206,1.0837,246.17103323541025
3965.6817673227047,1.1614,214.33421537889856
3965.721777762316,1.0163,279.90534447930537
3965.7617882019395,1.1485,219.17607300888167
3965.801798641574,1.0798,247.95247408134574
3965.8418090812183,1.1006,238.66904238087253
3965.881819520876,1.0582,258.1781957861895
3965.921829960543,1.1011,238.45233668933773
3965.9618404002213,1.0982,239.71335322068532
3966.011853449835,1.1551,216.6785781426764
3966.0518638895387,1.143,221.29045207734387
3966.0918743292527,0.9547,317.1912086470475
3966.131884768979,1.033,270.9283255267341
3966.171895208716,1.0508,261.8273088356761
3966.211905648463,1.1738,209.8296935669644
3966.251916088221,1.0939,241.60162891180812
3966.291926527992,1.0454,264.53922344290794
3966.34193957772,1.1007,238.6256776159278
3966.3819500175146,1.0564,259.05876418946474
3966.421960457321,1.001,288.5272749870465
3966.4619708971377,1.0865,244.90386324728627
3966.501981336965,1.0371,268.790422961047
3966.5419917768045,0.9773,302.6907924973778
3966.5820022166545,1.0987,239.49522398579728
3966.6220126565154,0.9819,299.8613501258088
3966.6720257063585,1.1067,236.04526443281335
3966.7120361462444,1.1594,215.07431852428272
3966.752046586141,0.9292,334.8394035907396
3966.79205702605,1.1436,221.0583091521968
3966.832067465969,1.1017,238.19267922731228
3966.872077905899,1.0949,241.16050903237021
3966.912088345841,1.2312,190.72076391843575
3966.952098785794,1.1604,214.70378860210482
3967.0021118357504,1.019,278.42400501154026
3967.0421222757277,1.0448,264.8431456430389
3967.082132715716,0.9338,331.54862212093434
3967.122143155716,0.918,343.05960888547554
3967.1621535957256,0.9813,300.22815259239144
3967.202164035748,1.0271,274.04986509320673
3967.2421744757803,1.0605,257.05954351337635
3967.282184915825,1.0223,276.6293940915805
3967.332197965895,0.9559,316.3953301264496
3967.372208405963,1.1478,219.44348876230472
3967.4122188460437,1.1513,218.11128327249608
3967.4522292861348,1.0639,255.41915425625643
3967.4922397262353,1.0863,244.9940505555918
3967.532250166349,1.1216,229.81539657630458
3967.5722606064737,1.0544,260.0424675699361
3967.6122710466084,1.0529,260.78392673965214
3967.6622840967934,1.042,266.2683979138938
3967.7022945369536,0.9872,296.65025329652264
3967.742304977124,1.0754,249.98561851573635
3967.782315417307,1.1456,220.28713193984763
3967.8223258574985,1.1002,238.84261970270686
3967.862336297703,1.0981,239.75701482706316
3967.902346737919,1.1067,236.04526443281335
3967.9423571781454,1.0694,252.79863520858936
3967.992370228443,1.0808,247.49385539697346
3968.0323806686943,1.1288,226.89301479557972
3968.072391108957,1.0272,273.99650912383925
3968.11240154923,0.9581,314.94397882727833
3968.152411989515,0.904,353.76761600847874
3968.1924224298104,0.9972,290.7304269273805
3968.2324328701175,1.1228,229.32442603748473
3968.272443310435,1.0369,268.8941228689217
3968.3224563608474,1.0885,244.00472260749436
3968.36246680119,1.0712,251.94976514473427
3968.4024772415437,1.2362,189.1810865959094
3968.4424876819085,1.1332,225.1344722148503
3968.482498122284,1.1136,233.12919937889984
3968.5225085626707,1.0274,273.88984392097194
3968.562519003068,0.9836,298.8257192726211
3968.6025294434767,1.0508,261.8273088356761
3968.6525424940032,0.9233,339.1324011839784
3968.692552934437,0.9793,301.45570051287217
3968.732563374882,0.8494,400.7101662051582
3968.772573815337,1.0005,288.81572984185004
3968.8125842558043,0.8553,395.2009110901044
3968.8525946962823,1.0857,245.2649115905638
3968.8926051367707,1.0562,259.15688312387243
3968.9326155772706,1.032,271.4536342989603
3968.9726260177817,1.0125,282.0103029416668
3969.022639068436,1.1453,220.40255102160776
3969.062649508972,1.2124,196.68141536609326
3969.102659949519,0.9738,304.87054305027704
3969.1426703900765,1.0445,264.9953031878764
3969.1826808306455,1.092,242.44309782116727
3969.2226912712254,1.0239,275.7655191459165
3969.262701711816,1.0216,277.00861634572885
3969.312714762571,0.8752,377.433362628178
3969.3527252031868,0.9664,309.55737509562215
3969.3927356438135,0.994,292.60534433610854
3969.432746084451,0.9138,346.22038801778433
3969.472756525101,0.9124,347.283693329334
3969.5127669657613,0.923,339.35289120385846
3969.5527774064312,0.9728,305.4976543306543
3969.5927878471143,0.9476,321.9621923635115
3969.6327982878065,0.8472,402.7939857006833
3969.6828113386896,0.9021,355.25939202600125
3969.7228217794072,0.8422,407.5908173883005
3969.762832220136,0.8515,398.73611404997024
3969.802842660876,0.8344,415.246771857756
3969.842853101627,1.0197,278.0418735680205
3969.8828635423893,1.0918,242.53192913882194
3969.922873983163,0.9771,302.81471899871275
3969.962884423947,0.9855,297.67458588836143
3970.0128974749423,0.9253,337.66794414426687
3970.052907915752,0.9325,332.47369061222093
3970.092918356572,0.9264,336.8665326184418
3970.132928797404,0.9964,291.19746321360736
3970.1729392382463,1.0296,272.7206261384111
3970.212949679099,1.1011,238.45233668933773
3970.252960119963,1.0424,266.06408705049586
3970.2929705608385,0.9607,313.241583828618
3970.3429836119476,0.822,427.8693772214593
3970.382994052848,0.8908,364.3296402316343
3970.42300449376,0.9594,314.09105125459206
3970.4630149346817,0.9191,342.2389379252067
3970.5030253756145,0.8869,367.5408434014099
3970.5430358165586,0.7872,466.5354210017081
3970.583046257515,0.9382,328.4461032680811
3970.623056698481,0.9298,334.4073997089251
3970.6730697497037,0.9067,351.6638345122109
3970.7130801906956,0.9572,315.53650398439515
3970.7530906316974,0.9771,302.81471899871275
3970.79310107271,1.0577,258.42234722333654
3970.8331115137353,1.1082,235.406701079737
3970.87312195477,0.8769,375.9713623260541
3970.913132395817,1.0052,286.1212230403054
3970.953142836873,0.9361,329.9213938117393
3971.0031558882106,0.9351,330.627409104865
3971.0431663292934,0.9639,311.16521040927705
3971.083176770386,1.0685,253.22467990370816
3971.1231872114904,0.9726,305.6233087623109
3971.163197652605,1.0088,284.08276647118646
3971.203208093731,1.0802,247.76887375844245
3971.243218534869,0.9246,338.17942322739685
3971.283228976017,0.8847,369.3710554664767
3971.333242027468,0.7461,519.350617798941
3971.373252468641,0.9624,312.1359316629404
3971.413262909825,1.0341,270.35224514064106
3971.4532733510196,0.9727,305.560471857912
3971.493283792226,1.1114,234.05306369356393
3971.5332942334426,0.9726,305.6233087623109
3971.573304674672,0.8742,378.2973498255355
3971.613315115911,1.0438,265.35084780161526
3971.663328167475,1.0151,280.56751493754444
3971.7033386087382,0.9699,307.3272589620898
3971.7433490500134,0.9581,314.94397882727833
3971.7833594913,1.0026,287.60711774969405
3971.823369932597,0.9995,289.3939387877184
3971.863380373905,1.084,246.03479518636263
3971.903390815224,0.9832,299.06891390368065
3971.943401256555,1.0181,278.9164755256082
3971.993414308232,0.9033,354.31612261410373
3972.033424749587,0.855,395.47829339340143
3972.073435190953,0.9528,318.4575049419597
3972.1134456323293,1.0448,264.8431456430389
3972.1534560737177,1.0245,275.44260904473606
3972.193466515117,0.9853,297.79544430520116
3972.2334769565273,0.9689,307.9619695357446
3972.2734873979475,0.92,341.5696682510129
3972.323500449739,0.9299,334.33548035000365
3972.3635108911844,0.9965,291.1390221579101
3972.4035213326415,1.0899,243.37826715634694
3972.44353177411,1.0785,248.5505866205034
3972.4835422155884,0.9819,299.8613501258088
3972.5235526570777,1.0741,250.59110714084784
3972.563563098579,0.9059,352.2852165156759
3972.60357354009,1.059,257.7882725613448
3972.653586591997,0.9138,346.22038801778433
3972.693597033533,0.8187,431.32561975641084
3972.7336074750806,0.9497,320.5399066599156
3972.7736179166386,1.1486,219.13791066495065
3972.8136283582085,1.124,228.83502716120822
3972.8536387997888,1.0737,250.77785394290657
3972.8936492413804,0.8792,374.00684441468843
3972.933659682983,0.9587,314.54988879235117
3972.9836727350016,0.9264,336.8665326184418
3973.0236831766297,0.9562,316.196828537175
3973.063693618268,1.0396,267.49921973232756
3973.1037040599167,1.1175,231.50482973853036
3973.143714501577,0.9207,341.05048151059685
3973.1837249432488,0.9685,308.21640443266443
3973.2237353849305,0.9489,321.0806164319895
3973.263745826624,0.9054,352.6744169801913
3973.313758878757,0.8704,381.60770428550654
3973.3537693204744,0.9666,309.429286939395
3973.393779762204,0.9013,355.8903325125653
3973.433790203944,0.9904,294.73638761885627
3973.473800645695,1.0836,246.2164710657868
3973.5138110874577,0.9682,308.4074375892036
3973.553821529231,1.0297,272.66765787220004
3973.5938319710144,1.0612,256.7205269971927
3973.6438450232604,1.0173,279.3553248254381
3973.6838554650694,1.0964,240.50109096816917
3973.7238659068894,1.019,278.42400501154026
3973.7638763487203,1.0136,281.3985375499285
3973.803886790562,0.9697,307.45404400282047
3973.8438972324147,0.9791,301.57886921131814
3973.8839076742793,0.8624,388.7204545222739
3973.9239181161543,0.8809,372.5646888775401
3973.973931168513,0.9607,313.241583828618
3974.0139416104134,1.051,261.7276695787578
3974.0539520523234,0.9806,300.6569400764979
3974.0939624942453,0.917,343.8082376526947
3974.133972936178,0.8978,358.67055692209107
3974.1739833781207,0.9135,346.4478276627944
3974.213993820076,0.9913,294.20144952614066
3974.2540042620412,1.0257,274.79848803588794
3974.304017314513,1.103,237.63154101339993
3974.3440277565037,1.0441,265.19838397309616
3974.3840381985056,0.9907,294.55791292536816
3974.424048640518,0.8633,387.91038700509864
3974.4640590825416,0.5959,814.1560758717126
3974.5040695245757,0.9141,345.9931722671676
3974.5440799666203,1.0701,252.46801003150856
3974.5840904086767,1.0046,286.46309807282034
3974.6341034612624,0.8857,368.53745013822197
3974.6741139033443,0.9135,346.4478276627944
3974.714124345436,1.0031,287.3204712023888
3974.7541347875385,0.8823,371.38328537717626
3974.7941452296527,0.9857,297.55380103104255
3974.834155671777,0.9682,308.4074375892036
3974.8741661139134,0.9284,335.41671217800956
3974.9141765560603,0.8402,409.5335712220698
3974.9641896087596,0.9761,303.4354945812359
3975.004200050931,1.0773,249.10461343282552
3975.0442104931135,1.0335,270.66624277211156
3975.0842209353073,1.0171,279.4651989837232
3975.124231377512,1.1698,211.26712395261814
3975.164241819727,1.2563,183.17596400701206
3975.2042522619536,0.9531,318.2570598354427
3975.244262704192,1.1166,231.8781740493352
3975.2942757570036,1.1645,213.19458273759747
3975.334286199266,0.9202,341.42120827358497
3975.374296641539,1.0217,276.9543940125611
3975.414307083824,1.0641,255.3231501547754
3975.454317526118,0.9921,293.7271706662482
3975.4943279684244,0.9716,306.25274530459575
3975.534338410742,0.9518,319.127024719738
3975.5743488530707,0.8944,361.4026598051527
3975.624361905996,1.0708,252.13803304760782
3975.6643723483485,1.0924,242.2655815350247
3975.704382790712,0.9712,306.50506449464166
3975.744393233087,1.0722,251.48001689176402
3975.7844036754723,1.0998,239.0163864503211
3975.8244141178698,0.9756,303.74659845528333
3975.8644245602773,1.0079,284.59033346721606
3975.904435002696,0.9832,299.06891390368065
3975.9544480557347,0.994,292.60534433610854
3975.994458498178,1.0073,284.9294675593061
3976.034468940633,0.9727,305.560471857912
3976.0744793830977,1.0717,251.71472664816633
3976.1144898255748,0.9547,317.1912086470475
3976.1545002680614,1.0282,273.463805365739
3976.1945107105607,0.8789,374.2622115210843
3976.2345211530696,0.9499,320.4049426322535
3976.284534206221,1.0653,254.74826058624328
3976.324544648754,1.0278,273.6767002889716
3976.3645550912997,0.9694,307.6443687195191
3976.4045655338564,1.0957,240.80848238242808
3976.444575976423,0.9633,311.55295477950705
3976.484586419,1.1075,235.70437443106542
3976.524596861589,0.9903,294.7959152309198
3976.564607304189,0.9672,309.0454991101277
3976.614620357453,1.0434,265.554337513034
3976.6546308000784,1.0838,246.12560798180775
3976.6946412427137,1.0055,285.9505149815418
3976.73465168536,1.0531,260.6848824264059
3976.7746621280176,1.1372,223.55347798563216
3976.8146725706856,1.0371,268.790422961047
3976.854683013365,1.1543,216.97902478705677
3976.8946934560545,0.9843,298.4008418753654
3976.9447065094337,1.1127,233.50648156632724
3976.9847169521486,1.0997,239.0598577673038
3977.0247273948744,1.0388,267.91139064521394
3977.0647378376107,1.0047,286.40607636348864
3977.104748280359,1.0161,280.0155433242941
3977.1447587231173,0.9521,318.9259472621357
3977.1847691658863,0.8865,367.8725959998561
3977.224779608667,1.0911,242.8432235276018
3977.274792662159,1.0089,284.026453971219
3977.3148031049645,0.9408,326.63322282751767
3977.354813547781,1.0648,254.98756170619282
3977.3948239906076,1.073,251.10516353210642
3977.434834433446,1.0141,281.12112024522014
3977.4748448762957,1.1033,237.50232918435395
3977.5148553191557,1.0565,259.00972561705146
3977.554865762027,1.0336,270.6138718573369
3977.604878815631,1.0907,243.02137519577062
3977.6448892585267,1.0269,274.15662379815325
3977.6848997014326,0.9631,311.6823639707419
3977.724910144351,0.9771,302.81471899871275
3977.7649205872794,1.0886,243.95989562031616
3977.8049310302185,1.3328,162.7516037920368
3977.8449414731695,1.1595,215.03722238653208
3977.8849519161317,1.1113,234.09518794150065
3977.934964969849,1.0645,255.13130426291127
3977.974975412834,1.0426,265.96201979071463
3978.014985855832,1.0915,242.66526768410677
3978.054996298839,1.0924,242.2655815350247
3978.0950067418585,1.0468,263.83210288223967
3978.1350171848894,1.1109,234.26379870558853
3978.1750276279295,0.8887,366.0534960634022
3978.2150380709813,0.9726,305.6233087623109
3978.265051124811,0.8896,365.3132057605809
3978.3050615678876,1.0522,261.1310267158262
3978.345072010976,1.1105,234.43259170215939
3978.3850824540737,1.1222,229.56971442886524
3978.4250928971837,0.9355,330.3447312887736
3978.465103340304,0.95,320.33749258131
3978.5051137834353,1.0477,263.3790215060079
3978.545124226577,1.0472,263.63058915959954
3978.5951372805202,1.1211,230.02043309333342
3978.6351477236876,1.1007,238.6256776159278
3978.675158166865,1.0753,250.03211661115316
3978.7151686100533,1.1255,228.22547851118105
3978.7551790532534,1.1247,228.55026761964024
3978.795189496464,0.9881,296.11009872160963
3978.8351999396855,1.0851,245.53622206263384
3978.875210382918,1.0508,261.8273088356761
3978.9152208261617,1.1672,212.20938893202734
3978.9652338802316,1.157,215.9675134760093
3979.0052443234995,1.0192,278.3147442525176
3979.0452547667783,0.9409,326.56379663595084
3979.0852652100684,0.94,327.18943026225946
3979.1252756533695,1.1821,206.89344315866467
3979.1652860966806,1.1892,204.43034674360945
3979.205296540004,1.0888,243.87027869699165
3979.2453069833373,1.0836,246.2164710657868
3979.2953200375196,1.0094,283.7451424719497
3979.335330480879,1.1301,226.37130697192057
3979.3753409242477,1.0491,262.67654462525223
3979.4153513676274,0.9684,308.2800624251921
3979.45536181102,1.0752,250.07862768096018
3979.495372254421,1.1552,216.64106619458258
3979.535382697834,1.1249,228.4690053751397
3979.5753931412582,1.1321,225.57218622152888
3979.6254061955533,1.1288,226.89301479557972
3979.665416639002,1.117,231.71213183017107
3979.7054270824615,1.1061,236.30141748067874
3979.7454375259317,1.0513,261.5783173040913
3979.785447969414,1.0465,263.9833898389847
3979.8254584129063,1.1474,219.59651755645322
3979.8654688564093,1.2982,171.5426117916583
3979.905479299924,1.1469,219.7880287548234
3979.955492354331,1.0203,277.7149581334519
3979.9955027978704,1.053,260.73439752859747
3980.03551324142,1.1154,232.3773729706554
3980.075523684982,1.1373,223.51416673034623
3980.115534128552,1.1143,232.83638947972014
3980.1555445721356,1.0608,256.9141685403341
3980.1955550157295,1.2154,195.71166787246636
3980.235565459333,1.1602,214.77781794506976
3980.285578513854,1.2316,190.59689926244732
3980.3255889574825,1.0208,277.44296883862097
3980.3655994011233,1.2815,176.04269071666874
3980.4056098447745,1.0427,265.9110081840743
3980.4456202884367,0.9836,298.8257192726211
3980.4856307321083,0.9721,305.9377842205331
3980.525641175792,0.9485,321.3514845231599
3980.565651619487,1.072,251.57386138475485
3980.6156646741206,1.1385,223.04323934887202
3980.6556751178405,1.0465,263.9833898389847
3980.6956855615695,1.0278,273.6767002889716
3980.7356960053103,1.0096,283.6327348821035
3980.775706449063,1.2156,195.64727320089895
3980.8157168928255,1.1122,233.71647865232129
3980.8557273365986,1.1052,236.68642956118407
3980.895737780384,1.2816,176.01521947988917
3980.94575083513,1.1536,217.24242850987147
3980.98576127894,0.9605,313.3720466583873
3981.02577172276,1.0508,261.8273088356761
3981.0657821665905,1.1232,229.1611187812039
3981.105792610433,1.1835,206.40425134225313
3981.145803054286,1.1274,227.45687352696538
3981.18581349815,1.095,241.11646350233931
3981.2258239420253,1.1623,214.00241473555167
3981.2758369968833,1.1632,213.6713839635479
3981.3158474407833,1.0979,239.84437383396437
3981.3558578846937,1.0286,273.25115876448024
3981.395868328615,1.2592,182.33320960276905
3981.435878772547,1.1452,220.44104420732762
3981.47588921649,1.2799,176.48310659485657
3981.5158996604437,1.1659,212.6828871223162
3981.555910104409,1.1237,228.9572299039856
3981.605923159381,1.1174,231.5462678952555
3981.6459336033704,1.0641,255.3231501547754
3981.685944047371,1.0482,263.1278137657092
3981.7259544913813,1.1448,220.59511783646423
3981.765964935403,1.1466,219.90305575117645
3981.805975379437,1.0523,261.0813985924859
3981.8459858234814,1.0079,284.59033346721606
3981.885996267537,1.0316,271.6641856744938
3981.9360093226205,1.0605,257.05954351337635
3981.9760197667,1.0585,258.0318709686992
3982.0160302107906,1.1214,229.89737827247671
3982.0560406548916,1.0576,258.4712190690718
3982.0960510990044,1.2458,186.27670467003514
3982.1360615431277,1.1582,215.52022192790048
3982.1760719872614,1.0768,249.33600479283118
3982.2160824314064,0.9214,340.5324776188515
3982.2660954866024,1.0974,240.06298035338298
3982.3061059307724,1.206,198.77445020063854
3982.346116374953,1.1685,211.7374702145181
3982.3861268191445,1.1427,221.4066606920652
3982.4261372633473,1.1069,235.95997263542338
3982.46614770756,1.1468,219.82636105683787
3982.5061581517834,1.1815,207.10362933001372
3982.54616859602,1.0782,248.6889199174309
3982.5961816513286,1.0409,266.8314677930608
3982.636192095588,1.1839,206.26480090993238
3982.6762025398593,1.1845,206.0558900926604
3982.7162129841404,1.0523,261.0813985924859
3982.7562234284323,1.1138,233.04548307107726
3982.7962338727352,1.196,202.11233112835035
3982.8362443170495,1.2007,200.5331390284042
3982.876254761374,1.148,219.36703434336522
3982.926267816797,1.0211,277.2799670127125
3982.966278261146,0.9866,297.0111778733419
3983.006288705506,1.1346,224.5792218607524
3983.0462991498775,1.1837,206.3345084547681
3983.0863095942605,1.2243,192.8765762513351
3983.1263200386534,1.0672,253.84198177067137
3983.166330483057,1.0891,243.7359458715524
3983.2063409274715,1.1679,211.95508303558648
3983.2563539830066,1.0994,239.190342899444
3983.296364427446,1.0656,254.60484157624643
3983.3363748718957,1.0472,263.63058915959954
3983.376385316357,1.0432,265.656170158223
3983.4163957608293,1.1595,215.03722238653208
3983.4564062053123,1.1693,211.4478407171521
3983.496416649806,1.1467,219.86470338778926
3983.536427094311,1.0815,247.1735789806585
3983.586440149958,1.1489,219.02348341658853
3983.6264505944873,1.067,253.93715160537616
3983.666461039027,1.175,209.40132447468832
3983.7064714835788,1.0417,266.4217855400741
3983.7464819281404,1.1781,208.3007566250451
3983.786492372714,1.196,202.11233112835035
3983.826502817297,1.1505,218.41471576325327
3983.866513261892,1.3189,166.20018453100917
3983.9165263176506,1.2643,180.8651670529239
3983.956536762271,1.165,213.01162252308575
3983.9965472069002,1.2134,196.3573668943149
3984.0365576515414,1.2537,183.936514332882
3984.076568096193,1.252,184.4363611623037
3984.116578540856,1.1678,211.99138445303714
3984.15658898553,1.0413,266.6265086366513
3984.1965994302154,1.1595,215.03722238653208
3984.246612486086,1.264,180.9510308918602
3984.286622930795,1.253,184.1420872338527
3984.326633375515,1.0958,240.76453325396417
3984.3666438202463,1.2318,190.53501217963588
3984.406654264988,0.9749,304.18294830565344
3984.446664709741,1.1562,216.26648187991574
3984.486675154504,0.9612,312.9157829686276
3984.526685599279,1.1703,211.08663876716983
3984.5766986552617,1.1283,227.09415198144845
3984.616709100061,1.107,235.9173440713998
3984.6567195448706,1.2248,192.7191325463664
3984.6967299896924,1.1205,230.26683931857838
3984.7367404345237,1.0735,250.87130563589625
3984.7767508793663,1.1188,230.9671444319358
3984.8167613242194,1.0963,240.5449679799973
3984.856771769084,1.0505,261.9768744400297
3984.90678482518,1.0109,282.90371103080366
3984.946795270068,1.0718,251.66775841730208
3984.9868057149674,1.1652,212.93850437731768
3985.026816159878,1.1338,224.89625591159034
3985.0668266047996,1.1138,233.04548307107726
3985.1068370497323,1.1706,210.9784586492961
3985.1468474946755,1.1243,228.71292222835407
3985.1868579396296,1.1386,223.0040625969228
3985.236870995837,1.3334,162.60516773578112
3985.276881440816,1.3723,153.5172340760397
3985.3168918858055,1.1827,206.68357679691502
3985.3569023308055,1.2656,180.49379572899386
3985.3969127758164,1.2945,172.52463457632103
3985.436923220839,1.2606,181.92844275531075
3985.476933665872,1.2959,172.15206904855665
3985.5169441109156,1.1811,207.24393143722952
3985.5669571672356,1.1734,209.97277540032192
3985.6069676123047,1.223,193.28683398957918
3985.646978057383,1.0334,270.71862889108536
3985.6869885024735,1.206,198.77445020063854
3985.726998947574,1.0801,247.81475471651342
3985.7670093926868,1.2094,197.65838837701295
3985.807019837808,1.1832,206.50893199322672
3985.8470302829414,1.2164,195.39001206841195
3985.8970433393747,1.1572,215.89286824132506
3985.9370537845325,1.1796,207.77133612448458
3985.977064229702,1.1812,207.20884254738883
3986.0170746748818,1.1621,214.07608159578712
3986.0570851200723,1.0812,247.31076413152917
3986.0970955652733,1.062,256.3339001162646
3986.137106010486,1.0971,240.19428775500754
3986.1771164557094,1.0761,249.66049472570876
3986.227129512253,1.2095,197.6257054412725
3986.267139957501,1.3055,169.62953793332915
3986.3071504027594,1.2071,198.412339210249
3986.347160848029,1.1879,204.8780353472757
3986.3871712933096,1.2562,183.20512864784214
3986.4271817386007,1.3055,169.62953793332915
3986.467192183903,1.1322,225.53234131332718
3986.507202629216,1.1669,212.31851729896704
3986.557215685872,1.2086,197.92014398453387
3986.5972261312086,1.1435,221.09697426486528
3986.6372365765583,1.1938,202.85794423836697
3986.6772470219166,1.1595,215.03722238653208
3986.717257467287,0.9988,289.7997188055185
3986.757267912668,1.035,269.88227220202594
3986.797278358059,1.0912,242.79871621938074
3986.837288803462,1.1293,226.6921447120898
3986.887301860231,1.2392,188.26621278147812
3986.9273123056573,1.2848,175.1395239093408
3986.9673227510957,1.1951,202.41685700615986
3987.007333196545,1.2352,189.48752686865114
3987.0473436420043,1.1835,206.40425134225313
3987.087354087474,1.2463,186.12727099489896
3987.127364532956,1.1629,213.7816421600535
3987.167374978448,1.1275,227.41652823472057
3987.217388035328,1.2384,188.5095291511938
3987.257398480845,1.1142,232.87818567951905
3987.2974089263726,1.2556,183.38026285217
3987.337419371911,1.2855,174.94883671829228
3987.37742981746,1.1998,200.83410146515072
3987.41744026302,1.1651,212.975058743433
3987.4574507085913,1.1219,229.6925062304283
3987.497461154173,1.0994,239.190342899444
3987.5474742111655,1.1652,212.93850437731768
3987.587484656771,1.2162,195.45427976023933
3987.6274951023884,1.2172,195.13325802045344
3987.667505548017,1.2338,189.91779568235685
3987.7075159936553,1.2582,182.62315638790884
3987.747526439305,1.2119,196.8437404968416
3987.7875368849664,1.1567,216.07955393588222
3987.8275473306376,1.1707,210.94241708994412
3987.8775603877416,1.1503,218.49067282262376
3987.917570833437,1.1506,218.3767520861086
3987.9575812791436,1.1186,231.04974324680893
3987.997591724861,1.1404,222.30064244279032
3988.0376021705897,1.1085,235.27929938338573
3988.077612616329,1.1237,228.9572299039856
3988.1176230620786,1.0866,244.85878826686866
3988.1576335078403,1.1988,201.16929949390698
3988.1976439536124,1.1245,228.63157322709245
3988.2476570108415,1.1509,218.26292042354464
3988.2876674566382,1.0436,265.4525634091193
3988.327677902444,1.0394,267.6021732432955
3988.3676883482617,0.9874,296.5300912915205
3988.4076987940916,1.2714,178.85076387281194
3988.4477092399306,1.2769,177.31335306504604
3988.487719685782,1.139,222.8474587626768
3988.5377327431092,1.0596,257.49640954557583
3988.577743188984,1.3269,164.20215553631166
3988.6177536348705,1.2612,181.75538374152168
3988.657764080766,1.1664,212.50058506510126
3988.697774526674,1.2841,175.330523032424
3988.7377849725917,1.2899,173.75733134472986
3988.7777954185217,1.2187,194.65320629852806
3988.8178058644608,1.1494,218.83297040607061
3988.8578163104116,1.1819,206.9634696493099
3988.907829367865,1.1343,224.69803102351824
3988.9478398138413,1.2016,200.2328526016001
3988.9878502598267,1.1863,205.43105842777987
3989.027860705823,1.2015,200.26618443989474
3989.0678711518303,1.2898,173.78427566670888
3989.10788159785,1.1928,203.19822393048085
3989.147892043878,1.0096,283.6327348821035
3989.1879024899195,1.0772,249.15086592906718
3989.2379155474846,1.1582,215.52022192790048
3989.2779259935487,1.1501,218.56666951172963
3989.3179364396246,1.2441,186.78612754621827
3989.35794688571,1.2353,189.4568493484066
3989.397957331808,1.2668,180.15200570943927
3989.437967777915,1.2502,184.96783480723994
3989.477978224034,1.1595,215.03722238653208
3989.5179886701644,1.3594,156.44465382205317
3989.568001727841,1.2437,186.90629544167854
3989.608012173995,1.3322,162.8982377495505
3989.6480226201597,1.2569,183.0011223195763
3989.688033066336,1.2067,198.54390136146796
3989.728043512522,1.2917,173.2734031339613
3989.7680539587186,1.3502,158.5838824780358
3989.808064404927,1.2046,199.23675422116673
3989.8480748511465,1.3119,167.9785277317323
3989.898087908936,1.1843,206.12549175272446
3989.9380983551796,1.302,170.54274978273855
3989.978108801434,1.2317,190.5659519526504
3990.018119247698,1.0724,251.3862248991393
3990.0581296939745,1.245,186.51617313961444
3990.0981401402605,1.321,165.67218649310027
3990.1381505865584,1.0511,261.67787127785016
3990.178161032867,1.224,192.97113510205534
3990.2281740907674,1.2421,187.3881285323679
3990.2681845371,1.194,202.78999087669473
3990.3081949834436,1.1667,212.39131631619372
3990.3482054297983,1.1217,229.7744221718031
3990.3882158761635,1.2265,192.18526347716696
3990.42822632254,1.2877,174.35155729358547
3990.4682367689265,1.1672,212.20938893202734
3990.508247215324,1.2358,189.30357343859788
3990.558260273336,1.1869,205.2234126674039
3990.598270719758,1.2806,176.29022151902097
3990.638281166191,1.2095,197.6257054412725
3990.6782916126353,1.1631,213.7081272161772
3990.7183020590896,1.0344,270.19545118493147
3990.7583125055553,1.2699,179.27352846462668
3990.7983229520305,1.1599,214.88893376959746
3990.838333398518,1.2329,190.19517140495088
3990.8883464566425,1.2438,186.8762425985101
3990.9283569031536,1.1926,203.2663826062394
3990.968367349676,1.2823,175.82310074383903
3991.008377796209,1.3843,150.86720044929527
3991.048388242752,1.3273,164.1032013950745
3991.0883986893073,1.3105,168.3376202530045
3991.1284091358725,1.3032,170.2288195796496
3991.1684195824487,1.2724,178.5697510740862
3991.218432640685,1.3879,150.08556323656813
3991.2584430872857,1.1966,201.90969550342447
3991.298453533897,1.2847,175.166790384616
3991.338463980519,1.2024,199.96649721221513
3991.378474427152,1.4303,141.31914855998
3991.418484873796,1.3304,163.33933060132378
3991.4584953204503,1.3905,149.52481910240667
3991.498505767116,1.3031,170.25494730900616
3991.548518825463,1.2554,183.43869672952326
3991.5885292721537,1.6367,107.92379322803683
3991.628539718854,1.3303,163.36388827207472
3991.6685501655656,1.4189,143.5990964158031
3991.708560612288,1.501,128.31987667994397
3991.748571059021,1.3237,164.9970208756778
3991.7885815057657,1.2166,195.32577606934618
3991.8285919525197,1.1321,225.57218622152888
3991.8786050109793,1.4141,144.57561152398245
3991.9186154577583,1.32,165.92329984992594
3991.958625904548,1.2382,188.57043194601314
3991.998636351349,1.2672,180.0382914225028
3992.0386467981602,1.2567,183.05937505729042
3992.078657244982,1.1714,210.69038456975719
3992.118667691815,1.3167,166.75603718052417
3992.1586781386604,1.4047,146.5170323287758
3992.2086911972297,1.3502,158.5838824780358
3992.2487016440978,1.4629,135.09087764168365
3992.288712090977,1.3787,152.0952725822023
3992.3287225378667,1.2041,199.4022537270296
3992.3687329847676,1.2023,199.99976256144197
3992.4087434316803,1.3098,168.5175984664131
3992.4487538786025,1.3449,159.83624334633248
3992.4887643255356,1.2798,176.5106874455573
3992.538777384217,1.3223,165.34659047269068
3992.5787878311744,1.3058,169.55160413534057
3992.6187982781425,1.156,216.34132098127878
3992.658808725121,1.2604,181.98618402239222
3992.698819172112,1.1465,219.94141815049974
3992.7388296191125,1.116,232.12757222030737
3992.778840066124,1.207,198.44521748598174
3992.818850513146,1.2382,188.57043194601314
3992.868863571939,1.2526,184.2597122325803
3992.908874018987,1.3204,165.82278604080835
3992.948884466044,1.2733,178.3174054337002
3992.9888949131123,1.2457,186.30661299979522
3993.028905360191,1.2546,183.67271175975586
3993.0689158072805,1.2567,183.05937505729042
3993.108926254381,1.3312,163.1430684286716
3993.1489367014924,1.3285,163.80687507900615
3993.1989497603968,1.3223,165.34659047269068
3993.238960207533,1.3188,166.22539022704916
3993.2789706546796,1.2242,192.90808814421916
3993.3189811018365,1.2423,187.32779756762523
3993.3589915490043,1.0704,252.3265120523892
3993.399001996184,1.2072,198.3794691047167
3993.439012443374,1.1797,207.7361132112171
3993.4790228905736,1.2412,187.65997887705618
3993.5290359495903,1.2496,185.14550327062508
3993.569046396815,1.265,180.66505560994062
3993.609056844051,1.0913,242.7542211457134
3993.649067291297,1.0902,243.24434059734952
3993.689077738554,1.2413,187.6297440798759
3993.729088185822,1.2881,174.24328970513196
3993.7690986331013,1.1983,201.33721328951157
3993.8091090803905,1.2858,174.86720895751256
3993.8591221395172,1.2995,171.19956649994216
3993.8991325868315,1.3869,150.30207425138946
3993.9391430341566,1.1329,225.25372232450442
3993.979153481492,1.0798,247.95247408134574
3994.0191639288387,1.2691,179.4996161062765
3994.059174376195,1.3379,161.5131696171838
3994.0991848235626,1.2433,187.02657933854942
3994.139195270942,1.2252,192.59331634258592
3994.1892083301805,1.1676,212.06401527147688
3994.2292187775834,1.3321,162.92269600790848
3994.2692292249967,1.4024,146.9980153186218
3994.309239672422,1.2435,186.96642288060866
3994.3492501198557,1.2503,184.93824826162012
3994.389260567303,1.3157,167.0096197326933
3994.4292710147597,1.2749,177.87010981136825
3994.4692814622267,1.3005,170.93638523998303
3994.5192945215767,1.1781,208.3007566250451
3994.5593049690688,1.2082,198.0512168154743
3994.599315416572,1.1227,229.36528012759513
3994.639325864086,1.2536,183.96586080766292
3994.6793363116094,1.2929,172.95190660789655
3994.719346759144,1.0844,245.85332031269584
3994.7593572066908,1.1227,229.36528012759513
3994.799367654247,1.2788,176.7868519177147
3994.8493807137083,1.4005,147.3971377523064
3994.8893911612895,1.2584,182.56511172835442
3994.929401608881,1.373,153.36073794814507
3994.9694120564823,1.2698,179.3017660526556
3995.0094225040966,1.2003,200.66681653285485
3995.049432951721,1.2532,184.08331696683416
3995.0894433993553,1.2257,192.4362192739997
3995.1294538470015,1.2555,183.40947630017575
3995.179466906573,1.1228,229.32442603748473
3995.219477354243,1.3103,168.38901316730468
3995.259487801923,1.3508,158.4430339037344
3995.2994982496148,1.2335,190.01018679869298
3995.339508697317,1.2611,181.78420975782964
3995.379519145031,1.3218,165.47170602597453
3995.419529592754,1.2941,172.6313040234924
3995.4595400404887,1.0717,251.71472664816633
3995.509553100172,1.1306,226.17112914486506
3995.549563547931,1.303,170.2810810541828
3995.5895739957004,1.2575,182.8265308426376
3995.6295844434803,1.3201,165.89816283156793
3995.6695948912707,1.1967,201.87595252846126
3995.7096053390733,1.2258,192.40482292665345
3995.7496157868864,1.3711,153.78607101320853
3995.7896262347094,1.2453,186.4263183783592
3995.839639294504,1.2996,171.17322103239027
3995.8796497423514,1.3049,169.7855668147734
3995.9196601902104,1.2922,173.13933739634467
3995.9596706380785,1.2649,180.69362261986157
3995.999681085959,1.4205,143.27578913410562
3996.0396915338497,1.2919,173.21975815935343
3996.0797019817514,1.3305,163.31477846760313
3996.119712429664,1.362,155.8479319985218
3996.16972548957,1.3483,159.03114414500146
3996.2097359375057,1.2757,177.6470928654381
3996.249746385454,1.1598,214.92599154033795
3996.289756833412,1.1818,206.99849622754488
3996.32976728138,1.2632,181.18030028616408
3996.3697777293596,1.2527,184.23029541919297
3996.409788177351,1.2377,188.72281812070008
3996.4497986253523,1.1403,222.33963397044792
3996.4998116853676,1.1001,238.88604362018145
3996.5398221333935,1.2046,199.23675422116673
3996.5798325814294,1.2533,184.0539423835492
3996.6198430294767,1.3975,148.03064862202956
3996.6598534775353,1.4251,142.3523388726662
3996.699863925603,1.2568,183.0302452121827
3996.7398743736826,1.1606,214.6297975270534
3996.779884821772,1.3577,156.8366730006606
3996.8298978818993,1.2657,180.46527609196457
3996.8699083300135,1.2945,172.52463457632103
3996.9099187781394,1.2412,187.65997887705618
3996.949929226275,1.2218,193.66669634614837
3996.9899396744213,1.3292,163.6343885709971
3997.0299501225786,1.3188,166.22539022704916
3997.0699605707473,1.2832,175.57655277837347
3997.109971018925,1.3324,162.84933775267788
3997.1599840791637,1.2851,175.05776267133052
3997.199994527367,1.4143,144.5347247851294
3997.2400049755806,1.3793,151.96297757918012
3997.2800154238053,1.2545,183.7019951213966
3997.3200258720403,1.3199,165.94844258188763
3997.360036320286,1.1544,216.94143479417184
3997.4000467685437,1.172,210.47471602992152
3997.4400572168106,1.3491,158.84259311149822
3997.480067665089,1.2568,183.0302452121827
3997.5300807254516,1.2032,199.70067293973707
3997.570091173755,1.2477,185.7098120255868
3997.610101622068,1.2086,197.92014398453387
3997.650112070392,1.215,195.84055262812225
3997.6901225187266,1.2687,179.61282034444145
3997.7301329670727,1.2724,178.5697510740862
3997.770143415428,1.275,177.84220973371836
3997.8201564758897,1.2527,184.23029541919297
3997.8601669242694,1.4334,140.70855091828258
3997.9001773726604,1.2291,191.3730386398181
3997.9401878210624,1.1418,221.75583629829273
3997.980198269476,1.2297,191.18633339917216
3998.020208717899,1.1418,221.75583629829273
3998.0602191663334,1.3391,161.22382779444834
3998.1002296147785,1.3455,159.69372340283385
3998.1402400632346,1.256,183.26347882910213
3998.190253123819,1.2618,181.58257154332142
3998.2302635722986,1.1915,203.64186904224619
3998.2702740207897,1.2565,183.11765561386363
3998.3102844692917,1.342,160.5277866961519
3998.350294917803,1.3847,150.78005071235268
3998.3903053663266,1.468,134.1538664164773
3998.4303158148605,1.2821,175.87795970250576
3998.4703262634043,1.2658,180.43676321393858
3998.5203393241,1.1972,201.7073644662145
3998.560349772668,1.414,144.59606139973388
3998.600360221248,1.3017,170.6213680224471
3998.6403706698384,1.1955,202.28142726153905
3998.680381118439,1.2333,190.07181833663353
3998.7203915670502,1.35,158.63087374083443
3998.760402015673,1.2992,171.2786394066493
3998.8004124643053,1.3748,152.95941642551088
3998.8504255251123,1.3367,161.803291044367
3998.8904359737703,1.21,197.46241229216128
3998.930446422438,1.1734,209.97277540032192
3998.970456871117,1.4304,141.29938987570665
3999.010467319806,1.269,179.52790713025263
3999.0504777685055,1.4095,145.52081557397483
3999.090488217217,1.2262,192.27931434157694
3999.130498665939,1.1821,206.89344315866467
3999.180511726857,1.2074,198.3137533934274
3999.220522175603,1.1715,210.6544167998204
3999.2605326243593,1.2199,194.27043923639204
3999.300543073127,1.3952,148.51911032180502
3999.3405535219044,1.4411,139.208917907689
3999.3805639706934,1.3141,167.41655659261863
3999.4205744194933,1.2115,196.97374533305145
3999.4605848683027,1.2056,198.90637273578182
3999.510597929331,1.2715,178.82263275363601
3999.550608378166,1.2744,178.00970873093618
3999.590618827011,1.2396,188.1447312160458
3999.630629275867,1.3865,150.38880985707624
3999.670639724733,1.2621,181.49625785342374
3999.7106501736107,1.2,200.7671623991653
3999.7506606224993,1.2198,194.3022933507006
3999.7906710713983,1.1567,216.07955393588222
3999.840684132537,1.2247,192.75060586116803
3999.88069458146,1.1225,229.44702106628182
3999.9207050303935,1.2457,186.30661299979522
3999.960715479338,1.311,168.20924085490947
4000.000725928294,1.3638,155.43681461027404
4000.0407363772592,1.4156,144.2693832565365
4000.0807468262356,1.347,159.33825639024414
4000.120757275224,1.3832,151.10725219663505
4000.1707703364727,1.2799,176.48310659485657
4000.2107807854845,1.3187,166.2506016575168
4000.250791234507,1.2929,172.95190660789655
4000.29080168354,1.2146,195.96956474014667
4000.3308121325845,1.3249,164.6982713697257
4000.3708225816385,1.2274,191.9035245464988
4000.410833030704,1.2827,175.7134597994673
4000.4508434797795,1.2604,181.98618402239222
4000.5008565411395,1.07,252.51520247480366
4000.54086699024,1.3185,166.3010417286943
4000.58087743935,1.3703,153.96568814806326
4000.620887888472,1.351,158.39612607581165
4000.660898337605,1.3907,149.48181515911665
4000.7009087867477,1.4183,143.72061883221136
4000.7409192359005,1.2398,188.08403452171555
4000.7809296850655,1.2855,174.94883671829228
4000.8309427465365,1.2976,171.70128824619496
4000.870953195725,1.3809,151.61103358764726
4000.9109636449243,1.3578,156.81357228154076
4000.9509740941344,1.3286,163.7822174563728
4000.9909845433554,1.3584,156.67507508638167
4001.0309949925872,1.4675,134.24529853172078
4001.07100544183,1.5041,127.79147906951786
4001.111015891082,1.3831,151.12910348801898
4001.1610289526625,1.3847,150.78005071235268
4001.2010394019408,1.1694,211.41167881890576
4001.2410498512286,1.2323,190.38042628068507
4001.2810603005264,1.1573,215.8555601355148
4001.3210707498356,1.2388,188.38781204249884
4001.361081199156,1.3483,159.03114414500146
4001.401091648486,1.3712,153.76364097365942
4001.4411020978278,1.1623,214.00241473555167
4001.4911151595197,1.2819,175.93284434017798
4001.531125608885,1.3303,163.36388827207472
4001.5711360582604,1.2786,176.84216258257499
4001.6111465076483,1.4739,133.0819849049331
4001.6511569570457,1.3077,169.0592683210666
4001.691167406454,1.3668,154.75522498605392
4001.731177855873,1.1274,227.45687352696538
4001.771188305303,1.2196,194.3660250875485
4001.821201367105,1.3316,163.0450699650883
4001.8612118165593,1.3011,170.77876767907543
4001.901222266023,1.4385,139.7125953904606
4001.9412327154996,1.2066,198.57681234509337
4001.9812431649852,1.1968,201.8422180114368
4002.021253614482,1.196,202.11233112835035
4002.0612640639893,1.1897,204.2585494698423
4002.1012745135076,1.1877,204.94704102642044
4002.1512875754197,1.3259,164.44993282361682
4002.191298024962,1.3088,168.7752113152482
4002.231308474516,1.284,175.35783412494487
4002.2713189240794,1.1694,211.41167881890576
4002.311329373653,1.2012,200.36622990739795
4002.3513398232385,1.2679,179.83955033041255
4002.3913502728346,1.3244,164.8226516447103
4002.431360722442,1.2882,174.2162385653397
4002.481373784465,1.2224,193.47662532991643
4002.521384234095,1.2475,185.76936298340462
4002.561394683737,1.4713,133.5527504222636
4002.601405133388,1.4831,131.4360325491024
4002.641415583052,1.2869,174.5683954186384
4002.681426032725,1.2126,196.61654153024142
4002.7214364824094,1.1585,215.40861616310247
4002.761446932104,1.1286,226.97343759113392
4002.8114599942373,1.4449,138.47765911903332
4002.8514704439553,1.2454,186.39638122016063
4002.891480893686,1.3655,155.0500289564447
4002.931491343426,1.2964,172.0193023575607
4002.9715017931776,1.3037,170.09827110557353
4003.0115122429397,1.3025,170.4118400820361
4003.0515226927123,1.3586,156.628950126074
4003.091533142495,1.4021,147.06092679568613
4003.141546204739,1.2998,171.12054833807917
4003.181556654547,1.2136,196.29265330651657
4003.2215671043637,1.325,164.67341221017102
4003.2615775541935,1.3969,148.15784083380186
4003.3015880040325,1.3993,147.65005318281342
4003.341598453882,1.2648,180.72219640590126
4003.3816089037427,1.2217,193.69840207814906
4003.421619353614,1.3301,163.4130202313285
4003.4716324159685,1.2913,173.38076787086564
4003.5116428658653,1.2332,190.10264535100956
4003.551653315771,1.2865,174.6769662064709
4003.5916637656874,1.3312,163.1430684286716
4003.631674215615,1.3209,165.6972721668448
4003.6716846655536,1.2162,195.45427976023933
4003.711695115502,1.264,180.9510308918602
4003.7517055654625,1.2826,175.7408604189409
4003.8017186279267,1.4821,131.61345685914304
4003.8417290779107,1.391,149.41734402115068
4003.881739527905,1.2954,172.28498950542743
4003.92174997791,1.4346,140.4732525432583
4003.961760427926,1.3797,151.87487678100055
4004.0017708779524,1.4103,145.35576763951653
4004.04178132799,1.2564,183.14680632975814
4004.0817917780373,1.2312,190.72076391843575
4004.1318048406124,1.3375,161.60978999868703
4004.1718152906847,1.3597,156.37562656013193
4004.211825740768,1.4301,141.3586783639085
4004.251836190861,1.359,156.53676129058385
4004.2918466409646,1.4018,147.12387866820438
4004.331857091079,1.3888,149.89110306669056
4004.3718675412047,1.3747,152.9816707164143
4004.4118779913415,1.3218,165.47170602597453
4004.4618910540266,1.348,159.10193734492154
4004.5019015041867,1.4259,142.19265047290162
4004.541911954357,1.3643,155.3229040203503
4004.581922404539,1.2786,176.84216258257499
4004.621932854731,1.3244,164.8226516447103
4004.661943304934,1.337,161.7306874465649
4004.701953755147,1.2379,188.66184149244563
4004.741964205372,1.3136,167.5440294087422
4004.7919772681666,1.3358,162.02139541604723
4004.8319877184153,1.269,179.52790713025263
4004.8719981686736,1.3053,169.68152365413013
4004.9120086189446,1.3116,168.05537933756491
4004.9520190692247,1.1917,203.5735214346814
4004.9920295195157,1.2524,184.3185670002625
4005.032039969817,1.1459,220.17180349730964
4005.07205042013,1.4433,138.78485361875133
4005.122063483035,1.3393,161.1756797560653
4005.162073933373,1.3219,165.44667155710403
4005.2020843837195,1.3675,154.59683251436797
4005.242094834077,1.2908,173.5151141782701
4005.2821052844456,1.4608,135.47956132332337
4005.3221157348244,1.3933,148.92444802533478
4005.3621261852145,1.3918,149.2456247574183
4005.4021366356155,1.3847,150.78005071235268
4005.452149698631,1.3066,169.34404305375622
4005.492160149056,1.3078,169.03341533505002
4005.5321705994907,1.2718,178.7382792068723
4005.5721810499367,1.3994,147.62895204343886
4005.6121915003932,1.3272,164.12793154276113
4005.6522019508607,1.2179,194.90901314918563
4005.692212401339,1.3913,149.35291458355596
4005.7322228518274,1.3632,155.57367280356817
4005.782235914953,1.3635,155.50522112307775
4005.822246365465,1.4497,137.5621705379626
4005.862256815989,1.3016,170.64758618335983
4005.902267266523,1.3036,170.12436878350945
4005.942277717068,1.3071,169.21451086472752
4005.9822881676237,1.3998,147.54459270425
4006.0222986181893,1.2846,175.19406322783036
4006.062309068766,1.1927,203.23229898237338
4006.112322132002,1.3527,157.99824922003634
4006.152332582603,1.2502,184.96783480723994
4006.1923430332145,1.2818,175.9602962936498
4006.232353483836,1.2315,190.62785411147476
4006.2723639344686,1.3337,162.532023809355
4006.312374385112,1.2877,174.35155729358547
4006.352384835766,1.4062,146.20461848355325
4006.3923952864316,1.2649,180.69362261986157
4006.442408349777,1.2665,180.2373621405626
4006.482418800465,1.3232,165.1217397919384
4006.5224292511652,1.2663,180.2943001341407
4006.562439701875,1.2762,177.50792020150638
4006.6024501525953,1.3007,170.88382181660631
4006.6424606033274,1.318,166.42724238097634
4006.68247105407,1.2556,183.38026285217
4006.7224815048226,1.275,177.84220973371836
4006.772494568278,1.3433,160.21723062105286
4006.8125050190542,1.3568,157.04480937564577
4006.8525154698427,1.3046,169.86366199714678
4006.8925259206408,1.2728,178.45753136857772
4006.9325363714493,1.3399,161.03136498088483
4006.9725468222687,1.4065,146.14225563015717
4007.012557273099,1.3819,151.3916891083831
4007.0525677239393,1.3902,149.58935982099683
4007.102580787505,1.236,189.2423151523577
4007.1425912383693,1.3163,166.8574008499269
4007.182601689245,1.2328,190.22602843464992
4007.222612140132,1.2812,176.12514302573544
4007.262622591028,1.2704,179.1324405329113
4007.302633041935,1.3499,158.65437720507208
4007.342643492854,1.2843,175.27591998494287
4007.382653943782,1.2864,174.70412472944676
4007.422664394722,1.4589,135.83267477825365
4007.4726774584105,1.3092,168.67209533633786
4007.5126879093746,1.3671,154.68731270522633
4007.5526983603477,1.3633,155.55085055565192
4007.592708811332,1.2542,183.78988723702525
4007.632719262327,1.3475,159.2200311016666
4007.6727297133334,1.3829,151.17282029259107
4007.7127401643506,1.4371,139.98493937677006
4007.752750615379,1.3498,158.67788589326528
4007.802763679177,1.4231,142.7527387558889
4007.8427741302285,1.2795,176.59346880189483
4007.88278458129,1.2975,171.72775572558206
4007.9227950323625,1.3795,151.91891760045274
4007.9628054834457,1.3565,157.11428024599803
4008.0028159345397,1.3489,158.8896994206538
4008.0428263856447,1.3299,163.4621743586926
4008.0828368367593,1.1905,203.98412393635357
4008.1328499006686,1.4194,143.49794543435692
4008.172860351808,1.3673,154.64206268365174
4008.2128708029577,1.3465,159.4566134060588
4008.252881254118,1.4088,145.66546322535146
4008.2928917052895,1.3964,148.2639596104134
4008.3329021564705,1.3431,160.26494979020697
4008.3729126076632,1.3338,162.50765346760303
4008.4129230588665,1.3261,164.40033251962416
4008.4629361228845,1.4007,147.35504836573375
4008.5029465741122,1.3499,158.65437720507208
4008.5429570253496,1.2423,187.32779756762523
4008.5829674765973,1.0886,243.95989562031616
4008.622977927857,1.2065,198.60973151247006
4008.662988379126,1.2139,196.19564289246844
4008.702998830407,1.2668,180.15200570943927
4008.7430092816976,1.3989,147.73450299741413
4008.7930223458256,1.3181,166.4019907607687
4008.8330327971407,1.292,173.1929450137578
4008.8730432484663,1.5043,127.75750103347434
4008.9130536998027,1.3979,147.94594478698937
4008.953064151149,1.4412,139.18960011811032
4008.993074602507,1.4636,134.96168805959869
4009.033085053875,1.3587,156.6058952838087
4009.0730955052545,1.4216,143.05414833160702
4009.1231085694917,1.4874,130.6771813797409
4009.163119020895,1.2039,199.4685112737009
4009.203129472309,1.1609,214.51888260913316
4009.2431399237316,1.1968,201.8422180114368
4009.2831503751668,1.2187,194.65320629852806
4009.3231608266115,1.1967,201.87595252846126
4009.363171278067,1.1931,203.0960501779081
4009.4031817295345,1.3207,165.7474606102026
4009.4531947938826,1.589,114.50054548769664
4009.493205245373,1.377,152.4710480092704
4009.5332156968734,1.3604,156.21474050331977
4009.573226148386,1.2451,186.48621433576835
4009.6132365999074,1.4725,133.3351641550655
4009.6532470514408,1.2894,173.89211565224133
4009.693257502984,1.2769,177.31335306504604
4009.7332679545393,1.4029,146.89325253068913
4009.7832810189975,1.3135,167.5695414421818
4009.8232914705754,1.2445,186.66607550305474
4009.863301922164,1.4861,130.90590693621422
4009.9033123737636,1.3945,148.66825251755884
4009.943322825373,1.2847,175.166790384616
4009.983333276994,1.2279,191.74727053816304
4010.023343728625,1.1302,226.3312501515278
4010.0633541802667,1.2206,194.0476796067523
4010.1133672448345,1.3351,162.1913371789632
4010.1533776965002,1.3081,168.95589194858408
4010.1933881481773,1.3099,168.49186962644566
4010.233398599864,1.3947,148.62561754618923
4010.273409051562,1.3148,167.23833891067892
4010.313419503271,1.4093,145.56212148131985
4010.3534299549897,1.3941,148.753577515221
4010.3934404067195,1.301,170.8050221294624
4010.4434534713964,1.2743,178.0376482355482
4010.483463923151,1.3984,147.84016719124992
4010.5234743749147,1.4305,141.2796353350152
4010.563484826689,1.2243,192.8765762513351
4010.603495278475,1.2933,172.8449399167402
4010.643505730272,1.3806,151.67692989188316
4010.6835161820777,1.2741,178.09354698198206
4010.7235266338953,1.2563,183.17596400701206
4010.7735396986814,1.3562,157.1837972236002
4010.8135501505235,1.2919,173.21975815935343
4010.853560602375,1.2124,196.68141536609326
4010.893571054239,1.2244,192.84507207910943
4010.933581506111,1.3228,165.22161676830078
4010.9735919579944,1.4697,133.8436949275262
4011.01360240989,1.3444,159.95515575856828
4011.053612861794,1.2273,191.9347982670707
4011.1036259266903,1.45,137.50525418825868
4011.1436363786197,1.3462,159.52769092604564
4011.1836468305596,1.319,166.1749845676579
4011.2236572825095,1.2392,188.26621278147812
4011.2636677344703,1.206,198.77445020063854
4011.3036781864425,1.3213,165.59696364290394
4011.3436886384234,1.4173,143.92349926629532
4011.383699090417,1.4169,144.00477174165815
4011.4337121554227,1.312,167.9529222442188
4011.473722607439,1.2749,177.87010981136825
4011.5137330594666,1.1849,205.91679249053396
4011.553743511504,1.2595,182.24636021019128
4011.5937539635524,1.2671,180.0667098983404
4011.633764415611,1.2711,178.93519707033835
4011.6737748676815,1.2676,179.92468476849913
4011.713785319762,1.2197,194.3341553002295
4011.7637983848767,1.2843,175.27591998494287
4011.8038088369813,1.506,127.46923406803423
4011.843819289096,1.2478,185.680047284167
4011.8838297412212,1.4272,141.93372932878702
4011.923840193357,1.1565,216.15429602009706
4011.9638506455035,1.3779,152.2719348246426
4012.0038610976612,1.4428,138.8810615514011
4012.0438715498285,1.3219,165.44667155710403
4012.0938846150543,1.3306,163.29023186924834
4012.1338950672457,1.419,143.5788576652244
4012.1739055194485,1.3408,160.81525597197015
4012.213915971661,1.4248,142.41229138200146
4012.253926423884,1.2278,191.77850606885622
4012.2939368761195,1.4187,143.63958675683696
4012.3339473283636,1.4328,140.82642186825018
4012.373957780618,1.4787,132.21939437966392
4012.4239708459536,1.5103,126.74442831138678
4012.4639812982323,1.3008,170.85754919636557
4012.5039917505223,1.2009,200.46635036207076
4012.5440022028233,1.2961,172.09894393354014
4012.5840126551343,1.3064,169.39589757796207
4012.624023107456,1.2658,180.43676321393858
4012.664033559789,1.4116,145.08816300285474
4012.704044012132,1.1073,235.7895276679244
4012.754057077575,1.2835,175.4944853548851
4012.794067529942,1.3735,153.2491014631727
4012.8340779823193,1.3868,150.32375111681895
4012.874088434707,1.2987,171.41054937711382
4012.914098887106,1.2901,173.7034614964502
4012.954109339515,1.2718,178.7382792068723
4012.9941197919356,1.2416,187.53908351684453
4013.0341302443658,1.3384,161.39251594122052
4013.084143309918,1.3876,150.1504673931038
4013.1241537623723,1.3793,151.96297757918012
4013.1641642148384,1.4471,138.05692929764734
4013.2041746673135,1.2917,173.2734031339613
4013.2441851197996,1.2017,200.19952908412353
4013.2841955722956,1.2412,187.65997887705618
4013.3242060248035,1.3752,152.8704478043217
4013.3642164773214,1.4096,145.5001692132244
4013.4142295429842,1.4232,142.73267866268264
4013.454239995525,1.455,136.56182534506686
4013.4942504480778,1.3802,151.76485848133026
4013.5342609006407,1.2745,177.98177580264112
4013.574271353214,1.3054,169.6555278069623
4013.614281805799,1.3135,167.5695414421818
4013.654292258393,1.3997,147.56567575888516
4013.6943027109987,1.3745,153.0261938708377
4013.7443157767702,1.3038,170.07217943239073
4013.7843262293995,1.2818,175.9602962936498
4013.824336682039,1.2643,180.8651670529239
4013.86434713469,1.2548,183.6141660384302
4013.9043575873507,1.2502,184.96783480723994
4013.944368040022,1.2398,188.08403452171555
4013.984378492704,1.2513,184.64277283264536
4014.0243889453973,1.2964,172.0193023575607
4014.074402011279,1.4952,129.31733293708888
4014.1144124639945,1.3299,163.4621743586926
4014.1544229167216,1.5099,126.81159097529842
4014.19443336946,1.4125,144.90333092665486
4014.2344438222085,1.4248,142.41229138200146
4014.2744542749674,1.3958,148.39145270666606
4014.314464727737,1.3522,158.11511606197018
4014.3544751805166,1.3815,151.4793697433413
4014.4044882465073,1.3785,152.13940930925978
4014.444498699311,1.3228,165.22161676830078
4014.484509152126,1.4227,142.83302143319307
4014.52451960495,1.4356,140.27762112805368
4014.564530057787,1.2564,183.14680632975814
4014.6045405106324,1.544,121.27205646794077
4014.644550963491,1.2589,182.42012109218084
4014.6845614163576,1.3545,157.57859965059362
4014.734574482457,1.278,177.0082504101696
4014.7745849353487,1.2775,177.14683573414382
4014.81459538825,1.3127,167.77384765044724
4014.854605841163,1.3184,166.32627037288532
4014.894616294087,1.3477,159.17277782607917
4014.93462674702,1.3915,149.30998477427522
4014.974637199964,1.3508,158.4430339037344
4015.014647652919,1.2932,172.87167228436908
4015.064660719128,1.2922,173.13933739634467
4015.1046711721056,1.1347,224.53963974601098
4015.144681625096,1.3235,165.04689148025915
4015.184692078096,1.323,165.171666956208
4015.2247025311053,1.3924,149.11702950158434
4015.264712984127,1.4031,146.85137877153858
4015.3047234371584,1.3754,152.8259925994193
4015.3447338902006,1.3636,155.48241393547417
4015.3947469565187,1.3488,158.91326043365063
4015.434757409584,1.3231,165.14670054395117
4015.474767862661,1.3401,160.9833031262573
4015.5147783157486,1.3957,148.41271754329298
4015.5547887688454,1.3737,153.20448099757365
4015.594799221954,1.3639,155.41402246973504
4015.6348096750735,1.3549,157.4855712512539
4015.6748201282026,1.3687,154.32586774713764
4015.7248331946294,1.3557,157.29976142435592
4015.7648436477825,1.4574,136.11242464038108
4015.804854100947,1.2925,173.05897262577736
4015.8448645541216,1.3001,171.04158487053627
4015.8848750073066,1.2462,186.15714334113875
4015.924885460501,1.3678,154.52902445809033
4015.9648959137076,1.5053,127.58781395405545
4016.0049063669244,1.4809,131.8268406537972
4016.0549194334603,1.4142,144.5551659861899
4016.0949298867013,1.1932,203.06200938517946
4016.1349403399518,1.2721,178.65398533244579
4016.174950793214,1.3613,156.00825157679827
4016.214961246486,1.3161,166.90811734630847
4016.2549716997687,1.2696,179.35826124720538
4016.294982153062,1.2727,178.48557637558955
4016.3349926063656,1.2745,177.98177580264112
4016.385005673011,1.182,206.9284519606858
4016.4250161263385,1.2577,182.76838920347947
4016.465026579677,1.3101,168.44042962032609
4016.5050370330264,1.3119,167.9785277317323
4016.545047486385,1.3673,154.64206268365174
4016.5850579397547,1.4214,143.0944083884489
4016.6250683931357,1.3575,156.88288975522306
4016.665078846528,1.3128,167.74828894692232
4016.7050892999296,1.4699,133.80727489942876
4016.7551023666956,1.3731,153.3384008945006
4016.7951128201216,1.5473,120.7553231028973
4016.8351232735577,1.4776,132.41632910116846
4016.8751337270037,1.2303,190.9999012522475
4016.915144180462,1.425,142.37231883530316
4016.9551546339303,1.4066,146.12147687900347
4016.995165087408,1.5188,125.32974265096877
4017.0451781542706,1.5867,114.83273425524041
4017.085188607773,1.4683,134.0990519766289
4017.1251990612855,1.3446,159.9075748748257
4017.1652095148097,1.3821,151.3478773361977
4017.2052199683426,1.391,149.41734402115068
4017.2452304218873,1.2897,173.81122625650494
4017.285240875442,1.3273,164.1032013950745
4017.325251329008,1.4066,146.12147687900347
4017.365261782583,1.4187,143.63958675683696
4017.415274849569,1.5076,127.19881430952212
4017.4552853031687,1.3713,153.74121584095903
4017.4952957567793,1.1329,225.25372232450442
4017.5353062104,1.2899,173.75733134472986
4017.5753166640316,1.2078,198.18241989422953
4017.6153271176736,1.411,145.21158092609497
4017.6553375713256,1.3534,157.83485319365127
4017.69534802499,1.4428,138.8810615514011
4017.745361092083,1.4709,133.62539754656862
4017.7853715457704,1.4071,146.01764956636688
4017.825381999467,1.3741,153.11529850974776
4017.865392453176,1.3139,167.46752825594447
4017.905402906895,1.2224,193.47662532991643
4017.945413360623,1.2521,184.40690203782623
4017.9854238143625,1.33,163.43759452316334
4018.0254342681137,1.3125,167.82498258456465
4018.0754473353163,1.554,119.71630633023621
4018.11545778909,1.3956,148.4339869511975
4018.1554682428755,1.3301,163.4130202313285
4018.1954786966694,1.335,162.21563639847784
4018.235489150475,1.3185,166.3010417286943
4018.2754996042922,1.4789,132.18363527097495
4018.3155100581193,1.4569,136.2058666663931
4018.355520511956,1.4496,137.58115050767384
4018.405533579268,1.3696,154.1231114030623
4018.445544033129,1.4403,139.36360510595694
4018.4855544870006,1.4083,145.76891505957832
4018.5255649408828,1.2998,171.12054833807917
4018.565575394775,1.2643,180.8651670529239
4018.605585848679,1.2669,180.1235670396835
4018.6455963025937,1.3161,166.90811734630847
4018.6856067565177,1.4118,145.0470586584921
4018.735619823937,1.4069,146.0591672078325
4018.775630277886,1.3415,160.64747181185444
4018.8156407318443,1.321,165.67218649310027
4018.8556511858133,1.2661,180.35126511252838
4018.895661639793,1.3644,155.3001369288517
4018.9356720937835,1.508,127.1313438267034
4018.9756825477853,1.4482,137.84728305709442
4019.015693001796,1.2981,171.5690425885279
4019.0657060693247,1.2999,171.0942211075782
4019.1057165233606,1.2978,171.64837164092947
4019.145726977406,1.3086,168.82680476770403
4019.1857374314623,1.3768,152.51534841936814
4019.2257478855295,1.5082,127.09762871459573
4019.265758339607,1.4794,132.09430094044956
4019.305768793695,1.3838,150.97624391464294
4019.345779247793,1.3411,160.74331630342482
4019.3957923154308,1.3604,156.21474050331977
4019.4358027695534,1.4073,145.97614962460784
4019.4758132236857,1.3615,155.96242074948978
4019.5158236778293,1.3355,162.09419487927698
4019.5558341319834,1.5105,126.7108669863894
4019.5958445861465,1.4317,141.0429036248139
4019.6358550403224,1.4452,138.42017370920803
4019.6758654945074,1.2481,185.5907959823364
4019.7258785622544,1.3857,150.5625064585522
4019.7658890164635,1.3935,148.88170280708124
4019.8058994706835,1.3656,155.02732183306566
4019.845909924913,1.416,144.187886700396
4019.8859203791544,1.374,153.13758682982714
4019.9259308334053,1.3005,170.93638523998303
4019.9659412876663,1.2309,190.81374166669815
4020.005951741939,1.2976,171.70128824619496
4020.055964809794,1.3153,167.11121473771348
4020.09597526409,1.3449,159.83624334633248
4020.135985718396,1.3601,156.2836612535247
4020.1759961727134,1.4169,144.00477174165815
4020.2160066270417,1.3973,148.07302782097483
4020.2560170813795,1.3367,161.803291044367
4020.2960275357277,1.3458,159.62253490276854
4020.3360379900873,1.4026,146.95609675876582
4020.3860510580516,1.4334,140.70855091828258
4020.4260615124344,1.4068,146.0799326691008
4020.4660719668277,1.4145,144.49385538829938
4020.506082421232,1.3913,149.35291458355596
4020.546092875647,1.3318,162.99610384251733
4020.5861033300716,1.3045,169.88970569855795
4020.626113784508,1.1841,206.19512868386983
4020.6661242389537,1.2373,188.84486009670022
4020.7161373070267,1.3551,157.43908794128185
4020.7561477614954,1.2765,177.42449509108056
4020.7961582159755,1.4243,142.5122964288674
4020.8361686704666,1.3387,161.32018861850207
4020.8761791249685,1.3769,152.4931958012694
4020.9161895794805,1.3797,151.87487678100055
4020.956200034003,1.3536,157.78821516876036
4020.996210488536,1.3011,170.77876767907543
4021.046223556717,1.3256,164.52437537821208
4021.0862340112735,1.3142,167.39107948720263
4021.126244465841,1.3795,151.91891760045274
4021.1662549204193,1.4549,136.58059865246173
4021.2062653750068,1.4331,140.767467887269
4021.2462758296056,1.3649,155.18637652306606
4021.286286284215,1.371,153.80850596103798
4021.3262967388346,1.3805,151.69890487392786
4021.376309807124,1.3381,161.46489191638545
4021.416320261768,1.3655,155.0500289564447
4021.456330716422,1.4055,146.35028713637703
4021.4963411710874,1.3795,151.91891760045274
4021.536351625761,1.3756,152.78155678326686
4021.5763620804464,1.3293,163.60976988287942
4021.6163725351435,1.3891,149.826366988911
4021.6563829898496,1.4968,129.041014113058
4021.706396058248,1.4038,146.7049615290197
4021.7464065129775,1.4055,146.35028713637703
4021.7864169677187,1.303,170.2810810541828
4021.82642742247,1.3491,158.84259311149822
4021.866437877233,1.3204,165.82278604080835
4021.9064483320044,1.3248,164.7231361588272
4021.9464587867874,1.408,145.83103906847072
4021.986469241581,1.3324,162.84933775267788
4022.036482310087,1.3942,148.73223938064922
4022.076492764904,1.4103,145.35576763951653
4022.1165032197323,1.3067,169.31812471999476
4022.1565136745703,1.4357,140.25808046662175
4022.1965241294183,1.4623,135.201759266489
4022.236534584278,1.5603,118.7515051872255
4022.2765450391475,1.4091,145.60344497810888
4022.316555494028,1.4145,144.49385538829938
4022.366568562643,1.2965,171.9927674503952
4022.406579017547,1.3564,157.13744744682327
4022.4465894724613,1.3057,169.57757609934728
4022.4865999273857,1.3734,153.27141900635868
4022.526610382321,1.3656,155.02732183306566
4022.566620837267,1.4213,143.11454479056385
4022.6066312922235,1.3174,166.57887287894175
4022.6466417471906,1.2609,181.8418823671041
4022.696654815914,1.3566,157.0911181682002
4022.736665270904,1.3864,150.410505489663
4022.7766757259055,1.3909,149.4388297653214
4022.8166861809163,1.3357,162.04565645357707
4022.8566966359385,1.2523,184.3480049590593
4022.896707090972,1.2955,172.25839310138795
4022.936717546015,1.3601,156.2836612535247
4022.9767280010683,1.3621,155.82504937658217
4023.0267410699007,1.3707,153.8758402685329
4023.0667515249775,1.3937,148.83897598968318
4023.106761980065,1.359,156.53676129058385
4023.1467724351637,1.3512,158.3492390757404
4023.1867828902723,1.4017,147.1448716084557
4023.226793345392,1.3497,158.70139980696234
4023.2668038005213,1.3945,148.66825251755884
4023.3068142556617,1.4961,129.1617945169295
4023.356827324602,1.3575,156.88288975522306
4023.3968377797664,1.3651,155.14090735751745
4023.43684823494,1.3809,151.61103358764726
4023.476858690125,1.2984,171.4897685175217
4023.5168691453205,1.3537,157.76490390768598
4023.5568796005264,1.4752,132.84753502240676
4023.5968900557427,1.3607,156.14586533391255
4023.6369005109696,1.2852,175.03052164799635
4023.6869135800184,1.3988,147.75562677181125
4023.7269240352693,1.446,138.26705416560478
4023.7669344905303,1.4956,129.24817008420962
4023.806944945801,1.6074,111.89416206899055
4023.846955401083,1.3541,157.67171050358093
4023.8869658563763,1.4272,141.93372932878702
4023.9269763116786,1.5565,119.33204649307335
4023.966986766992,1.3701,154.01064160060173
4024.0169998361494,1.3161,166.90811734630847
4024.0570102914867,1.3508,158.4430339037344
4024.0970207468336,1.3559,157.25336034926264
4024.137031202192,1.469,133.97128219111812
4024.177041657561,1.4914,129.97715802966624
4024.2170521129397,1.3035,170.15047246804127
4024.2570625683297,1.4172,143.94381093373048
4024.2970730237303,1.4331,140.767467887269
4024.3470860929947,1.3025,170.4118400820361
4024.387096548418,1.4931,129.6813503398021
4024.427107003853,1.4,147.50244014755543
4024.4671174592972,1.3342,162.41022689204385
4024.507127914753,1.3919,149.22418066569887
4024.5471383702184,1.4315,141.08231757043404
4024.587148825695,1.462,135.2572512794958
4024.627159281182,1.3074,169.1368628760966
4024.6771723505544,1.3434,160.19337902834138
4024.7171828060655,1.3315,163.06956130119232
4024.757193261586,1.3208,165.72236353863696
4024.7972037171176,1.4115,145.1087217275743
4024.837214172658,1.3389,161.27199741096194
4024.8772246282115,1.2688,179.58450924722584
4024.917235083774,1.3244,164.8226516447103
4024.9572455393477,1.3715,153.6963802903802
4025.007258608828,1.436,140.19948297418415
4025.0472690644256,1.3895,149.7401174351524
4025.087279520032,1.4498,137.54319449554524
4025.1272899756505,1.3307,163.26569080459558
4025.1673004312797,1.4,147.50244014755543
4025.207310886918,1.4267,142.033230626042
4025.247321342567,1.4199,143.39690129117366
4025.2873317982267,1.4835,131.36516326740204
4025.337344867816,1.4683,134.0990519766289
4025.377355323499,1.3765,152.58183524428776
4025.417365779194,1.4837,131.32975011896215
4025.4573762348987,1.4146,144.47342719007835
4025.497386690613,1.3443,159.97895416460068
4025.5373971463378,1.3805,151.69890487392786
4025.5774076020743,1.4878,130.60692487909697
4025.6174180578196,1.5043,127.75750103347434
4025.667431127518,1.4278,141.81446572791057
4025.707441583287,1.3612,156.03117456643957
4025.7474520390683,1.245,186.51617313961444
4025.787462494859,1.2154,195.71166787246636
4025.8274729506597,1.2439,186.8461970030973
4025.8674834064714,1.3019,170.5689498239923
4025.907493862294,1.3553,157.39262520823556
4025.9475043181274,1.3681,154.46126100419164
4025.9875147739695,1.2856,174.92162111523146
4026.037527843789,1.5143,126.07572621477797
4026.0775382996558,1.4337,140.64967093031535
4026.117548755533,1.3767,152.5375058649688
4026.1575592114214,1.3226,165.27158924191667
4026.197569667319,1.4014,147.20787739539435
4026.2375801232274,1.4415,139.13167086951512
4026.277590579147,1.4539,136.76854483180145
4026.3276036490606,1.5095,126.8788070382304
4026.3676141050028,1.4893,130.34396698351512
4026.4076245609567,1.4277,141.83433255328367
4026.4476350169207,1.2903,173.64961669612748
4026.487645472894,1.2896,173.83818311606228
4026.5276559288786,1.262,181.52502224404878
4026.567666384874,1.3094,168.62057278099732
4026.6076768408793,1.2891,173.97306152836754
4026.647687296896,1.2545,183.7019951213966
4026.6977003669303,1.4659,134.53851028118896
4026.7377108229703,1.4214,143.0944083884489
4026.77772127902,1.3555,157.34618303997172
4026.8177317350805,1.2389,188.35740118496926
4026.8577421911523,1.2732,178.34541741423646
4026.897752647234,1.2465,186.06754786944117
4026.9377631033267,1.3534,157.83485319365127
4026.977773559428,1.4216,143.05414833160702
4027.0277866295705,1.4384,139.7320221639285
4027.0677970856964,1.3729,153.38307988295733
4027.1078075418327,1.4168,144.0251006168892
4027.147817997981,1.4171,143.96412690129335
4027.1878284541376,1.5335,122.93846030917925
4027.227838910306,1.4129,144.8212966895985
4027.267849366484,1.5172,125.59422088922973
4027.307859822673,1.3462,159.52769092604564
4027.3578728929233,1.1966,201.90969550342447
4027.397883349136,1.4357,140.25808046662175
4027.4378938053583,1.3238,164.97209404922376
4027.4779042615924,1.337,161.7306874465649
4027.517914717836,1.3754,152.8259925994193
4027.55792517409,1.3634,155.52803332931282
4027.5979356303546,1.4691,133.9530442724786
4027.6379460866306,1.3764,152.60400718081308
4027.687959156988,1.3691,154.23570445100108
4027.7279696132873,1.3543,157.6251447642928
4027.767980069597,1.379,152.0291034952281
4027.807990525916,1.3727,153.42777840177496
4027.848000982246,1.4256,142.2525021193905
4027.8880114385865,1.369,154.25823786589254
4027.9280218949375,1.2419,187.44848864717449
4027.9680323512994,1.3313,163.11856053132544
4028.0180454217657,1.3295,163.56054917111484
4028.0580558781503,1.4232,142.73267866268264
4028.098066334545,1.4684,134.08078796212365
4028.138076790952,1.5136,126.19236648612939
4028.1780872473682,1.4384,139.7320221639285
4028.2180977037956,1.3511,158.37267997306535
4028.258108160232,1.3823,151.30408457952464
4028.2981186166803,1.4914,129.97715802966624
4028.3481316872535,1.4373,139.94598436318677
4028.3881421437254,1.4505,137.41047207189033
4028.428152600207,1.339,161.24790990463305
4028.4681630566997,1.3096,168.56907382916083
4028.5081735132026,1.2815,176.04269071666874
4028.5481839697145,1.4318,141.0232028454098
4028.588194426239,1.4915,129.95972957326302
4028.628204882773,1.4354,140.31671470367226
4028.6782179534553,1.4308,141.22039656284946
4028.7182284100127,1.3224,165.32158439076608
4028.75823886658,1.3032,170.2288195796496
4028.7982493231584,1.3832,151.10725219663505
4028.8382597797467,1.4248,142.41229138200146
4028.878270236347,1.3564,157.13744744682327
4028.9182806929566,1.3569,157.02166265787002
4028.958291149577,1.5082,127.09762871459573
4029.008304220367,1.4644,134.81426961519287
4029.0483146770107,1.3506,158.4899625718465
4029.088325133665,1.2364,189.11988775001817
4029.1283355903297,1.3948,148.60430693776507
4029.1683460470044,1.5874,114.73148045653909
4029.20835650369,1.42,143.37670526988802
4029.2483669603857,1.5266,124.05229740580205
4029.2883774170923,1.268,179.81118561163535
4029.3383904879906,1.3492,158.81904781223315
4029.37840094472,1.347,159.33825639024414
4029.41841140146,1.1894,204.36160183450937
4029.4584218582118,1.3741,153.11529850974776
4029.498432314972,1.3603,156.23770902020263
4029.5384427717436,1.4161,144.16752335121637
4029.5784532285265,1.3909,149.4388297653214
4029.618463685319,1.2097,197.56036388374665
4029.6684767563243,1.3883,149.9990898036376
4029.7084872131413,1.4,147.50244014755543
4029.7484976699675,1.2832,175.57655277837347
4029.7885081268046,1.2774,177.17457232893457
4029.8285185836517,1.4244,142.4922869941794
4029.8685290405097,1.3947,148.62561754618923
4029.9085394973777,1.399,147.71338375261053
4029.9485499542557,1.5056,127.53697375032151
4029.998563025369,1.5245,124.39429685438614
4030.0385734822717,1.3048,169.81159255708982
4030.0785839391847,1.3407,160.8392465938021
4030.118594396108,1.4029,146.89325253068913
4030.158604853041,1.5556,119.47016662784671
4030.198615309985,1.4704,133.71628983836985
4030.2386257669395,1.3643,155.3229040203503
4030.2786362239044,1.3785,152.13940930925978
4030.328649295125,1.3745,153.0261938708377
4030.3686597521137,1.4392,139.57672134224785
4030.408670209112,1.2428,187.1770975641761
4030.4486806661216,1.3396,161.1034981292995
4030.4886911231406,1.2193,194.46168150196115
4030.528701580171,1.3175,166.55358674236882
4030.5687120372113,1.3167,166.75603718052417
4030.608722494262,1.2885,174.13512293222988
4030.658735565591,1.3747,152.9816707164143
4030.6987460226655,1.3932,148.94582753808444
4030.73875647975,1.3687,154.32586774713764
4030.7787669368454,1.3255,164.54920079614817
4030.8187773939517,1.3617,155.91661011492326
4030.8587878510675,1.3372,161.6823121932623
4030.898798308195,1.3202,165.87303152508247
4030.9388087653315,1.2833,175.54919057543566
4030.988821836767,1.299,171.33138511656608
4031.0288322939273,1.3711,153.78607101320853
4031.0688427510986,1.3669,154.73258259071144
4031.10885320828,1.2367,189.02814514643805
4031.1488636654717,1.3103,168.38901316730468
4031.188874122674,1.3926,149.0742013485974
4031.228884579887,1.413,144.80079901520344
4031.2688950371094,1.4898,130.25649080765731
4031.3189081086525,1.3994,147.62895204343886
4031.3589185659,1.4169,144.00477174165815
4031.3989290231575,1.357,156.9985210570835
4031.438939480424,1.3461,159.5513939938649
4031.478949937702,1.3951,148.5404026057618
4031.5189603949902,1.3536,157.78821516876036
4031.5589708522893,1.3919,149.22418066569887
4031.598981309598,1.2749,177.87010981136825
4031.648994381249,1.3132,167.64611251486176
4031.6890048385812,1.346,159.57510234487825
4031.7290152959245,1.3165,166.80670746601265
4031.769025753278,1.374,153.13758682982714
4031.8090362106423,1.4478,137.92346276707062
4031.8490466680155,1.4539,136.76854483180145
4031.889057125401,1.384,150.93261234638993
4031.929067582795,1.3595,156.42163965728693
4031.9790806545543,1.3301,163.4130202313285
4032.0190911119726,1.3357,162.04565645357707
4032.059101569402,1.4132,144.75981671963012
4032.0991120268413,1.4285,141.67551475254606
4032.139122484291,1.4277,141.83433255328367
4032.1791329417506,1.3389,161.27199741096194
4032.2191433992216,1.4218,143.01390526331352
4032.259153856703,1.5593,118.90386779538028
4032.309166928569,1.4694,133.8983528560351
4032.3491773860737,1.3119,167.9785277317323
4032.3891878435884,1.3369,161.75488321516144
4032.429198301114,1.4086,145.706830739465
4032.4692087586495,1.4546,136.63694180759046
4032.509219216196,1.4714,133.53459789795014
4032.5492296737516,1.5106,126.69409132254016
4032.589240131319,1.4389,139.63492879572328
4032.6392532032933,1.4552,136.52429034036334
4032.679263660883,1.5157,125.84293029990603
4032.7192741184836,1.4034,146.7886016966362
4032.7592845760955,1.5589,118.96489495368107
4032.799295033717,1.3572,156.95225320044605
4032.839305491349,1.3113,168.1322836958602
4032.879315948992,1.3748,152.95941642551088
4032.9193264066444,1.3844,150.8454059328765
4032.969339478725,1.3554,157.36940155426444
4033.0093499364016,1.3348,162.26425122246852
4033.0493603940886,1.3765,152.58183524428776
4033.0893708517856,1.4563,136.31812416694672
4033.129381309493,1.5809,115.67687518732065
4033.1693917672114,1.5338,122.89037332629647
4033.20940222494,1.5018,128.18320270081404
4033.2494126826778,1.4225,142.87318817118813
4033.2994257548658,1.3671,154.68731270522633
4033.3394362126287,1.2472,185.85874314201706
4033.379446670401,1.2588,182.44910539818008
4033.419457128184,1.5242,124.44326934768837
4033.4594675859785,1.2928,172.97866379568433
4033.499478043781,1.3749,152.9371669902622
4033.5394885015958,1.4733,133.19040192248053
4033.57949895942,1.3835,151.04172674964573
4033.6295120317154,1.3658,154.98192254834385
4033.6695224895643,1.3653,155.09545817254536
4033.709532947423,1.4604,135.55378647932997
4033.749543405291,1.4721,133.40763379083256
4033.789553863171,1.4303,141.31914855998
4033.829564321061,1.451,137.3157879214623
4033.8695747789607,1.3467,159.4092547799435
4033.909585236872,1.3642,155.3456761187194
4033.9595983092745,1.3884,149.97748312257949
4033.9996087672075,1.4708,133.6435685894429
4034.039619225152,1.4142,144.5551659861899
4034.079629683107,1.2821,175.87795970250576
4034.1196401410716,1.2199,194.27043923639204
4034.159650599048,1.3261,164.40033251962416
4034.1996610570336,1.3438,160.09802589959818
4034.23967151503,1.3593,156.4676730662708
4034.2896845875403,1.4045,146.55876315397057
4034.3296950455588,1.3145,167.31468305470116
4034.3697055035896,1.4052,146.4127832103852
4034.4097159616304,1.4314,141.1020307389578
4034.4497264196802,1.4312,141.1414694732051
4034.4897368777424,1.3522,158.11511606197018
4034.529747335814,1.429,141.5763890493516
4034.5697577938954,1.3312,163.1430684286716
4034.619770866514,1.3452,159.76495953651974
4034.6597813246185,1.2919,173.21975815935343
4034.699791782735,1.3805,151.69890487392786
4034.739802240861,1.3906,149.50331481140785
4034.779812698998,1.2822,175.85052701429805
4034.8198231571446,1.2796,176.5658685470547
4034.8598336153023,1.3422,160.47995009741433
4034.8998440734704,1.3611,156.05410260871807
4034.949857146194,1.4779,132.36257601914204
4034.989867604386,1.1782,208.26539900493702
4035.029878062588,1.2129,196.51929094216726
4035.069888520799,1.4888,130.43153130835734
4035.109898979022,1.3459,159.59881598065584
4035.1499094372557,1.2832,175.57655277837347
4035.1899198954984,1.2012,200.36622990739795
4035.229930353752,1.295,172.3914367419657
4035.279943426584,1.309,168.72364150960902
4035.31995388486,1.2936,172.76478000764197
4035.3599643431476,1.4671,134.31851154120778
4035.3999748014458,1.4387,139.673753995517
4035.439985259754,1.3747,152.9816707164143
4035.479995718073,1.3353,162.14275511671542
4035.520006176402,1.2671,180.0667098983404
4035.5600166347404,1.381,151.58907769559275
4035.610029707678,1.3657,155.00461969751893
4035.6500401660423,1.212,196.8112593982473
4035.6900506244147,1.3218,165.47170602597453
4035.7300610827983,1.4153,144.3305510251927
4035.770071541193,1.3877,150.12882799710295
4035.810081999596,1.4671,134.31851154120778
4035.850092458011,1.4607,135.49811189579614
4035.8901029164363,1.307,169.24040541021807
4035.9301133748722,1.4483,137.8282479912999
4035.9801264479306,1.4961,129.1617945169295
4036.0201369063893,1.5164,125.72677405999968
4036.0601473648585,1.5354,122.63438528313985
4036.100157823338,1.3291,163.65901281616743
4036.1401682818278,1.3202,165.87303152508247
4036.180178740328,1.4557,136.43052050448722
4036.220189198839,1.4344,140.51242793304348
4036.260199657359,1.2829,175.65867778176604
4036.310212730525,1.4144,144.5142879195745
4036.3502231890698,1.1051,236.72926675676626
4036.390233647624,1.3661,154.91386100444893
4036.4302441061905,1.3953,148.49782261568217
4036.470254564765,1.3103,168.38901316730468
4036.510265023351,1.3891,149.826366988911
4036.550275481948,1.3809,151.61103358764726
4036.590285940554,1.4173,143.92349926629532
4036.640299013827,1.3999,147.52351416757034
4036.680309472457,1.3384,161.39251594122052
4036.720319931097,1.3259,164.44993282361682
4036.7603303897486,1.3963,148.28519704686576
4036.800340848409,1.2669,180.1235670396835
4036.840351307081,1.4181,143.7611605858822
4036.880361765763,1.5464,120.89592236068697
4036.9203722244556,1.4442,138.61193108434014
4036.9703852978346,1.3889,149.86951971308451
4037.0103957565507,1.4076,145.91393287691585
4037.0504062152763,1.3533,157.8581799605228
4037.090416674013,1.2874,174.43282422051425
4037.13042713276,1.3348,162.26425122246852
4037.170437591517,1.2497,185.11587408801606
4037.2104480502844,1.399,147.71338375261053
4037.2504585090624,1.2377,188.72281812070008
4037.3004715825487,1.4169,144.00477174165815
4037.34048204135,1.2993,171.25227568519867
4037.3804925001623,1.3047,169.83762428393598
4037.420502958984,1.2164,195.39001206841195
4037.4605134178164,1.3582,156.72122042439028
4037.5005238766585,1.4224,142.89327789418826
4037.540534335512,1.5496,120.39712621613418
4037.5805447943753,1.4053,146.39194673849667
4037.6305578679685,1.4406,139.30556720616923
4037.6705683268565,1.4014,147.20787739539435
4037.710578785752,1.3221,165.39661966011994
4037.75058924466,1.3794,151.94094519421253
4037.790599703578,1.406,146.24621589837662
4037.8306101625058,1.3788,152.07321142078862
4037.870620621445,1.3532,157.88151189904923
4037.9106310803936,1.4746,132.95566561136295
4037.9606441540946,1.2942,172.60462738908905
4038.0006546130667,1.3994,147.62895204343886
4038.040665072049,1.2328,190.22602843464992
4038.080675531042,1.2851,175.05776267133052
4038.1206859900453,1.3726,153.45013498862644
4038.160696449059,1.4611,135.4239324574152
4038.2007069080823,1.5517,120.07146698386398
4038.240717367117,1.2983,171.51618710194998
4038.2907304409255,1.4442,138.61193108434014
4038.3307408999826,1.3908,149.46032014419904
4038.370751359051,1.4498,137.54319449554524
4038.4107618181297,1.578,116.10244043043141
4038.450772277218,1.587,114.78932336368842
4038.490782736317,1.4302,141.33891138899415
4038.530793195426,1.1595,215.03722238653208
4038.5708036545466,1.1125,233.59044642420835
4038.6208167284613,1.4135,144.6983758908445
4038.660827187605,1.4148,144.43258378789875
4038.7008376467575,1.4464,138.19058965243383
4038.7408481059215,1.4348,140.43409353455712
4038.7808585650964,1.5406,121.80792523393579
4038.820869024281,1.3513,158.325803382296
4038.8608794834763,1.3505,158.5134347248316
4038.9008899426813,1.3719,153.6067680084716
4038.9509030167023,1.3203,165.8479059287392
4038.9909134759305,1.1134,233.2129608046053
4039.0309239351695,1.2222,193.539951233106
4039.0709343944186,1.2919,173.21975815935343
4039.1109448536795,1.3861,150.4756205638878
4039.1509553129486,1.4765,132.61370413841578
4039.1909657722294,1.3703,153.96568814806326
4039.2309762315203,1.2458,186.27670467003514
4039.280989305648,1.2889,174.02705684974953
4039.3209997649624,1.2829,175.65867778176604
4039.361010224287,1.337,161.7306874465649
4039.4010206836224,1.3384,161.39251594122052
4039.4410311429665,1.4606,135.51666627859242
4039.481041602322,1.2726,178.5136279941259
4039.5210520616884,1.4273,141.9138416166329
4039.561062521064,1.4008,147.33401043262336
4039.611075595298,1.3497,158.70139980696234
4039.6510860546978,1.3669,154.73258259071144
4039.691096514108,1.3905,149.52481910240667
4039.7311069735283,1.3859,150.51905410731302
4039.771117432959,1.4323,140.92476083633014
4039.8111278924,1.5028,128.0126670748665
4039.8511383518508,1.4403,139.36360510595694
4039.891148811312,1.382,151.3697808446634
4039.941161885654,1.2382,188.57043194601314
4039.9811723451385,1.319,166.1749845676579
4040.021182804633,1.2842,175.3032183197523
4040.061193264139,1.5313,123.29196219960512
4040.1012037236546,1.3995,147.60785542718767
4040.141214183181,1.3501,158.60737549900472
4040.181224642718,1.3353,162.14275511671542
4040.221235102265,1.3728,153.40542670035967
4040.271248176713,1.3959,148.3701924400068
4040.3112586362827,1.3899,149.65394233602817
4040.3512690958632,1.4742,133.02782603088193
4040.391279555454,1.2974,171.75422932532035
4040.4312900150558,1.5003,128.4396458041187
4040.471300474666,1.4063,146.183826431171
4040.5113109342883,1.4236,142.65248055868045
4040.5513213939203,1.2765,177.42449509108056
4040.601334468475,1.3371,161.7064971064731
4040.6413449281313,1.4404,139.34425511002678
4040.681355387796,1.4603,135.57235229935958
4040.7213658474725,1.3803,151.74286916726706
4040.76137630716,1.312,167.9529222442188
4040.801386766856,1.3102,168.4147184505769
4040.8413972265635,1.306,169.49967810415575
4040.88140768628,1.5034,127.91050900329974
4040.9314207609423,1.5105,126.7108669863894
4040.971431220683,1.332,162.94715977508585
4041.0114416804336,1.2508,184.79042196127463
4041.0514521401956,1.3458,159.62253490276854
4041.091462599967,1.2789,176.75920631571003
4041.131473059749,1.2049,199.1375533983965
4041.1714835195417,1.3031,170.25494730900616
4041.211493979345,1.38,151.8088514511693
4041.261507054113,1.2771,177.25782121000432
4041.3015175139385,1.3229,165.1966390304205
4041.3415279737746,1.3283,163.8562070322724
4041.3815384336212,1.354,157.6950011116293
4041.421548893479,1.4539,136.76854483180145
4041.4615593533467,1.4475,137.9806389992158
4041.501569813224,1.4516,137.20229606597923
4041.5415802731122,1.4939,129.54249602218596
4041.591593347986,1.3641,155.36845322542732
4041.631603807897,1.319,166.1749845676579
4041.6716142678183,1.2634,181.1229421046823
4041.711624727751,1.3401,160.9833031262573
4041.7516351876934,1.2532,184.08331696683416
4041.791645647645,1.2265,192.18526347716696
4041.831656107609,1.2719,178.7101746212506
4041.871666567582,1.3029,170.30722081702652
4041.921679642563,1.3764,152.60400718081308
4041.9616901025597,1.4417,139.09307145941617
4042.001700562566,1.4461,138.24793208858787
4042.041711022583,1.5315,123.25976270073461
4042.0817214826106,1.3308,163.24115527198163
4042.1217319426482,1.2806,176.29022151902097
4042.1617424026954,1.3231,165.14670054395117
4042.201752862755,1.4634,134.9985804521903
4042.2517659378427,1.4924,129.80303108696836
4042.2917763979235,1.3068,169.29221233603175
4042.3317868580157,1.3532,157.88151189904923
4042.3717973181174,1.3468,159.38558337834672
4042.411807778231,1.4164,144.1064591798306
4042.4518182383536,1.2105,197.2993214470001
4042.4918286984866,1.2253,192.5618815429209
4042.53183915863,1.3854,150.62772027382186
4042.5818522338236,1.2904,173.6227036840975
4042.6218626939917,1.3537,157.76490390768598
4042.661873154168,1.3608,156.1229170662296
4042.7018836143557,1.3482,159.05473662743498
4042.7418940745533,1.3545,157.57859965059362
4042.7819045347615,1.3468,159.38558337834672
4042.8219149949796,1.3016,170.64758618335983
4042.861925455208,1.3041,169.9939404229444
4042.9119385305085,1.4237,142.63244159394816
4042.9519489907607,1.2958,172.1786408310661
4042.991959451023,1.4082,145.78961865100794
4043.0319699112956,1.3391,161.22382779444834
4043.071980371578,1.396,148.34893674200583
4043.111990831871,1.4853,131.04695973091737
4043.152001292175,1.4222,142.93347005415097
4043.1920117524887,1.3189,166.20018453100917
4043.242024827896,1.5475,120.72411213247308
4043.2820352882322,1.2613,181.7265645811998
4043.32204574858,1.0968,240.32570291804248
4043.3620562089372,1.1469,219.7880287548234
4043.402066669306,1.3006,170.9101004971908
4043.4420771296836,1.3442,160.00275788218053
4043.4820875900723,1.4558,136.41177813039212
4043.5220980504714,1.4607,135.49811189579614
4043.572111125984,1.539,122.06132856381562
4043.612121586407,1.2374,188.81433850678866
4043.6521320468396,1.2634,181.1229421046823
4043.692142507282,1.4151,144.3713511519218
4043.7321529677347,1.278,177.0082504101696
4043.7721634281984,1.1983,201.33721328951157
4043.8121738886716,1.3006,170.9101004971908
4043.8521843491562,1.3615,155.96242074948978
4043.9021974247753,1.4326,140.86574509976822
4043.9422078852826,1.4452,138.42017370920803
4043.9822183458,1.2807,176.26269232384558
4044.022228806328,1.3082,168.93006267091462
4044.0622392668656,1.3356,162.06992294077625
4044.102249727415,1.3564,157.13744744682327
4044.1422601879726,1.4407,139.28622929600456
4044.182270648542,1.4773,132.47011493392463
4044.2322837242673,1.2177,194.9730436523914
4044.27229418486,1.3648,155.2091186022167
4044.312304645463,1.4024,146.9980153186218
4044.3523151060754,1.4108,145.25275523027327
4044.3923255666978,1.4332,140.74782478669331
4044.4323360273306,1.4278,141.81446572791057
4044.472346487975,1.3273,164.1032013950745
4044.512356948629,1.3205,165.7976718595608
4044.562370024462,1.4715,133.51644907432885
4044.602380485139,1.1323,225.49250696145685
4044.642390945826,1.3971,148.11542522142403
4044.682401406524,1.2688,179.58450924722584
4044.7224118672325,1.3577,156.8366730006606
4044.762422327951,1.3717,153.65156435002925
4044.8024327886797,1.3461,159.5513939938649
4044.8424432494176,1.4215,143.07427623586182
4044.8924563253563,1.3651,155.14090735751745
4044.9324667861188,1.4622,135.22025280909963
4044.972477246891,1.2519,184.46582734651705
4045.0124877076732,1.3322,162.8982377495505
4045.052498168466,1.4221,142.95357249349772
4045.09250862927,1.3716,153.6739698696411
4045.1325190900834,1.3969,148.15784083380186
4045.1725295509077,1.4898,130.25649080765731
4045.2125400117416,1.4145,144.49385538829938
4045.2625530878,1.3909,149.4388297653214
4045.3025635486565,1.4547,136.61815688265878
4045.3425740095245,1.5024,128.08084046301167
4045.382584470402,1.3684,154.39354211356286
4045.4225949312913,1.2967,171.93971605193778
4045.4626053921893,1.3341,162.43457532050184
4045.5026158530977,1.3562,157.1837972236002
4045.552628929249,1.307,169.24040541021807
4045.59263939018,1.2675,179.95307634884244
4045.6326498511226,1.3627,155.6878594184023
4045.6726603120765,1.2958,172.1786408310661
4045.7126707730386,1.3555,157.34618303997172
4045.752681234013,1.4068,146.0799326691008
4045.792691694995,1.4439,138.66953600219165
4045.832702155989,1.3736,153.22678879405078
4045.8727126169933,1.3333,162.62956001713056
4045.9227256932636,1.4193,143.51816707876745
4045.9627361542903,1.3444,159.95515575856828
4046.002746615328,1.4222,142.93347005415097
4046.0427570763754,1.3914,149.33144736489132
4046.082767537434,1.3853,150.6494676279227
4046.1227779985024,1.4832,131.41830985315957
4046.162788459581,1.249,185.323427842726
4046.2027989206695,1.1546,216.86628410731288
4046.252811997046,1.2828,175.6860655877416
4046.2928224581583,1.3194,166.07424200638414
4046.3328329192805,1.2793,176.64868872987262
4046.372843380412,1.2918,173.2465775321118
4046.4128538415553,1.3525,158.0449804035703
4046.452864302709,1.4123,144.94437418613427
4046.492874763872,1.4395,139.51855027724943
4046.532885225047,1.4029,146.89325253068913
4046.582898301528,1.3141,167.41655659261863
4046.6229087627257,1.3028,170.33336659938496
4046.662919223932,1.3774,152.38250507424368
4046.7029296851497,1.3629,155.6421696915187
4046.742940146378,1.4381,139.79032680183772
4046.7829506076155,1.3325,162.82489601085734
4046.822961068864,1.1928,203.19822393048085
4046.862971530122,1.2714,178.85076387281194
4046.912984606711,1.3801,151.78685257550245
4046.9529950679926,1.3991,147.69226903610544
4046.993005529285,1.3505,158.5134347248316
4047.0330159905866,1.3337,162.532023809355
4047.0730264518993,1.3755,152.8037722684541
4047.113036913222,1.3374,161.63395864099152
4047.153047374555,1.2655,180.5223221271629
4047.1930578358993,1.4321,140.96412526698325
4047.243070912593,1.4102,145.37638327109883
4047.2830813739597,1.322,165.4216427690587
4047.323091835336,1.2999,171.0942211075782
4047.363102296724,1.314,167.44203951494225
4047.403112758121,1.3096,168.56907382916083
4047.443123219529,1.3025,170.4118400820361
4047.4831336809466,1.3569,157.02166265787002
4047.523144142375,1.4471,138.05692929764734
4047.573157219174,1.3763,152.62618395045456
4047.613167680626,1.3975,148.03064862202956
4047.6531781420877,1.3252,164.62371077290584
4047.6931886035595,1.2335,190.01018679869298
4047.733199065042,1.2066,198.57681234509337
4047.773209526534,1.3452,159.76495953651974
4047.8132199880374,1.456,136.37430496678962
4047.8532304495507,1.4247,142.43228396842528
4047.9032435264553,1.4722,133.38951084391158
4047.943253987992,1.3898,149.67547913537456
4047.9832644495377,1.4264,142.09298163581045
4048.0232749110946,1.4654,134.6303359744898
4048.063285372661,1.4844,131.2059168028406
4048.103295834239,1.4104,145.3351563928363
4048.1433062958263,1.4649,134.72225570967134
4048.1833167574246,1.4588,135.85129792567477
4048.2333298344347,1.3324,162.84933775267788
4048.273340296056,1.2368,188.99757911304562
4048.313350757688,1.3137,167.5185232010718
4048.353361219329,1.5785,116.02889974065948
4048.3933716809806,1.3,171.06789995235357
4048.433382142642,1.3448,159.86001521831847
4048.4733926043145,1.4734,133.17232322128598
4048.513403065996,1.428,141.7747445975332
4048.563416143114,1.3712,153.76364097365942
4048.60342660482,1.333,162.7027698018512
4048.643437066535,1.4111,145.19100033893687
4048.6834475282617,1.5687,117.48314119855887
4048.7234579899973,1.5246,124.37797911390382
4048.7634684517448,1.1855,205.708410025715
4048.8034789135013,1.4439,138.66953600219165
4048.8434893752687,1.4476,137.96157630539878
4048.8935024524926,1.3838,150.97624391464294
4048.9335129142814,1.2748,177.89801645502456
4048.973523376083,1.403,146.87231341267503
4049.0135338378927,1.3331,162.67836104851824
4049.0535442997143,1.3159,166.95885696920962
4049.093554761545,1.3985,147.81902528552
4049.133565223386,1.4214,143.0944083884489
4049.173575685239,1.3825,151.26031082736102
4049.2235887625684,1.2895,173.86514624732584
4049.263599224442,1.2827,175.7134597994673
4049.303609686328,1.3031,170.25494730900616
4049.343620148223,1.2906,173.56889642660204
4049.383630610128,1.3404,160.9112506786696
4049.4236410720446,1.363,155.6193323700271
4049.4636515339703,1.3801,151.78685257550245
4049.503661995907,1.4014,147.20787739539435
4049.5536750733418,1.3719,153.6067680084716
4049.5936855353016,1.3044,169.9157553900059
4049.633695997271,1.3109,168.23490498311475
4049.673706459252,1.4049,146.47531932456113
4049.7137169212415,1.4164,144.1064591798306
4049.753727383242,1.5438,121.3034801843105
4049.793737845253,1.2173,195.10119935246183
4049.8337483072737,1.3146,167.28922919921973
4049.8837613848136,1.3004,170.96267604684783
4049.9237718468585,1.2653,180.5793952154705
4049.9637823089124,1.3533,157.8581799605228
4050.0037927709777,1.286,174.8128221844986
4050.043803233052,1.1504,218.45268934094398
4050.0838136951365,1.255,183.5556483048382
4050.1238241572323,1.3996,147.58676333276713
4050.1638346193386,1.4103,145.35576763951653
4050.213847696984,1.1866,205.32719617437786
4050.253858159113,1.5237,124.52495445997464
4050.2938686212524,1.3444,159.95515575856828
4050.3338790834014,1.4459,138.28618021026637
4050.37388954556,1.3858,150.54077793127726
4050.41390000773,1.426,142.17270831791586
4050.4539104699097,1.3683,154.41611012804373
4050.4939209320987,1.2895,173.86514624732584
4050.5439340098524,1.3389,161.27199741096194
4050.583944472065,1.3764,152.60400718081308
4050.623954934288,1.2922,173.13933739634467
4050.663965396522,1.3542,157.6484250549767
4050.703975858766,1.2895,173.86514624732584
4050.7439863210207,1.3855,150.60597762846595
4050.783996783284,1.3362,161.9244057299957
4050.8240072455583,1.3373,161.6581327053093
4050.874020323417,1.2924,173.0857546644598
4050.9140307857147,1.3537,157.76490390768598
4050.954041248022,1.466,134.52015641626545
4050.99405171034,1.3905,149.52481910240667
4051.0340621726687,1.3157,167.0096197326933
4051.074072635008,1.3489,158.8896994206538
4051.114083097357,1.2877,174.35155729358547
4051.154093559716,1.441,139.22823971915102
4051.2041066376787,1.3921,149.18130634513864
4051.244117100061,1.3197,165.99874519354952
4051.284127562453,1.2549,183.5849036742826
4051.324138024856,1.4256,142.2525021193905
4051.3641484872687,1.4824,131.5601918629932
4051.4041589496924,1.3657,155.00461969751893
4051.444169412126,1.4422,138.99664318054928
4051.484179874569,1.4043,146.6005118102985
4051.5341929526376,1.3284,163.83153827041366
4051.574203415105,1.3368,161.77908441388715
4051.6142138775813,1.3075,169.11099208977478
4051.654224340069,1.2715,178.82263275363601
4051.6942348025664,1.3836,151.019894405138
4051.7342452650732,1.3783,152.18356525124744
4051.774255727592,1.4879,130.5893696068156
4051.814266190119,1.55,120.3349938220967
4051.864279268294,1.3658,154.98192254834385
4051.9042897308454,1.3623,155.7792992491125
4051.944300193406,1.3744,153.04846273718525
4051.9843106559783,1.3219,165.44667155710403
4052.02432111856,1.2472,185.85874314201706
4052.0643315811517,1.2823,175.82310074383903
4052.104342043754,1.3363,161.9001719163489
4052.144352506367,1.2705,179.10424293356178
4052.194365584646,1.2413,187.6297440798759
4052.2343760472813,1.4235,142.67252374673296
4052.274386509928,1.4856,130.9940382285681
4052.314396972584,1.376,152.69274327212682
4052.3544074352494,1.1816,207.06857606488563
4052.3944178979264,1.3159,166.95885696920962
4052.434428360613,1.4275,141.8740787302465
4052.474438823309,1.3581,156.74430073878378
4052.524451901695,1.4508,137.35364983436344
4052.5644623644152,1.3904,149.54632803344768
4052.604472827146,1.3056,169.6035540314006
4052.6444832898856,1.3152,167.1366279738356
4052.684493752636,1.3551,157.43908794128185
4052.7245042153972,1.3191,166.14979033525708
4052.764514678168,1.2868,174.59552862392133
4052.804525140949,1.3717,153.65156435002925
4052.85453821944,1.3772,152.4267668979649
4052.894548682244,1.2503,184.93824826162012
4052.9345591450588,1.326,164.42512986617555
4052.974569607883,1.2558,183.32185689128954
4053.014580070718,1.4418,139.07377777771228
4053.054590533563,1.446,138.26705416560478
4053.0946009964186,1.357,156.9985210570835
4053.134611459284,1.4025,146.97705379706122
4053.184624537881,1.3058,169.55160413534057
4053.224635000769,1.1729,210.15183359057707
4053.264645463668,1.2403,187.9324212249787
4053.3046559265763,1.3164,166.83205126978922
4053.344666389497,1.3087,168.80100508472057
4053.384676852426,1.3031,170.25494730900616
4053.424687315366,1.268,179.81118561163535
4053.4646977783163,1.2702,179.18885571230965
4053.5147108570172,1.3595,156.42163965728693
4053.5547213199907,1.2614,181.69775227468998
4053.5947317829728,1.2693,179.44305411680517
4053.634742245967,1.35,158.63087374083443
4053.6747527089706,1.4095,145.52081557397483
4053.7147631719845,1.438,139.80976979073412
4053.7547736350084,1.3601,156.2836612535247
4053.7947840980423,1.1918,203.5393605335157
4053.84479717685,1.2544,183.73128548666588
4053.8848076399067,1.2498,185.08625201725854
4053.924818102974,1.2939,172.68467584898713
4053.9648285660523,1.3125,167.82498258456465
4054.004839029139,1.3723,153.5172340760397
4054.044849492238,1.3967,148.20027466854043
4054.0848599553456,1.2956,172.2318028555818
4054.1248704184645,1.3551,157.43908794128185
4054.174883497377,1.4353,140.3362676201354
4054.214893960518,1.4648,134.7406509530339
4054.25490442367,1.2991,171.30500921648013
4054.294914886832,1.2975,171.72775572558206
4054.334925350004,1.206,198.77445020063854
4054.3749358131863,1.2947,172.4713369240804
4054.414946276378,1.2609,181.8418823671041
4054.4549567395807,1.3474,159.24366563058777
4054.4949672027947,1.5358,122.57051325013808
4054.5449802818257,1.4135,144.6983758908445
4054.584990745061,1.3618,155.89371236621145
4054.625001208307,1.2795,176.59346880189483
4054.665011671564,1.334,162.45892922481949
4054.70502213483,1.3065,169.36996733913787
4054.7450325981063,1.2753,177.75854887621455
4054.785043061393,1.3643,155.3229040203503
4054.835056140517,1.3836,151.019894405138
4054.875066603826,1.3765,152.58183524428776
4054.9150770671467,1.3016,170.64758618335983
4054.9550875304767,1.3608,156.1229170662296
4054.9950979938176,1.4306,141.25988493674726
4055.035108457168,1.3998,147.54459270425
4055.075118920529,1.1664,212.50058506510126
4055.1151293839002,1.3904,149.54632803344768
4055.1551398472816,1.2913,173.38076787086564
4055.2051529265223,1.4544,136.67452328244653
4055.2451633899273,1.2047,199.20367904565273
4055.2851738533413,1.3004,170.96267604684783
4055.3251843167664,1.3112,168.15793021307314
4055.3651947802005,1.1897,204.2585494698423
4055.4052052436473,1.2236,193.09732177670838
4055.4452157071014,1.2363,189.15048346034573
4055.485226170568,1.3175,166.55358674236882
4055.535239249913,1.3944,148.68957688313483
4055.5752497134017,1.3919,149.22418066569887
4055.6152601769004,1.3537,157.76490390768598
4055.6552706404095,1.2758,177.61924524175907
4055.695281103929,1.3078,169.03341533505002
4055.7352915674574,1.4717,133.48016252513966
4055.775302030998,1.5396,121.96620972908848
4055.815312494547,1.4265,142.07306044386408
4055.8653255739987,1.4266,142.0531434409994
4055.9053360375715,1.3606,156.16881866166332
4055.945346501154,1.299,171.33138511656608
4055.9853569647466,1.3429,160.3126902815833
4056.0253674283495,1.317,166.68007503114995
4056.065377891963,1.3129,167.72273608338003
4056.105388355588,1.2092,197.72377857585494
4056.1453988192206,1.3723,153.5172340760397
4056.1954118987774,1.3455,159.69372340283385
4056.235422362434,1.3988,147.75562677181125
4056.2754328261008,1.4169,144.00477174165815
4056.315443289778,1.3866,150.36711891830916
4056.355453753465,1.3577,156.8366730006606
4056.3954642171634,1.324,164.9222573394537
4056.4354746808704,1.3973,148.07302782097483
4056.475485144588,1.5262,124.11733133187444
4056.52549822425,1.4611,135.4239324574152
4056.56550868799,1.3662,154.89118378616374
4056.6055191517426,1.4137,144.65743706701656
4056.6455296155027,1.3736,153.22678879405078
4056.685540079274,1.3901,149.6108826801765
4056.7255505430558,1.3971,148.11542522142403
4056.7655610068477,1.3798,151.85286355253146
4056.8055714706493,1.4035,146.76768495025357
4056.855584550416,1.2901,173.7034614964502
4056.8955950142417,1.3349,162.23994107910076
4056.935605478076,1.4594,135.73961645760556
4056.975615941921,1.2217,193.69840207814906
4057.015626405777,1.194,202.78999087669473
4057.055636869642,1.3715,153.6963802903802
4057.095647333518,1.191,203.81288872652067
4057.1356577974047,1.3126,167.79941219573456
4057.1856708772757,1.2524,184.3185670002625
4057.2256813411846,1.2857,174.89441186229672
4057.265691805103,1.3068,169.29221233603175
4057.305702269033,1.2478,185.680047284167
4057.3457127329716,1.205,199.10450292118756
4057.385723196922,1.3438,160.09802589959818
4057.425733660882,1.3151,167.16204700742932
4057.465744124853,1.188,204.84354557621631
4057.5157572048283,1.2509,184.76087797087595
4057.5557676688213,1.3353,162.14275511671542
4057.5957781328248,1.2232,193.2236322648368
4057.6357885968378,1.197,201.77477433989944
4057.6757990608617,1.2945,172.52463457632103
4057.715809524895,1.3327,162.7760290321879
4057.755819988939,1.4002,147.460305652359
4057.7958304529934,1.4285,141.67551475254606
4057.8458435330745,1.3153,167.11121473771348
4057.885853997151,1.0959,240.72059615590913
4057.9258644612382,1.3162,166.88275620818126
4057.9658749253363,1.2843,175.27591998494287
4058.005885389443,1.3361,161.94864498515932
4058.045895853561,1.3236,165.0219533521204
4058.085906317688,1.3663,154.86851154695452
4058.1259167818266,1.348,159.10193734492154
4058.175929862013,1.3555,157.34618303997172
4058.215940326174,1.3931,148.96721165501143
4058.2559507903447,1.2109,197.16899420521608
4058.295961254527,1.3368,161.77908441388715
4058.3359717187177,1.3545,157.57859965059362
4058.3759821829203,1.3375,161.60978999868703
4058.415992647131,1.3645,155.27737484275593
4058.456003111353,1.3572,156.95225320044605
4058.506016191645,1.2527,184.23029541919297
4058.546026655889,1.2892,173.9460732908146
4058.586037120144,1.3822,151.32597858161003
4058.62604758441,1.3116,168.05537933756491
4058.666058048685,1.3032,170.2288195796496
4058.706068512971,1.2853,175.0032869826974
4058.746078977266,1.2661,180.35126511252838
4058.786089441572,1.3403,160.93526278542495
4058.8361025219688,1.2933,172.8449399167402
4058.8761129862974,1.1797,207.7361132112171
4058.9161234506364,1.2515,184.58376272586094
4058.956133914985,1.2947,172.4713369240804
4058.996144379344,1.2591,182.36217319666878
4059.036154843714,1.2682,179.7544763022542
4059.0761653080926,1.334,162.45892922481949
4059.116175772483,1.2785,176.86982764948988
4059.1661888529843,1.2078,198.18241989422953
4059.206199317397,1.263,181.23768571832403
4059.2462097818193,1.2228,193.35006672847342
4059.286220246252,1.1984,201.3036137159055
4059.3262307106947,1.2587,182.47809661260095
4059.366241175148,1.24,188.02336719436127
4059.4062516396125,1.2918,173.2465775321118
4059.4462621040852,1.2896,173.83818311606228
4059.4962751846924,1.3188,166.22539022704916
4059.5362856491884,1.4463,138.2096998330992
4059.576296113695,1.3767,152.5375058649688
4059.6163065782116,1.3015,170.67381038787178
4059.656317042739,1.2201,194.2067545031616
4059.696327507276,1.2775,177.14683573414382
4059.7363379718226,1.4802,131.9515542679358
4059.776348436381,1.3753,152.84821777757185
4059.8263615170918,1.3423,160.45603981614292
4059.866371981671,1.2365,189.08929946252488
4059.906382446262,1.2326,190.28776502624135
4059.9463929108624,1.3144,167.3401427200132
4059.986403375473,1.3202,165.87303152508247
4060.026413840094,1.2828,175.6860655877416
4060.066424304726,1.3478,159.14915907629046
4060.1064347693664,1.3741,153.11529850974776
4060.1564478501823,1.3057,169.57757609934728
4060.196458314847,1.2933,172.8449399167402
4060.2364687795207,1.398,147.9247801879014
4060.276479244205,1.2996,171.17322103239027
4060.3164897089,1.3287,163.75756540083728
4060.3565001736047,1.3736,153.22678879405078
4060.396510638319,1.2524,184.3185670002625
4060.4365211030436,1.3121,167.92732261094486
4060.4865341839654,1.1824,206.7884700421586
4060.526544648712,1.2991,171.30500921648013
4060.5665551134707,1.3254,164.574031833445
4060.6065655782386,1.3132,167.64611251486176
4060.6465760430165,1.3505,158.5134347248316
4060.6865865078057,1.3384,161.39251594122052
4060.7265969726036,1.3633,155.55085055565192
4060.766607437412,1.4627,135.12782302241575
4060.8166205184384,1.3092,168.67209533633786
4060.8566309832704,1.2917,173.2734031339613
4060.896641448111,1.1702,211.1227172969291
4060.9366519129635,1.2488,185.38279303155971
4060.9766623778246,1.4273,141.9138416166329
4061.0166728426975,1.3518,158.20870291939394
4061.05668330758,1.242,187.41830494483966
4061.0966937724725,1.3158,166.9842354574993
4061.1467068536026,1.3271,164.15266728107258
4061.1867173185183,1.2743,178.0376482355482
4061.2267277834426,1.2398,188.08403452171555
4061.2667382483787,1.256,183.26347882910213
4061.306748713325,1.3021,170.51655577766064
4061.346759178281,1.3807,151.65495968441013
4061.3867696432467,1.3318,162.99610384251733
4061.426780108223,1.2267,192.1226012321248
4061.4767931894585,1.3678,154.52902445809033
4061.516803654457,1.4403,139.36360510595694
4061.5568141194663,1.5055,127.55391710797443
4061.596824584485,1.3567,157.06796121191937
4061.6368350495145,1.306,169.49967810415575
4061.6768455145543,1.2934,172.81821374935404
4061.716855979604,1.279,176.73156719795074
4061.756866444665,1.4261,142.15277035789015
4061.806879526003,1.3694,154.1681338227001
4061.846889991086,1.3408,160.81525597197015
4061.886900456179,1.3066,169.34404305375622
4061.926910921282,1.1378,223.31776590477727
4061.9669213863954,1.3577,156.8366730006606
4062.0069318515184,1.3439,160.07420092001513
4062.0469423166523,1.3477,159.17277782607917
4062.086952781795,1.2553,183.46792414243725
4062.136965863239,1.328,163.93024675733574
4062.176976328405,1.2808,176.2351695765385
4062.2169867935822,1.3752,152.8704478043217
4062.2569972587685,1.1486,219.13791066495065
4062.297007723966,1.1721,210.43880346991057
4062.337018189173,1.2598,182.15957285530533
4062.3770286543895,1.2588,182.44910539818008
4062.417039119616,1.3627,155.6878594184023
4062.467052201165,1.2486,185.4421867498963
4062.5070626664155,1.2734,178.28940005223538
4062.5470731316755,1.3736,153.22678879405078
4062.587083596946,1.2764,177.45229692534383
4062.627094062226,1.3115,168.081008259895
4062.667104527516,1.258,182.68122873389913
4062.7071149928174,1.1477,219.48173096108218
4062.7471254581283,1.2667,180.1804511147528
4062.7971385397805,1.3873,150.21541366022444
4062.8371490051145,1.2415,187.56929640212357
4062.8771594704585,1.4322,140.94444099026148
4062.9171699358117,1.2419,187.44848864717449
4062.957180401177,1.2409,187.75072713007478
4062.99719086655,1.3978,147.9671139286459
4063.0372013319347,1.218,194.8770097252205
4063.0772117973283,1.3819,151.3916891083831
4063.127224879086,1.0414,266.57530574606443
4063.167235344504,1.2222,193.539951233106
4063.207245809931,1.3741,153.11529850974776
4063.2472562753683,1.4215,143.07427623586182
4063.287266740816,1.3502,158.5838824780358
4063.3272772062737,1.3238,164.97209404922376
4063.3672876717415,1.345,159.81247677642168
4063.4072981372196,1.2876,174.3786399578109
4063.457311219081,1.3583,156.69814520742324
4063.4973216845824,1.2785,176.86982764948988
4063.5373321500933,1.3048,169.81159255708982
4063.577342615614,1.4291,141.5565763929037
4063.6173530811448,1.4171,143.96412690129335
4063.657363546686,1.2944,172.55129266741363
4063.697374012238,1.3686,154.3484209245554
4063.7373844778,1.3805,151.69890487392786
4063.787397559766,1.3355,162.09419487927698
4063.82740802535,1.3733,153.2937414250284
4063.867418490944,1.406,146.24621589837662
4063.9074289565497,1.4043,146.6005118102985
4063.9474394221643,1.3274,164.07847683632812
4063.9874498877884,1.2233,193.19204302643473
4064.0274603534235,1.3671,154.68731270522633
4064.0674708190686,1.4101,145.39700328882702
4064.1174839011383,1.348,159.10193734492154
4064.1574943668074,1.2925,173.05897262577736
4064.1975048324857,1.3602,156.26068260310765
4064.2375152981735,1.429,141.5763890493516
4064.2775257638705,1.4018,147.12387866820438
4064.31753622958,1.3377,161.56146897363305
4064.3575466952975,1.2444,186.69607766083845
4064.3975571610267,1.2944,172.55129266741363
4064.4375676267646,1.2998,171.12054833807917
4064.4875807089534,1.2199,194.27043923639204
4064.527591174714,1.3124,167.8505588187186
4064.5676016404864,1.341,160.7672908283821
4064.6076121062674,1.2478,185.680047284167
4064.6476225720594,1.3258,164.47474139364084
4064.6876330378605,1.1686,211.70123399518027
4064.727643503673,1.1501,218.56666951172963
4064.767653969495,1.2457,186.30661299979522
4064.8176670517864,1.2629,181.266388658803
4064.8576775176325,1.2074,198.3137533934274
4064.8976879834863,1.232,190.47315523416654
4064.937698449352,1.2999,171.0942211075782
4064.977708915227,1.2689,179.55620484319945
4065.0177193811123,1.3332,162.6539577874939
4065.057729847008,1.3101,168.44042962032609
4065.0977403129136,1.2385,188.47908881747415
4065.147753395309,1.2338,189.91779568235685
4065.187763861238,1.0794,248.13627855563283
4065.2277743271766,1.2276,191.8410000317275
4065.2677847931245,1.2439,186.8461970030973
4065.3077952590834,1.1867,205.2925929263823
4065.347805725052,1.257,182.9720063772589
4065.387816191031,1.2829,175.65867778176604
4065.427826657021,1.1729,210.15183359057707
4065.4778397395203,1.2257,192.4362192739997
4065.517850205532,1.2938,172.71137104390348
4065.557860671554,1.2441,186.78612754621827
4065.5978711375856,1.2819,175.93284434017798
4065.6378816036286,1.3094,168.62057278099732
4065.677892069681,1.2621,181.49625785342374
4065.717902535743,1.2347,189.64102629398292
4065.757913001815,1.2248,192.7191325463664
4065.8079260844193,1.2374,188.81433850678866
4065.8479365505145,1.2705,179.10424293356178
4065.88794701662,1.2247,192.75060586116803
4065.927957482735,1.2298,191.1552424242357
4065.967967948861,1.0884,244.04956195106874
4066.0079784149966,1.188,204.84354557621631
4066.0479888811415,1.1355,224.22335920834814
4066.0879993472968,1.2193,194.46168150196115
4066.138012430006,1.3515,158.27894760088844
4066.1780228961843,1.2637,181.03695588974745
4066.218033362374,1.207,198.44521748598174
4066.2580438285718,1.2681,179.78282760295468
4066.2980542947803,1.3274,164.07847683632812
4066.3380647609997,1.2256,192.46762330679044
4066.378075227228,1.2388,188.38781204249884
4066.4180856934677,1.3183,166.35150475846646
4066.4680987762813,1.4249,142.39230300468788
4066.508109242543,1.2921,173.16613809339722
4066.548119708814,1.248,185.62053926483458
4066.588130175096,1.289,174.00005604736268
4066.628140641388,1.2649,180.69362261986157
4066.6681511076904,1.2739,178.14947205846877
4066.708161574003,1.3176,166.52830636289008
4066.7481720403257,1.2261,192.31067997221086
4066.7981851232425,1.2909,173.48823242769737
4066.838195589587,1.2522,184.37744997082947
4066.8782060559424,1.2282,191.65360971922217
4066.918216522308,1.2476,185.73958392456765
4066.958226988683,1.3348,162.26425122246852
4066.998237455068,1.3187,166.2506016575168
4067.038247921464,1.2063,198.67559440933306
4067.0782583878704,1.2154,195.71166787246636
4067.1282714708905,1.1872,205.1197078272726
4067.1682819373186,1.2131,196.4544972963965
4067.2082924037577,1.2537,183.936514332882
4067.2483028702068,1.3183,166.35150475846646
4067.2883133366654,1.0897,243.46761298664885
4067.328323803134,1.3098,168.5175984664131
4067.368334269612,1.3149,167.2129024740864
4067.408344736102,1.2859,174.8400123989045
4067.4583578192264,1.2826,175.7408604189409
4067.4983682857383,1.3552,157.41585400340216
4067.538378752261,1.2684,179.69779381633265
4067.578389218792,1.3117,168.02975627661917
4067.6183996853338,1.2077,198.21524103536296
4067.6584101518865,1.2218,193.66669634614837
4067.698420618449,1.2218,193.66669634614837
4067.7384310850207,1.143,221.29045207734387
4067.7884441682495,1.2071,198.412339210249
4067.8284546348445,1.1203,230.34906271865884
4067.86846510145,1.2382,188.57043194601314
4067.9084755680656,1.2335,190.01018679869298
4067.9484860346897,1.5397,121.95036740008847
4067.9884965013252,1.3699,154.0556147436437
4068.0285069679708,1.3013,170.72627693512473
4068.068517434626,1.3514,158.3023728911919
4068.118530517959,1.241,187.72047039979924
4068.158540984638,1.2547,183.64343539951096
4068.198551451325,1.1758,209.1164734327453
4068.2385619180236,1.259,182.3911436924084
4068.278572384732,1.293,172.9251556280281
4068.3185828514506,1.228,191.71604263798298
4068.358593318179,1.1604,214.70378860210482
4068.3986037849177,1.1171,231.67064914226836
4068.4486168683557,1.2076,198.24807033047273
4068.4886273351167,1.1954,202.31527195266455
4068.5286378018877,1.1559,216.3787551004821
4068.5686482686683,1.2989,171.35776710878267
4068.6086587354607,1.3922,149.15987611364258
4068.6486692022613,1.276,177.56356963484367
4068.6886796690737,1.3458,159.62253490276854
4068.728690135895,1.2838,175.412475457486
4068.7787032194365,1.4011,147.27092365855765
4068.8187136862807,1.2366,189.05871859546482
4068.8587241531354,1.2976,171.70128824619496
4068.8987346200006,1.2537,183.936514332882
4068.9387450868753,1.2375,188.78382431574545
4068.9787555537596,1.2966,171.96623868248548
4069.0187660206543,1.1999,200.8006277481212
4069.0587764875595,1.3318,162.99610384251733
4069.108789571205,1.3654,155.0727410691173
4069.148800038132,1.3246,164.77288263247124
4069.1888105050693,1.196,202.11233112835035
4069.2288209720173,1.2766,177.39669978996554
4069.268831438975,1.0361,269.30952319436966
4069.3088419059427,1.0733,250.9648095754036
4069.3488523729206,1.4195,143.4777280634761
4069.388862839909,1.2862,174.75846078040183
4069.438875923658,1.3236,165.0219533521204
4069.4788863906674,1.2358,189.30357343859788
4069.518896857689,1.2377,188.72281812070008
4069.55890732472,1.1888,204.56794066517435
4069.5989177917604,1.1825,206.75349675649517
4069.638928258811,1.3019,170.5689498239923
4069.6789387258727,1.3944,148.68957688313483
4069.7189491929444,1.2968,171.9131995568591
4069.7689622767966,1.4145,144.49385538829938
4069.8089727438905,1.3082,168.93006267091462
4069.8489832109944,1.3962,148.30643904674352
4069.888993678108,1.2468,185.97801706421646
4069.9290041452327,1.387,150.28040207436698
4069.969014612366,1.229,191.4041827681557
4070.00902507951,1.177,208.69028544053282
4070.0490355466645,1.3056,169.6035540314006
4070.099048630621,1.3714,153.71879561367615
4070.1390590977976,1.312,167.9529222442188
4070.1790695649843,1.2181,194.84501418289497
4070.2190800321823,1.2057,198.87337979239734
4070.259090499389,1.3069,169.26630590004626
4070.2991009666066,1.311,168.20924085490947
4070.3391114338333,1.0164,279.8502694498545
4070.379121901071,1.1985,201.2700225523479
4070.4291349851305,1.1888,204.56794066517435
4070.46914545239,1.3453,159.74120886337707
4070.5091559196603,1.3164,166.83205126978922
4070.5491663869407,1.1027,237.7608583166083
4070.589176854231,1.1416,221.83354304917486
4070.62918732153,1.27,179.2452975466263
4070.6691977888404,1.3727,153.42777840177496
4070.709208256161,1.3044,169.9157553900059
4070.759221340325,1.1537,217.2047700500995
4070.799231807668,1.3051,169.73353327639336
4070.8392422750208,1.2294,191.27965184945762
4070.879252742384,1.3474,159.24366563058777
4070.9192632097574,1.3389,161.27199741096194
4070.95927367714,1.2656,180.49379572899386
4070.999284144533,1.2739,178.14947205846877
4071.039294611936,1.2396,188.1447312160458
4071.089307696204,1.194,202.78999087669473
4071.1293181636306,1.2389,188.35740118496926
4071.169328631066,1.2938,172.71137104390348
4071.2093390985124,1.1402,222.3786357576748
4071.2493495659673,1.1639,213.41444631823063
4071.2893600334337,1.2188,194.62126585527926
4071.32937050091,1.2363,189.15048346034573
4071.369380968397,1.319,166.1749845676579
4071.419394052768,1.1797,207.7361132112171
4071.459404520277,1.3528,157.9748914002906
4071.4994149877953,1.2404,187.90212056482855
4071.539425455325,1.2474,185.79914920439373
4071.579435922863,1.1751,209.36568627600656
4071.6194463904126,1.1521,217.8084826578594
4071.659456857972,1.1684,211.7737157383079
4071.699467325541,1.2225,193.4449740327507
4071.7494804100165,1.1815,207.10362933001372
4071.7894908776075,1.3893,149.78323289984306
4071.829501345209,1.2961,172.09894393354014
4071.8695118128217,1.257,182.9720063772589
4071.9095222804435,1.194,202.78999087669473
4071.9495327480763,1.1914,203.67605575442144
4071.9895432157177,1.2285,191.56001750783165
4072.02955368337,1.3117,168.02975627661917
4072.079566767948,1.2174,195.0691485842546
4072.1195772356227,1.129,226.8126347363944
4072.159587703308,1.256,183.26347882910213
4072.199598171003,1.3257,164.49955557794118
4072.239608638707,1.6025,112.57949036487325
4072.2796191064217,1.3018,170.59515590327666
4072.319629574147,1.429,141.5763890493516
4072.359640041882,1.2905,173.59579692823533
4072.409653126565,1.1258,228.10386106541677
4072.4496635943215,1.2355,189.3955166534323
4072.4896740620893,1.1635,213.56121104379162
4072.5296845298667,1.1704,211.05056948475092
4072.5696949976546,1.3869,150.30207425138946
4072.6097054654524,1.2813,176.09765248758347
4072.64971593326,1.2919,173.21975815935343
4072.6897264010777,1.164,213.37777877601397
4072.7397394858644,1.1518,217.92195895178725
4072.7797499537055,1.1574,215.81826169960124
4072.819760421555,1.1996,200.90107401459238
4072.8597708894163,1.2267,192.1226012321248
4072.8997813572855,1.2345,189.70247829379483
4072.939791825166,1.1709,210.87036167221132
4072.979802293057,1.1376,223.39629515940797
4073.019812760958,1.1296,226.57175067444004
4073.0698258458474,1.1987,201.20286544415336
4073.1098363137703,1.2027,199.86675094566914
4073.149846781704,1.1118,233.88468035137657
4073.189857249648,1.0155,280.3465306092392
4073.229867717601,1.2495,185.17513956736246
4073.269878185564,1.1734,209.97277540032192
4073.309888653537,1.0857,245.2649115905638
4073.349899121521,1.23,191.09308322229674
4073.3999122065143,1.3158,166.9842354574993
4073.43992267452,1.2671,180.0667098983404
4073.479933142536,1.2573,182.88470022993081
4073.5199436105627,1.2163,195.42214195142756
4073.559954078598,1.2568,183.0302452121827
4073.5999645466445,1.2162,195.45427976023933
4073.639975014701,1.178,208.33612325001502
4073.6799854827673,1.1871,205.1542673714646
4073.719995950843,1.0116,282.51232335686325
4073.7700090359526,0.9257,337.3761912001553
4073.8100195040515,1.2309,190.81374166669815
4073.8500299721604,1.3746,153.00392986438536
4073.8900404402784,1.3261,164.40033251962416
4073.9300509084087,1.219,194.5574085491018
4073.970061376547,1.3338,162.50765346760303
4074.010071844696,1.1528,217.54404907751038
4074.060084929896,1.175,209.40132447468832
4074.1000953980683,1.1628,213.81841385782283
4074.1401058662495,1.1828,206.64863011699887
4074.1801163344417,1.2564,183.14680632975814
4074.220126802643,1.2087,197.8873961078171
4074.2601372708546,1.152,217.84629823894707
4074.3001477390767,1.1804,207.4898034194604
4074.3401582073084,1.2939,172.68467584898713
4074.3801686755496,1.2336,189.97938227026697
4074.430181760866,1.2332,190.10264535100956
4074.470192229131,1.0695,252.75136329081153
4074.5102026974046,1.153,217.46858507307675
4074.5502131656895,1.2921,173.16613809339722
4074.5902236339834,1.2912,173.40762464712355
4074.630234102289,1.1296,226.57175067444004
4074.670244570602,1.1133,233.25485844679636
4074.710255038927,1.2243,192.8765762513351
4074.7602681243466,1.2612,181.75538374152168
4074.800278592694,1.2438,186.8762425985101
4074.8402890610514,1.1928,203.19822393048085
4074.8802995294186,1.2151,195.8083195060993
4074.920309997795,1.1016,238.23592600912025
4074.960320466182,1.2031,199.73387197661827
4075.00033093458,1.2801,176.42796428344832
4075.040341402987,1.2629,181.266388658803
4075.09035448851,1.4192,143.53839299791215
4075.1303649569395,1.2968,171.9131995568591
4075.170375425379,1.2586,182.50709473763914
4075.2103858938285,1.2067,198.54390136146796
4075.2503963622885,1.2216,193.730115596742
4075.290406830758,1.0938,241.64580745489644
4075.3304172992384,1.1585,215.40861616310247
4075.370427767728,1.1676,212.06401527147688
4075.420440853354,1.0186,278.64271963910056
4075.460451321867,1.1637,213.48780976317178
4075.500461790389,1.2604,181.98618402239222
4075.540472258921,1.1937,202.89193372840757
4075.5804827274637,1.0838,246.12560798180775
4075.620493196017,1.1679,211.95508303558648
4075.660503664579,1.2112,197.07133349852688
4075.7005141331515,1.2555,183.40947630017575
4075.750527218881,1.2116,196.94123205241246
4075.7905376874755,1.2344,189.73321549544696
4075.8305481560806,1.1661,212.60993815878138
4075.870558624696,1.2157,195.61508778252463
4075.910569093321,1.1686,211.70123399518027
4075.950579561956,1.2201,194.2067545031616
4075.9905900306017,1.1903,204.05267844857346
4076.030600499257,1.1075,235.70437443106542
4076.0806135850894,1.0661,254.36607889156238
4076.120624053767,1.0295,272.7736098404999
4076.160634522455,1.1287,226.9332208494175
4076.200644991152,1.1005,238.7124189677243
4076.2406554598597,1.1253,228.30661085169936
4076.2806659285775,1.1336,224.97561931900202
4076.3206763973058,1.0715,251.80870256361013
4076.3606868660427,1.2308,190.84474935896932
4076.4106999519795,1.1868,205.2579984250402
4076.4507104207396,1.1394,222.69101983228168
4076.49072088951,1.0816,247.12787596213357
4076.5307313582903,1.2545,183.7019951213966
4076.570741827081,1.2564,183.14680632975814
4076.610752295881,1.1311,225.97121672325935
4076.6507627646915,1.0719,251.6208033311331
4076.6907732335103,1.1166,231.8781740493352
4076.7407863195504,1.2388,188.38781204249884
4076.780796788393,1.3271,164.15266728107258
4076.820807257246,1.2858,174.86720895751256
4076.860817726109,1.1136,233.12919937889984
4076.900828194981,1.1481,219.32882211624047
4076.940838663864,1.2011,200.3995950566814
4076.980849132757,1.1299,226.45145252151698
4077.020859601659,1.2008,200.4997405237303
4077.070872687803,1.2442,186.75610368009404
4077.1108831567285,1.2176,195.00507073681308
4077.150893625663,1.1183,231.17372457263514
4077.1909040946084,1.1357,224.1443934890118
4077.230914563563,1.1533,217.35546267009943
4077.2709250325297,1.2203,194.14310108000018
4077.3109355015044,1.155,216.71609983454672
4077.350945970489,1.1787,208.0887458703826
4077.4009590567357,1.1495,218.79489763331117
4077.4409695257427,1.1386,223.0040625969228
4077.480979994761,1.3285,163.80687507900615
4077.520990463789,1.2456,186.33652853319361
4077.5610009328266,1.1216,229.81539657630458
4077.601011401874,1.1162,232.04439480835234
4077.6410218709325,1.1481,219.32882211624047
4077.6810323400005,1.1509,218.26292042354464
4077.7310454263493,1.1849,205.91679249053396
4077.77105589544,1.1765,208.86770529056255
4077.811066364539,1.2304,190.96885574114035
4077.85107683365,1.2309,190.81374166669815
4077.89108730277,1.1542,217.01662455075848
4077.9310977719015,1.2436,186.936355534934
4077.971108241041,1.141,222.0669085264177
4078.011118710192,1.0493,262.57642025249504
4078.0611317966427,1.1901,204.12126752606426
4078.101142265816,1.1703,211.08663876716983
4078.1411527349983,1.1239,228.87575053587423
4078.1811632041913,1.12,230.47248041900662
4078.2211736733943,1.1888,204.56794066517435
4078.2611841426074,1.2152,195.7760943412281
4078.3011946118304,1.2062,198.70853814424984
4078.3412050810625,1.1622,214.03924341174607
4078.391218167617,1.1539,217.1294825006368
4078.4312286368727,1.2776,177.11910565206932
4078.4712391061385,1.1851,205.84729650090037
4078.5112495754133,1.0869,244.72363796558386
4078.551260044698,1.1195,230.67839711590983
4078.591270513994,1.2045,199.26983763491754
4078.631280983298,1.3139,167.46752825594447
4078.671291452614,1.1901,204.12126752606426
4078.7213045392728,1.1528,217.54404907751038
4078.761315008609,1.2104,197.33192344776026
4078.8013254779567,1.1438,220.98100934829336
4078.8413359473143,1.0862,245.03916289264924
4078.881346416682,1.1195,230.67839711590983
4078.92135688606,1.1277,227.33586984677927
4078.961367355447,1.1313,225.8913259630576
4079.001377824845,1.2051,199.0714606712822
4079.0513909116066,1.2883,174.18919372456216
4079.091401381026,0.9943,292.4288014972899
4079.1314118504565,1.1531,217.43086779499882
4079.1714223198956,1.1631,213.7081272161772
4079.211432789345,1.0738,250.73114767669293
4079.251443258806,1.2192,194.49358266616065
4079.291453728276,1.2347,189.64102629398292
4079.331464197756,1.1799,207.6656942499725
4079.38147728462,1.2069,198.47810393462296
4079.421487754122,1.1717,210.58250888533138
4079.461498223635,1.2027,199.86675094566914
4079.5015086931567,1.0965,240.45722596043709
4079.5415191626894,1.0658,254.50929617781455
4079.5815296322316,1.2734,178.28940005223538
4079.6215401017835,1.1712,210.76234775074116
4079.661550571346,1.1536,217.24242850987147
4079.7115636583126,1.1752,209.330057174496
4079.751574127897,1.2052,199.03842664594995
4079.791584597492,1.1319,225.6519077218496
4079.8315950670967,1.0101,283.35200796887455
4079.8716055367117,1.0057,285.8367944693711
4079.9116160063363,1.1332,225.1344722148503
4079.9516264759714,1.1028,237.71774082243587
4079.991636945616,1.1101,234.6015671939142
4080.0416500326855,1.1505,218.41471576325327
4080.0816605023524,1.0783,248.6427959894366
4080.1216709720293,1.0215,277.0628546039873
4080.1616814417166,1.0802,247.76887375844245
4080.201691911414,1.0921,242.39870046268607
4080.2417023811204,1.0039,286.86272727806704
4080.2817128508377,1.0951,241.07243003791297
4080.321723320564,1.2958,172.1786408310661
4080.371736407737,1.2615,181.66894681981907
4080.4117468774866,1.1757,209.1520480161981
4080.451757347246,1.1092,234.9824306623083
4080.491767817015,1.1822,206.8584432402398
4080.5317782867937,1.2546,183.67271175975586
4080.571788756583,1.066,254.41380455218507
4080.6117992263817,1.1548,216.79117246311793
4080.6518096961927,1.236,189.2423151523577
4080.7018227834674,1.1332,225.1344722148503
4080.7418332533,1.1308,226.09113235385468
4080.7818437231404,1.2477,185.7098120255868
4080.821854192992,1.2503,184.93824826162012
4080.8618646628533,1.1862,205.46569669189003
4080.9018751327244,1.1764,208.9032164101032
4080.9418856026064,1.2991,171.30500921648013
4080.9818960724974,1.0182,278.8616920832442
4081.0319091598767,1.1437,221.0196541811883
4081.0719196297905,1.0919,242.4875073783894
4081.1119300997143,1.0998,239.0163864503211
4081.151940569647,1.1771,208.6548285985365
4081.1919510395915,1.244,186.81615865310985
4081.231961509545,1.2329,190.19517140495088
4081.271971979508,1.0224,276.5752830596719
4081.3119824494815,1.2199,194.27043923639204
4081.361995536963,1.0976,239.97550189491
4081.4020060069593,1.0698,252.60962706644875
4081.4420164769654,1.1488,219.0616158722733
4081.482026946981,1.1613,214.37112974366238
4081.5220374170085,1.1305,226.21114346281468
4081.562047887044,1.1347,224.53963974601098
4081.60205835709,1.0237,275.87328204044843
4081.642068827145,1.0918,242.53192913882194
4081.6920819147294,1.1312,225.93126604630405
4081.732092384808,1.1645,213.19458273759747
4081.772102854896,1.1734,209.97277540032192
4081.8121133249933,1.1822,206.8584432402398
4081.8521237951018,1.1025,237.84712850553615
4081.8921342652197,0.9752,303.9958261674023
4081.9321447353486,1.0635,255.61132497384116
4081.972155205486,1.1628,213.81841385782283
4082.0221682931724,0.9582,314.8782457410681
4082.0621787633327,1.2075,198.28090778226007
4082.102189233503,1.086,245.12942495551312
4082.1421997036837,0.99,294.9746063117774
4082.1822101738744,1.0733,250.9648095754036
4082.2222206440742,1.1426,221.44541723952227
4082.262231114285,1.1001,238.88604362018145
4082.3022415845053,1.2769,177.31335306504604
4082.3522546722934,1.0971,240.19428775500754
4082.3922651425364,0.9881,296.11009872160963
4082.4322756127895,1.0397,267.4477652554165
4082.4722860830516,1.1491,218.947248369192
4082.5122965533237,1.0404,267.0879992508839
4082.5523070236063,1.1014,238.32245491413175
4082.592317493899,1.2454,186.39638122016063
4082.6323279642015,1.0917,242.57636310693638
4082.6823410520938,1.0578,258.3734892373544
4082.722351522418,1.0814,247.21929467860522
4082.762361992752,1.1517,217.95980409038233
4082.8023724630966,1.3049,169.7855668147734
4082.8423829334515,1.2754,177.7306750420017
4082.8823934038164,1.1473,219.63479976621193
4082.922403874191,1.0931,241.95539682681505
4082.9624143445753,1.068,253.46183694315687
4083.00242481497,0.974,304.7453525249264
4083.0524379029766,1.0457,264.38745848709704
4083.092448373393,1.3528,157.9748914002906
4083.1324588438206,1.0781,248.73505668079036
4083.172469314257,1.148,219.36703434336522
4083.2124797847027,1.0988,239.45163386784867
4083.25249025516,1.0909,242.93227486565044
4083.2925007256263,1.1777,208.44227718468298
4083.342513813723,1.2017,200.19952908412353
4083.382524284213,1.1131,233.3386876101355
4083.4225347547113,1.1783,208.230050386634
4083.4625452252194,1.2373,188.84486009670022
4083.502555695739,0.9629,311.8118538074201
4083.5425661662666,1.1514,218.07339867595465
4083.5825766368052,1.1832,206.50893199322672
4083.6225871073543,1.1883,204.7401285019008
4083.662597577913,1.244,186.81615865310985
4083.7126106661244,1.2031,199.73387197661827
4083.7526211367062,1.0586,257.98312367230164
4083.7926316072962,1.0274,273.88984392097194
4083.8326420778976,1.0235,275.981108114258
4083.872652548508,1.0647,255.035462391233
4083.9126630191295,1.229,191.4041827681557
4083.95267348976,1.0992,239.27739234837352
4083.9926839604004,1.1086,235.2368551337698
4084.0426970487138,1.0846,245.76265816037085
4084.0827075193774,1.0636,255.5632619673833
4084.1227179900498,1.1077,235.61926731435042
4084.1627284607334,1.1347,224.53963974601098
4084.2027389314258,1.0082,284.4209934295698
4084.242749402129,0.8965,359.7115145788597
4084.2827598728413,1.246,186.21690961218022
4084.322770343563,1.1412,221.9890791345846
4084.3727834319807,0.9408,326.63322282751767
4084.412793902726,1.0239,275.7655191459165
4084.45280437348,1.1068,236.00261275450234
4084.492814844246,1.1644,213.23120306640632
4084.5328253150205,1.185,205.88204009724055
4084.5728357858043,1.1616,214.26041524830032
4084.612846256599,1.2125,196.64897443535605
4084.652856727404,1.0334,270.71862889108536
4084.7028698159233,1.0669,253.98475659446044
4084.7428802867503,1.0504,262.02675812155076
4084.782890757587,1.0216,277.00861634572885
4084.8229012284337,1.087,244.67861272988696
4084.8629116992906,1.2083,198.01843640374355
4084.9029221701576,1.2161,195.48642549745426
4084.9429326410336,1.1471,219.71139422361762
4084.9829431119197,1.1379,223.27851680433736
4085.0329562005422,1.1279,227.25525436219735
4085.07296667145,1.0253,275.0129437647027
4085.1129771423693,1.2107,197.2341416791931
4085.1529876132977,1.0177,279.135770810628
4085.192998084236,1.106,236.34415019071702
4085.233008555185,1.0431,265.70710844782684
4085.273019026144,1.1382,223.1608315668702
4085.313029497112,1.146,220.1333808087769
4085.3630425858364,1.0487,262.87696525246866
4085.403053056827,1.0013,288.3544094538278
4085.4430635278277,1.0035,287.09146239614904
4085.483073998839,1.0131,281.6763657007765
4085.5230844698594,1.1005,238.7124189677243
4085.5630949408896,1.1291,226.77246072347822
4085.60310541193,1.0765,249.4749943974964
4085.64311588298,1.1262,227.94185563120874
4085.693128971807,1.1192,230.80207962527126
4085.73313944288,1.0006,288.7580042753697
4085.7731499139627,0.954,317.65685869338023
4085.8131603850543,0.9542,317.5237112461054
4085.8531708561572,0.9549,317.0583538311181
4085.8931813272693,1.0889,243.82548875177233
4085.9331917983923,1.179,207.98286185255853
4085.973202269525,1.0976,239.97550189491
4086.0232153584534,1.0829,246.5348884183953
4086.0632258296073,1.1042,237.11532539625242
4086.1032363007716,1.1736,209.90121619610352
4086.143246771946,1.1133,233.25485844679636
4086.1832572431313,1.1432,221.21303048831905
4086.2232677143247,1.1345,224.6188144427898
4086.2632781855295,1.0558,259.35328829880075
4086.3032886567435,1.0226,276.4671086155617
4086.353301745774,1.0378,268.42794529706083
4086.3933122170106,1.0583,258.129407020419
4086.433322688258,1.1332,225.1344722148503
4086.4733331595135,1.0581,258.2269983855368
4086.51334363078,0.9398,327.32870410641107
4086.553354102056,1.134,224.8169344916594
4086.593364573341,1.1332,225.1344722148503
4086.6333750446374,1.1569,216.00485061157343
4086.683388133772,1.2027,199.86675094566914
4086.72339860509,1.2006,200.5665458788722
4086.7634090764177,1.1782,208.26539900493702
4086.803419547756,1.1814,207.13869149679715
4086.8434300191043,1.1564,216.1916816055492
4086.8834404904615,1.0848,245.67204614837274
4086.92345096183,1.0863,244.9940505555918
4086.9634614332067,1.1547,216.82872340657298
4087.013474522443,1.0187,278.58801682772315
4087.0534849938426,0.9581,314.94397882727833
4087.0934954652525,1.1003,238.79920762434108
4087.133505936673,1.1503,218.49067282262376
4087.173516408103,1.1208,230.1435867400834
4087.213526879542,1.0929,242.0439602138548
4087.253537350992,1.09,243.33361268299765
4087.2935478224513,1.1256,228.18492855776552
4087.343560911789,1.1768,208.76122624331404
4087.3835713832714,1.1402,222.3786357576748
4087.4235818547627,1.0742,250.5444530336424
4087.4635923262645,1.0007,288.70029601356345
4087.5036027977762,0.991,294.3796002931798
4087.5436132692967,0.9577,315.2071171133727
4087.583623740828,1.0037,286.9770606533548
4087.62363421237,1.0415,266.5241176035478
4087.67364730181,1.0755,249.9391333898845
4087.7136577733736,1.0273,273.94316873511616
4087.7536682449468,0.9709,306.6945085789714
4087.793678716531,1.0423,266.1151427149065
4087.8336891881245,1.1012,238.40903096953406
4087.873699659727,0.9639,311.16521040927705
4087.91371013134,0.9832,299.06891390368065
4087.953720602963,1.0242,275.6039931573261
4088.003733692506,0.9717,306.1897141897332
4088.043744164151,1.111,234.2216289405226
4088.0837546358057,0.9598,313.8293089958932
4088.1237651074707,0.8913,363.9209932652035
4088.163775579146,0.9997,289.2781581730193
4088.2037860508317,1.0588,257.8856705123288
4088.243796522526,1.1001,238.88604362018145
4088.283806994231,1.0712,251.94976514473427
4088.3338200838753,0.9473,322.1661485548417
4088.3738305556026,1.0168,279.63013180308906
4088.413841027339,1.1798,207.7008992540584
4088.453851499086,1.0538,260.3386713094615
4088.4938619708437,0.9828,299.3124055358028
4088.5338724426088,0.9982,290.14820991952223
4088.573882914386,1.114,232.9618118487398
4088.613893386172,1.1326,225.37306720655593
4088.6639064759192,1.1075,235.70437443106542
4088.703916947727,1.0177,279.135770810628
4088.7439274195463,1.0051,286.1781596977152
4088.7839378913745,0.9873,296.5901631659539
4088.8239483632133,0.9764,303.2490616223305
4088.863958835061,0.9933,293.0178998712856
4088.9039693069194,0.9777,302.4431676111521
4088.9439797787877,0.9969,290.9054337768415
4088.9939928686367,1.0214,277.1171087935735
4089.0340033405264,1.0216,277.00861634572885
4089.074013812427,1.044,265.2491906457014
4089.114024284336,1.0484,263.02743129154015
4089.154034756257,0.9085,350.2717219437889
4089.1940452281865,1.1037,237.3302106183698
4089.2340557001266,1.1461,220.09496817721444
4089.274066172076,1.037,268.8422654149983
4089.3240792620268,1.0173,279.3553248254381
4089.364089733999,1.0583,258.129407020419
4089.4041002059816,1.0619,256.3821806941513
4089.4441106779727,0.9913,294.20144952614066
4089.4841211499743,0.9337,331.61964408121077
4089.524131621985,0.9938,292.72312839444135
4089.564142094007,0.9923,293.6087801496392
4089.604152566038,0.84,409.72861019233795
4089.6541656560917,0.9786,301.88712141275636
4089.694176128145,1.1715,210.6544167998204
4089.7341866002084,0.9974,290.6138434155826
4089.7741970722823,1.0503,262.0766560521459
4089.8142075443648,1.0148,280.73342469891514
4089.854218016458,0.9482,321.55486059247335
4089.894228488561,0.9446,324.01050774321646
4089.934238960674,1.0769,249.28970073549607
4089.984252050828,1.0959,240.72059615590913
4090.0242625229635,0.9794,301.3941444575458
4090.064272995109,0.8874,367.12678335502824
4090.104283467264,0.951,319.66416190896837
4090.1442939394283,1.0571,258.71578637762593
4090.1843044116035,0.92,341.5696682510129
4090.2243148837883,0.8816,371.97328359287104
4090.2643253559827,1.0074,284.8729031275159
4090.3143384462396,0.944,324.42251596406606
4090.354348918456,1.0579,258.3246451058851
4090.3943593906824,0.876,376.74430219318083
4090.43436986292,0.9855,297.67458588836143
4090.4743803351653,0.9488,321.1483013388914
4090.514390807422,0.8891,365.72420060322327
4090.554401279688,0.9388,328.02640902467806
4090.5944117519643,0.935,330.6981352516169
4090.644424842323,0.9319,332.9019516245942
4090.6844353146207,0.8574,393.26738042000795
4090.7244457869297,0.8689,382.92639453629573
4090.7644562592477,0.983,299.1906225643936
4090.8044667315753,0.9718,306.12670253190106
4090.844477203913,0.9364,329.7100301687476
4090.884487676261,0.99,294.9746063117774
4090.9244981486186,1.0704,252.3265120523892
4090.974511239079,0.9023,355.1019190676768
4091.0145217114587,0.8736,378.81716689462905
4091.0545321838486,1.0389,267.8598172043058
4091.094542656247,0.9825,299.49521945784846
4091.1345531286565,0.9816,300.0446672816058
4091.1745636010764,1.0026,287.60711774969405
4091.214574073505,0.9612,312.9157829686276
4091.254584545945,1.016,280.0706671526373
4091.304597636507,0.9733,305.18385707280635
4091.344608108968,1.0014,288.29682213128586
4091.38461858144,1.0052,286.1212230403054
4091.4246290539204,0.9011,356.0483302631247
4091.4646395264112,0.9023,355.1019190676768
4091.5046499989116,0.941,326.49439257693297
4091.5446604714234,0.9105,348.73460328159655
4091.5846709439434,0.939,327.8866896951047
4091.6346840346073,0.8373,412.3753308055834
4091.6746945071495,1.0141,281.12112024522014
4091.714704979702,1.0061,285.6095568669646
4091.754715452265,0.9885,295.87050346553116
4091.794725924837,1.0763,249.56771870912368
4091.8347363974194,1.0335,270.66624277211156
4091.874746870012,1.0277,273.72996286539905
4091.914757342614,0.9434,324.8353105425777
4091.9647704333806,0.8741,378.383911673434
4092.0047809060043,1.0828,246.58042703030006
4092.044791378638,0.9622,312.26570428693367
4092.084801851282,0.9519,319.0599777763892
4092.1248123239366,1.0345,270.1432168435498
4092.1648227965998,1.0128,281.8432601350025
4092.2048332692734,0.9585,314.6811699096991
4092.244843741956,0.9251,337.8139625551437
4092.294856832824,0.9566,315.9324502058684
4092.3348673055293,0.9943,292.4288014972899
4092.3748777782457,1.006,285.6663408566742
4092.4148882509708,1.086,245.12942495551312
4092.4548987237054,1.0562,259.15688312387243
4092.494909196451,0.9588,314.4842790390241
4092.5349196692055,0.9876,296.41000228148556
4092.5749301419705,1.013,281.7319807038742
4092.6249432329405,0.7796,475.67587057362607
4092.664953705727,0.9421,325.73240598925685
4092.7049641785247,0.9411,326.4250106410575
4092.7449746513307,1.0353,269.7258868589029
4092.784985124148,0.9918,293.9048907495926
4092.824995596974,0.9001,356.83989945968256
4092.865006069809,0.8614,389.62350916747425
4092.9050165426565,0.808,442.8249682791468
4092.9450270155116,0.9022,355.1806424561066
4092.9950401065958,0.9208,340.976408619216
4093.035050579474,0.931,333.5458963121275
4093.0750610523614,1.0521,261.180668990987
4093.1150715252593,1.0598,257.3992320139939
4093.1550819981676,0.9644,310.8426427765277
4093.1950924710854,1.0485,262.9772615943689
4093.235102944013,1.0566,258.96070096746763
4093.2751134169494,0.9211,340.7543346787307
4093.3251265081353,0.9318,332.97340890248626
4093.365136981095,0.9296,334.5513080622627
4093.4051474540643,0.9603,313.5025910103554
4093.445157927044,1.0014,288.29682213128586
4093.4851684000328,0.946,323.0522020849992
4093.525178873032,0.9124,347.283693329334
4093.565189346041,0.9501,320.27006382699744
4093.605199819059,0.9425,325.4559812129414
4093.6552129103466,0.9972,290.7304269273805
4093.695223383388,0.9523,318.7920011853275
4093.735233856438,1.0838,246.12560798180775
4093.775244329499,1.0325,271.19078912293594
4093.8152548025687,0.9173,343.58339192570156
4093.855265275649,0.9304,333.97623133376567
4093.895275748739,0.9071,351.3537598468754
4093.9352862218393,0.9393,327.67727801871064
4093.985299313228,0.9829,299.2515047574809
4094.02530978635,0.987,296.77048835566285
4094.0653202594826,1.0365,269.10170280012494
4094.1053307326233,0.9725,305.6861650518215
4094.145341205776,0.9125,347.20758060965335
4094.185351678938,0.9647,310.6493428979384
4094.225362152109,0.91,349.1179329805595
4094.2653726252897,0.8674,384.25193194957404
4094.3153857167804,0.9316,333.11639249780853
4094.3553961899834,0.956,316.32914216592013
4094.395406663197,0.8798,373.4968936691331
4094.4354171364207,0.8708,381.2572039447209
4094.475427609653,0.9674,308.91772849456953
4094.5154380828953,0.9771,302.81471899871275
4094.5554485561483,0.9642,310.9716096127547
4094.595459029411,0.9097,349.3482342545872
4094.645472121003,0.7795,475.79792465236
4094.6854825942874,0.9067,351.6638345122109
4094.725493067582,0.8513,398.92348982069797
4094.7655035408866,0.8382,411.4902482366614
4094.8055140142005,1.0202,277.7694039865592
4094.845524487524,0.8591,391.71251533525486
4094.885534960858,0.9815,300.10581035782724
4094.9255454342015,1.0666,254.1276519088656
4094.975558525896,0.8006,451.0489127224941
4095.015568999261,0.8506,399.5803461974504
4095.055579472637,1.003,287.3777662188929
4095.0955899460237,1.0567,258.91169023544325
4095.1356004194176,0.7628,496.8592612443534
4095.1756108928234,0.9739,304.8079381466943
4095.2156213662383,0.8556,394.9238205119268
4095.2556318396637,0.9905,294.67687803542884
4095.3056449314586,1.0082,284.4209934295698
4095.3456554049053,0.9383,328.3760983120816
4095.385665878363,0.9233,339.1324011839784
4095.425676351829,0.801,450.59853996000135
4095.465686825305,0.811,439.5548914170522
4095.5056972987923,0.9428,325.2488934811454
4095.545707772288,0.8656,385.85168198985565
4095.5857182457944,0.9047,353.2203821086371
4095.635731337691,0.8433,406.5281897243751
4095.6757418112184,0.8208,429.1213702775681
4095.7157522847574,0.835,414.6502251495541
4095.7557627583046,0.8269,422.81351657010816
4095.7957732318623,0.9317,333.04488919026426
4095.83578370543,1.077,249.24340957561634
4095.8757941790077,1.0352,269.7780002000928
4095.915804652595,0.9422,325.6632667885403
4095.965817744592,0.8791,374.0919377353729
4096.005828218202,0.7929,459.85187918266257
4096.045838691821,0.8588,391.98623248230433
4096.08584916545,0.9855,297.67458588836143
4096.125859639089,0.9022,355.1806424561066
4096.165870112739,0.8041,447.13090873118983
4096.205880586397,0.8692,382.6621102254945
4096.245891060065,0.9163,344.3337367923723
4096.295904152164,0.9434,324.8353105425777
4096.335914625855,0.9645,310.7781894418796
4096.3759250995545,0.8792,374.00684441468843
4096.415935573265,0.7783,477.26624517724434
4096.455946046985,0.7986,453.31093699521784
4096.495956520716,0.79,463.2341993041024
4096.5359669944555,0.729,544.0009380952481
4096.575977468205,0.8243,425.48498940875186
4096.625990560405,0.8554,395.10851517035206
4096.666001034177,0.8827,371.0467735677558
4096.706011507959,0.9598,313.8293089958932
4096.7460219817485,0.8496,400.52153036236
4096.786032455551,0.8136,436.75003585810725
4096.8260429293605,0.8448,405.085836030811
4096.8660534031815,0.8578,392.9006979951235
4096.9060638770125,0.8933,362.2932614960732
4096.956076969315,1.0737,250.77785394290657
4096.996087443167,0.9442,324.28509261607627
4097.036097917029,0.7896,463.70365315033206
4097.076108390902,0.9003,356.68137458240807
4097.116118864784,0.9081,350.58036502707984
4097.156129338677,0.8964,359.79177588574953
4097.196139812578,0.8289,420.7756209599577
4097.23615028649,0.8822,371.4674848587127
4097.286163378893,0.8123,438.1490969892127
4097.326173852827,0.8584,392.351635189785
4097.366184326771,0.9988,289.7997188055185
4097.406194800724,0.7739,482.7086497057897
4097.446205274687,0.9164,344.2585917522627
4097.48621574866,0.7828,471.79480355128266
4097.526226222642,1.0443,265.096814410623
4097.566236696636,0.7696,488.11780545468963
4097.61624978914,0.8132,437.17980163644233
4097.656260263156,0.8889,365.88879276546186
4097.6962707371795,0.919,342.3134226228483
4097.736281211214,0.9454,323.4623832227464
4097.776291685258,0.8437,406.14280976451704
4097.816302159313,0.9534,318.0568039171178
4097.856312633376,0.87,381.95868818561115
4097.8963231074495,0.8756,377.0885963235619
4097.946336200057,0.9346,330.9812669007549
4097.986346674152,0.7697,487.99098059745774
4098.026357148257,0.7308,541.3244344319744
4098.066367622372,0.9892,295.45191093922784
4098.106378096498,0.8079,442.9345986358793
4098.146388570633,0.8046,446.5753638346016
4098.186399044777,0.866,385.4953197493042
4098.226409518932,0.8594,391.4390847860015
4098.276422611639,0.836,413.65883344332394
4098.316433085816,0.9174,343.50849236356584
4098.356443560002,0.7536,509.06467856165114
4098.3964540341985,0.7362,533.4123795601772
4098.436464508406,0.9181,342.984880522087
4098.476474982622,1.0027,287.54975413359506
4098.5164854568475,0.8543,396.1266555568264
4098.556495931083,0.8691,382.7501745874154
4098.606509023891,1.0661,254.36607889156238
4098.646519498149,0.8266,423.1204774202833
4098.686529972417,0.8503,399.86235280599124
4098.726540446693,1.0685,253.22467990370816
4098.766550920981,0.7583,502.7738013770966
4098.806561395278,0.907,351.4312400544674
4098.846571869584,0.9262,337.0120314479179
4098.886582343901,0.7933,459.38826101461547
4098.936595436811,0.7921,460.7812234920226
4098.976605911149,0.8929,362.6179330206436
4099.016616385497,0.7477,517.1302866645634
4099.056626859857,0.759,501.8468477387238
4099.096637334224,0.8036,447.68749092932813
4099.136647808601,0.8571,393.542729210108
4099.1766582829905,0.8594,391.4390847860015
4099.216668757387,0.85,400.1446580621033
4099.2666818503985,0.8478,402.22406216289943
4099.306692324817,0.9628,311.8766289887425
4099.3467027992465,0.8537,396.6836644283499
4099.386713273686,0.7865,467.36624034819147
4099.426723748135,0.831,418.6516468447143
4099.466734222594,0.7166,562.990513505806
4099.5067446970625,0.9935,292.89993787370196
4099.546755171541,0.8896,365.3132057605809
4099.5967682646515,0.9199,341.64393455441245
4099.636778739153,0.7772,478.61818474027064
4099.676789213664,0.8129,437.5025423922834
4099.7167996881835,0.9125,347.20758060965335
4099.756810162713,0.997,290.84708060673387
4099.796820637253,0.9361,329.9213938117393
4099.836831111802,0.8511,399.1109977010946
4099.8768415863615,0.7801,475.06630408146947
4099.926854679575,0.723,553.0674517007861
4099.966865154156,0.8998,357.0778850048838
4100.006875628747,0.8492,400.8989353436465
4100.046886103348,0.7516,511.7775114910462
4100.086896577959,0.7999,451.8386914319379
4100.12690705258,0.8332,416.4437338307311
4100.166917527209,0.8779,375.1153267788042
4100.2069280018495,0.8893,365.5597194767218
4100.256941095164,0.8242,425.5882435424829
4100.296951569826,0.7967,455.4756582601788
4100.336962044498,0.832,417.6458786939325
4100.376972519179,0.8879,366.71342261541287
4100.416982993871,0.9255,337.5220203865345
4100.456993468572,0.9082,350.50316602284767
4100.497003943283,0.836,413.65883344332394
4100.537014418005,0.8637,387.55116957976395
4100.587027511419,0.8882,366.4657411839811
4100.627037986162,0.9198,341.71822508164104
4100.667048460916,0.8132,437.17980163644233
4100.707058935678,0.7301,542.3629448746349
4100.7470694104495,0.7884,465.11630447091414
4100.787079885232,0.8123,438.1490969892127
4100.827090360024,0.7958,456.5064684593437
4100.867100834826,0.7821,472.639717843292
4100.917113928342,0.763,496.59881904720794
4100.957124403166,0.7625,497.2503088657376
4100.997134877999,0.8192,430.7992605481285
4101.037145352842,0.8923,363.10575923433373
4101.077155827696,0.847,402.98422941516054
4101.117166302558,0.8434,406.43179332712253
4101.15717677743,0.6681,647.6966534597055
4101.197187252313,0.6962,596.4672612596452
4101.237197727206,0.8173,432.80456828745145
4101.287210820835,0.7486,515.8876020147303
4101.327221295748,0.5805,857.9262423924343
4101.367231770673,0.7948,457.655922602788
4101.4072422456065,0.7538,508.79458226539873
4101.447252720551,0.8141,436.2137192149503
4101.487263195504,0.7374,531.6777086540584
4101.527273670467,0.8889,365.88879276546186
4101.577286764185,0.6658,652.1793003183653
4101.6172972391705,0.7554,506.6415292580903
4101.657307714165,0.7813,473.60811633469575
4101.69731818917,0.7741,482.45925264138384
4101.737328664184,0.7681,490.0261264449731
4101.777339139209,0.6026,796.1523853888858
4101.817349614243,0.7844,469.8720579091139
4101.857360089287,0.8054,445.68864316052327
4101.907373183106,0.6736,637.1628560074801
4101.947383658172,0.804,447.2421421041198
4101.987394133247,0.8135,436.8574178723179
4102.027404608334,0.7245,550.7796912191699
4102.067415083428,0.7359,533.8473737558207
4102.107425558534,0.8187,431.32561975641084
4102.147436033649,0.7514,512.0499868384379
4102.187446508772,0.7975,454.5623107773677
4102.237459602693,0.8373,412.3753308055834
4102.27747007784,0.7573,504.10248244969006
4102.317480552996,0.7244,550.9317665772754
4102.357491028162,0.7534,509.33498998807613
4102.3975015033375,0.6231,744.6273783283174
4102.437511978524,0.651,682.1699512512471
4102.47752245372,0.7464,518.9332178381957
4102.517532928924,0.7071,578.2198462108579
4102.557543404139,0.7313,540.5844663762005
4102.607556498172,0.7585,502.5086955875508
4102.64756697341,0.7723,484.7108065683255
4102.687577448657,0.6907,606.0043298392249
4102.727587923913,0.8657,385.7625451177752
4102.7675983991785,0.8105,440.09738361958813
4102.807608874456,0.8751,377.51962808273913
4102.847619349741,0.8228,427.0377567037963
4102.887629825037,0.724,551.5406982858923
4102.937642919172,0.7721,484.9619517344263
4102.977653394489,0.9165,344.1834713081788
4103.017663869816,0.8138,436.5353905736005
4103.057674345154,0.7356,534.2829002707546
4103.097684820501,0.7201,557.531062289959
4103.137695295857,0.8469,403.0794018192813
4103.177705771224,0.7869,466.89121494722536
4103.217716246601,0.6208,750.1551256994276
4103.267729340834,0.6855,615.2331263490358
4103.307739816233,0.7658,492.97402698836294
4103.347750291642,0.72,557.6859425692005
4103.387760767059,0.6235,743.6722702855706
4103.427771242488,0.694,600.2548865570799
4103.467781717925,0.7685,489.51614808589073
4103.507792193372,0.7969,455.24706348999007
4103.5578052876945,0.6922,603.38075204625
4103.597815763164,0.7179,560.953394171005
4103.637826238642,0.8144,435.89240327199514
4103.677836714132,0.7136,567.7341217238884
4103.717847189631,0.7811,473.8506809964937
4103.757857665139,0.613,769.3669580288118
4103.797868140657,0.7028,585.3170231789231
4103.837878616185,0.7554,506.6415292580903
4103.877889091722,0.7181,560.6409727829575
4103.9279021861585,0.7371,532.1105822263606
4103.9679126617175,0.7815,473.36573787889546
4104.007923137287,0.8222,427.6612444959039
4104.047933612866,0.7581,503.0391170126321
4104.087944088455,0.7248,550.3238427541322
4104.127954564054,0.7682,489.8985571676486
4104.167965039663,0.7397,528.3764894501705
4104.207975515279,0.7263,548.053067020667
4104.257988609817,0.7035,584.1527943440936
4104.2979990854565,0.6537,676.5464165553914
4104.3380095611055,0.8067,444.2533446102141
4104.378020036766,0.7655,493.3604959481422
4104.4180305124355,0.806,445.02533467188385
4104.458040988115,0.7544,507.9855818769451
4104.498051463804,0.855,395.47829339340143
4104.538061939502,0.9169,343.883235277528
4104.588075034139,0.6845,617.0320500292023
4104.628085509859,0.7384,530.2386052697871
4104.66809598559,0.7089,575.2872100336347
4104.70810646133,0.7642,495.0404575505269
4104.748116937079,0.6959,596.9816411744831
4104.7881274128395,0.7713,485.9684868330784
4104.828137888609,0.8974,358.99036979711667
4104.868148364389,0.9649,310.52057646575383
4104.918161459126,0.8396,410.1191063551426
4104.958171934928,0.7663,492.33092043117495
4104.998182410738,0.8149,435.3576650918949
4105.038192886559,0.7907,462.4143687850126
4105.07820336239,0.6947,599.0458290521292
4105.118213838229,0.7394,528.805336865491
4105.158224314079,0.7726,484.33445445363583
4105.198234789939,0.7251,549.8685599740711
4105.248247884778,0.7406,527.093072613979
4105.28825836066,0.8028,448.5801864863618
4105.328268836551,0.8357,413.9558773006946
4105.368279312452,0.9656,310.07052387516086
4105.408289788363,0.6274,734.4554935206304
4105.448300264284,0.7081,576.587842987853
4105.488310740214,0.8482,401.8447848732217
4105.528321216154,0.8044,446.79745748209575
4105.5783343110925,0.7858,468.19928099195016
4105.618344787054,0.7876,466.06166136858457
4105.658355263026,0.8031,448.24511301306075
4105.698365739007,0.834,415.6451851462773
4105.738376214998,0.7719,485.213292141394
4105.778386691,0.7406,527.093072613979
4105.8183971670105,0.89,364.9849084997934
4105.858407643032,0.8263,423.42777267028737
4105.908420738071,0.8603,390.6205087287733
4105.948431214113,0.6265,736.5671732500487
4105.988441690166,0.73,542.511547436267
4106.028452166227,0.8577,392.9923205074648
4106.068462642299,0.8195,430.48390737016734
4106.10847311838,0.7979,454.10666691052114
4106.148483594471,0.7274,546.3967521613944
4106.188494070572,0.6749,634.7106031220786
4106.238507165713,0.653,677.9976741357431
4106.2785176418365,0.7189,559.393893634248
4106.3185281179685,0.8186,431.43100735428743
4106.358538594111,0.7425,524.3989469795196
4106.3985490702635,0.683,619.7452654264862
4106.438559546425,0.6991,591.5290123199081
4106.4785700225975,0.7964,455.81887338362776
4106.518580498779,0.7219,554.7542140224181
4106.568593594018,0.6768,631.1519281223005
4106.608604070221,0.8679,383.8093224264993
4106.648614546435,0.7761,479.9758768554471
4106.688625022658,0.7497,514.3748388013616
4106.72863549889,0.6792,626.6993776436024
4106.768645975132,0.7503,513.5524981598213
4106.808656451384,0.7779,477.7571960322688
4106.848666927645,0.7134,568.0524917306982
4106.898680022987,0.7683,489.7710376993085
4106.938690499271,0.7271,546.8477289636057
4106.978700975565,0.8433,406.5281897243751
4107.018711451867,0.6918,604.0787044223932
4107.05872192818,0.7817,473.12354543855207
4107.098732404502,0.8336,416.04417210330803
4107.138742880835,0.7905,462.64838385401436
4107.178753357179,0.7509,512.7321279800342
4107.228766452618,0.7419,525.2474876819737
4107.268776928982,0.6568,670.1750972713235
4107.308787405356,0.7806,474.4579085548534
4107.34879788174,0.9235,338.9855271995598
4107.388808358133,0.8248,424.9692819551294
4107.428818834536,0.867,384.6065710526689
4107.468829310949,0.827,422.71127051393404
4107.508839787371,0.8478,402.22406216289943
4107.558852882912,0.7249,550.1720190198008
4107.598863359357,0.7555,506.5074174570235
4107.638873835811,0.8536,396.77661345261845
4107.678884312275,0.8401,409.63107329510376
4107.718894788749,0.8266,423.1204774202833
4107.758905265232,0.8138,436.5353905736005
4107.798915741724,0.8521,398.17477815577246
4107.838926218228,0.9893,295.39218453066616
4107.88893931387,0.8142,436.10657443586626
4107.928949790395,0.7466,518.6552306875002
4107.968960266929,0.7596,501.05435487011033
4108.008970743473,0.7986,453.31093699521784
4108.048981220026,0.8235,426.31207602684054
4108.08899169659,0.8114,439.12161953620296
4108.129002173163,0.7405,527.2354434312809
4108.169012649746,0.7953,457.08065354099284
4108.2190257454895,0.8827,371.0467735677558
4108.2590362220935,0.9557,316.5277683832795
4108.299046698708,0.9181,342.984880522087
4108.3390571753325,0.9666,309.429286939395
4108.3790676519675,0.9578,315.14130163345897
4108.419078128611,0.8036,447.68749092932813
4108.459088605265,0.7882,465.35237385642904
4108.499099081927,0.7127,569.1688982446609
4108.5491121777695,0.8922,363.18715930183214
4108.589122654455,0.8247,425.07234841121635
4108.6291331311495,0.8142,436.10657443586626
4108.6691436078545,0.8781,374.9444705297615
4108.709154084569,0.9001,356.83989945968256
4108.749164561293,0.9462,322.91564840980413
4108.789175038026,0.7273,546.5470157566535
4108.82918551477,0.6713,641.536408440036
4108.879198610713,0.8178,432.2755003835661
4108.919209087478,0.8451,404.79828654082354
4108.9592195642535,0.7511,512.4591080458799
4108.999230041037,0.6806,624.1237812461402
4109.039240517832,0.8356,414.05496302396426
4109.079250994636,0.8875,367.04405531299125
4109.11926147145,0.9026,354.8659058751616
4109.159271948273,0.8858,368.45424484772417
4109.209285044317,0.7811,473.8506809964937
4109.249295521163,0.8228,427.0377567037963
4109.289305998018,0.7598,500.79060769978645
4109.329316474883,0.9354,330.41536674655254
4109.369326951757,0.9018,355.4957979406159
4109.409337428641,0.8699,382.0465098210231
4109.449347905536,0.8623,388.8106186283673
4109.48935838244,0.8245,425.27859383894304
4109.539371478583,0.908,350.6575895389674
4109.579381955509,0.8995,357.3161087073593
4109.619392432444,0.8609,390.07621703199914
4109.659402909389,1.0041,286.7484622158204
4109.6994133863445,0.8562,394.37051289590215
4109.739423863308,0.7998,451.9516862739991
4109.779434340283,0.798,453.99286298943656
4109.819444817267,0.7119,570.4488261009657
4109.869457913511,0.6644,654.9306898956894
4109.909468390517,0.9107,348.58144815810556
4109.949478867532,0.7928,459.9678933856983
4109.989489344557,0.8449,404.9899521666314
4110.029499821591,0.7836,470.8319584924338
4110.069510298637,0.8909,364.2478557925161
4110.109520775691,0.8332,416.4437338307311
4110.149531252756,0.8712,380.9071862753798
4110.199544349099,0.8337,415.9443715224135
4110.239554826186,0.7143,566.6219318863544
4110.279565303281,0.8297,419.9645861135232
4110.319575780387,0.8145,435.78537684844906
4110.359586257502,0.9307,333.76095978805625
4110.399596734626,0.8617,389.35226263133677
4110.439607211761,1.025,275.1739503527093
4110.479617688904,0.9032,354.39458482508024
4110.529630785349,0.9232,339.20587397449464
4110.569641262515,0.8931,362.4555427284364
4110.609651739691,0.8941,361.6452252139726
4110.649662216877,0.814,436.3209034846593
4110.689672694071,0.8077,443.15398152017303
4110.7296831712765,0.8978,358.67055692209107
4110.769693648492,0.8294,420.2684491699758
4110.809704125715,0.8368,412.86827779148007
4110.85971722226,0.7738,482.8334207620314
4110.899727699506,0.8142,436.10657443586626
4110.939738176762,0.8962,359.9523791085586
4110.9797486540265,0.8416,408.17218947595603
4111.019759131303,0.8728,379.51192462614046
4111.059769608587,1.0344,270.19545118493147
4111.09978008588,0.8981,358.4309776417451
4111.139790563186,0.8728,379.51192462614046
4111.1798010405,0.9153,345.08654234033304
4111.229814137157,0.8045,446.6863899535596
4111.269824614492,0.7793,476.0421737828503
4111.309835091838,0.9164,344.2585917522627
4111.349845569193,0.9768,303.00075149866893
4111.389856046558,0.8732,379.164307066997
4111.429866523933,0.8566,394.00228690980043
4111.469877001317,0.9032,354.39458482508024
4111.509887478713,0.8906,364.4932917651591
4111.559900575467,0.828,421.69084660045286
4111.599911052884,0.8593,391.5301964829239
4111.639921530309,0.8111,439.44651334940596
4111.679932007746,0.8335,416.14400860733906
4111.719942485191,0.9272,336.2854785317406
4111.759952962644,0.7927,460.08395149741597
4111.799963440109,0.8418,407.9782606488298
4111.849976536952,0.8693,382.57407625326476
4111.88998701444,0.9121,347.51218171342714
4111.929997491936,0.916,344.5593195962729
4111.970007969442,0.972,306.00073755530224
4112.010018446956,0.962,312.3955578585228
4112.050028924482,0.9105,348.73460328159655
4112.0900394020155,1.0461,264.18530828456596
4112.130049879561,0.9364,329.7100301687476
4112.180062976505,0.9913,294.20144952614066
4112.220073454071,1.066,254.41380455218507
4112.260083931647,0.8611,389.89503925270196
4112.300094409232,0.938,328.5861803549102
4112.340104886827,0.9896,295.21311392942766
4112.380115364433,0.8185,431.5364335815739
4112.420125842047,0.8391,410.60801209638885
4112.4601363196725,0.9241,338.5454772755893
4112.500146797306,0.8992,357.55457088498724
4112.550159894362,0.8047,446.4643791046391
4112.590170372018,0.8032,448.13350528116223
4112.630180849684,0.8898,365.1490017868145
4112.670191327359,0.8533,397.05565662400903
4112.710201805044,0.9347,330.9104499097159
4112.750212282738,0.8947,361.16033835746117
4112.790222760443,0.8,451.7257389602412
4112.830233238156,0.8862,368.1217053076457
4112.880246335313,0.8749,377.6922477405359
4112.920256813049,0.8753,377.34712673848423
4112.960267290793,0.8851,369.0372742674435
4113.000277768549,0.9692,307.77135006220453
4113.040288246314,0.8819,371.7202551810229
4113.080298724089,0.9678,308.6624248613692
4113.120309201872,0.8532,397.1487364317477
4113.160319679666,0.9521,318.9259472621357
4113.210332776923,1.0777,248.91973218317182
4113.250343254738,1.0116,282.51232335686325
4113.290353732564,0.9379,328.65625250484044
4113.330364210399,0.973,305.37207737570156
4113.370374688244,1.0305,272.24446671527664
4113.410385166098,0.874,378.47050323530306
4113.450395643962,0.7562,505.5701240920901
4113.490406121837,0.8233,426.5192244971351
4113.540419219192,0.9201,341.49542616091196
4113.580429697087,0.9385,328.23615552719906
4113.620440174992,0.9623,312.20080786069343
4113.660450652908,0.9932,293.0769075950111
4113.700461130832,0.8923,363.10575923433373
4113.740471608767,1.0863,244.9940505555918
4113.780482086711,0.9527,318.52436206047736
4113.820492564665,0.9085,350.2717219437889
4113.87050566212,0.8838,370.12372085936556
4113.910516140096,0.8503,399.86235280599124
4113.95052661808,0.8311,418.55090663136457
4113.990537096075,0.8676,384.0747963109866
4114.03054757408,0.8513,398.92348982069797
4114.070558052094,0.8871,367.3751353651336
4114.110568530117,0.9571,315.60244331325504
4114.150579008152,0.89,364.9849084997934
4114.200592105707,0.8792,374.00684441468843
4114.240602583762,1.016,280.0706671526373
4114.280613061826,0.935,330.6981352516169
4114.320623539902,0.9776,302.5050453375971
4114.360634017987,0.9879,296.23000550270723
4114.4006444960805,1.023,276.25095003241057
4114.440654974184,1.0149,280.67810509747284
4114.480665452297,0.921,340.82833521375903
4114.530678549952,0.8411,408.65761692197896
4114.570689028087,0.9397,327.39837437828425
4114.610699506232,0.8902,364.82092580005747
4114.650709984387,0.8122,438.256995420743
4114.690720462551,0.8702,381.78313573507205
4114.730730940725,0.8982,358.3511712231536
4114.770741418908,0.827,422.71127051393404
4114.810751897102,0.9494,320.7425126505283
4114.860764994856,0.9509,319.7313993964454
4114.900775473072,0.9528,318.4575049419597
4114.940785951297,0.8365,413.16447036936825
4114.98079642953,0.7506,513.1420671559459
4115.020806907774,0.7501,513.8263924554461
4115.060817386027,0.9097,349.3482342545872
4115.100827864291,0.8624,388.7204545222739
4115.140838342564,0.9197,341.79253984323464
4115.190851440419,0.9622,312.26570428693367
4115.230861918713,0.9642,310.9716096127547
4115.270872397018,0.9809,300.47306160348535
4115.310882875332,0.9539,317.7234638251714
4115.350893353655,1.0069,285.1558938418412
4115.390903831989,0.884,369.95626319734595
4115.430914310332,0.9779,302.31946910186696
4115.470924788685,1.0625,256.09270167380276
4115.520937886639,0.9958,291.5484793593884
4115.560948365013,0.9225,339.72085270921986
4115.600958843397,0.9542,317.5237112461054
4115.640969321791,0.9926,293.4313285388457
4115.680979800195,0.9645,310.7781894418796
4115.720990278608,1.0055,285.9505149815418
4115.761000757031,1.0231,276.19694999734776
4115.801011235462,1.028,273.5702217629516
4115.851024333517,0.9448,323.87334607056994
4115.891034811972,0.8864,367.9556043328595
4115.931045290436,0.8576,393.0839750724228
4115.9710557689095,0.9837,298.76496696466904
4116.011066247393,0.9735,305.0584735311491
4116.051076725885,0.8888,365.97113051621716
4116.091087204387,0.9931,293.1359331449279
4116.1310976829,1.0107,283.015685473046
4116.181110781053,1.0248,275.28136664203953
4116.221121259587,1.0329,270.98078775505
4116.261131738131,0.8483,401.75004937259104
4116.301142216685,1.0718,251.66775841730208
4116.341152695247,0.9576,315.2729532132262
4116.381163173819,0.9652,310.32757688178935
4116.421173652401,0.9283,335.4889807155506
4116.461184130993,0.9196,341.86687884973514
4116.511197229246,0.9279,335.7782885551494
4116.551207707859,0.8894,365.4775205206643
4116.591218186483,0.9133,346.5995786238684
4116.6312286651155,0.8831,370.71071892315655
4116.671239143758,0.9569,315.7343839946994
4116.711249622411,0.8995,357.3161087073593
4116.751260101072,0.8456,404.3197173233628
4116.791270579744,0.9205,341.19869972308715
4116.841283678096,0.9632,311.6176492986303
4116.881294156789,0.8913,363.9209932652035
4116.921304635493,0.7989,452.97055002040787
4116.961315114205,0.8604,390.52971436455965
4117.001325592928,1.0157,280.236136337963
4117.041336071659,1.0242,275.6039931573261
4117.081346550401,0.9304,333.97623133376567
4117.121357029151,0.8655,385.94084976034804
4117.171370127604,0.9483,321.4870471226297
4117.211380606376,0.9059,352.2852165156759
4117.251391085159,0.9269,336.5031975110942
4117.291401563952,1.0662,254.3183666590145
4117.331412042753,1.0394,267.6021732432955
4117.3714225215635,1.0884,244.04956195106874
4117.411433000386,1.1603,214.74079848844897
4117.451443479216,1.0751,250.12515172998488
4117.501456577768,0.8272,422.5068896347442
4117.5414670566215,0.9068,351.58627737582503
4117.581477535483,1.1353,224.30236666428547
4117.621488014354,0.9822,299.67820091958896
4117.661498493236,0.9796,301.27108889617887
4117.701508972126,1.0247,275.3350983743048
4117.741519451027,1.0552,259.6483149608311
4117.781529929937,1.0287,273.19803586921813
4117.831543028589,0.9027,354.78728709660885
4117.871553507521,0.7746,481.8366049292615
4117.911563986463,0.8786,374.51784025890504
4117.9515744654145,0.9442,324.28509261607627
4117.991584944375,0.9634,311.48828040500536
4118.031595423346,0.8914,363.8393463789203
4118.071605902325,0.8857,368.53745013822197
4118.111616381316,0.9433,324.90418623094274
4118.161629480066,0.913,346.82739208034815
4118.2016399590775,1.105,236.77211558287206
4118.2416504381,1.0026,287.60711774969405
4118.28166091713,0.9849,298.03738205647824
4118.321671396171,0.9577,315.2071171133727
4118.361681875221,0.9525,318.65813947505364
4118.4016923542795,1.0026,287.60711774969405
4118.441702833349,1.0308,272.0860239992114
4118.4917159322,0.9694,307.6443687195191
4118.531726411291,1.0105,283.12772640835834
4118.5717368903925,0.7687,489.2614573975061
4118.611747369502,0.9968,290.9638045099624
4118.651757848623,1.0897,243.46761298664885
4118.6917683277525,1.0674,253.7468654271578
4118.73177880689,1.0319,271.5062491888352
4118.77178928604,1.0367,268.9978827998371
4118.82180238499,1.0051,286.1781596977152
4118.861812864161,0.8049,446.2425337294342
4118.90182334334,0.9531,318.2570598354427
4118.9418338225305,1.0673,253.79441691502154
4118.981844301729,1.0237,275.87328204044843
4119.021854780939,0.9812,300.28935176597685
4119.061865260158,1.0393,267.65367228878586
4119.101875739386,1.0687,253.1299102776743
4119.151888838435,1.0388,267.91139064521394
4119.191899317685,1.0855,245.3552984280586
4119.231909796945,1.0713,251.90273111674614
4119.271920276215,0.9822,299.67820091958896
4119.311930755493,0.9092,349.7325764334742
4119.351941234783,1.0792,248.22825744414283
4119.391951714079,1.0704,252.3265120523892
4119.431962193388,0.9324,332.5450100379857
4119.481975292537,0.8877,366.8786830952734
4119.521985771866,0.9955,291.7242254867787
4119.5619962512055,1.0514,261.5285616204289
4119.6020067305535,1.0274,273.88984392097194
4119.642017209913,1.0504,262.02675812155076
4119.682027689282,0.9925,293.49046119683976
4119.722038168659,0.9173,343.58339192570156
4119.762048648047,0.9592,314.22204519489276
4119.812061747294,0.9885,295.87050346553116
4119.852072226702,0.9726,305.6233087623109
4119.892082706121,0.977,302.8767107911784
4119.93209318555,0.9387,328.0963021815797
4119.972103664987,0.9733,305.18385707280635
4120.012114144436,0.8915,363.7577269661813
4120.052124623892,0.8516,398.64247566695286
4120.092135103359,0.8763,376.48639094121967
4120.142148202705,0.9691,307.83487021733424
4120.182158682195,0.9456,323.32556941812726
4120.222169161693,0.8778,375.2007987009237
4120.2621796412,0.912,347.5883946197497
4120.3021901207185,0.8352,414.4516618918995
4120.342200600245,1.0611,256.76891685336864
4120.382211079782,0.994,292.60534433610854
4120.422221559327,0.9686,308.1527661555943
4120.472234658773,1.06,257.30210948332063
4120.512245138341,0.9942,292.487631353269
4120.5522556179185,0.9835,298.88649011295786
4120.592266097506,1.0537,260.38808779949915
4120.632276577103,1.0584,258.0806320829974
4120.672287056709,1.0701,252.46801003150856
4120.7122975363245,0.9853,297.79544430520116
4120.752308015951,0.9984,290.03197640267695
4120.802321115496,0.9863,297.1918872196816
4120.842331595143,0.9775,302.5669420556006
4120.8823420748,1.0931,241.95539682681505
4120.922352554467,1.1628,213.81841385782283
4120.962363034142,1.1112,234.137323562576
4121.0023735138275,1.0211,277.2799670127125
4121.042383993523,0.9898,295.0938239758197
4121.082394473227,0.9966,291.0805986934426
4121.122404952942,0.8921,363.2685867444696
4121.1724180526,1.0344,270.19545118493147
4121.212428532335,1.06,257.30210948332063
4121.252439012082,1.1034,237.4592819935504
4121.292449491836,1.0833,246.35286006400318
4121.332459971602,1.0359,269.41352368121403
4121.372470451375,0.9642,310.9716096127547
4121.412480931161,0.8771,375.79992095403605
4121.452491410954,0.913,346.82739208034815
4121.50250451071,1.006,285.6663408566742
4121.542514990526,1.0031,287.3204712023888
4121.58252547035,1.1451,220.47954747814913
4121.622535950186,1.07,252.51520247480366
4121.6625464300305,1.0457,264.38745848709704
4121.702556909884,0.9974,290.6138434155826
4121.742567389747,0.9998,289.22029391975565
4121.78257786962,1.0914,242.709738302116
4121.832590969475,1.1224,229.48790792264154
4121.87260144937,1.0009,288.5849313763126
4121.912611929274,1.0735,250.87130563589625
4121.952622409189,1.0344,270.19545118493147
4121.992632889112,1.0883,244.09441365558098
4122.032643369045,1.0715,251.80870256361013
4122.072653848988,1.0159,280.125807260089
4122.122666948931,1.0051,286.1781596977152
4122.162677428895,1.0171,279.4651989837232
4122.202687908869,1.0243,275.5501826973372
4122.242698388853,1.0652,254.79609385308055
4122.2827088688455,1.1296,226.57175067444004
4122.322719348849,0.96,313.6985605410575
4122.362729828861,0.9596,313.96013921101036
4122.402740308883,0.9471,322.30222703626384
4122.452753408925,1.0477,263.3790215060079
4122.492763888968,1.094,241.5574624829292
4122.53277436902,1.0083,284.36458033676183
4122.572784849084,1.0075,284.81635553788004
4122.612795329156,1.0384,268.11783342899605
4122.652805809239,1.0077,284.703310858332
4122.692816289329,1.0721,251.52693257326513
4122.732826769432,1.0285,273.3042971557344
4122.772837249543,1.1022,237.9766218542652
4122.822850349695,1.038,268.32451492070794
4122.862860829827,1.0548,259.8452791629329
4122.90287130997,0.942,325.8015672099726
4122.942881790122,0.987,296.77048835566285
4122.982892270283,1.1161,232.08597792495587
4123.022902750453,1.1215,229.85638194189247
4123.062913230634,1.0254,274.9593063031154
4123.102923710824,0.9811,300.35056965393295
4123.152936811076,0.9722,305.8748503107894
4123.192947291287,1.0255,274.9056845318628
4123.232957771508,1.0579,258.3246451058851
4123.272968251739,0.9973,290.67212640405495
4123.3129787319795,1.1033,237.50232918435395
4123.35298921223,1.0903,243.19972297603567
4123.39299969249,1.0791,248.27426606781512
4123.43301017276,1.0084,284.3081840260561
4123.483023273109,1.0194,278.20554779598666
4123.523033753399,1.1076,235.66181510977188
4123.563044233701,1.0949,241.16050903237021
4123.603054714011,1.0453,264.5898408013871
4123.643065194331,1.039,267.8082586539394
4123.68307567466,1.0152,280.5122443661769
4123.723086154999,1.0857,245.2649115905638
4123.763096635348,0.9445,324.0791212566407
4123.813109735796,1.0135,281.45407028646235
4123.853120216167,1.2033,199.66748217950254
4123.893130696546,1.1663,212.53702672040103
4123.933141176936,1.0884,244.04956195106874
4123.973151657336,1.1106,234.390376354363
4124.013162137743,1.1159,232.1691776984142
4124.0531726181625,1.0791,248.27426606781512
4124.093183098589,1.1214,229.89737827247671
4124.143196199137,1.2834,175.5218347682706
4124.183206679586,1.2566,183.0885118571127
4124.223217160046,1.0445,264.9953031878764
4124.263227640514,0.9627,311.94142435656477
4124.303238120991,0.9621,312.33062095007193
4124.343248601479,1.0281,273.5170058012658
4124.383259081976,1.0392,267.70518620190705
4124.423269562484,1.001,288.5272749870465
4124.47328266313,1.0185,278.6974385640106
4124.513293143658,1.0625,256.09270167380276
4124.553303624197,1.0257,274.79848803588794
4124.593314104744,1.0679,253.50930832940597
4124.633324585301,0.9963,291.2559218675972
4124.673335065868,1.081,247.40228435845657
4124.713345546444,1.0521,261.180668990987
4124.75335602703,1.0515,261.478820131708
4124.803369127776,1.1405,222.261661171104
4124.843379608383,1.1171,231.67064914226836
4124.883390089,1.0872,244.58859952814805
4124.923400569627,1.1089,235.10959127440026
4124.963411050263,1.0961,240.63275803346542
4125.003421530909,1.0564,259.05876418946474
4125.043432011564,1.0808,247.49385539697346
4125.083442492229,1.0742,250.5444530336424
4125.133455593073,1.1036,237.37322271479871
4125.17346607376,1.0452,264.64047268906563
4125.213476554457,1.06,257.30210948332063
4125.253487035162,1.0569,258.8137105030049
4125.293497515878,0.9214,340.5324776188515
4125.333507996603,1.0508,261.8273088356761
4125.373518477337,1.0804,247.67715005929335
4125.41352895808,1.06,257.30210948332063
4125.463542059024,1.0567,258.91169023544325
4125.50355253979,1.043,265.75806138959246
4125.543563020564,0.9912,294.260815142233
4125.58357350135,0.9561,316.2629749723909
4125.623583982144,1.0737,250.77785394290657
4125.663594462948,0.9793,301.45570051287217
4125.703604943761,1.1752,209.330057174496
4125.743615424583,1.1466,219.90305575117645
4125.793628525627,0.9473,322.1661485548417
4125.833639006471,1.0806,247.5854772847005
4125.873649487326,1.0671,253.8895599991184
4125.913659968188,1.0397,267.4477652554165
4125.953670449062,1.0122,282.1774942966964
4125.993680929945,1.0495,262.4763531154138
4126.0336914108375,1.0864,244.94895067533272
4126.073701891739,1.0746,250.35796683249075
4126.12371499288,1.0835,246.2619214775805
4126.163725473804,1.0707,252.18513299567638
4126.203735954738,1.0172,279.4102538033677
4126.24374643568,0.8653,386.119278053707
4126.283756916631,1.0416,266.4729442034379
4126.323767397594,1.0719,251.6208033311331
4126.363777878565,1.0431,265.70710844782684
4126.4037883595465,0.9617,312.59049013996724
4126.453801460785,0.919,342.3134226228483
4126.493811941788,0.9472,322.23417702076887
4126.533822422801,1.0931,241.95539682681505
4126.573832903823,1.1204,230.307945514558
4126.613843384855,1.0249,275.2276506368868
4126.653853865894,1.0845,245.80798296668075
4126.693864346945,1.2023,199.99976256144197
4126.733874828004,1.0536,260.4375183609457
4126.783887929343,1.0756,249.89266122877467
4126.8238984104255,1.3486,158.9603981842522
4126.863908891515,1.0659,254.46154364592186
4126.903919372617,0.9609,313.11120245318295
4126.943929853726,1.0232,276.1429657941878
4126.983940334847,1.0311,271.92771956028764
4127.023950815976,0.9756,303.74659845528333
4127.0639612971145,1.0901,243.28897049816806
4127.113974398552,1.06,257.30210948332063
4127.153984879713,0.9963,291.2559218675972
4127.193995360882,1.0934,241.82264285798882
4127.234005842062,1.1832,206.50893199322672
4127.274016323251,1.1088,235.15200108341892
4127.314026804449,1.0368,268.9459953286046
4127.354037285658,1.0562,259.15688312387243
4127.394047766876,0.9881,296.11009872160963
4127.444060868412,0.993,293.19497652821707
4127.484071349651,0.9745,304.4327133663427
4127.524081830899,1.0961,240.63275803346542
4127.564092312158,1.1073,235.7895276679244
4127.604102793426,1.1647,213.12137037560055
4127.644113274703,1.0743,250.4978119540528
4127.684123755992,1.0749,250.21823878500814
4127.724134237288,1.0832,246.39834824792933
4127.774147338922,1.0416,266.4729442034379
4127.814157820239,1.0453,264.5898408013871
4127.854168301568,1.0371,268.790422961047
4127.894178782905,1.02,277.8783437371102
4127.934189264253,1.098,239.80068836337392
4127.974199745609,1.1519,217.88412366911615
4128.014210226976,1.0467,263.8825174143579
4128.054220708351,1.0398,267.3963256232698
4128.104233810083,1.122,229.65156468574364
4128.14424429148,1.0497,262.3763431703925
4128.184254772888,1.0325,271.19078912293594
4128.224265254305,1.0548,259.8452791629329
4128.26427573573,1.1121,233.75851206233213
4128.304286217165,1.0469,263.78170279622225
4128.3442966986095,1.0788,248.41236871339814
4128.384307180065,0.9635,311.4236261667624
4128.434320281895,1.0301,272.4559390462697
4128.474330763372,1.0388,267.91139064521394
4128.514341244858,1.0202,277.7694039865592
4128.554351726352,1.0866,244.85878826686866
4128.594362207857,1.0762,249.61410025189423
4128.634372689371,1.0142,281.0656860145294
4128.6743831708945,1.0402,267.1907154281715
4128.714393652427,1.1037,237.3302106183698
4128.764406754358,1.1105,234.43259170215939
4128.804417235912,0.9896,295.21311392942766
4128.844427717477,0.9326,332.4023941273286
4128.884438199051,1.0733,250.9648095754036
4128.924448680634,1.045,264.7417800742689
4128.964459162227,1.0592,257.69092977765496
4129.00446964383,0.9764,303.2490616223305
4129.044480125442,1.095,241.11646350233931
4129.09449322747,1.0335,270.66624277211156
4129.134503709104,0.9716,306.25274530459575
4129.174514190747,1.057,258.76474149206337
4129.214524672399,1.1328,225.2934934166307
4129.254535154061,1.1678,211.99138445303714
4129.294545635733,1.1023,237.9334456569624
4129.334556117414,1.0665,254.17531047946102
4129.374566599105,1.0657,254.55706215290726
4129.424579701233,1.0703,252.37366482524376
4129.464590182944,1.0703,252.37366482524376
4129.504600664666,1.0822,246.85392385644002
4129.544611146398,1.1285,227.01366502451748
4129.584621628139,1.1402,222.3786357576748
4129.62463210989,1.1411,222.02798871508688
4129.66464259165,1.118,231.29780571783854
4129.704653073419,1.0522,261.1310267158262
4129.754666175644,0.9279,335.7782885551494
4129.794676657435,1.1392,222.76921869897265
4129.834687139236,1.2052,199.03842664594995
4129.874697621046,1.1493,218.87105311733072
4129.914708102866,1.184,206.22996038354592
4129.954718584694,1.1153,232.4190456295463
4129.994729066533,1.1055,236.55798771550022
4130.034739548381,1.1262,227.94185563120874
4130.084752650705,1.0918,242.53192913882194
4130.124763132575,1.1148,232.6275771673055
4130.164773614454,1.0725,251.33934857822723
4130.204784096344,1.0662,254.3183666590145
4130.244794578242,1.1484,219.2142453225024
4130.284805060149,1.1713,210.72636155234858
4130.324815542067,1.1069,235.95997263542338
4130.364826023994,1.0309,272.033240496725
4130.414839126416,1.0063,285.4960396689307
4130.454849608365,1.0253,275.0129437647027
4130.494860090323,1.0458,264.3368991898582
4130.534870572291,1.0937,241.68999811662496
4130.574881054267,1.0727,251.24563526274977
4130.614891536254,1.1236,228.997985905173
4130.654902018251,1.0727,251.24563526274977
4130.694912500256,1.0392,267.70518620190705
4130.744925602777,1.0631,255.80371264940237
4130.784936084804,1.2398,188.08403452171555
4130.8249465668405,1.1652,212.93850437731768
4130.864957048886,1.0447,264.89385026018596
4130.904967530942,1.0721,251.52693257326513
4130.944978013007,1.1272,227.5375963270469
4130.984988495083,1.0159,280.125807260089
4131.024998977166,1.0683,253.31950276108608
4131.075012079786,1.1286,226.97343759113392
4131.115022561892,1.1216,229.81539657630458
4131.155033044007,1.1003,238.79920762434108
4131.1950435261315,1.164,213.37777877601397
4131.235054008266,1.0831,246.44384903186707
4131.27506449041,1.1059,236.38689449346802
4131.315074972563,1.0793,248.1822616083283
4131.355085454727,1.0567,258.91169023544325
4131.3950959368985,1.061,256.817320392511
4131.445109039628,1.0339,270.4568502793908
4131.4851195218225,1.1128,233.46451611343284
4131.525130004025,1.1692,211.48401189441333
4131.565140486238,1.0995,239.1468359875491
4131.60515096846,1.106,236.34415019071702
4131.645161450693,1.1135,233.1710744499912
4131.685171932935,1.1344,224.65841749581418
4131.725182415186,1.2059,198.80741852754772
4131.775195518013,1.1836,206.3693754791864
4131.815206000286,1.137,223.6321316155459
4131.855216482568,1.0958,240.76453325396417
4131.895226964859,1.1696,211.3393828467647
4131.935237447161,1.0387,267.9629789823983
4131.975247929471,1.0762,249.61410025189423
4132.015258411792,1.0657,254.55706215290726
4132.065271514704,0.9756,303.74659845528333
4132.105281997046,1.1712,210.76234775074116
4132.145292479398,1.0765,249.4749943974964
4132.18530296176,1.1433,221.17433492937604
4132.225313444129,1.0908,242.97681890445583
4132.265323926509,1.0228,276.35899762301295
4132.3053344088985,1.1269,227.6587611233305
4132.345344891297,1.098,239.80068836337392
4132.395357994308,1.2987,171.41054937711382
4132.435368476729,1.1237,228.9572299039856
4132.475378959159,1.208,198.1168020630925
4132.515389441598,1.1232,229.1611187812039
4132.5553999240465,1.1173,231.58771717879725
4132.595410406505,1.057,258.76474149206337
4132.6354208889725,1.0358,269.4655465174079
4132.67543137145,1.152,217.84629823894707
4132.715441853937,1.1023,237.9334456569624
4132.765454957059,1.0443,265.096814410623
4132.805465439566,1.1079,235.5342062844795
4132.845475922085,1.1435,221.09697426486528
4132.885486404612,1.1048,236.85784814349904
4132.925496887149,1.0389,267.8598172043058
4132.965507369695,1.0417,266.4217855400741
4133.005517852251,1.0319,271.5062491888352
4133.045528334816,1.0376,268.53143548851267
4133.095541438037,1.098,239.80068836337392
4133.135551920623,1.0943,241.42503583727165
4133.1755624032185,1.1607,214.59281633175334
4133.215572885825,1.1305,226.21114346281468
4133.255583368441,1.1466,219.90305575117645
4133.295593851065,1.156,216.34132098127878
4133.3356043337,1.1866,205.32719617437786
4133.375614816344,1.189,204.49912634604817
4133.425627919662,1.1328,225.2934934166307
4133.4656384023265,1.0183,278.80692477974844
4133.505648885001,0.9881,296.11009872160963
4133.545659367686,1.1532,217.39316032847398
4133.585669850379,1.1485,219.17607300888167
4133.625680333083,1.0383,268.1694814086863
4133.665690815796,1.2042,199.3691373329584
4133.705701298518,1.1019,238.10622098371152
4133.755714401934,1.0368,268.9459953286046
4133.795724884678,1.158,215.59467396492977
4133.835735367431,1.1984,201.3036137159055
4133.875745850194,1.1445,220.7107790876261
4133.915756332966,1.1488,219.0616158722733
4133.955766815748,1.1691,211.52019235386416
4133.995777298539,1.0681,253.41437888968167
4134.03578778134,1.1286,226.97343759113392
4134.085800884854,1.1392,222.76921869897265
4134.125811367676,1.1193,230.76084107200873
4134.165821850508,1.105,236.77211558287206
4134.2058323333495,1.0431,265.70710844782684
4134.2458428162,1.0543,260.0917997435807
4134.28585329906,1.0628,255.94814598126044
4134.32586378193,1.1785,208.1593801432225
4134.365874264809,1.1094,234.89771422536842
4134.415887368421,1.0123,282.12174732877554
4134.455897851321,1.0488,262.82683859679406
4134.495908334232,1.1288,226.89301479557972
4134.5359188171515,1.1445,220.7107790876261
4134.57592930008,0.9975,290.55557795493235
4134.615939783019,0.9299,334.33548035000365
4134.6559502659675,1.0746,250.35796683249075
4134.695960748925,1.2022,200.0330362121257
4134.745973852635,1.1954,202.31527195266455
4134.785984335615,1.119,230.88458990197387
4134.825994818602,1.1429,221.3291781145357
4134.866005301601,1.1044,237.02945301643484
4134.906015784609,1.0868,244.7686756305959
4134.946026267625,1.1172,231.62917759313964
4134.986036750653,1.1184,231.1323863782734
4135.026047233688,1.0941,241.5133081638309
4135.0760603374965,1.0863,244.9940505555918
4135.116070820553,1.0737,250.77785394290657
4135.15608130362,1.1862,205.46569669189003
4135.196091786696,1.1239,228.87575053587423
4135.236102269781,1.1085,235.27929938338573
4135.276112752878,1.1147,232.66931715169508
4135.316123235982,1.0451,264.691119111505
4135.356133719096,1.2347,189.64102629398292
4135.406146823003,1.2355,189.3955166534323
4135.446157306139,1.302,170.54274978273855
4135.486167789284,1.2137,196.26030850878237
4135.526178272438,1.1282,227.13441151258132
4135.566188755603,1.1953,202.3491251385809
4135.606199238777,1.1133,233.25485844679636
4135.646209721959,1.0546,259.9438453195611
4135.686220205153,1.1088,235.15200108341892
4135.736233309157,1.1478,219.44348876230472
4135.776243792371,1.1142,232.87818567951905
4135.8162542755945,1.147,219.74970647824858
4135.856264758827,1.2125,196.64897443535605
4135.896275242069,1.1865,205.3618081719757
4135.936285725323,1.2464,186.09740583843546
4135.976296208584,1.1366,223.7895634549696
4136.016306691854,1.0976,239.97550189491
4136.066319795957,1.0297,272.66765787220004
4136.106330279249,1.042,266.2683979138938
4136.146340762551,1.0575,258.52010477980286
4136.186351245862,0.9831,299.12975894897943
4136.226361729185,1.2036,199.56795953117492
4136.266372212514,1.2362,189.1810865959094
4136.306382695854,1.177,208.69028544053282
4136.346393179203,1.2525,184.28913609218665
4136.396406283402,1.1574,215.81826169960124
4136.4364167667745,1.1792,207.9123173994098
4136.476427250154,1.0385,268.06620036854787
4136.516437733544,1.173,210.1160036337877
4136.556448216943,1.2607,181.8995824264323
4136.596458700352,1.0987,239.49522398579728
4136.636469183769,1.102,238.06300951337238
4136.676479667197,0.9615,312.7205463752983
4136.726492771495,1.0722,251.48001689176402
4136.766503254943,1.0631,255.80371264940237
4136.806513738402,1.1694,211.41167881890576
4136.84652422187,1.1449,220.55658428919176
4136.886534705347,1.2812,176.12514302573544
4136.926545188834,1.2282,191.65360971922217
4136.96655567233,1.098,239.80068836337392
4137.006566155836,0.9346,330.9812669007549
4137.056579260232,1.1138,233.04548307107726
4137.096589743758,1.0037,286.9770606533548
4137.136600227295,1.1183,231.17372457263514
4137.1766107108415,1.0926,242.1768964951078
4137.216621194396,1.0856,245.31009876483213
4137.256631677962,1.108,235.49169304171272
4137.2966421615365,1.0866,244.85878826686866
4137.336652645121,1.0807,247.53965998233306
4137.386665749615,1.0902,243.24434059734952
4137.426676233219,1.2134,196.3573668943149
4137.466686716834,1.1759,209.0809079248194
4137.506697200459,1.2343,189.7639601681568
4137.546707684091,1.2994,171.22591805025402
4137.586718167736,1.1601,214.81484697526685
4137.6267286513885,1.1673,212.1730315059331
4137.66673913505,1.0862,245.03916289264924
4137.716752239641,1.0919,242.4875073783894
4137.756762723326,1.1133,233.25485844679636
4137.796773207018,1.0093,283.80137132716516
4137.83678369072,1.1138,233.04548307107726
4137.876794174432,1.1721,210.43880346991057
4137.9168046581535,1.1608,214.5558446935442
4137.956815141884,1.1219,229.6925062304283
4137.996825625625,1.218,194.8770097252205
4138.0468387303135,1.2342,189.79471231434584
4138.086849214075,1.1498,218.68073891146494
4138.126859697847,1.1281,227.17468175055222
4138.166870181627,1.0854,245.40051058484613
4138.206880665418,1.0598,257.3992320139939
4138.246891149218,1.13,226.41137442732867
4138.286901633026,1.1272,227.5375963270469
4138.326912116845,1.1149,232.58584841389853
4138.376925221632,1.1417,221.7946845690643
4138.416935705472,1.0928,242.08826014306229
4138.45694618932,1.1879,204.8780353472757
4138.49695667318,1.1613,214.37112974366238
4138.536967157048,1.1401,222.4176478080709
4138.576977640926,1.1897,204.2585494698423
4138.616988124812,1.2258,192.40482292665345
4138.65699860871,1.1149,232.58584841389853
4138.707011713594,1.2163,195.42214195142756
4138.747022197512,1.0516,261.42909283252976
4138.78703268144,1.0256,274.8520784448257
4138.827043165376,1.1755,209.22322442203836
4138.867053649323,1.2781,176.9805528611102
4138.907064133278,1.1921,203.43692940585336
4138.947074617244,1.0464,264.0338477425441
4138.987085101218,1.13,226.41137442732867
4139.0370982062,1.1232,229.1611187812039
4139.077108690196,1.3408,160.81525597197015
4139.117119174201,1.1752,209.330057174496
4139.157129658217,1.0869,244.72363796558386
4139.197140142242,1.1275,227.41652823472057
4139.237150626275,1.1964,201.9772068384791
4139.277161110318,1.1703,211.08663876716983
4139.317171594372,1.1638,213.45112331286683
4139.367184699451,1.2321,190.4422380568205
4139.407195183525,1.1874,205.05061493173062
4139.4472056676095,1.1605,214.66678828273868
4139.487216151701,1.2429,187.14697938618497
4139.527226635804,1.1867,205.2925929263823
4139.567237119916,1.3131,167.67164786912778
4139.607247604038,1.2272,191.96607963308816
4139.647258088169,1.194,202.78999087669473
4139.697271193346,1.1788,208.0534422152988
4139.737281677498,1.2147,195.93729976330647
4139.77729216166,1.12,230.47248041900662
4139.817302645832,1.0655,254.65263445288105
4139.857313130012,1.0864,244.94895067533272
4139.897323614202,1.1058,236.4296503931255
4139.937334098402,1.0893,243.64645230809228
4139.97734458261,1.2115,196.97374533305145
4140.0173550668305,1.2534,184.02457483075446
4140.067368172115,1.1669,212.31851729896704
4140.107378656355,1.0892,243.6911929274912
4140.147389140604,1.142,221.678170370464
4140.187399624863,1.1444,220.74935305289836
4140.227410109132,1.1188,230.9671444319358
4140.267420593409,1.0457,264.38745848709704
4140.3074310776965,1.0445,264.9953031878764
4140.357444183067,1.0852,245.49097239752567
4140.397454667375,1.1458,220.2102362463237
4140.437465151695,1.0944,241.3809178209633
4140.47747563602,1.1731,210.08018283949065
4140.517486120358,1.1702,211.1227172969291
4140.557496604704,1.2293,191.31077318294166
4140.59750708906,1.171,210.83434780752262
4140.637517573425,1.039,267.8082586539394
4140.687530678894,1.0476,263.42930622167444
4140.72754116328,1.1344,224.65841749581418
4140.767551647676,1.1753,209.29443716706064
4140.807562132081,1.207,198.44521748598174
4140.847572616496,1.1937,202.89193372840757
4140.88758310092,1.1861,205.50034371741032
4140.927593585354,1.0754,249.98561851573635
4140.967604069797,1.1374,223.47486584331048
4141.017617175363,1.1176,231.46340270463963
4141.057627659828,1.1901,204.12126752606426
4141.097638144301,1.254,183.84851702871322
4141.137648628784,1.147,219.74970647824858
4141.1776591132775,1.1846,206.02110248184076
4141.217669597779,1.1443,220.787937131502
4141.25768008229,1.184,206.22996038354592
4141.297690566811,1.1381,223.20004963901926
4141.337701051342,1.1984,201.3036137159055
4141.387714157018,1.3125,167.82498258456465
4141.4277246415695,1.1588,215.29709706735792
4141.467735126131,1.1686,211.70123399518027
4141.507745610701,1.1805,207.45465207012475
4141.547756095281,1.2089,197.8219247327715
4141.587766579871,1.1968,201.8422180114368
4141.627777064469,1.1061,236.30141748067874
4141.667787549078,1.079,248.32028748408607
4141.717800654852,1.1421,221.63935270625922
4141.7578111394805,1.1462,220.05656559911262
4141.79782162412,1.1564,216.1916816055492
4141.8378321087675,1.181,207.2790292407905
4141.877842593426,1.2506,184.84953120493927
4141.917853078093,1.0395,267.55068905971547
4141.95786356277,1.0211,277.2799670127125
4141.997874047456,1.0125,282.0103029416668
4142.047887153327,1.0074,284.8729031275159
4142.0878976380345,1.1728,210.18767271298393
4142.127908122751,1.1658,212.71937568406415
4142.167918607478,1.3182,166.37674488717997
4142.207929092214,1.1727,210.22352100413462
4142.247939576959,1.2251,192.62475884024877
4142.287950061714,1.2862,174.75846078040183
4142.33796316767,1.2186,194.68515460532373
4142.377973652446,1.2599,182.1306575129518
4142.4179841372315,1.2196,194.3660250875485
4142.4579946220265,1.1097,234.77072544402742
4142.4980051068305,1.2077,198.21524103536296
4142.538015591644,1.1713,210.72636155234858
4142.578026076466,1.0988,239.45163386784867
4142.6180365613,1.0916,242.62080928720613
4142.658047046141,1.2538,183.9071748796232
4142.708060152207,1.0668,254.03237497138937
4142.748070637071,1.2728,178.45753136857772
4142.788081121943,1.2566,183.0885118571127
4142.828091606824,1.2165,195.35789010858645
4142.8681020917165,1.0851,245.53622206263384
4142.908112576617,1.0442,265.14759189660015
4142.948123061527,1.1718,210.54656873449278
4142.988133546448,1.1879,204.8780353472757
4143.0381466526105,1.1843,206.12549175272446
4143.078157137551,1.1156,232.29406126936502
4143.1181676225015,1.064,255.3711454383159
4143.158178107462,1.1762,208.9742658233424
4143.198188592431,1.1436,221.0583091521968
4143.238199077409,1.1179,231.3391883001783
4143.278209562397,1.228,191.71604263798298
4143.318220047395,1.1259,228.06334351880673
4143.368233153656,1.0071,285.0426469761091
4143.408243638673,1.0963,240.5449679799973
4143.448254123702,1.1705,211.0145094465126
4143.48826460874,1.1322,225.53234131332718
4143.528275093788,1.1681,211.88250816825385
4143.568285578843,1.1433,221.17433492937604
4143.6082960639105,1.1252,228.34719324648918
4143.648306548985,1.2288,191.46649383700017
4143.698319655343,1.1563,216.22907689103675
4143.738330140439,1.0486,262.92710624983647
4143.778340625545,1.165,213.01162252308575
4143.81835111066,1.1548,216.79117246311793
4143.858361595785,1.1177,231.42198678960284
4143.898372080919,1.2897,173.81122625650494
4143.938382566064,1.1103,234.51705661970155
4143.978393051218,1.1683,211.80997056973558
4144.028406157671,1.2412,187.65997887705618
4144.068416642846,1.2769,177.31335306504604
4144.10842712803,1.2818,175.9602962936498
4144.148437613222,1.2268,192.09128160147478
4144.188448098425,1.1467,219.86470338778926
4144.228458583638,1.113,233.38061913940126
4144.268469068859,1.2779,177.03595446175925
4144.30847955409,1.2744,178.00970873093618
4144.358492660641,1.2882,174.2162385653397
4144.398503145894,1.2164,195.39001206841195
4144.438513631157,1.1754,209.25882625060592
4144.478524116426,1.2055,198.9393738901039
4144.518534601707,1.1465,219.94141815049974
4144.558545086997,1.1856,205.67371036963414
4144.5985555722955,1.1609,214.51888260913316
4144.638566057604,1.1673,212.1730315059331
4144.6885791642535,1.1775,208.51309155486996
4144.728589649583,1.3881,150.0423171756713
4144.768600134923,1.248,185.62053926483458
4144.808610620271,1.0835,246.2619214775805
4144.848621105629,1.0836,246.2164710657868
4144.888631590997,1.0521,261.180668990987
4144.928642076374,1.1698,211.26712395261814
4144.96865256176,1.26,182.10174905492494
4145.018665668506,1.255,183.5556483048382
4145.058676153913,1.173,210.1160036337877
4145.09868663933,1.1313,225.8913259630576
4145.138697124757,1.1831,206.54384324077637
4145.178707610192,1.1264,227.86091762801667
4145.218718095637,1.1846,206.02110248184076
4145.258728581091,1.165,213.01162252308575
4145.298739066557,1.2405,187.87182723222722
4145.3487521734,1.1818,206.99849622754488
4145.388762658885,1.2263,192.2479563838598
4145.428773144379,1.2359,189.27294057805102
4145.468783629883,1.2871,174.51414797962465
4145.508794115396,1.2403,187.9324212249787
4145.5488046009195,1.169,211.556382098681
4145.588815086451,1.1636,213.524505672396
4145.628825571993,1.0967,240.36953193974924
4145.678838678933,1.1714,210.69038456975719
4145.718849164496,1.2358,189.30357343859788
4145.758859650067,1.1395,222.6519358387784
4145.79887013565,1.3639,155.41402246973504
4145.838880621241,1.0917,242.57636310693638
4145.878891106841,1.0544,260.0424675699361
4145.918901592451,1.1491,218.947248369192
4145.958912078069,1.27,179.2452975466263
4146.008925185108,1.2451,186.48621433576835
4146.0489356707485,1.2327,190.25689297426763
4146.0889461563975,1.0312,271.8749821144241
4146.128956642056,1.2267,192.1226012321248
4146.168967127726,1.202,200.09960842891476
4146.2089776134035,1.1737,209.86545031120713
4146.248988099091,1.2753,177.75854887621455
4146.288998584788,1.1762,208.9742658233424
4146.339011691924,1.1511,218.18708208817964
4146.379022177641,1.1228,229.32442603748473
4146.419032663368,1.2843,175.27591998494287
4146.459043149104,1.2498,185.08625201725854
4146.4990536348505,1.1452,220.44104420732762
4146.539064120607,1.1271,227.57797384250614
4146.579074606372,1.1406,222.2226901517924
4146.619085092146,1.2881,174.24328970513196
4146.669098199377,1.1606,214.6297975270534
4146.709108685173,1.1293,226.6921447120898
4146.749119170977,1.1521,217.8084826578594
4146.789129656792,1.2374,188.81433850678866
4146.829140142616,1.2774,177.17457232893457
4146.869150628449,1.1857,205.63901949271244
4146.909161114292,1.1935,202.95993834120884
4146.949171600144,1.0226,276.4671086155617
4146.9991847074725,1.1734,209.97277540032192
4147.039195193345,1.1585,215.40861616310247
4147.079205679228,1.1134,233.2129608046053
4147.11921616512,1.139,222.8474587626768
4147.1592266510215,1.2106,197.26672752503407
4147.1992371369315,1.1498,218.68073891146494
4147.239247622852,1.1679,211.95508303558648
4147.2792581087815,1.2641,180.92240281964277
4147.329271216207,1.0316,271.6641856744938
4147.369281702157,1.2153,195.7438771308897
4147.409292188117,1.0989,239.40805564946183
4147.4493026740865,1.2251,192.62475884024877
4147.489313160066,1.2042,199.3691373329584
4147.529323646053,1.1642,213.30447203584913
4147.569334132051,1.1101,234.6015671939142
4147.609344618059,1.1857,205.63901949271244
4147.659357725582,1.259,182.3911436924084
4147.69936821161,1.2345,189.70247829379483
4147.739378697646,1.2049,199.1375533983965
4147.779389183694,1.1276,227.37619367592754
4147.81939966975,1.2246,192.78208688654627
4147.8594101558165,1.1924,203.33457558139477
4147.899420641891,1.1504,218.45268934094398
4147.939431127977,1.2418,187.47867964172062
4147.989444235594,1.0987,239.49522398579728
4148.0294547217,1.0945,241.33681189674104
4148.0694652078155,1.094,241.5574624829292
4148.10947569394,1.1934,202.99395346969743
4148.149486180074,1.2167,195.29366994808728
4148.1894966662185,1.0092,283.8576168980719
4148.22950715237,1.1023,237.9334456569624
4148.269517638532,1.0406,266.9853422930125
4148.319530746247,1.1699,211.23100840186999
4148.35954123243,1.0761,249.66049472570876
4148.399551718623,1.2954,172.28498950542743
4148.439562204826,1.3009,170.83128263460512
4148.479572691038,1.2789,176.75920631571003
4148.519583177258,1.1276,227.37619367592754
4148.559593663488,1.1883,204.7401285019008
4148.599604149727,1.2047,199.20367904565273
4148.64961725754,1.2271,191.99736864704346
4148.689627743802,1.1503,218.49067282262376
4148.72963823007,1.2414,187.59951658901636
4148.76964871635,1.2872,174.48703374196373
4148.809659202639,1.1277,227.33586984677927
4148.849669688937,1.0781,248.73505668079036
4148.889680175244,1.1896,204.29289159541895
4148.929690661562,1.2139,196.19564289246844
4148.979703769472,1.0411,266.72895868470187
4149.019714255809,1.0917,242.57636310693638
4149.0597247421565,1.1661,212.60993815878138
4149.099735228513,1.2441,186.78612754621827
4149.13974571488,1.2284,191.59120729270427
4149.179756201255,1.0677,253.60429112020725
4149.219766687639,1.2955,172.25839310138795
4149.259777174034,1.5391,122.04546769916558
4149.30979028204,1.3904,149.54632803344768
4149.349800768456,1.3081,168.95589194858408
4149.3898112548795,1.132,225.61204168979242
4149.429821741315,1.1542,217.01662455075848
4149.469832227758,1.2094,197.65838837701295
4149.509842714211,1.1425,221.48418396418973
4149.549853200674,1.1836,206.3693754791864
4149.589863687145,1.2305,190.93781779871847
4149.639876795248,1.2076,198.24807033047273
4149.679887281741,1.3332,162.6539577874939
4149.719897768244,1.1777,208.44227718468298
4149.759908254755,1.1466,219.90305575117645
4149.799918741276,1.1523,217.7328810292535
4149.839929227805,1.0371,268.790422961047
4149.879939714345,1.0733,250.9648095754036
4149.919950200894,1.2876,174.3786399578109
4149.9599606874535,1.3072,169.18862226175577
4150.009973795664,1.2608,181.87072896442285
4150.049984282244,1.2544,183.73128548666588
4150.089994768833,1.2278,191.77850606885622
4150.130005255432,1.2396,188.1447312160458
4150.170015742038,1.2181,194.84501418289497
4150.210026228656,1.203,199.76707929289825
4150.250036715282,1.3689,154.2807762192502
4150.290047201918,1.2121,196.77878633852728
4150.340060310226,1.1405,222.261661171104
4150.380070796883,1.116,232.12757222030737
4150.420081283549,1.1569,216.00485061157343
4150.460091770225,1.2657,180.46527609196457
4150.5001022569095,1.1354,224.26285771740368
4150.5401127436035,1.1977,201.53898749947888
4150.580123230307,1.2241,192.93960776028456
4150.6301363387,1.1543,216.97902478705677
4150.670146825425,1.0564,259.05876418946474
4150.710157312159,1.1513,218.11128327249608
4150.750167798902,1.112,233.8005568127914
4150.790178285656,1.0821,246.89955089681595
4150.830188772418,1.1205,230.26683931857838
4150.87019925919,1.2408,187.7809911760961
4150.910209745971,1.2244,192.84507207910943
4150.960222854461,1.1044,237.02945301643484
4151.000233341262,1.2935,172.7914937802935
4151.040243828074,1.1901,204.12126752606426
4151.080254314895,1.2688,179.58450924722584
4151.120264801724,1.2531,184.11269858285357
4151.160275288565,1.2839,175.38515159930273
4151.200285775413,1.1917,203.5735214346814
4151.240296262271,1.0801,247.81475471651342
4151.2803067491395,1.1355,224.22335920834814
4151.330319857738,1.0355,269.62170546690214
4151.3703303446255,1.0987,239.49522398579728
4151.410340831523,1.0708,252.13803304760782
4151.450351318431,1.1563,216.22907689103675
4151.490361805348,1.1944,202.65418654692056
4151.5303722922745,1.1803,207.52496370367913
4151.5703827792095,1.2431,187.08676483417761
4151.6103932661545,1.1901,204.12126752606426
4151.660406374849,1.1997,200.86758355304403
4151.700416861815,1.1771,208.6548285985365
4151.74042734879,1.2166,195.32577606934618
4151.780437835775,1.2904,173.6227036840975
4151.820448322769,1.3721,153.56199125428097
4151.860458809772,1.2678,179.86792176140347
4151.900469296786,1.2798,176.5106874455573
4151.940479783808,1.2363,189.15048346034573
4151.990492892598,1.155,216.71609983454672
4152.030503379641,1.1269,227.6587611233305
4152.070513866694,1.26,182.10174905492494
4152.110524353755,1.1087,235.19442236849514
4152.150534840827,1.1424,221.52296086963122
4152.190545327909,1.1002,238.84261970270686
4152.230555814998,1.0022,287.83674395269855
4152.270566302098,1.1216,229.81539657630458
4152.3205794109845,1.2324,190.3495316770104
4152.360589898104,1.2732,178.34541741423646
4152.400600385235,1.0536,260.4375183609457
4152.440610872374,1.2937,172.73807242948365
4152.480621359523,1.2046,199.23675422116673
4152.52063184668,1.1128,233.46451611343284
4152.560642333848,1.0517,261.3793797174975
4152.600652821025,1.0716,251.7617080286326
4152.650665930008,1.1225,229.44702106628182
4152.690676417205,1.2074,198.3137533934274
4152.730686904413,1.1153,232.4190456295463
4152.770697391629,1.1805,207.45465207012475
4152.810707878854,1.1883,204.7401285019008
4152.8507183660895,1.2083,198.01843640374355
4152.890728853334,1.2342,189.79471231434584
4152.930739340588,1.1327,225.33327504274104
4152.980752449666,1.1511,218.18708208817964
4153.0207629369415,1.2294,191.27965184945762
4153.060773424226,1.3696,154.1231114030623
4153.10078391152,1.3377,161.56146897363305
4153.140794398822,1.258,182.68122873389913
4153.180804886135,1.2072,198.3794691047167
4153.220815373456,1.2455,186.36645127254394
4153.260825860787,1.155,216.71609983454672
4153.310838969963,1.2197,194.3341553002295
4153.350849457314,1.203,199.76707929289825
4153.390859944676,1.1839,206.26480090993238
4153.4308704320465,1.1391,222.80833357938974
4153.470880919426,1.1176,231.46340270463963
4153.510891406816,1.1768,208.76122624331404
4153.550901894215,1.3127,167.77384765044724
4153.590912381623,1.1715,210.6544167998204
4153.640925490896,1.3745,153.0261938708377
4153.680935978325,1.2085,197.9528999909662
4153.720946465763,1.1277,227.33586984677927
4153.760956953211,1.1541,217.05423408866338
4153.800967440667,1.2156,195.64727320089895
4153.840977928134,1.3137,167.5185232010718
4153.880988415609,1.1123,233.67445657868086
4153.920998903094,1.1946,202.58633553310975
4153.971012012464,1.2381,188.600894411879
4154.01102249997,1.129,226.8126347363944
4154.051032987485,1.1135,233.1710744499912
4154.091043475009,1.2228,193.35006672847342
4154.131053962544,1.2349,189.57960414936906
4154.171064450087,1.0378,268.42794529706083
4154.211074937641,1.1998,200.83410146515072
4154.251085425202,1.2017,200.19952908412353
4154.301098534667,1.2296,191.21743196004243
4154.341109022251,1.2303,190.9999012522475
4154.381119509843,1.2087,197.8873961078171
4154.421129997445,1.1826,206.7185323424141
4154.461140485057,1.1216,229.81539657630458
4154.5011509726755,1.2588,182.44910539818008
4154.541161460306,1.1737,209.86545031120713
4154.581171947945,1.2247,192.75060586116803
4154.6311850575075,1.1911,203.77866755920144
4154.6711955451665,1.1895,204.32724238267025
4154.711206032836,1.245,186.51617313961444
4154.751216520515,1.2351,189.51821184061717
4154.791227008203,1.2135,196.32500610081536
4154.8312374959005,1.138,223.23927805029678
4154.871247983608,1.2531,184.11269858285357
4154.911258471324,1.1255,228.22547851118105
4154.961271580983,1.1656,212.79238098362833
4155.001282068719,1.2227,193.3816947345693
4155.041292556466,1.1568,216.04219743041486
4155.081303044221,1.2467,186.00785348463648
4155.121313531987,1.3245,164.79776432041552
4155.161324019761,1.1973,201.67367219651004
4155.201334507545,1.2411,187.69022098291202
4155.241344995338,1.134,224.8169344916594
4155.2913581050925,1.0839,246.0801953003382
4155.331368592906,1.1976,201.57264602210518
4155.371379080731,1.3427,160.3604521078868
4155.411389568562,1.2601,182.07284747903947
4155.451400056405,1.1552,216.64106619458258
4155.491410544256,1.2253,192.5618815429209
4155.531421032118,1.1803,207.52496370367913
4155.571431519987,1.1833,206.47402959628374
4155.621444629838,1.2158,195.58291030560488
4155.661455117729,1.2053,199.00540084246143
4155.70146560563,1.1429,221.3291781145357
4155.741476093539,1.1426,221.44541723952227
4155.781486581459,1.1332,225.1344722148503
4155.821497069387,1.1667,212.39131631619372
4155.861507557325,1.1621,214.07608159578712
4155.901518045272,1.1626,213.8919857213398
4155.9515311552195,1.1953,202.3491251385809
4155.991541643187,1.2245,192.8135756250201
4156.031552131164,1.1873,205.0851570150084
4156.07156261915,1.0859,245.1745746905018
4156.111573107147,1.2083,198.01843640374355
4156.151583595153,1.1769,208.7257513211012
4156.191594083169,1.2206,194.0476796067523
4156.231604571192,1.1684,211.7737157383079
4156.281617681234,1.2013,200.33287309002148
4156.321628169279,1.2559,183.2926643739699
4156.361638657334,1.1883,204.7401285019008
4156.401649145397,1.1579,215.63191445158355
4156.441659633471,1.2405,187.87182723222722
4156.481670121553,1.2433,187.02657933854942
4156.521680609645,1.2101,197.42977794951233
4156.561691097746,1.0984,239.6260657803521
4156.611704207885,1.049,262.72662828865083
4156.651714696007,1.1032,237.54538808176625
4156.691725184139,1.1528,217.54404907751038
4156.731735672279,1.0752,250.07862768096018
4156.771746160428,1.1008,238.5823246685946
4156.811756648587,1.1192,230.80207962527126
4156.851767136755,1.1357,224.1443934890118
4156.891777624934,1.1991,201.0686520249388
4156.941790735169,1.1389,222.88659425245257
4156.981801223368,1.1627,213.85519504383
4157.021811711576,1.2341,189.8254719364365
4157.061822199794,1.1326,225.37306720655593
4157.10183268802,1.192,203.4710645219861
4157.141843176256,1.1531,217.43086779499882
4157.181853664501,1.3244,164.8226516447103
4157.221864152756,1.209,197.78920122906584
4157.271877263088,1.1479,219.40525655755974
4157.3118877513625,1.1728,210.18767271298393
4157.351898239648,1.211,197.1364325717475
4157.391908727943,1.2283,191.62240469567408
4157.431919216246,1.2383,188.5399768599126
4157.471929704559,1.1535,217.28009676419725
4157.5119401928805,1.2722,178.62590062509537
4157.551950681212,1.1987,201.20286544415336
4157.601963791641,1.1791,207.94758513880794
4157.641974279993,1.2094,197.65838837701295
4157.681984768354,1.1278,227.29555674347043
4157.721995256726,1.0913,242.7542211457134
4157.762005745106,1.2375,188.78382431574545
4157.802016233495,1.1904,204.01839687325645
4157.842026721894,1.1512,218.14917774209408
4157.882037210302,1.0781,248.73505668079036
4157.9320503208255,1.2778,177.06366501791464
4157.972060809256,1.3296,163.53594714412586
4158.012071297694,1.2349,189.57960414936906
4158.052081786142,1.2143,196.06640750274363
4158.092092274599,1.2889,174.02705684974953
4158.132102763066,1.3095,168.59482035554225
4158.172113251542,1.2803,176.3728478119032
4158.212123740027,1.1945,202.6202567798044
4158.262136850646,1.206,198.77445020063854
4158.302147339153,1.2051,199.0714606712822
4158.342157827668,1.1996,200.90107401459238
4158.382168316193,1.0876,244.4087220753734
4158.422178804725,1.1044,237.02945301643484
4158.462189293269,1.2254,192.53045443874092
4158.502199781823,1.2425,187.26749573417933
4158.542210270385,1.2528,184.20088564977496
4158.5922233811,1.2232,193.2236322648368
4158.632233869683,1.1886,204.63678972435633
4158.672244358275,1.2196,194.3660250875485
4158.712254846875,1.2562,183.20512864784214
4158.752265335487,1.1878,204.91253382969907
4158.792275824107,1.1622,214.03924341174607
4158.832286312737,1.2627,181.3238149993562
4158.872296801374,1.3603,156.23770902020263
4158.922309912186,1.2941,172.6313040234924
4158.962320400846,1.2896,173.83818311606228
4159.002330889515,1.1278,227.29555674347043
4159.042341378193,1.0627,255.99631760965298
4159.08235186688,1.1279,227.25525436219735
4159.122362355578,1.1708,210.90638476530071
4159.162372844283,1.1618,214.1866532277285
4159.202383332999,1.1694,211.41167881890576
4159.252396443906,1.2029,199.80029489133025
4159.292406932643,1.2054,198.97238325808843
4159.332417421388,1.2074,198.3137533934274
4159.372427910143,1.264,180.9510308918602
4159.412438398907,1.1288,226.89301479557972
4159.452448887681,1.1834,206.43913604695592
4159.492459376463,1.2803,176.3728478119032
4159.532469865256,1.2066,198.57681234509337
4159.582482976259,1.1438,220.98100934829336
4159.622493465073,1.1724,210.33112092133473
4159.662503953894,1.2411,187.69022098291202
4159.702514442726,1.2872,174.48703374196373
4159.7425249315675,1.1882,204.7745921564598
4159.782535420417,1.2509,184.76087797087595
4159.822545909276,1.3039,170.04609376211903
4159.862556398145,1.1069,235.95997263542338
4159.902566887023,1.2173,195.10119935246183
4159.952579998135,1.2385,188.47908881747415
4159.992590487032,1.217,195.1973990661763
4160.032600975942,1.273,178.40146118081813
4160.07261146486,1.3028,170.33336659938496
4160.1126219537855,1.2005,200.59996107791505
4160.152632442721,1.2621,181.49625785342374
4160.192642931668,1.3425,160.40823528183205
4160.232653420623,1.3196,166.0239050767151
4160.282666531828,1.2201,194.2067545031616
4160.322677020805,1.1689,211.59258113204137
4160.36268750979,1.1694,211.41167881890576
4160.402697998784,1.1886,204.63678972435633
4160.442708487788,1.2159,195.55074076752732
4160.482718976801,1.2031,199.73387197661827
4160.522729465823,1.1376,223.39629515940797
4160.572742577113,1.179,207.98286185255853
4160.612753066155,1.276,177.56356963484367
4160.652763555208,1.2877,174.35155729358547
4160.692774044271,1.2488,185.38279303155971
4160.732784533341,1.1763,208.9387365866697
4160.772795022422,1.2025,199.93324016168398
4160.812805511511,1.254,183.84851702871322
4160.85281600061,1.2177,194.9730436523914
4160.902829111996,1.2042,199.3691373329584
4160.942839601116,1.2676,179.92468476849913
4160.982850090245,1.2215,193.76183690447712
4161.022860579383,1.2169,195.22948144910347
4161.0628710685305,1.1964,201.9772068384791
4161.102881557687,1.1746,209.5439683030936
4161.142892046853,1.2235,193.12888778490228
4161.182902536028,1.2235,193.12888778490228
4161.2229130252135,1.2121,196.77878633852728
4161.272926136708,1.1883,204.7401285019008
4161.312936625913,1.1893,204.39596995385062
4161.352947115128,1.2152,195.7760943412281
4161.392957604351,1.218,194.8770097252205
4161.432968093585,1.1946,202.58633553310975
4161.472978582828,1.2086,197.92014398453387
4161.51298907208,1.2557,183.35105638328224
4161.552999561341,1.3746,153.00392986438536
4161.60301267293,1.2518,184.49530059272212
4161.643023162212,1.3434,160.19337902834138
4161.683033651503,1.3757,152.75934614244866
4161.723044140805,1.2767,177.368911019952
4161.763054630114,1.2321,190.4422380568205
4161.803065119433,1.2848,175.1395239093408
4161.843075608763,1.2543,183.76058285779732
4161.8830860981,1.1041,237.1582790867812
4161.933099209785,1.1501,218.56666951172963
4161.973109699143,1.1939,202.82396328874967
4162.0131201885115,1.2392,188.26621278147812
4162.053130677888,1.1227,229.36528012759513
4162.0931411672755,1.0147,280.7887606566025
4162.1331516566715,1.0674,253.7468654271578
4162.173162146076,1.1107,234.34817240840584
4162.21317263549,1.1601,214.81484697526685
4162.263185747271,1.2979,171.62192251128033
4162.303196236706,1.3443,159.97895416460068
4162.34320672615,1.1917,203.5735214346814
4162.383217215604,1.1503,218.49067282262376
4162.423227705067,1.1623,214.00241473555167
4162.463238194539,1.2599,182.1306575129518
4162.503248684021,1.2861,174.78563831232182
4162.543259173512,1.1857,205.63901949271244
4162.593272285388,1.1749,209.43697177363867
4162.6332827749,1.2014,200.29952460177802
4162.673293264421,1.2774,177.17457232893457
4162.713303753952,1.3461,159.5513939938649
4162.7533142434895,1.3037,170.09827110557353
4162.793324733039,1.1864,205.39642892212598
4162.833335222597,1.1209,230.1025245373141
4162.873345712164,1.1438,220.98100934829336
4162.923358824136,1.2427,187.20722301327822
4162.963369313725,1.1806,207.41950965264527
4163.003379803322,1.1716,210.6184582393931
4163.043390292929,1.1735,209.9369912247694
4163.083400782544,1.2448,186.57611240918553
4163.1234112721695,1.3464,159.48030063371135
4163.163421761804,1.3756,152.78155678326686
4163.203432251448,1.3283,163.8562070322724
4163.253445363515,1.3622,155.80217179393895
4163.29345585318,1.3442,160.00275788218053
4163.333466342853,1.2321,190.4422380568205
4163.373476832538,1.1945,202.6202567798044
4163.41348732223,1.1409,222.10583857216423
4163.453497811931,1.2766,177.39669978996554
4163.493508301642,1.1595,215.03722238653208
4163.533518791362,1.2066,198.57681234509337
4163.583531903525,1.1734,209.97277540032192
4163.623542393268,1.2728,178.45753136857772
4163.663552883017,1.2799,176.48310659485657
4163.703563372777,1.2255,192.49903502753432
4163.743573862545,1.1857,205.63901949271244
4163.7835843523235,1.1832,206.50893199322672
4163.823594842111,1.2013,200.33287309002148
4163.863605331908,1.2325,190.31864459300922
4163.913618444167,1.2218,193.66669634614837
4163.953628933984,1.1316,225.77156923812748
4163.99363942381,1.1816,207.06857606488563
4164.0336499136465,1.258,182.68122873389913
4164.073660403491,1.2772,177.23006506482403
4164.113670893346,1.2396,188.1447312160458
4164.15368138321,1.168,211.91879094172293
4164.1936918730835,1.2141,196.13100923080566
4164.243704985438,1.2543,183.76058285779732
4164.2837154753315,1.1595,215.03722238653208
4164.323725965234,1.125,228.4283905043607
4164.363736455147,1.1814,207.13869149679715
4164.403746945068,1.2139,196.19564289246844
4164.4437574349995,1.2623,181.43874957936046
4164.4837679249395,1.3382,161.44076118280992
4164.523778414889,1.2637,181.03695588974745
4164.5737915273385,1.2081,198.0840053676921
4164.613802017308,1.2354,189.42617927747085
4164.6538125072875,1.1216,229.81539657630458
4164.6938229972775,1.1251,228.38778646276035
4164.733833487275,1.2612,181.75538374152168
4164.773843977283,1.319,166.1749845676579
4164.813854467299,1.3087,168.80100508472057
4164.853864957325,1.3069,169.26630590004626
4164.90387806987,1.1942,202.72207165383392
4164.943888559917,1.1921,203.43692940585336
4164.983899049973,1.2928,172.97866379568433
4165.0239095400375,1.3456,159.6699886122853
4165.063920030111,1.3026,170.38567623004027
4165.103930520196,1.2299,191.12415903276587
4165.143941010288,1.2265,192.18526347716696
4165.18395150039,1.1727,210.22352100413462
4165.233964613031,1.1863,205.43105842777987
4165.273975103154,1.0098,283.52039407558857
4165.313985593286,1.2222,193.539951233106
4165.353996083427,1.1822,206.8584432402398
4165.394006573578,1.2645,180.80795844216942
4165.434017063737,1.1905,203.98412393635357
4165.474027553906,1.1811,207.24393143722952
4165.514038044085,1.313,167.6971890580413
4165.564051156821,1.2642,180.89378154071372
4165.604061647021,1.2008,200.4997405237303
4165.644072137228,1.1855,205.708410025715
4165.6840826274465,1.1934,202.99395346969743
4165.724093117674,1.2325,190.31864459300922
4165.764103607909,1.1784,208.19471076708058
4165.804114098156,1.1085,235.27929938338573
4165.84412458841,1.2276,191.8410000317275
4165.894137701241,1.198,201.43806249870357
4165.934148191516,1.25,185.02702920219554
4165.974158681801,1.2707,179.04786770508014
4166.014169172095,1.2753,177.75854887621455
4166.054179662398,1.2726,178.5136279941259
4166.094190152711,1.1869,205.2234126674039
4166.134200643032,1.1757,209.1520480161981
4166.174211133363,1.2975,171.72775572558206
4166.224224246289,1.3032,170.2288195796496
4166.264234736642,1.305,169.75954705515244
4166.304245227003,1.2652,180.6079419098862
4166.344255717373,1.1972,201.7073644662145
4166.384266207752,1.2014,200.29952460177802
4166.424276698141,1.2386,188.44865585637206
4166.464287188539,1.2277,191.8097492325486
4166.504297678946,1.2155,195.6794665633413
4166.554310791968,1.245,186.51617313961444
4166.594321282397,1.1997,200.86758355304403
4166.634331772833,1.2797,176.53827476228287
4166.67434226328,1.2978,171.64837164092947
4166.714352753736,1.1991,201.0686520249388
4166.7543632442,1.1508,218.30085441969348
4166.794373734675,1.107,235.9173440713998
4166.834384225158,1.3501,158.60737549900472
4166.884397338275,1.1829,206.61369229966783
4166.924407828779,1.2213,193.82530289757915
4166.964418319293,1.2064,198.64265886631173
4167.004428809815,1.1093,234.9400667161479
4167.044439300347,1.1381,223.20004963901926
4167.084449790889,1.196,202.11233112835035
4167.124460281439,1.2426,187.23735573583212
4167.164470771998,1.2346,189.67174856077997
4167.214483885211,1.1636,213.524505672396
4167.254494375791,1.1575,215.78097293024305
4167.294504866381,1.1491,218.947248369192
4167.334515356979,1.2073,198.34660716667807
4167.374525847588,1.1727,210.22352100413462
4167.414536338206,1.214,196.1633220686217
4167.454546828832,1.2365,189.08929946252488
4167.494557319468,1.1844,206.09068651529626
4167.544570432775,1.3491,158.84259311149822
4167.584580923432,1.2826,175.7408604189409
4167.624591414097,1.2726,178.5136279941259
4167.664601904773,1.2806,176.29022151902097
4167.704612395457,1.1903,204.05267844857346
4167.744622886151,1.0987,239.49522398579728
4167.784633376854,1.2314,190.6588165021817
4167.824643867564,1.2684,179.69779381633265
4167.874656980968,1.2751,177.81431622001523
4167.914667471701,1.3017,170.6213680224471
4167.954677962443,1.2709,178.99151908958837
4167.994688453194,1.2395,188.17509058175045
4168.034698943955,1.2028,199.8335187746687
4168.074709434724,1.1599,214.88893376959746
4168.114719925502,1.1929,203.16415744768761
4168.1547304162905,1.1739,209.79394596026083
4168.204743529789,1.1391,222.80833357938974
4168.244754020598,1.3135,167.5695414421818
4168.284764511415,1.2537,183.936514332882
4168.324775002242,1.183,206.57876334192542
4168.364785493079,1.2407,187.81126254022206
4168.404795983925,1.1564,216.1916816055492
4168.444806474781,1.1256,228.18492855776552
4168.484816965645,1.0979,239.84437383396437
4168.524827456519,1.1807,207.38437616399597
4168.574840570122,1.1161,232.08597792495587
4168.614851061016,1.1824,206.7884700421586
4168.6548615519205,1.2438,186.8762425985101
4168.694872042834,1.1926,203.2663826062394
4168.734882533755,1.2848,175.1395239093408
4168.774893024687,1.2267,192.1226012321248
4168.814903515627,1.0629,255.8999879484979
4168.864916629314,1.1615,214.29731054820553
4168.904927120276,1.2405,187.87182723222722
4168.944937611246,1.2191,194.52549168101547
4168.984948102226,1.1876,204.98155694037496
4169.024958593214,1.164,213.37777877601397
4169.064969084213,1.2032,199.70067293973707
4169.10497957522,1.2188,194.62126585527926
4169.144990066236,1.1973,201.67367219651004
4169.195003180019,1.2451,186.48621433576835
4169.235013671057,1.2457,186.30661299979522
4169.275024162103,1.2846,175.19406322783036
4169.315034653158,1.2491,185.29375594116317
4169.3550451442225,1.2021,200.06631816702878
4169.3950556352975,1.3268,164.2269080566117
4169.435066126381,1.258,182.68122873389913
4169.475076617472,1.1599,214.88893376959746
4169.525089731352,1.3054,169.6555278069623
4169.565100222465,1.1988,201.16929949390698
4169.605110713586,1.2487,185.41248632339776
4169.645121204718,1.2157,195.61508778252463
4169.685131695859,1.2618,181.58257154332142
4169.72514218701,1.2155,195.6794665633413
4169.765152678167,1.145,220.51806083759556
4169.805163169336,1.2505,184.87909646273977
4169.845173660514,1.2238,193.03421297281415
4169.895186774499,1.2423,187.32779756762523
4169.935197265697,1.3015,170.67381038787178
4169.975207756905,1.3441,160.02656691288854
4170.0152182481215,1.3496,158.724918947712
4170.0552287393475,1.271,178.9633547564794
4170.095239230583,1.1606,214.6297975270534
4170.135249721828,1.1478,219.44348876230472
4170.175260213081,1.2369,188.96702049288933
4170.225273327161,1.2575,182.8265308426376
4170.265283818435,1.238,188.63136425989467
4170.305294309718,1.25,185.02702920219554
4170.345304801012,1.2014,200.29952460177802
4170.385315292314,1.2057,198.87337979239734
4170.425325783625,1.2626,181.35253840375174
4170.465336274945,1.2124,196.68141536609326
4170.505346766275,1.1833,206.47402959628374
4170.55535988045,1.2159,195.55074076752732
4170.5953703718,1.2779,177.03595446175925
4170.63538086316,1.3002,171.01527586025787
4170.675391354529,1.3442,160.00275788218053
4170.715401845906,1.1872,205.1197078272726
4170.755412337294,1.2442,186.75610368009404
4170.79542282869,1.2074,198.3137533934274
4170.845435942949,1.3083,168.9042393158021
4170.885446434366,1.2895,173.86514624732584
4170.925456925791,1.2033,199.66748217950254
4170.965467417228,1.1049,236.81497604371208
4171.005477908672,1.0698,252.60962706644875
4171.0454884001265,1.2199,194.27043923639204
4171.085498891589,1.2145,196.00183768724918
4171.125509383062,1.1202,230.39019093481178
4171.165519874542,1.2177,194.9730436523914
4171.215532988908,1.194,202.78999087669473
4171.255543480409,0.9841,298.5221429060734
4171.295553971921,1.2837,175.43980570148403
4171.335564463441,1.3317,163.02058414608226
4171.375574954972,1.2559,183.2926643739699
4171.415585446511,1.1951,202.41685700615986
4171.455595938059,1.2178,194.94102445737926
4171.495606429617,1.1464,219.97979058926103
4171.545619544076,1.1902,204.08696866520788
4171.585630035654,1.236,189.2423151523577
4171.625640527241,1.2305,190.93781779871847
4171.665651018838,1.2776,177.11910565206932
4171.705661510444,1.1917,203.5735214346814
4171.745672002059,1.2784,176.8974992087688
4171.7856824936825,1.1916,203.60769093662907
4171.825692985316,1.1289,226.85281942583373
4171.8757060998705,1.3051,169.73353327639336
4171.915716591525,1.2202,194.17492387910522
4171.955727083187,1.1254,228.2660392745448
4171.99573757486,1.1449,220.55658428919176
4172.035748066542,1.2334,190.0409988200051
4172.075758558232,1.2054,198.97238325808843
4172.115769049932,1.2079,198.1496069043724
4172.155779541642,1.2808,176.2351695765385
4172.205792656291,1.3077,169.0592683210666
4172.245803148021,1.3177,166.50303173875804
4172.28581363976,1.2371,188.90592548269836
4172.325824131509,1.1789,208.01814754370665
4172.365834623266,1.1342,224.73765502959625
4172.405845115033,1.1556,216.4911157725252
4172.445855606809,1.1972,201.7073644662145
4172.485866098595,1.2257,192.4362192739997
4172.5358792133375,1.2541,183.81919862658515
4172.575889705143,1.2384,188.5095291511938
4172.615900196958,1.2197,194.3341553002295
4172.655910688782,1.1739,209.79394596026083
4172.695921180616,1.1853,205.77783568720588
4172.735931672459,1.2455,186.36645127254394
4172.77594216431,1.2501,184.997428453341
4172.815952656172,1.2206,194.0476796067523
4172.8659657710095,1.2047,199.20367904565273
4172.905976262891,1.1703,211.08663876716983
4172.945986754783,1.1596,215.00013584549748
4172.985997246683,1.2708,179.0196900717576
4173.026007738592,1.2939,172.68467584898713
4173.066018230509,1.2172,195.13325802045344
4173.106028722437,1.2058,198.84039505722686
4173.146039214374,1.2359,189.27294057805102
4173.196052329308,1.2316,190.59689926244732
4173.2360628212655,1.1823,206.82345220240583
4173.276073313232,1.2138,196.22797170497765
4173.316083805207,1.2338,189.91779568235685
4173.356094297192,1.1598,214.92599154033795
4173.396104789186,1.1935,202.95993834120884
4173.43611528119,1.2805,176.31775716407887
4173.476125773202,1.1953,202.3491251385809
4173.526138888231,1.1357,224.1443934890118
4173.5661493802645,1.1807,207.38437616399597
4173.606159872305,1.1816,207.06857606488563
4173.646170364358,1.1665,212.46415278144207
4173.686180856418,1.2092,197.72377857585494
4173.726191348488,1.1554,216.56607151623209
4173.766201840566,1.165,213.01162252308575
4173.806212332655,1.2038,199.50165243178586
4173.856225447778,1.1608,214.5558446935442
4173.8962359398865,1.1375,223.43557532087917
4173.936246432006,1.1889,204.53352916456527
4173.976256924132,1.2507,184.81997303854016
4174.016267416268,1.2201,194.2067545031616
4174.056277908415,1.2656,180.49379572899386
4174.096288400569,1.2661,180.35126511252838
4174.136298892733,1.1921,203.43692940585336
4174.186312007951,1.1594,215.07431852428272
4174.226322500135,1.1697,211.303248766527
4174.266332992329,1.188,204.84354557621631
4174.306343484533,1.2241,192.93960776028456
4174.3463539767445,1.3188,166.22539022704916
4174.386364468965,1.2359,189.27294057805102
4174.426374961196,1.1962,202.04475203923622
4174.466385453436,1.2532,184.08331696683416
4174.516398568749,1.2084,197.98566412980531
4174.556409061009,1.2602,182.04395278311105
4174.596419553278,1.2803,176.3728478119032
4174.636430045556,1.2317,190.5659519526504
4174.676440537844,1.2716,178.7945082709789
4174.716451030141,1.2769,177.31335306504604
4174.756461522447,1.2487,185.41248632339776
4174.796472014763,1.2392,188.26621278147812
4174.84648513017,1.2812,176.12514302573544
4174.886495622506,1.2539,183.87784244564654
4174.926506114852,1.2664,180.26582776531586
4174.966516607206,1.287,174.5412685378613
4175.006527099569,1.2538,183.9071748796232
4175.046537591941,1.2381,188.600894411879
4175.086548084324,1.2443,186.72608705240964
4175.126558576714,1.1627,213.85519504383
4175.176571692216,1.2175,195.03710571323643
4175.216582184629,1.2679,179.83955033041255
4175.256592677049,1.1575,215.78097293024305
4175.29660316948,1.321,165.67218649310027
4175.336613661919,1.2321,190.4422380568205
4175.376624154366,1.226,192.3420532782651
4175.416634646824,1.3312,163.1430684286716
4175.456645139291,1.2182,194.8130265196212
4175.506658254887,1.1684,211.7737157383079
4175.546668747374,1.1891,204.46473220670262
4175.58667923987,1.3747,152.9816707164143
4175.626689732376,1.2876,174.3786399578109
4175.666700224891,1.167,212.28213182534006
4175.706710717414,1.2841,175.330523032424
4175.746721209948,1.3779,152.2719348246426
4175.78673170249,1.4829,131.47148869782404
4175.836744818181,1.2475,185.76936298340462
4175.876755310744,1.2631,181.2089895948306
4175.916765803317,1.2185,194.71711077824781
4175.956776295899,1.0657,254.55706215290726
4175.996786788489,1.1556,216.4911157725252
4176.036797281088,1.2562,183.20512864784214
4176.076807773697,1.2387,188.41823026550685
4176.116818266314,1.2609,181.8418823671041
4176.1668313821,1.2256,192.46762330679044
4176.206841874738,1.3126,167.79941219573456
4176.246852367385,1.1385,223.04323934887202
4176.286862860044,1.1541,217.05423408866338
4176.326873352709,1.2031,199.73387197661827
4176.366883845383,1.0972,240.15050665346263
4176.406894338068,1.2861,174.78563831232182
4176.446904830763,1.2416,187.53908351684453
4176.496917946642,1.2927,173.00542719331244
4176.536928439355,1.2683,179.72613170741838
4176.576938932079,1.2207,194.01588808181705
4176.616949424811,1.2755,177.70280776350498
4176.656959917554,1.2736,178.23340907823032
4176.696970410305,1.2694,179.41478314709644
4176.736980903064,1.2345,189.70247829379483
4176.776991395833,1.2978,171.64837164092947
4176.827004511808,1.2317,190.5659519526504
4176.867015004596,1.1142,232.87818567951905
4176.907025497395,1.1578,215.66916458810678
4176.947035990204,1.2794,176.62107552882622
4176.987046483021,1.2477,185.7098120255868
4177.027056975848,1.247,185.91836575582417
4177.0670674686835,1.315,167.18747184025815
4177.1070779615275,1.2586,182.50709473763914
4177.157091077595,1.1775,208.51309155486996
4177.197101570462,1.2686,179.64113813695673
4177.237112063336,1.2494,185.2047829805059
4177.277122556219,1.3338,162.50765346760303
4177.317133049112,1.3231,165.14670054395117
4177.357143542014,1.2252,192.59331634258592
4177.397154034925,1.2535,183.99521430620652
4177.437164527844,1.1829,206.61369229966783
4177.487177644009,1.1885,204.67122728877635
4177.527188136949,1.2155,195.6794665633413
4177.567198629899,1.1245,228.63157322709245
4177.607209122857,1.2115,196.97374533305145
4177.6472196158265,1.1845,206.0558900926604
4177.687230108802,1.192,203.4710645219861
4177.727240601789,1.2409,187.75072713007478
4177.767251094785,1.2437,186.90629544167854
4177.817264211043,1.1115,234.0109508146731
4177.857274704059,1.1132,233.29676738062045
4177.897285197084,1.1345,224.6188144427898
4177.937295690119,1.1664,212.50058506510126
4177.977306183162,1.1569,216.00485061157343
4178.017316676215,1.2004,200.63338462831487
4178.057327169277,1.2371,188.90592548269836
4178.097337662349,1.2745,177.98177580264112
4178.1473507787005,1.207,198.44521748598174
4178.187361271792,1.2249,192.68766693962374
4178.227371764893,1.1812,207.20884254738883
4178.267382258003,1.2025,199.93324016168398
4178.307392751121,1.2359,189.27294057805102
4178.34740324425,1.1596,215.00013584549748
4178.387413737387,1.2034,199.6342996931637
4178.427424230534,1.2718,178.7382792068723
4178.4674347236905,1.3546,157.55533482453347
4178.517447840148,1.1792,207.9123173994098
4178.557458333324,1.267,180.09513510335907
4178.597468826509,1.2171,195.1653245908258
4178.637479319703,1.3161,166.90811734630847
4178.677489812907,1.1401,222.4176478080709
4178.71750030612,1.1479,219.40525655755974
4178.7575107993425,1.1955,202.28142726153905
4178.797521292573,1.3272,164.12793154276113
4178.847534409125,1.3023,170.46418586861657
4178.887544902376,1.2057,198.87337979239734
4178.927555395639,1.1964,201.9772068384791
4178.967565888907,1.2112,197.07133349852688
4179.007576382187,1.1985,201.2700225523479
4179.047586875474,1.1624,213.96559556393248
4179.087597368772,1.1609,214.51888260913316
4179.137610485407,1.2208,193.98410436902054
4179.177620978726,1.2126,196.61654153024142
4179.217631472052,1.1793,207.8770586313203
4179.257641965388,1.2133,196.38973568965253
4179.297652458734,1.0047,286.40607636348864
4179.337662952088,1.0718,251.66775841730208
4179.377673445452,1.2852,175.03052164799635
4179.417683938825,1.2914,173.3539173333522
4179.467697055554,1.263,181.23768571832403
4179.507707548947,1.1578,215.66916458810678
4179.5477180423495,1.259,182.3911436924084
4179.587728535761,1.1858,205.60433739198865
4179.627739029182,1.2539,183.87784244564654
4179.667749522612,1.229,191.4041827681557
4179.70776001605,1.1837,206.3345084547681
4179.747770509499,1.1334,225.05502474353364
4179.787781002957,1.1702,211.1227172969291
4179.837794119791,1.3003,170.9889729196507
4179.877804613269,1.3421,160.5038657235529
4179.917815106755,1.2671,180.0667098983404
4179.957825600251,1.2299,191.12415903276587
4179.997836093757,1.2591,182.36217319666878
4180.037846587272,1.1887,204.60236085079708
4180.077857080795,1.3142,167.39107948720263
4180.117867574328,1.1302,226.3312501515278
4180.167880691255,1.2516,184.55426828013586
4180.207891184809,1.3796,151.89689479651162
4180.247901678372,1.3161,166.90811734630847
4180.287912171943,1.3581,156.74430073878378
4180.327922665523,1.2824,175.79568088912703
4180.367933159114,1.2356,189.3648614738803
4180.407943652713,1.1676,212.06401527147688
4180.4479541463215,1.1758,209.1164734327453
4180.497967263343,1.2529,184.1714829220775
4180.5379777569715,1.3433,160.21723062105286
4180.5779882506085,1.2199,194.27043923639204
4180.6179987442565,1.1515,218.0355239490403
4180.658009237912,1.2135,196.32500610081536
4180.698019731578,1.2395,188.17509058175045
4180.738030225251,1.182,206.9284519606858
4180.778040718936,1.2058,198.84039505722686
4180.828053836051,1.1072,235.83212159182222
4180.868064329755,1.1852,205.81256169854467
4180.908074823468,1.2039,199.4685112737009
4180.948085317191,1.238,188.63136425989467
4180.9880958109225,1.288,174.27034714589524
4181.028106304662,1.2697,179.33001031281447
4181.068116798412,1.1875,205.0160815744991
4181.10812729217,1.2364,189.11988775001817
4181.158140409381,1.2359,189.27294057805102
4181.198150903161,1.1991,201.0686520249388
4181.238161396948,1.2249,192.68766693962374
4181.278171890746,1.3218,165.47170602597453
4181.318182384552,1.2454,186.39638122016063
4181.358192878368,1.3411,160.74331630342482
4181.398203372193,1.1933,203.02797715006528
4181.438213866028,1.1642,213.30447203584913
4181.488226983332,1.2865,174.6769662064709
4181.528237477187,1.4113,145.14985228828084
4181.5682479710495,1.1399,222.49570271277665
4181.608258464922,1.1879,204.8780353472757
4181.648268958804,1.3283,163.8562070322724
4181.6882794526955,1.2371,188.90592548269836
4181.7282899465945,1.2665,180.2373621405626
4181.7683004405035,1.1782,208.26539900493702
4181.818313557903,1.2733,178.3174054337002
4181.858324051832,1.3323,162.87378499835805
4181.898334545771,1.1289,226.85281942583373
4181.938345039719,1.1964,201.9772068384791
4181.978355533675,1.0642,255.27516840054804
4182.0183660276425,1.218,194.8770097252205
4182.058376521617,1.2209,193.9523284658035
4182.098387015602,1.1978,201.50533740657949
4182.148400133095,1.1605,214.66678828273868
4182.188410627099,1.2816,176.01521947988917
4182.228421121114,1.4347,140.4536709918431
4182.268431615136,1.2381,188.600894411879
4182.308442109169,1.2272,191.96607963308816
4182.34845260321,1.2502,184.96783480723994
4182.388463097261,1.1617,214.22352947590133
4182.428473591319,1.3464,159.48030063371135
4182.4784867089065,1.1919,203.5052082302456
4182.5184972029865,1.3133,167.62058299346623
4182.558507697076,1.2667,180.1804511147528
4182.598518191174,1.1386,223.0040625969228
4182.638528685281,1.2673,180.0098796737225
4182.6785391793965,1.3208,165.72236353863696
4182.718549673522,1.2698,179.3017660526556
4182.758560167657,1.1398,222.5347455742937
4182.808573285339,1.2135,196.32500610081536
4182.848583779493,1.2232,193.2236322648368
4182.888594273658,1.1173,231.58771717879725
4182.9286047678315,1.2624,181.4100056915906
4182.968615262014,1.2228,193.35006672847342
4183.008625756205,1.3543,157.6251447642928
4183.048636250406,1.2443,186.72608705240964
4183.088646744616,1.1681,211.88250816825385
4183.138659862391,1.3237,164.9970208756778
4183.178670356621,1.3152,167.1366279738356
4183.218680850861,1.2948,172.44469735911628
4183.258691345109,1.2361,189.2116971591121
4183.298701839366,1.3132,167.64611251486176
4183.338712333633,1.1636,213.524505672396
4183.37872282791,1.2416,187.53908351684453
4183.418733322194,1.2534,184.02457483075446
4183.468746440064,1.207,198.44521748598174
4183.508756934368,1.1147,232.66931715169508
4183.548767428682,1.1745,209.57965203411743
4183.588777923007,1.2002,200.7002567943194
4183.62878841734,1.143,221.29045207734387
4183.668798911681,1.1728,210.18767271298393
4183.708809406032,1.1527,217.58179581067907
4183.748819900393,1.3231,165.14670054395117
4183.798833018355,1.3593,156.4676730662708
4183.838843512736,1.1757,209.1520480161981
4183.8788540071255,1.2225,193.4449740327507
4183.918864501525,1.1632,213.6713839635479
4183.958874995931,1.1313,225.8913259630576
4183.998885490349,1.0283,273.41062045033186
4184.038895984774,1.1647,213.12137037560055
4184.07890647921,1.2691,179.4996161062765
4184.128919597267,1.297,171.8601849655405
4184.168930091721,1.2808,176.2351695765385
4184.208940586186,1.2098,197.52770525660225
4184.248951080661,1.1827,206.68357679691502
4184.288961575143,1.255,183.5556483048382
4184.328972069635,1.2761,177.53574164750327
4184.368982564136,1.2102,197.39715169634457
4184.408993058646,1.3039,170.04609376211903
4184.459006176797,1.2911,173.4344876640589
4184.499016671328,1.1964,201.9772068384791
4184.539027165867,1.1566,216.11692013132574
4184.579037660416,1.1417,221.7946845690643
4184.619048154974,1.2251,192.62475884024877
4184.65905864954,1.4379,139.82921683630724
4184.699069144119,1.2369,188.96702049288933
4184.7390796387035,1.0918,242.53192913882194
4184.789092756947,1.1545,216.90385456871846
4184.829103251552,1.2307,190.87576461009152
4184.869113746167,1.1943,202.68812483731207
4184.909124240792,1.0121,282.2332577895654
4184.949134735424,1.1732,210.04437120456205
4184.989145230066,1.2407,187.81126254022206
4185.029155724718,1.2269,192.0599696287419
4185.069166219378,1.2405,187.87182723222722
4185.119179337716,1.1899,204.18989119206702
4185.159189832397,1.1146,232.71106837109798
4185.199200327087,1.1417,221.7946845690643
4185.239210821786,1.2072,198.3794691047167
4185.279221316493,1.1885,204.67122728877635
4185.319231811211,1.2749,177.87010981136825
4185.359242305937,1.239,188.32699769054028
4185.399252800673,1.2346,189.67174856077997
4185.449265919104,1.2792,176.67630840705857
4185.489276413859,1.2098,197.52770525660225
4185.529286908624,1.1075,235.70437443106542
4185.569297403399,1.3375,161.60978999868703
4185.609307898181,1.3096,168.56907382916083
4185.649318392973,1.3347,162.28856683021837
4185.6893288877745,1.2576,182.79745655564486
4185.729339382586,1.2682,179.7544763022542
4185.77935250111,1.1962,202.04475203923622
4185.819362995941,1.2083,198.01843640374355
4185.859373490781,1.2535,183.99521430620652
4185.89938398563,1.2209,193.9523284658035
4185.939394480488,1.2651,180.636495373996
4185.979404975355,1.1485,219.17607300888167
4186.01941547023,1.1703,211.08663876716983
4186.059425965116,1.1798,207.7008992540584
4186.109439083735,1.1659,212.6828871223162
4186.149449578641,1.1505,218.41471576325327
4186.189460073556,1.1542,217.01662455075848
4186.22947056848,1.1878,204.91253382969907
4186.269481063412,1.2691,179.4996161062765
4186.309491558353,1.2382,188.57043194601314
4186.3495020533055,1.3495,158.74844331706365
4186.389512548266,1.1699,211.23100840186999
4186.439525666979,1.1874,205.05061493173062
4186.479536161959,1.1881,204.8090645135882
4186.5195466569485,1.3534,157.83485319365127
4186.559557151947,1.3318,162.99610384251733
4186.599567646955,1.2216,193.730115596742
4186.6395781419715,1.2184,194.74907481988282
4186.679588636997,1.1872,205.1197078272726
4186.719599132032,1.2194,194.42978818584183
4186.76961225084,1.2275,191.87225846888117
4186.8096227458955,1.1663,212.53702672040103
4186.849633240959,1.2404,187.90212056482855
4186.889643736034,1.2377,188.72281812070008
4186.929654231115,1.2085,197.9528999909662
4186.969664726207,1.2828,175.6860655877416
4187.0096752213085,1.1559,216.3787551004821
4187.049685716418,1.0903,243.19972297603567
4187.099698835318,1.122,229.65156468574364
4187.139709330449,1.1516,217.997659088325
4187.179719825589,1.2113,197.038796053449
4187.219730320736,1.2618,181.58257154332142
4187.259740815894,1.1374,223.47486584331048
4187.299751311061,1.1535,217.28009676419725
4187.339761806236,1.1842,206.1603058079227
4187.379772301421,1.2288,191.46649383700017
4187.429785420415,1.2696,179.35826124720538
4187.46979591562,1.1947,202.55242280398403
4187.509806410834,1.3071,169.21451086472752
4187.5498169060575,1.2615,181.66894681981907
4187.58982740129,1.2083,198.01843640374355
4187.629837896532,1.1711,210.79834316808277
4187.669848391783,1.2642,180.89378154071372
4187.709858887042,1.2881,174.24328970513196
4187.75987200613,1.1446,220.67221523215113
4187.799882501409,1.1341,224.7772895177441
4187.839892996698,1.1644,213.23120306640632
4187.879903491997,1.162,214.112929290948
4187.9199139873035,1.2455,186.36645127254394
4187.95992448262,1.2034,199.6342996931637
4187.9999349779455,1.2906,173.56889642660204
4188.03994547328,1.1886,204.63678972435633
4188.089958592461,1.1801,207.59531108888083
4188.129969087816,1.2646,180.77936431491068
4188.16997958318,1.2384,188.5095291511938
4188.209990078553,1.1807,207.38437616399597
4188.250000573935,1.1825,206.75349675649517
4188.290011069325,1.2355,189.3955166534323
4188.330021564727,1.2575,182.8265308426376
4188.370032060136,1.2731,178.37343599591773
4188.410042555554,1.156,216.34132098127878
4188.460055674839,1.1577,215.70642437783368
4188.500066170278,1.1889,204.53352916456527
4188.540076665727,1.2301,191.06201499036317
4188.580087161183,1.2642,180.89378154071372
4188.620097656649,1.2446,186.63608057673372
4188.660108152124,1.1593,215.11142426206067
4188.700118647608,1.2099,197.49505472696606
4188.7401291431015,1.2967,171.93971605193778
4188.79014226248,1.2577,182.76838920347947
4188.830152757993,1.1759,209.0809079248194
4188.870163253516,1.1723,210.36700591875237
4188.910173749048,1.2239,193.0026701720565
4188.950184244589,1.1899,204.18989119206702
4188.9901947401395,1.1244,228.6722423015674
4189.030205235698,1.1846,206.02110248184076
4189.08021835516,1.3101,168.44042962032609
4189.1202288507375,1.3125,167.82498258456465
4189.160239346326,1.2126,196.61654153024142
4189.200249841924,1.0914,242.709738302116
4189.240260337531,1.0925,242.22123292685401
4189.280270833146,1.225,192.65620903842313
4189.320281328771,1.2096,197.59303061107707
4189.360291824404,1.2173,195.10119935246183
4189.410304943958,1.2427,187.20722301327822
4189.4503154396125,1.2957,172.20521876610798
4189.490325935275,1.2932,172.87167228436908
4189.530336430948,1.1232,229.1611187812039
4189.570346926628,1.142,221.678170370464
4189.61035742232,1.2866,174.64981401587025
4189.650367918019,1.3044,169.9157553900059
4189.690378413727,1.218,194.8770097252205
4189.730388909444,1.1151,232.50242458391867
4189.780402029103,1.0736,250.82457326101982
4189.820412524841,1.2893,173.91909133275522
4189.860423020587,1.3429,160.3126902815833
4189.9004335163445,1.2705,179.10424293356178
4189.940444012109,1.2142,196.09870437638955
4189.980454507883,1.2079,198.1496069043724
4190.020465003666,1.2188,194.62126585527926
4190.060475499457,1.2294,191.27965184945762
4190.1104886192115,1.2466,186.03769708560995
4190.150499115023,1.1765,208.86770529056255
4190.190509610845,1.1876,204.98155694037496
4190.230520106676,1.2009,200.46635036207076
4190.2705306025155,1.1983,201.33721328951157
4190.310541098363,1.2685,179.66946262688307
4190.350551594221,1.3814,151.50130180398986
4190.390562090087,1.3484,159.0075569113643
4190.440575209934,1.3369,161.75488321516144
4190.480585705821,1.3269,164.20215553631166
4190.520596201717,1.3115,168.081008259895
4190.560606697622,1.2725,178.54168622626503
4190.600617193536,1.1622,214.03924341174607
4190.6406276894595,1.0481,263.17802655366836
4190.680638185392,1.1843,206.12549175272446
4190.720648681333,1.1864,205.39642892212598
4190.770661801273,1.2062,198.70853814424984
4190.810672297234,1.2712,178.90704602907363
4190.850682793206,1.3452,159.76495953651974
4190.890693289185,1.4609,135.46101456013082
4190.930703785174,1.2412,187.65997887705618
4190.970714281172,1.1783,208.230050386634
4191.010724777178,1.1901,204.12126752606426
4191.050735273194,1.2283,191.62240469567408
4191.100748393228,1.2855,174.94883671829228
4191.140758889264,1.3299,163.4621743586926
4191.180769385309,1.1693,211.4478407171521
4191.220779881363,1.2193,194.46168150196115
4191.260790377428,1.188,204.84354557621631
4191.3008008735005,1.2006,200.5665458788722
4191.3408113695805,1.22,194.23859295473497
4191.380821865672,1.2132,196.42211248946657
4191.430834985798,1.178,208.33612325001502
4191.470845481909,1.1241,228.7943146543104
4191.510855978029,1.2461,186.18702287946286
4191.550866474157,1.2493,185.23443351233396
4191.590876970296,1.1758,209.1164734327453
4191.630887466443,1.1548,216.79117246311793
4191.670897962599,1.2082,198.0512168154743
4191.710908458764,1.25,185.02702920219554
4191.7609215789835,1.1706,210.9784586492961
4191.80093207517,1.218,194.8770097252205
4191.840942571364,1.2284,191.59120729270427
4191.880953067567,1.2944,172.55129266741363
4191.920963563781,1.3127,167.77384765044724
4191.960974060002,1.2586,182.50709473763914
4192.000984556233,1.1921,203.43692940585336
4192.040995052472,1.1704,211.05056948475092
4192.091008172785,1.1688,211.6287894571243
4192.131018669045,1.2341,189.8254719364365
4192.171029165314,1.1487,219.09975828723785
4192.211039661592,1.1444,220.74935305289836
4192.251050157879,1.199,201.10219278710096
4192.291060654176,1.1942,202.72207165383392
4192.331071150481,1.2196,194.3660250875485
4192.371081646796,1.2024,199.96649721221513
4192.421094767201,1.287,174.5412685378613
4192.4611052635355,1.2363,189.15048346034573
4192.501115759879,1.1708,210.90638476530071
4192.541126256232,1.1777,208.44227718468298
4192.581136752595,1.2019,200.13290700054847
4192.621147248964,1.0847,245.71734588914214
4192.661157745344,1.2329,190.19517140495088
4192.701168241734,1.2102,197.39715169634457
4192.751181362232,1.2058,198.84039505722686
4192.7911918586415,1.2285,191.56001750783165
4192.831202355059,1.1976,201.57264602210518
4192.871212851486,1.1612,214.40805364578122
4192.911223347924,1.245,186.51617313961444
4192.951233844369,1.3001,171.04158487053627
4192.991244340824,1.3553,157.39262520823556
4193.031254837287,1.2165,195.35789010858645
4193.0812679578785,1.1243,228.71292222835407
4193.121278454362,1.1121,233.75851206233213
4193.161288950855,1.174,209.75820748798327
4193.201299447356,1.243,187.11686847696504
4193.241309943868,1.1696,211.3393828467647
4193.281320440387,1.0838,246.12560798180775
4193.321330936916,1.0971,240.19428775500754
4193.361341433454,1.1654,212.86542387277606
4193.411354554139,1.1816,207.06857606488563
4193.451365050698,1.2117,196.90872682126894
4193.491375547264,1.2953,172.31159206960214
4193.531386043841,1.3549,157.4855712512539
4193.571396540427,1.2108,197.2015639068094
4193.61140703702,1.2318,190.53501217963588
4193.651417533623,1.3133,167.62058299346623
4193.691428030235,1.2181,194.84501418289497
4193.7414411510135,1.26,182.10174905492494
4193.781451647647,1.2564,183.14680632975814
4193.8214621442885,1.1101,234.6015671939142
4193.861472640939,1.1858,205.60433739198865
4193.901483137599,1.3342,162.41022689204385
4193.941493634267,1.2366,189.05871859546482
4193.981504130945,1.2493,185.23443351233396
4194.021514627632,1.219,194.5574085491018
4194.071527748503,1.2224,193.47662532991643
4194.111538245211,1.2335,190.01018679869298
4194.151548741926,1.2151,195.8083195060993
4194.191559238651,1.2675,179.95307634884244
4194.231569735385,1.2037,199.53480185002877
4194.271580232129,1.3204,165.82278604080835
4194.311590728881,1.2804,176.34529926103434
4194.351601225642,1.1955,202.28142726153905
4194.401614346606,1.1127,233.50648156632724
4194.441624843386,1.1176,231.46340270463963
4194.4816353401775,1.1877,204.94704102642044
4194.521645836977,1.042,266.2683979138938
4194.561656333785,1.0095,283.68893032580235
4194.601666830603,1.2974,171.75422932532035
4194.6416773274295,1.107,235.9173440713998
4194.681687824265,1.0797,247.9984060489074
4194.731700945323,1.1482,219.2906198727065
4194.7717114421785,1.2083,198.01843640374355
4194.811721939043,1.2639,180.97966575951608
4194.851732435917,1.2715,178.82263275363601
4194.8917429328,1.1277,227.33586984677927
4194.9317534296915,1.0997,239.0598577673038
4194.971763926594,1.2357,189.33421373640505
4195.011774423503,1.2477,185.7098120255868
4195.061787544654,1.2147,195.93729976330647
4195.101798041584,1.2008,200.4997405237303
4195.141808538523,1.1979,201.47169574059222
4195.181819035472,1.2032,199.70067293973707
4195.221829532428,1.265,180.66505560994062
4195.261840029394,1.268,179.81118561163535
4195.30185052637,1.2932,172.87167228436908
4195.341861023354,1.3405,160.88724394554944
4195.391874144597,1.2925,173.05897262577736
4195.431884641601,1.2552,183.49715854114328
4195.471895138616,1.2995,171.19956649994216
4195.511905635637,1.3159,166.95885696920962
4195.551916132669,1.3282,163.88088136626007
4195.5919266297105,1.2069,198.47810393462296
4195.63193712676,1.211,197.1364325717475
4195.671947623819,1.1647,213.12137037560055
4195.721960745154,1.1881,204.8090645135882
4195.761971242233,1.1827,206.68357679691502
4195.8019817393215,1.1358,224.10492627138296
4195.841992236417,1.1435,221.09697426486528
4195.882002733525,1.1964,201.9772068384791
4195.922013230639,1.3681,154.46126100419164
4195.962023727762,1.1598,214.92599154033795
4196.002034224895,1.1773,208.5839420179771
4196.052047346325,1.2275,191.87225846888117
4196.092057843478,1.2384,188.5095291511938
4196.132068340639,1.204,199.43537837302983
4196.172078837811,1.1853,205.77783568720588
4196.21208933499,1.2354,189.42617927747085
4196.252099832181,1.1969,201.80849194952467
4196.292110329379,1.2485,185.47189431334132
4196.332120826586,1.2553,183.46792414243725
4196.382133948107,1.2423,187.32779756762523
4196.422144445335,1.2353,189.4568493484066
4196.462154942572,1.202,200.09960842891476
4196.502165439818,1.1944,202.65418654692056
4196.542175937073,1.2114,197.00626666584395
4196.582186434335,1.151,218.22499631418512
4196.622196931608,1.3054,169.6555278069623
4196.662207428889,1.2943,172.57795693769967
4196.712220550504,1.1279,227.25525436219735
4196.752231047806,1.0943,241.42503583727165
4196.792241545117,1.0548,259.8452791629329
4196.832252042436,1.1201,230.43133016694958
4196.872262539765,1.2105,197.2993214470001
4196.912273037103,1.1979,201.47169574059222
4196.9522835344505,1.2027,199.86675094566914
4196.9922940318065,1.172,210.47471602992152
4197.032304529171,1.2483,185.531330860219
4197.082317650888,1.2129,196.51929094216726
4197.1223281482735,1.2483,185.531330860219
4197.162338645668,1.1768,208.76122624331404
4197.202349143072,1.1744,209.61534488091607
4197.242359640483,1.2565,183.11765561386363
4197.282370137904,1.2773,177.20231543848115
4197.322380635335,1.2172,195.13325802045344
4197.372393757134,1.252,184.4363611623037
4197.4124042545845,1.2785,176.86982764948988
4197.452414752045,1.2471,185.8885508632479
4197.492425249513,1.2232,193.2236322648368
4197.53243574699,1.2571,182.94289738301907
4197.572446244476,1.2725,178.54168622626503
4197.612456741971,1.2598,182.15957285530533
4197.652467239475,1.2609,181.8418823671041
4197.702480361368,1.2648,180.72219640590126
4197.742490858893,1.182,206.9284519606858
4197.782501356427,1.2342,189.79471231434584
4197.8225118539685,1.2974,171.75422932532035
4197.86252235152,1.2585,182.53609977549115
4197.902532849081,1.2904,173.6227036840975
4197.9425433466495,1.2906,173.56889642660204
4197.982553844228,1.1996,200.90107401459238
4198.032566966214,1.1612,214.40805364578122
4198.072577463813,1.2433,187.02657933854942
4198.11258796142,1.2303,190.9999012522475
4198.152598459036,1.1885,204.67122728877635
4198.192608956662,1.2363,189.15048346034573
4198.2326194542975,1.1614,214.33421537889856
4198.272629951941,1.192,203.4710645219861
4198.312640449592,1.2089,197.8219247327715
4198.352650947254,1.1482,219.2906198727065
4198.402664069345,1.1434,221.1356495227419
4198.442674567026,1.217,195.1973990661763
4198.482685064717,1.2272,191.96607963308816
4198.522695562417,1.1444,220.74935305289836
4198.562706060125,1.1353,224.30236666428547
4198.602716557843,1.1258,228.10386106541677
4198.6427270555705,1.2218,193.66669634614837
4198.682737553305,1.3508,158.4430339037344
4198.732750675487,1.3563,157.16061977218683
4198.772761173244,1.2508,184.79042196127463
4198.812771671009,1.1513,218.11128327249608
4198.852782168783,1.1299,226.45145252151698
4198.892792666565,1.1542,217.01662455075848
4198.932803164356,1.179,207.98286185255853
4198.972813662158,1.3067,169.31812471999476
4199.012824159968,1.2497,185.11587408801606
4199.062837282243,1.1936,202.92593176173372
4199.102847780073,1.2479,185.650289698014
4199.142858277912,1.2019,200.13290700054847
4199.18286877576,1.1683,211.80997056973558
4199.222879273617,1.1525,217.6573187559638
4199.262889771483,1.1618,214.1866532277285
4199.302900269357,1.2101,197.42977794951233
4199.352913391714,1.2517,184.52478090317578
4199.392923889609,1.3039,170.04609376211903
4199.432934387512,1.2241,192.93960776028456
4199.472944885426,1.1205,230.26683931857838
4199.512955383348,1.1488,219.0616158722733
4199.552965881279,1.1873,205.0851570150084
4199.592976379219,1.2748,177.89801645502456
4199.632986877168,1.3046,169.86366199714678
4199.672997375126,1.2125,196.64897443535605
4199.723010497586,1.1488,219.0616158722733
4199.763020995564,1.1877,204.94704102642044
4199.803031493552,1.1086,235.2368551337698
4199.843041991548,1.246,186.21690961218022
4199.883052489553,1.2192,194.49358266616065
4199.923062987567,1.0907,243.02137519577062
4199.96307348559,1.1765,208.86770529056255
4200.003083983623,1.231,190.78274153082205
4200.053097106175,1.2255,192.49903502753432
4200.093107604227,1.2428,187.1770975641761
4200.133118102288,1.2422,187.35795940741187
4200.173128600358,1.256,183.26347882910213
4200.213139098438,1.3246,164.77288263247124
4200.253149596526,1.2483,185.531330860219
4200.293160094623,1.1503,218.49067282262376
4200.333170592729,1.2359,189.27294057805102
4200.383183715374,1.1969,201.80849194952467
4200.423194213501,1.2202,194.17492387910522
4200.463204711636,1.1915,203.64186904224619
4200.50321520978,1.2189,194.589333272997
4200.543225707934,1.2932,172.87167228436908
4200.5832362060955,1.3016,170.64758618335983
4200.623246704267,1.249,185.323427842726
4200.663257202446,1.2379,188.66184149244563
4200.713270325185,1.2656,180.49379572899386
4200.753280823385,1.2448,186.57611240918553
4200.793291321595,1.2716,178.7945082709789
4200.833301819812,1.3024,170.4380099609444
4200.873312318039,1.2939,172.68467584898713
4200.9133228162755,1.2594,182.2753031117212
4200.953333314521,1.1909,203.8471185148598
4200.9933438127755,1.1972,201.7073644662145
4201.0433569356055,1.2002,200.7002567943194
4201.083367433879,1.197,201.77477433989944
4201.123377932163,1.2195,194.39790271522864
4201.163388430454,1.2256,192.46762330679044
4201.2033989287565,1.1871,205.1542673714646
4201.243409427067,1.1556,216.4911157725252
4201.283419925386,1.2474,185.79914920439373
4201.323430423714,1.1165,231.91971249098367
4201.373443546635,1.1827,206.68357679691502
4201.413454044985,1.2479,185.650289698014
4201.453464543341,1.2466,186.03769708560995
4201.493475041709,1.2799,176.48310659485657
4201.533485540082,1.2286,191.52883533857602
4201.573496038467,1.2107,197.2341416791931
4201.61350653686,1.2497,185.11587408801606
4201.653517035263,1.234,189.8562390368521
4201.703530158277,1.2337,189.9485852322977
4201.7435406567,1.2298,191.1552424242357
4201.78355115513,1.3208,165.72236353863696
4201.823561653571,1.224,192.97113510205534
4201.8635721520195,1.194,202.78999087669473
4201.903582650478,1.1812,207.20884254738883
4201.943593148944,1.2186,194.68515460532373
4201.983603647422,1.2133,196.38973568965253
4202.033616770528,1.1862,205.46569669189003
4202.073627269026,1.1875,205.0160815744991
4202.113637767529,1.1678,211.99138445303714
4202.153648266044,1.2061,198.74149007377895
4202.193658764567,1.3161,166.90811734630847
4202.233669263099,1.235,189.5489042667183
4202.27367976164,1.1892,204.43034674360945
4202.313690260189,1.1959,202.14613338812603
4202.363703383389,1.1926,203.2663826062394
4202.403713881959,1.1512,218.14917774209408
4202.443724380539,1.2478,185.680047284167
4202.483734879126,1.1539,217.1294825006368
4202.523745377724,1.2197,194.3341553002295
4202.563755876329,1.2761,177.53574164750327
4202.603766374944,1.2344,189.73321549544696
4202.643776873568,1.175,209.40132447468832
4202.69378999686,1.1293,226.6921447120898
4202.733800495504,1.1425,221.48418396418973
4202.7738109941565,1.2583,182.59413059842726
4202.8138214928185,1.2577,182.76838920347947
4202.85383199149,1.1662,212.57347775055575
4202.893842490169,1.2668,180.15200570943927
4202.933852988857,1.2418,187.47867964172062
4202.973863487556,1.1809,207.3141359610912
4203.02387661094,1.2176,195.00507073681308
4203.063887109657,1.2145,196.00183768724918
4203.103897608385,1.2282,191.65360971922217
4203.143908107119,1.2442,186.75610368009404
4203.183918605865,1.2554,183.43869672952326
4203.223929104618,1.2359,189.27294057805102
4203.26393960338,1.2113,197.038796053449
4203.303950102151,1.211,197.1364325717475
4203.353963225628,1.2043,199.3360291880755
4203.39397372442,1.2113,197.038796053449
4203.433984223222,1.2539,183.87784244564654
4203.4739947220305,1.1844,206.09068651529626
4203.514005220848,1.3157,167.0096197326933
4203.5540157196765,1.2927,173.00542719331244
4203.594026218512,1.3505,158.5134347248316
4203.634036717358,1.1933,203.02797715006528
4203.684049840927,1.2801,176.42796428344832
4203.724060339792,1.235,189.5489042667183
4203.764070838667,1.1674,212.13668342261025
4203.80408133755,1.2307,190.87576461009152
4203.844091836443,1.1881,204.8090645135882
4203.884102335344,1.1666,212.42772986621014
4203.924112834254,1.2622,181.4675002992497
4203.964123333173,1.1702,211.1227172969291
4204.014136456834,1.1012,238.40903096953406
4204.054146955774,1.0943,241.42503583727165
4204.094157454722,1.2076,198.24807033047273
4204.134167953679,1.274,178.12150622793544
4204.174178452645,1.2324,190.3495316770104
4204.21418895162,1.2655,180.5223221271629
4204.254199450604,1.195,202.4507356935122
4204.294209949596,1.1826,206.7185323424141
4204.34422307335,1.2133,196.38973568965253
4204.384233572363,1.1574,215.81826169960124
4204.424244071385,1.2111,197.1038790037389
4204.4642545704155,1.1616,214.26041524830032
4204.504265069456,1.171,210.83434780752262
4204.544275568505,1.2544,183.73128548666588
4204.584286067562,1.2505,184.87909646273977
4204.624296566629,1.2656,180.49379572899386
4204.674309690476,1.211,197.1364325717475
4204.7143201895615,1.1055,236.55798771550022
4204.754330688657,1.0671,253.8895599991184
4204.794341187761,1.2658,180.43676321393858
4204.834351686875,1.2388,188.38781204249884
4204.874362185998,1.2897,173.81122625650494
4204.914372685129,1.2069,198.47810393462296
4204.954383184271,1.168,211.91879094172293
4205.004396308208,1.1541,217.05423408866338
4205.044406807368,1.2183,194.78104673281237
4205.084417306538,1.2356,189.3648614738803
4205.124427805717,1.2673,180.0098796737225
4205.164438304903,1.2579,182.7102752948106
4205.2044488041,1.2546,183.67271175975586
4205.244459303305,1.1899,204.18989119206702
4205.284469802519,1.1381,223.20004963901926
4205.334482926549,1.1817,207.03353169839997
4205.374493425784,1.1466,219.90305575117645
4205.414503925027,1.1802,207.56013292580937
4205.454514424278,1.2379,188.66184149244563
4205.494524923541,1.2613,181.7265645811998
4205.534535422811,1.1706,210.9784586492961
4205.57454592209,1.182,206.9284519606858
4205.614556421377,1.2206,194.0476796067523
4205.664569545498,1.219,194.5574085491018
4205.704580044808,1.213,196.48689011308284
4205.744590544125,1.2746,177.95384944859933
4205.7846010434505,1.2864,174.70412472944676
4205.824611542785,1.2449,186.5461391633135
4205.864622042128,1.229,191.4041827681557
4205.90463254148,1.1454,220.36406791746774
4205.944643040842,1.1484,219.2142453225024
4205.994656165057,1.2166,195.32577606934618
4206.034666664438,1.1917,203.5735214346814
4206.074677163829,1.1939,202.82396328874967
4206.114687663229,1.2371,188.90592548269836
4206.154698162637,1.1613,214.37112974366238
4206.194708662054,1.1869,205.2234126674039
4206.23471916148,1.3436,160.1456918187193
4206.274729660915,1.3043,169.9418110733276
4206.324742785222,1.2155,195.6794665633413
4206.364753284677,1.1886,204.63678972435633
4206.404763784141,1.2197,194.3341553002295
4206.444774283615,1.2274,191.9035245464988
4206.484784783095,1.1957,202.21376335229442
4206.524795282588,1.1505,218.41471576325327
4206.564805782086,1.0778,248.87354403070034
4206.604816281595,1.2351,189.51821184061717
4206.654829405995,1.1375,223.43557532087917
4206.694839905524,1.1688,211.6287894571243
4206.7348504050615,1.1203,230.34906271865884
4206.774860904608,1.167,212.28213182534006
4206.814871404163,1.1869,205.2234126674039
4206.854881903728,1.1783,208.230050386634
4206.894892403301,1.1026,237.80398754288947
4206.934902902883,1.1097,234.77072544402742
4206.974913402475,1.2139,196.19564289246844
4207.024926526976,1.3025,170.4118400820361
4207.064937026587,1.3223,165.34659047269068
4207.104947526209,1.1901,204.12126752606426
4207.144958025838,1.2107,197.2341416791931
4207.184968525476,1.2463,186.12727099489896
4207.224979025123,1.2628,181.295098418427
4207.264989524778,1.158,215.59467396492977
4207.305000024443,1.0667,254.08000674118344
4207.355013149037,1.2566,183.0885118571127
4207.395023648723,1.2759,177.5914041655784
4207.435034148416,1.2481,185.5907959823364
4207.4750446481185,1.1755,209.22322442203836
4207.515055147831,1.1002,238.84261970270686
4207.555065647551,1.2347,189.64102629398292
4207.59507614728,1.2985,171.4633560364927
4207.645089271955,1.3083,168.9042393158021
4207.685099771705,1.1724,210.33112092133473
4207.725110271463,1.1906,203.94985963496262
4207.765120771231,1.1878,204.91253382969907
4207.805131271008,1.1145,232.7528308295466
4207.845141770792,1.1979,201.47169574059222
4207.885152270586,1.2079,198.1496069043724
4207.92516277039,1.1112,234.137323562576
4207.975175895156,1.0577,258.42234722333654
4208.0151863949795,1.1176,231.46340270463963
4208.055196894812,1.154,217.09185340415962
4208.095207394653,1.2036,199.56795953117492
4208.135217894502,1.2871,174.51414797962465
4208.1752283943615,1.2036,199.56795953117492
4208.2152388942295,1.1994,200.96808006982556
4208.255249394106,1.3271,164.15266728107258
4208.295259893991,1.3104,168.36331376871257
4208.34527301886,1.2857,174.89441186229672
4208.385283518766,1.272,178.6820766638031
4208.425294018681,1.1499,218.6427058581439
4208.465304518603,1.1983,201.33721328951157
4208.505315018537,1.2558,183.32185689128954
4208.545325518478,1.1647,213.12137037560055
4208.585336018428,1.1487,219.09975828723785
4208.625346518386,1.2064,198.64265886631173
4208.675359643349,1.1798,207.7008992540584
4208.715370143327,1.3989,147.73450299741413
4208.755380643315,1.2193,194.46168150196115
4208.795391143312,1.149,218.9853609167166
4208.835401643319,1.1513,218.11128327249608
4208.875412143333,1.2799,176.48310659485657
4208.915422643357,1.1311,225.97121672325935
4208.95543314339,1.2243,192.8765762513351
4209.005446268442,1.1975,201.60631297727423
4209.045456768496,1.2506,184.84953120493927
4209.085467268556,1.1747,209.50829368474072
4209.125477768627,1.1935,202.95993834120884
4209.165488268706,1.1239,228.87575053587423
4209.205498768795,1.2031,199.73387197661827
4209.245509268892,1.2093,197.6910794209797
4209.285519768998,1.1328,225.2934934166307
4209.335532894142,1.1739,209.79394596026083
4209.375543394269,1.188,204.84354557621631
4209.415553894403,1.2084,197.98566412980531
4209.455564394548,1.2423,187.32779756762523
4209.4955748947,1.2211,193.88880007787554
4209.535585394861,1.2125,196.64897443535605
4209.575595895033,1.1888,204.56794066517435
4209.615606395212,1.1119,233.84261290777894
4209.665619520449,1.1367,223.75018991353053
4209.70563002065,1.1823,206.82345220240583
4209.745640520858,1.0357,269.5175844232062
4209.785651021075,1.074,250.63777428052143
4209.8256615213,1.2261,192.31067997221086
4209.865672021536,1.2155,195.6794665633413
4209.905682521779,1.2962,172.07239059723761
4209.945693022032,1.2609,181.8418823671041
4209.9957061473615,1.1626,213.8919857213398
4210.035716647634,1.1601,214.81484697526685
4210.075727147916,1.1966,201.90969550342447
4210.115737648207,1.2114,197.00626666584395
4210.155748148506,1.2185,194.71711077824781
4210.195758648815,1.1955,202.28142726153905
4210.2357691491325,1.3154,167.08580729730008
4210.275779649458,1.2487,185.41248632339776
4210.325792774879,1.116,232.12757222030737
4210.365803275225,1.1467,219.86470338778926
4210.405813775581,1.1593,215.11142426206067
4210.445824275945,1.1347,224.53963974601098
4210.4858347763175,1.2411,187.69022098291202
4210.525845276699,1.2477,185.7098120255868
4210.56585577709,1.1491,218.947248369192
4210.60586627749,1.3162,166.88275620818126
4210.655879403002,1.1893,204.39596995385062
4210.6958899034225,1.2075,198.28090778226007
4210.735900403851,1.0882,244.13927772557497
4210.775910904287,1.1133,233.25485844679636
4210.815921404735,1.185,205.88204009724055
4210.85593190519,1.18,207.63049819592445
4210.895942405653,1.2562,183.20512864784214
4210.935952906127,1.0526,260.93259907961504
4210.985966031731,1.249,185.323427842726
4211.0259765322235,1.2078,198.18241989422953
4211.065987032725,1.2723,178.59782253966935
4211.1059975332355,1.2552,183.49715854114328
4211.1460080337565,1.1714,210.69038456975719
4211.186018534285,1.1267,227.73959142947436
4211.226029034821,1.2362,189.1810865959094
4211.266039535369,1.2373,188.84486009670022
4211.316052661064,1.1988,201.16929949390698
4211.356063161629,1.1413,221.95017978132546
4211.396073662205,1.24,188.02336719436127
4211.43608416279,1.2313,190.68978643701837
4211.476094663382,1.2093,197.6910794209797
4211.516105163984,1.1579,215.63191445158355
4211.556115664595,1.1434,221.1356495227419
4211.596126165215,1.2462,186.15714334113875
4211.646139291001,1.2852,175.03052164799635
4211.6861497916425,1.2004,200.63338462831487
4211.726160292291,1.2446,186.63608057673372
4211.766170792948,1.1987,201.20286544415336
4211.806181293614,1.1792,207.9123173994098
4211.84619179429,1.1841,206.19512868386983
4211.886202294973,1.262,181.52502224404878
4211.926212795666,1.2318,190.53501217963588
4211.976225921546,1.252,184.4363611623037
4212.016236422259,1.2207,194.01588808181705
4212.05624692298,1.2593,182.30425290851696
4212.096257423711,1.2753,177.75854887621455
4212.13626792445,1.3342,162.41022689204385
4212.176278425199,1.2199,194.27043923639204
4212.216288925956,1.2677,179.89629990672603
4212.256299426722,1.2207,194.01588808181705
4212.306312552693,1.172,210.47471602992152
4212.346323053479,1.1766,208.83220322496905
4212.386333554274,1.1607,214.59281633175334
4212.4263440550785,1.1642,213.30447203584913
4212.4663545558915,1.1007,238.6256776159278
4212.506365056713,1.1899,204.18989119206702
4212.546375557544,1.2272,191.96607963308816
4212.586386058382,1.2319,190.50407994095661
4212.636399184445,1.2609,181.8418823671041
4212.676409685304,1.2297,191.18633339917216
4212.716420186172,1.18,207.63049819592445
4212.756430687051,1.0795,248.09030828132
4212.796441187937,1.2456,186.33652853319361
4212.836451688832,1.2316,190.59689926244732
4212.876462189735,1.1235,229.0387527896124
4212.916472690647,1.1413,221.95017978132546
4212.966485816802,1.1399,222.49570271277665
4213.006496317735,1.1483,219.25242760928586
4213.046506818676,1.1666,212.42772986621014
4213.086517319626,1.1853,205.77783568720588
4213.126527820586,1.3171,166.65476584871135
4213.166538321555,1.3156,167.03500979655118
4213.206548822533,1.2746,177.95384944859933
4213.246559323518,1.2851,175.05776267133052
4213.296572449763,1.2732,178.34541741423646
4213.336582950768,1.1645,213.19458273759747
4213.376593451782,1.1037,237.3302106183698
4213.416603952806,1.1399,222.49570271277665
4213.45661445384,1.0779,248.82736873265895
4213.496624954881,1.1713,210.72636155234858
4213.536635455931,1.1094,234.89771422536842
4213.576645956991,1.1506,218.3767520861086
4213.6266590833275,1.2223,193.50828439585396
4213.666669584406,1.2093,197.6910794209797
4213.706680085495,1.1595,215.03722238653208
4213.746690586591,1.1111,234.17947056088457
4213.786701087697,1.2599,182.1306575129518
4213.826711588811,1.0561,259.20596349641943
4213.866722089935,1.1779,208.3714988829049
4213.906732591067,1.1772,208.6193807920412
4213.956745717495,1.1521,217.8084826578594
4213.9967562186475,1.2289,191.43533449972466
4214.03676671981,1.3764,152.60400718081308
4214.076777220979,1.0718,251.66775841730208
4214.116787722158,1.1322,225.53234131332718
4214.156798223346,1.1105,234.43259170215939
4214.196808724542,1.1842,206.1603058079227
4214.236819225747,1.2934,172.81821374935404
4214.286832352267,1.1947,202.55242280398403
4214.326842853493,1.2944,172.55129266741363
4214.366853354727,1.2079,198.1496069043724
4214.40686385597,1.2326,190.28776502624135
4214.4468743572215,1.2118,196.87622963696393
4214.486884858483,1.1015,238.27918456996736
4214.526895359752,1.1167,231.83664676642533
4214.566905861032,1.2295,191.24853810931458
4214.616918987643,1.2155,195.6794665633413
4214.6569294889405,1.2136,196.29265330651657
4214.696939990249,1.1482,219.2906198727065
4214.736950491565,1.1842,206.1603058079227
4214.776960992889,1.2937,172.73807242948365
4214.816971494224,1.2094,197.65838837701295
4214.856981995567,1.154,217.09185340415962
4214.89699249692,1.1504,218.45268934094398
4214.947005623621,1.1392,222.76921869897265
4214.987016124993,1.1621,214.07608159578712
4215.027026626373,1.1662,212.57347775055575
4215.067037127763,1.1437,221.0196541811883
4215.107047629161,1.162,214.112929290948
4215.1470581305675,1.1381,223.20004963901926
4215.1870686319835,1.1501,218.56666951172963
4215.2270791334095,1.189,204.49912634604817
4215.277092260203,1.1173,231.58771717879725
4215.317102761647,1.24,188.02336719436127
4215.3571132631005,1.2228,193.35006672847342
4215.397123764563,1.2129,196.51929094216726
4215.437134266034,1.3235,165.04689148025915
4215.477144767516,1.1603,214.74079848844897
4215.517155269004,1.1924,203.33457558139477
4215.557165770501,1.2139,196.19564289246844
4215.607178897387,1.0789,248.36632169769865
4215.647189398905,1.0086,284.19544172433086
4215.687199900431,1.1835,206.40425134225313
4215.727210401967,1.1025,237.84712850553615
4215.767220903511,1.1131,233.3386876101355
4215.807231405064,1.1083,235.3642223522219
4215.8472419066275,1.2914,173.3539173333522
4215.887252408198,1.2749,177.87010981136825
4215.9372655351735,1.1889,204.53352916456527
4215.977276036765,1.2752,177.7864292682
4216.017286538365,1.3058,169.55160413534057
4216.0572970399735,1.1496,218.75683479559441
4216.0973075415895,1.1506,218.3767520861086
4216.137318043217,1.1169,231.7536256608371
4216.177328544852,1.2311,190.75174894888596
4216.217339046497,1.1949,202.4846228870349
4216.267352173563,1.0879,244.27394417391707
4216.307362675228,1.1644,213.23120306640632
4216.3473731769,1.1985,201.2700225523479
4216.3873836785815,1.194,202.78999087669473
4216.427394180272,1.2722,178.62590062509537
4216.467404681971,1.1708,210.90638476530071
4216.507415183679,1.2565,183.11765561386363
4216.547425685397,1.2508,184.79042196127463
4216.597438812554,1.0414,266.57530574606443
4216.637449314293,1.2675,179.95307634884244
4216.677459816037,1.2512,184.67228849822655
4216.717470317793,1.1207,230.18465993526763
4216.757480819555,1.1355,224.22335920834814
4216.797491321328,1.1884,204.70567354698227
4216.83750182311,1.1359,224.0654694768844
4216.8775123249,1.2583,182.59413059842726
4216.917522826699,1.3343,162.3858839378041
4216.967535953959,1.134,224.8169344916594
4217.0075464557785,1.1925,203.30047480495435
4217.047556957605,1.1102,234.55930619766775
4217.087567459442,1.1705,211.0145094465126
4217.127577961287,1.2293,191.31077318294166
4217.167588463141,1.262,181.52502224404878
4217.207598965006,1.0888,243.87027869699165
4217.247609466876,1.1134,233.2129608046053
4217.297622594228,1.2424,187.2976430106625
4217.337633096121,1.1845,206.0558900926604
4217.37764359802,1.1058,236.4296503931255
4217.41765409993,1.1315,225.81147756271199
4217.4576646018495,1.2134,196.3573668943149
4217.497675103777,1.2251,192.62475884024877
4217.537685605712,1.0836,246.2164710657868
4217.587698733144,1.0497,262.3763431703925
4217.627709235099,1.081,247.40228435845657
4217.667719737064,1.3081,168.95589194858408
4217.707730239039,1.2555,183.40947630017575
4217.7477407410215,1.183,206.57876334192542
4217.787751243011,1.1589,215.25994327972293
4217.827761745012,1.3576,156.85977882471994
4217.867772247021,1.171,210.83434780752262
4217.917785374544,1.1119,233.84261290777894
4217.957795876573,1.2381,188.600894411879
4217.997806378611,1.357,156.9985210570835
4218.0378168806565,1.2089,197.8219247327715
4218.077827382712,1.1817,207.03353169839997
4218.117837884775,1.1791,207.94758513880794
4218.157848386849,1.1329,225.25372232450442
4218.197858888931,1.2349,189.57960414936906
4218.237869391021,1.2292,191.3419021122378
4218.287882518646,1.2828,175.6860655877416
4218.327893020757,1.1382,223.1608315668702
4218.367903522877,1.0849,245.62675893344294
4218.407914025005,1.2102,197.39715169634457
4218.447924527142,1.2711,178.93519707033835
4218.487935029289,1.1466,219.90305575117645
4218.527945531442,1.069,252.98785556026186
4218.567956033606,0.9667,309.36527267178906
4218.617969161322,1.137,223.6321316155459
4218.657979663506,1.1594,215.07431852428272
4218.697990165699,1.1581,215.55744312481252
4218.7380006678995,1.1664,212.50058506510126
4218.7780111701095,1.1143,232.83638947972014
4218.818021672328,1.1266,227.78002272658935
4218.858032174555,1.0867,244.8137257294984
4218.898042676791,1.152,217.84629823894707
4218.948055804599,1.2065,198.60973151247006
4218.988066306855,1.1775,208.51309155486996
4219.028076809122,1.1194,230.71961357020444
4219.068087311394,1.2441,186.78612754621827
4219.108097813677,1.2279,191.74727053816304
4219.148108315969,1.2776,177.11910565206932
4219.188118818269,1.0824,246.7627077109586
4219.228129320577,1.0641,255.3231501547754
4219.2781424484765,1.1684,211.7737157383079
4219.318152950806,1.2133,196.38973568965253
4219.358163453143,1.2824,175.79568088912703
4219.39817395549,1.1902,204.08696866520788
4219.438184457847,1.1673,212.1730315059331
4219.478194960211,1.0725,251.33934857822723
4219.518205462583,1.0474,263.5299188645805
4219.558215964965,1.1954,202.31527195266455
4219.608229092955,1.2171,195.1653245908258
4219.648239595358,1.1774,208.54851227327572
4219.688250097768,1.2773,177.20231543848115
4219.728260600187,1.0692,252.8932188383857
4219.7682711026155,1.1276,227.37619367592754
4219.808281605053,1.1179,231.3391883001783
4219.848292107498,1.0597,257.4478139020761
4219.888302609954,1.0256,274.8520784448257
4219.938315738034,1.0788,248.41236871339814
4219.978326240509,1.0063,285.4960396689307
4220.018336742993,1.1031,237.58845869003255
4220.058347245485,1.1786,208.12405851200708
4220.0983577479865,1.2118,196.87622963696393
4220.138368250497,1.134,224.8169344916594
4220.178378753015,1.1406,222.2226901517924
4220.218389255543,1.344,160.05038125830612
4220.268402383714,1.3392,161.1997510787961
4220.308412886261,1.3283,163.8562070322724
4220.3484233888175,1.2376,188.75331752117935
4220.388433891383,1.1548,216.79117246311793
4220.428444393957,1.162,214.112929290948
4220.468454896539,1.2293,191.31077318294166
4220.508465399131,1.2165,195.35789010858645
4220.548475901731,1.1616,214.26041524830032
4220.598489029994,1.2066,198.57681234509337
4220.638499532614,1.1019,238.10622098371152
4220.678510035244,1.0161,280.0155433242941
4220.71852053788,1.0898,243.42293392272643
4220.7585310405275,1.1473,219.63479976621193
4220.798541543183,1.1226,229.4061451358972
4220.838552045847,1.2203,194.14310108000018
4220.87856254852,1.0772,249.15086592906718
4220.928575676874,1.1125,233.59044642420835
4220.968586179567,1.0298,272.61470503587145
4221.008596682268,1.0726,251.2924853677269
4221.048607184979,1.1603,214.74079848844897
4221.088617687698,1.2553,183.46792414243725
4221.128628190427,1.209,197.78920122906584
4221.168638693164,1.1209,230.1025245373141
4221.20864919591,1.1013,238.3657370458933
4221.258662324354,1.2941,172.6313040234924
4221.298672827121,1.2426,187.23735573583212
4221.338683329895,1.2145,196.00183768724918
4221.3786938326775,1.055,259.74676905751994
4221.41870433547,1.0977,239.93178059538084
4221.458714838272,1.1897,204.2585494698423
4221.498725341082,1.2388,188.38781204249884
4221.538735843898,1.1239,228.87575053587423
4221.588748972434,1.114,232.9618118487398
4221.628759475272,1.1899,204.18989119206702
4221.66876997812,1.1486,219.13791066495065
4221.708780480975,1.2303,190.9999012522475
4221.748790983841,1.3236,165.0219533521204
4221.788801486715,1.287,174.5412685378613
4221.828811989596,1.0701,252.46801003150856
4221.868822492488,1.1111,234.17947056088457
4221.9188356211125,1.2336,189.97938227026697
4221.9588461240255,1.1745,209.57965203411743
4221.998856626945,1.2409,187.75072713007478
4222.038867129873,1.2371,188.90592548269836
4222.078877632811,1.1834,206.43913604695592
4222.118888135757,1.0658,254.50929617781455
4222.158898638712,1.144,220.90375008266562
4222.198909141676,1.1351,224.38141588624154
4222.248922270393,1.183,206.57876334192542
4222.288932773377,1.1417,221.7946845690643
4222.3289432763695,1.2845,175.22134244096694
4222.368953779371,1.1452,220.44104420732762
4222.408964282381,1.1683,211.80997056973558
4222.448974785399,1.1931,203.0960501779081
4222.488985288427,1.0786,248.50450117004976
4222.528995791463,1.1113,234.09518794150065
4222.579008920272,1.2191,194.52549168101547
4222.619019423328,1.2129,196.51929094216726
4222.659029926393,1.1174,231.5462678952555
4222.699040429467,1.0427,265.9110081840743
4222.73905093255,1.1845,206.0558900926604
4222.77906143564,1.1283,227.09415198144845
4222.819071938741,1.2434,186.99649748103576
4222.85908244185,1.279,176.73156719795074
4222.909095570749,1.2452,186.45626274945602
4222.949106073878,1.2538,183.9071748796232
4222.989116577015,1.2127,196.5841166481022
4223.029127080162,1.1737,209.86545031120713
4223.069137583317,1.2607,181.8995824264323
4223.109148086481,1.2132,196.42211248946657
4223.149158589654,1.1361,223.98658714259983
4223.189169092835,1.1612,214.40805364578122
4223.239182221825,1.2274,191.9035245464988
4223.2791927250255,1.2468,185.97801706421646
4223.319203228236,1.1754,209.25882625060592
4223.359213731456,1.2263,192.2479563838598
4223.399224234683,1.1335,225.01531677727436
4223.43923473792,1.2258,192.40482292665345
4223.479245241165,1.0632,255.75559537284516
4223.51925574442,1.0004,288.8734727199239
4223.5692688735,1.0604,257.10802925874594
4223.609279376774,1.2847,175.166790384616
4223.649289880057,1.1485,219.17607300888167
4223.689300383348,1.1009,238.5389835345793
4223.729310886649,1.1151,232.50242458391867
4223.769321389957,1.0897,243.46761298664885
4223.809331893275,1.1457,220.24867905933166
4223.849342396602,1.2026,199.89999140708835
4223.899355525774,1.1927,203.23229898237338
4223.93936602912,1.2065,198.60973151247006
4223.979376532475,1.1751,209.36568627600656
4224.01938703584,1.2355,189.3955166534323
4224.059397539212,1.1074,235.7469452823945
4224.099408042594,1.1197,230.59599733406432
4224.139418545984,1.2224,193.47662532991643
4224.179429049384,1.2375,188.78382431574545
4224.229442178646,1.1714,210.69038456975719
4224.269452682065,1.2306,190.9067874225219
4224.309463185492,1.1924,203.33457558139477
4224.349473688929,1.1212,229.9794038442829
4224.389484192375,1.1471,219.71139422361762
4224.429494695828,1.203,199.76707929289825
4224.469505199292,1.1421,221.63935270625922
4224.509515702764,1.2048,199.17061210564063
4224.559528832116,1.1541,217.05423408866338
4224.599539335607,1.1066,236.08792767453485
4224.639549839108,1.1156,232.29406126936502
4224.679560342618,1.2309,190.81374166669815
4224.719570846136,1.2546,183.67271175975586
4224.759581349661,1.1381,223.20004963901926
4224.799591853197,1.0704,252.3265120523892
4224.839602356741,1.17,211.19490211111582
4224.889615486184,1.147,219.74970647824858
4224.929625989748,1.1823,206.82345220240583
4224.969636493321,1.2122,196.74632131502906
4225.009646996904,1.2974,171.75422932532035
4225.049657500493,1.2309,190.81374166669815
4225.089668004093,1.2046,199.23675422116673
4225.1296785077,1.2555,183.40947630017575
4225.169689011317,1.2759,177.5914041655784
4225.219702140851,1.181,207.2790292407905
4225.259712644488,1.2254,192.53045443874092
4225.299723148132,1.1681,211.88250816825385
4225.339733651786,1.2082,198.0512168154743
4225.379744155449,1.1914,203.67605575442144
4225.419754659121,1.1685,211.7374702145181
4225.459765162802,1.1869,205.2234126674039
4225.4997756664925,1.0808,247.49385539697346
4225.53978617019,1.0833,246.35286006400318
4225.589799299823,1.1132,233.29676738062045
4225.629809803542,1.1235,229.0387527896124
4225.669820307267,1.1244,228.6722423015674
4225.709830811004,1.1564,216.1916816055492
4225.749841314748,1.1349,224.4605069036601
4225.789851818501,1.1614,214.33421537889856
4225.829862322263,1.2511,184.70181124161644
4225.879875451977,1.2132,196.42211248946657
4225.919885955758,1.2012,200.36622990739795
4225.959896459549,1.1758,209.1164734327453
4225.999906963348,1.1759,209.0809079248194
4226.039917467157,1.2401,187.9930445373802
4226.079927970973,1.119,230.88458990197387
4226.119938474798,0.9519,319.0599777763892
4226.159948978631,1.0606,257.011071481965
4226.209962108436,1.2919,173.21975815935343
4226.249972612291,1.2103,197.36453352998467
4226.289983116153,1.2032,199.70067293973707
4226.329993620026,1.2806,176.29022151902097
4226.370004123904,1.3258,164.47474139364084
4226.410014627794,1.2231,193.25522925170682
4226.450025131691,1.3264,164.32597412838984
4226.490035635597,1.2872,174.48703374196373
4226.540048765493,1.2115,196.97374533305145
4226.5800592694195,1.1491,218.947248369192
4226.620069773355,1.0655,254.65263445288105
4226.660080277298,1.1852,205.81256169854467
4226.70009078125,1.1675,212.100344678858
4226.740101285212,1.0812,247.31076413152917
4226.780111789182,1.1289,226.85281942583373
4226.82012229316,1.16,214.85188558234182
4226.860132797149,1.1625,213.9287858936181
4226.910145927144,1.2766,177.39669978996554
4226.950156431152,1.1115,234.0109508146731
4226.990166935168,1.1736,209.90121619610352
4227.030177439194,1.1262,227.94185563120874
4227.070187943227,1.1307,226.13112544313012
4227.110198447269,1.2869,174.5683954186384
4227.150208951321,1.2891,173.97306152836754
4227.19021945538,1.1699,211.23100840186999
4227.240232585467,1.1269,227.6587611233305
4227.280243089547,1.1807,207.38437616399597
4227.320253593636,1.1846,206.02110248184076
4227.360264097734,1.14,222.45667012523717
4227.40027460184,1.2077,198.21524103536296
4227.440285105953,1.0275,273.8365346753438
4227.480295610077,1.167,212.28213182534006
4227.520306114209,1.1067,236.04526443281335
4227.570319244388,1.0772,249.15086592906718
4227.61032974854,1.1579,215.63191445158355
4227.6503402527,1.1961,202.078537346332
4227.6903507568695,1.2035,199.60112547797073
4227.730361261048,1.1187,231.0084383017791
4227.770371765235,1.2064,198.64265886631173
4227.810382269431,1.2035,199.60112547797073
4227.860395399687,1.1369,223.6714739974733
4227.900405903903,1.1618,214.1866532277285
4227.940416408128,1.0708,252.13803304760782
4227.9804269123615,1.1497,218.718781889464
4228.020437416602,1.1239,228.87575053587423
4228.060447920854,1.1174,231.5462678952555
4228.100458425112,1.1552,216.64106619458258
4228.14046892938,1.1911,203.77866755920144
4228.180479433658,1.1,238.9294793810702
4228.230492564016,1.1706,210.9784586492961
4228.270503068313,1.2104,197.33192344776026
4228.310513572617,1.161,214.48193007522875
4228.350524076932,1.0963,240.5449679799973
4228.3905345812545,1.0733,250.9648095754036
4228.430545085586,1.0946,241.29271806018616
4228.470555589926,1.3294,163.58515675014246
4228.510566094275,1.1356,224.18387113344244
4228.560579224724,1.0865,244.90386324728627
4228.600589729093,1.1459,220.17180349730964
4228.640600233471,1.2046,199.23675422116673
4228.680610737857,1.1848,205.95155368375075
4228.720621242253,1.2467,186.00785348463648
4228.760631746656,1.2854,174.97605867345527
4228.800642251068,1.1517,217.95980409038233
4228.84065275549,1.1023,237.9334456569624
4228.89066588603,1.0674,253.7468654271578
4228.93067639047,1.0146,280.8441129769836
4228.970686894921,1.1861,205.50034371741032
4229.010697399379,1.3227,165.24660017156168
4229.050707903846,1.1584,215.4458084503732
4229.090718408322,1.127,227.61836210666218
4229.130728912806,1.1851,205.84729650090037
4229.1707394173,1.2011,200.3995950566814
4229.220752547929,1.0947,241.2486363068821
4229.2607630524435,1.2132,196.42211248946657
4229.3007735569645,1.3121,167.92732261094486
4229.3407840614955,1.3125,167.82498258456465
4229.380794566036,1.1783,208.230050386634
4229.420805070583,1.0947,241.2486363068821
4229.460815575141,1.1659,212.6828871223162
4229.5008260797085,1.2428,187.1770975641761
4229.550839210427,1.1932,203.06200938517946
4229.590849715011,1.0405,267.0366633723668
4229.630860219606,1.1347,224.53963974601098
4229.670870724209,1.1689,211.59258113204137
4229.710881228822,1.1656,212.79238098362833
4229.750891733442,1.2634,181.1229421046823
4229.790902238072,1.2142,196.09870437638955
4229.830912742709,1.0812,247.31076413152917
4229.880925873518,1.2402,187.9627292150411
4229.920936378176,1.2332,190.10264535100956
4229.960946882843,1.2243,192.8765762513351
4230.000957387518,1.2476,185.73958392456765
4230.0409678922015,1.1566,216.11692013132574
4230.080978396895,1.1656,212.79238098362833
4230.120988901595,1.1,238.9294793810702
4230.1609994063065,1.1083,235.3642223522219
4230.211012537206,1.1943,202.68812483731207
4230.251023041937,1.2381,188.600894411879
4230.291033546675,1.1914,203.67605575442144
4230.331044051422,1.1477,219.48173096108218
4230.371054556178,1.149,218.9853609167166
4230.411065060944,1.3399,161.03136498088483
4230.451075565717,1.2203,194.14310108000018
4230.491086070498,1.1825,206.75349675649517
4230.541099201489,1.2138,196.22797170497765
4230.581109706291,1.1965,201.94344693915417
4230.621120211102,1.145,220.51806083759556
4230.661130715921,1.0503,262.0766560521459
4230.701141220749,1.1096,234.8130435934351
4230.741151725586,1.2047,199.20367904565273
4230.781162230432,1.1693,211.4478407171521
4230.8211727352855,1.1524,217.6950949749016
4230.871185866366,1.2449,186.5461391633135
4230.91119637124,1.1805,207.45465207012475
4230.951206876122,1.289,174.00005604736268
4230.991217381014,1.1935,202.95993834120884
4231.0312278859155,1.0957,240.80848238242808
4231.071238390824,1.1381,223.20004963901926
4231.111248895742,1.1643,213.2678328314095
4231.151259400668,1.1063,236.2159868219755
4231.201272531839,1.264,180.9510308918602
4231.241283036786,1.0531,260.6848824264059
4231.281293541739,1.0762,249.61410025189423
4231.3213040467035,1.0713,251.90273111674614
4231.361314551676,1.0585,258.0318709686992
4231.401325056657,1.056,259.255057812901
4231.441335561646,1.0797,247.9984060489074
4231.481346066645,1.1517,217.95980409038233
4231.531359197907,1.2092,197.72377857585494
4231.571369702924,1.1406,222.2226901517924
4231.611380207951,1.2407,187.81126254022206
4231.6513907129865,1.2031,199.73387197661827
4231.691401218031,1.1341,224.7772895177441
4231.731411723084,1.153,217.46858507307675
4231.771422228147,1.1863,205.43105842777987
4231.811432733216,1.1354,224.26285771740368
4231.861445864568,1.0865,244.90386324728627
4231.901456369658,1.1889,204.53352916456527
4231.941466874757,1.2318,190.53501217963588
4231.981477379864,1.1869,205.2234126674039
4232.02148788498,1.1221,229.61063408652308
4232.061498390106,1.1083,235.3642223522219
4232.10150889524,1.0752,250.07862768096018
4232.141519400382,1.0962,240.58885700030186
4232.191532531823,1.2393,188.2358313620941
4232.231543036985,1.2202,194.17492387910522
4232.271553542157,1.1726,210.259378467157
4232.311564047336,1.1839,206.26480090993238
4232.351574552525,1.2153,195.7438771308897
4232.391585057722,1.1367,223.75018991353053
4232.431595562929,1.1274,227.45687352696538
4232.471606068143,1.1815,207.10362933001372
4232.521619199673,1.0715,251.80870256361013
4232.561629704908,1.1011,238.45233668933773
4232.601640210151,1.1442,220.82653132697268
4232.641650715403,1.1197,230.59599733406432
4232.681661220664,1.1563,216.22907689103675
4232.7216717259325,1.1823,206.82345220240583
4232.761682231211,1.1137,233.08733558727872
4232.801692736497,1.1906,203.94985963496262
4232.851705868117,1.1821,206.89344315866467
4232.891716373424,1.1233,229.12031922375
4232.931726878739,1.1174,231.5462678952555
4232.971737384062,1.1779,208.3714988829049
4233.011747889395,1.1517,217.95980409038233
4233.051758394737,1.192,203.4710645219861
4233.091768900087,1.0381,268.27282214878977
4233.131779405446,1.0305,272.24446671527664
4233.181792537156,1.1094,234.89771422536842
4233.221803042534,1.1367,223.75018991353053
4233.2618135479215,1.1088,235.15200108341892
4233.301824053317,1.1223,229.52880570887066
4233.3418345587215,1.1508,218.30085441969348
4233.381845064135,1.13,226.41137442732867
4233.421855569557,1.238,188.63136425989467
4233.461866074988,1.1908,203.88135692711484
4233.511879206789,1.1976,201.57264602210518
4233.551889712239,1.181,207.2790292407905
4233.591900217698,1.1507,218.33879830606867
4233.631910723165,1.2513,184.64277283264536
4233.671921228642,1.1495,218.79489763331117
4233.711931734127,1.3236,165.0219533521204
4233.751942239622,1.2971,171.8336868655182
4233.791952745124,1.1061,236.30141748067874
4233.841965877013,1.0382,268.2211443133672
4233.881976382535,1.0672,253.84198177067137
4233.921986888067,1.0981,239.75701482706316
4233.961997393607,1.1673,212.1730315059331
4234.002007899156,1.3189,166.20018453100917
4234.042018404713,1.148,219.36703434336522
4234.082028910278,1.169,211.556382098681
4234.122039415853,1.1219,229.6925062304283
4234.172052547832,1.1264,227.86091762801667
4234.212063053427,1.1611,214.44498708854096
4234.252073559031,1.1747,209.50829368474072
4234.292084064641,1.1782,208.26539900493702
4234.332094570262,1.1081,235.44919130818323
4234.372105075891,1.1336,224.97561931900202
4234.412115581528,1.1438,220.98100934829336
4234.452126087174,1.103,237.63154101339993
4234.502139219245,1.0947,241.2486363068821
4234.542149724911,1.1718,210.54656873449278
4234.582160230585,1.2773,177.20231543848115
4234.622170736269,1.3031,170.25494730900616
4234.662181241962,1.2821,175.87795970250576
4234.702191747662,1.1128,233.46451611343284
4234.742202253372,1.1115,234.0109508146731
4234.78221275909,1.1942,202.72207165383392
4234.83222589125,1.1627,213.85519504383
4234.872236396988,1.109,235.0671929373001
4234.912246902734,1.1021,238.0198098049797
4234.9522574084895,1.1584,215.4458084503732
4234.992267914254,1.3389,161.27199741096194
4235.032278420026,1.1539,217.1294825006368
4235.072288925808,1.1435,221.09697426486528
4235.112299431598,1.1386,223.0040625969228
4235.162312563848,1.1102,234.55930619766775
4235.202323069658,1.1717,210.58250888533138
4235.242333575477,1.2851,175.05776267133052
4235.282344081303,1.354,157.6950011116293
4235.322354587139,1.3536,157.78821516876036
4235.362365092984,1.276,177.56356963484367
4235.402375598837,1.1621,214.07608159578712
4235.442386104699,1.093,241.99967244325538
4235.482396610569,1.0447,264.89385026018596
4235.53240974292,1.1405,222.261661171104
4235.57242024881,1.2288,191.46649383700017
4235.612430754709,1.1662,212.57347775055575
4235.652441260617,1.0334,270.71862889108536
4235.692451766532,1.1087,235.19442236849514
4235.732462272458,1.3004,170.96267604684783
4235.7724727783925,1.0534,260.5364217194403
4235.812483284335,1.0937,241.68999811662496
4235.862496416774,1.0418,266.3706416077985
4235.902506922736,1.1362,223.94716159547886
4235.942517428708,1.2005,200.59996107791505
4235.982527934687,1.1141,232.91999313451177
4236.022538440676,1.0546,259.9438453195611
4236.062548946672,1.1494,218.83297040607061
4236.102559452677,1.2482,185.561059848228
4236.152572585197,1.2071,198.412339210249
4236.192583091221,1.0451,264.691119111505
4236.232593597255,1.1375,223.43557532087917
4236.272604103299,1.2215,193.76183690447712
4236.312614609349,1.2034,199.6342996931637
4236.352625115409,1.1087,235.19442236849514
4236.392635621478,1.0287,273.19803586921813
4236.432646127556,1.2018,200.1662138846957
4236.482659260165,1.1414,221.9112906517254
4236.522669766262,1.1023,237.9334456569624
4236.562680272367,1.0827,246.62597826084516
4236.602690778482,1.0775,249.01214707049394
4236.642701284604,1.1458,220.2102362463237
4236.682711790735,1.1949,202.4846228870349
4236.722722296877,1.1787,208.0887458703826
4236.762732803026,1.1675,212.100344678858
4236.802743309183,1.1938,202.85794423836697
4236.852756441893,1.1503,218.49067282262376
4236.89276694807,1.1163,232.00282286649124
4236.932777454256,1.1238,228.9164847821766
4236.97278796045,1.1182,231.21507385803764
4237.012798466654,1.1292,226.7322973833034
4237.052808972867,1.1922,203.40280287896462
4237.092819479088,1.2165,195.35789010858645
4237.132829985317,1.1716,210.6184582393931
4237.182843118116,1.1977,201.53898749947888
4237.222853624366,1.1434,221.1356495227419
4237.262864130623,1.1882,204.7745921564598
4237.30287463689,1.1119,233.84261290777894
4237.342885143164,1.1307,226.13112544313012
4237.382895649449,1.1737,209.86545031120713
4237.422906155741,1.1806,207.41950965264527
4237.462916662043,1.134,224.8169344916594
4237.512929794932,1.1304,226.25116840073576
4237.552940301252,1.2072,198.3794691047167
4237.5929508075815,1.1293,226.6921447120898
4237.63296131392,1.1258,228.10386106541677
4237.672971820267,1.0679,253.50930832940597
4237.712982326622,1.052,261.2303254233495
4237.752992832987,1.0977,239.93178059538084
4237.79300333936,1.1785,208.1593801432225
4237.843016472338,1.1724,210.33112092133473
4237.8830269787295,1.1524,217.6950949749016
4237.92303748513,1.1476,219.51998315737578
4237.963047991541,1.0798,247.95247408134574
4238.0030584979595,1.1279,227.25525436219735
4238.043069004388,1.0724,251.3862248991393
4238.083079510824,1.2096,197.59303061107707
4238.123090017269,1.0926,242.1768964951078
4238.173103150336,1.0766,249.42865161903632
4238.2131136568005,1.137,223.6321316155459
4238.253124163273,1.1798,207.7008992540584
4238.293134669754,1.1601,214.81484697526685
4238.333145176245,1.15,218.60468272604894
4238.373155682743,1.1967,201.87595252846126
4238.413166189251,1.1393,222.73011411780848
4238.453176695768,1.2181,194.84501418289497
4238.503189828925,1.0879,244.27394417391707
4238.543200335461,1.1323,225.49250696145685
4238.583210842006,1.1516,217.997659088325
4238.623221348558,1.1524,217.6950949749016
4238.66323185512,1.1733,210.00856872587954
4238.703242361691,1.1834,206.43913604695592
4238.743252868271,1.1561,216.3038965755434
4238.7832633748585,1.1466,219.90305575117645
4238.833276508106,1.1878,204.91253382969907
4238.873287014713,1.0223,276.6293940915805
4238.913297521329,1.1146,232.71106837109798
4238.953308027953,1.165,213.01162252308575
4238.993318534587,1.125,228.4283905043607
4239.033329041229,1.1316,225.77156923812748
4239.073339547879,1.0659,254.46154364592186
4239.113350054539,1.071,252.0438727281424
4239.163363187877,1.1065,236.13060248384724
4239.203373694556,1.1188,230.9671444319358
4239.243384201242,1.197,201.77477433989944
4239.28339470794,1.2319,190.50407994095661
4239.3234052146445,1.0971,240.19428775500754
4239.363415721358,1.3328,162.7516037920368
4239.40342622808,1.2441,186.78612754621827
4239.443436734811,1.0705,252.27937249313388
4239.493449868237,1.0429,265.80902898913996
4239.533460374989,1.0588,257.8856705123288
4239.573470881747,1.0924,242.2655815350247
4239.613481388515,1.0819,246.990842936216
4239.653491895292,1.0701,252.46801003150856
4239.693502402078,1.1553,216.60356398689177
4239.7335129088715,1.1656,212.79238098362833
4239.773523415674,1.1289,226.85281942583373
4239.82353654919,1.1548,216.79117246311793
4239.863547056013,1.1306,226.17112914486506
4239.903557562843,1.1323,225.49250696145685
4239.943568069682,1.1169,231.7536256608371
4239.98357857653,1.1055,236.55798771550022
4240.0235890833865,1.0396,267.49921973232756
4240.063599590252,1.08,247.86064841987317
4240.103610097127,1.1746,209.5439683030936
4240.153623230732,1.1123,233.67445657868086
4240.193633737626,1.0383,268.1694814086863
4240.2336442445285,1.0986,239.53882600764052
4240.27365475144,1.093,241.99967244325538
4240.313665258359,1.169,211.556382098681
4240.353675765287,1.1075,235.70437443106542
4240.393686272225,1.1249,228.4690053751397
4240.4336967791705,1.1451,220.47954747814913
4240.483709912865,1.1694,211.41167881890576
4240.52372041983,1.2054,198.97238325808843
4240.563730926804,1.2226,193.41333050181518
4240.603741433787,1.1829,206.61369229966783
4240.643751940777,1.1097,234.77072544402742
4240.6837624477785,1.0977,239.93178059538084
4240.723772954786,1.1879,204.8780353472757
4240.7637834618035,1.2519,184.46582734651705
4240.8137965955875,1.1133,233.25485844679636
4240.853807102624,1.0785,248.5505866205034
4240.89381760967,1.1329,225.25372232450442
4240.933828116723,1.0632,255.75559537284516
4240.973838623787,1.0533,260.5858945271817
4241.013849130857,1.0391,267.7567149883828
4241.053859637937,1.0569,258.8137105030049
4241.093870145026,1.1186,231.04974324680893
4241.1438832789,1.1652,212.93850437731768
4241.183893786008,1.2029,199.80029489133025
4241.223904293125,1.1294,226.65200270605894
4241.26391480025,1.1451,220.47954747814913
4241.303925307385,1.2185,194.71711077824781
4241.343935814527,1.3143,167.36560819692403
4241.383946321679,1.1935,202.95993834120884
4241.423956828839,1.1255,228.22547851118105
4241.473969962802,1.1399,222.49570271277665
4241.513980469982,1.1361,223.98658714259983
4241.55399097717,1.1692,211.48401189441333
4241.594001484366,1.2342,189.79471231434584
4241.634011991573,1.1921,203.43692940585336
4241.674022498786,1.0863,244.9940505555918
4241.714033006011,1.1499,218.6427058581439
4241.754043513242,1.1862,205.46569669189003
4241.804056647294,1.1202,230.39019093481178
4241.844067154545,1.0777,248.91973218317182
4241.884077661805,1.1515,218.0355239490403
4241.924088169073,1.1877,204.94704102642044
4241.964098676351,1.1543,216.97902478705677
4242.0041091836365,1.1225,229.44702106628182
4242.0441196909305,1.1341,224.7772895177441
4242.084130198234,1.1755,209.22322442203836
4242.134143332374,1.1719,210.5106377837361
4242.174153839696,1.1528,217.54404907751038
4242.2141643470295,1.1855,205.708410025715
4242.254174854369,1.1564,216.1916816055492
4242.294185361718,0.99,294.9746063117774
4242.334195869075,1.108,235.49169304171272
4242.374206376441,1.1677,212.0276951972688
4242.414216883815,1.1367,223.75018991353053
4242.464230018045,1.0375,268.58320302931503
4242.504240525439,1.1497,218.718781889464
4242.544251032841,1.1799,207.6656942499725
4242.5842615402535,1.1698,211.26712395261814
4242.624272047673,1.1133,233.25485844679636
4242.664282555102,1.1535,217.28009676419725
4242.704293062539,1.2117,196.90872682126894
4242.744303569985,1.1806,207.41950965264527
4242.794316704304,1.1256,228.18492855776552
4242.83432721177,1.0883,244.09441365558098
4242.874337719245,1.0054,286.00740068897613
4242.914348226727,1.0047,286.40607636348864
4242.954358734218,1.2015,200.26618443989474
4242.994369241718,1.1473,219.63479976621193
4243.034379749227,0.9805,300.7182704110673
4243.074390256745,1.1498,218.68073891146494
4243.124403391153,1.193,203.13009953112063
4243.164413898689,1.205,199.10450292118756
4243.2044244062345,1.227,192.02866531142993
4243.2444349137895,1.2567,183.05937505729042
4243.284445421352,1.1965,201.94344693915417
4243.324455928922,1.1246,228.59091500106942
4243.364466436502,1.1169,231.7536256608371
4243.404476944092,1.115,232.54413088744525
4243.45449007859,1.1033,237.50232918435395
4243.494500586198,1.1129,233.42256197247923
4243.534511093814,1.0732,251.01158114977304
4243.574521601439,1.153,217.46858507307675
4243.6145321090735,1.2037,199.53480185002877
4243.654542616717,1.1333,225.09474322148873
4243.694553124367,1.2457,186.30661299979522
4243.734563632028,1.3034,170.17658216101236
4243.784576766615,1.1194,230.71961357020444
4243.824587274294,1.1321,225.57218622152888
4243.864597781982,1.0032,287.263193318691
4243.904608289678,1.1139,233.00364182624665
4243.944618797384,1.1774,208.54851227327572
4243.984629305098,1.1208,230.1435867400834
4244.02463981282,1.0831,246.44384903186707
4244.064650320552,1.1103,234.51705661970155
4244.114663455228,1.1657,212.75587363676055
4244.154673962979,1.1803,207.52496370367913
4244.194684470739,1.1493,218.87105311733072
4244.234694978506,1.0972,240.15050665346263
4244.274705486282,1.1571,215.93018602037515
4244.314715994069,1.1979,201.47169574059222
4244.354726501862,1.0334,270.71862889108536
4244.394737009665,1.1333,225.09474322148873
4244.44475014443,1.158,215.59467396492977
4244.484760652252,1.1201,230.43133016694958
4244.524771160083,1.0097,283.5765561342366
4244.564781667921,1.1158,232.21079436328515
4244.60479217577,1.1513,218.11128327249608
4244.644802683627,1.1443,220.787937131502
4244.684813191491,1.116,232.12757222030737
4244.7248236993655,1.1439,220.9423746499669
4244.77483683422,1.1664,212.50058506510126
4244.814847342113,1.0986,239.53882600764052
4244.854857850016,1.0491,262.67654462525223
4244.894868357925,1.0749,250.21823878500814
4244.934878865844,1.1071,235.8747270582571
4244.974889373772,1.1521,217.8084826578594
4245.0148998817085,1.1541,217.05423408866338
4245.054910389654,0.9712,306.50506449464166
4245.104923524597,1.1171,231.67064914226836
4245.144934032562,1.0654,254.70044078786208
4245.184944540536,1.1201,230.43133016694958
4245.224955048517,1.2033,199.66748217950254
4245.264965556507,1.0871,244.63359991893208
4245.304976064506,1.26,182.10174905492494
4245.344986572515,1.1858,205.60433739198865
4245.3849970805295,1.1791,207.94758513880794
4245.425007588556,1.1683,211.80997056973558
4245.475020723598,1.1403,222.33963397044792
4245.515031231644,1.1194,230.71961357020444
4245.555041739696,1.1298,226.49154125825245
4245.595052247757,1.1787,208.0887458703826
4245.635062755828,1.2079,198.1496069043724
4245.675073263907,1.1411,222.02798871508688
4245.7150837719955,1.0773,249.10461343282552
4245.755094280092,1.1834,206.43913604695592
4245.805107415224,1.191,203.81288872652067
4245.845117923339,1.1339,224.8565899550412
4245.885128431462,1.1844,206.09068651529626
4245.925138939595,1.1712,210.76234775074116
4245.9651494477375,1.1535,217.28009676419725
4246.005159955887,1.1266,227.78002272658935
4246.045170464046,1.0795,248.09030828132
4246.095183599256,1.1796,207.77133612448458
4246.135194107434,1.133,225.21396176264344
4246.175204615622,1.0274,273.88984392097194
4246.215215123817,1.1042,237.11532539625242
4246.255225632021,1.0738,250.73114767669293
4246.295236140234,1.1293,226.6921447120898
4246.335246648455,1.1171,231.67064914226836
4246.375257156685,1.1013,238.3657370458933
4246.425270291984,1.1543,216.97902478705677
4246.465280800234,1.1859,205.5696640645027
4246.505291308492,1.1498,218.68073891146494
4246.545301816758,1.136,224.02602310184616
4246.585312325034,1.1351,224.38141588624154
4246.625322833317,1.0879,244.27394417391707
4246.665333341609,1.0882,244.13927772557497
4246.705343849911,1.1406,222.2226901517924
4246.74535435822,1.1974,201.6399883678031
4246.79536749362,1.1813,207.17376256825034
4246.835378001949,1.1394,222.69101983228168
4246.875388510286,1.106,236.34415019071702
4246.915399018632,0.7548,507.4473197594521
4246.955409526988,0.5487,960.2501713684544
4246.995420035351,1.1362,223.94716159547886
4247.035430543722,1.0419,266.31951240095594
4247.075441052104,1.1256,228.18492855776552
4247.125454187592,1.11,234.64383961255572
4247.165464695991,1.096,240.67667108387232
4247.205475204401,1.0845,245.80798296668075
4247.245485712819,1.1099,234.68612345770904
4247.285496221245,1.1023,237.9334456569624
4247.325506729679,1.0341,270.35224514064106
4247.365517238122,1.0658,254.50929617781455
4247.405527746574,1.1143,232.83638947972014
4247.455540882151,1.1107,234.34817240840584
4247.495551390622,1.1225,229.44702106628182
4247.5355618991025,1.0708,252.13803304760782
4247.575572407591,1.0743,250.4978119540528
4247.615582916088,1.1809,207.3141359610912
4247.655593424593,1.1879,204.8780353472757
4247.695603933108,1.1646,213.15797184174204
4247.735614441631,1.1306,226.17112914486506
4247.7856275772965,1.0612,256.7205269971927
4247.825638085839,1.132,225.61204168979242
4247.865648594389,1.1515,218.0355239490403
4247.905659102949,1.1623,214.00241473555167
4247.945669611518,1.0684,253.2720846759879
4247.985680120096,1.1523,217.7328810292535
4248.02569062868,1.144,220.90375008266562
4248.065701137274,1.1319,225.6519077218496
4248.115714273028,1.1119,233.84261290777894
4248.155724781643,1.048,263.2282537161893
4248.195735290265,1.0524,261.0317846155876
4248.235745798896,1.1573,215.8555601355148
4248.275756307535,1.1494,218.83297040607061
4248.315766816182,1.2561,183.234300254466
4248.3557773248385,1.2601,182.07284747903947
4248.395787833503,1.1507,218.33879830606867
4248.445800969347,1.0327,271.0857579362581
4248.485811478032,1.114,232.9618118487398
4248.5258219867255,1.0773,249.10461343282552
4248.565832495426,1.1207,230.18465993526763
4248.605843004137,1.1461,220.09496817721444
4248.645853512855,1.1422,221.60054523709843
4248.685864021582,1.0788,248.41236871339814
4248.72587453032,1.1259,228.06334351880673
4248.775887666251,1.1042,237.11532539625242
4248.8158981750075,1.1215,229.85638194189247
4248.855908683771,1.2325,190.31864459300922
4248.895919192544,1.1857,205.63901949271244
4248.935929701325,1.2074,198.3137533934274
4248.975940210115,1.1609,214.51888260913316
4249.015950718913,1.1869,205.2234126674039
4249.05596122772,1.1737,209.86545031120713
4249.105974363742,1.1236,228.997985905173
4249.145984872568,1.0777,248.91973218317182
4249.185995381404,1.0637,255.51521251569724
4249.226005890247,1.0264,274.4237936469703
4249.266016399099,1.0454,264.53922344290794
4249.306026907961,1.1082,235.406701079737
4249.346037416829,1.1261,227.98234080553596
4249.386047925708,1.147,219.74970647824858
4249.436061061818,1.1534,217.3177748164738
4249.476071570715,1.1598,214.92599154033795
4249.516082079621,1.0907,243.02137519577062
4249.556092588536,1.064,255.3711454383159
4249.596103097459,1.062,256.3339001162646
4249.636113606391,1.1162,232.04439480835234
4249.676124115331,1.0688,253.0825454139611
4249.716134624282,1.2148,195.90504275410422
4249.76614776048,1.2047,199.20367904565273
4249.806158269446,1.1277,227.33586984677927
4249.846168778424,1.2181,194.84501418289497
4249.88617928741,1.2016,200.2328526016001
4249.926189796404,1.1727,210.22352100413462
4249.966200305408,1.1611,214.44498708854096
4250.006210814419,1.2419,187.44848864717449
4250.04622132344,1.1483,219.25242760928586
4250.096234459726,1.0785,248.5505866205034
4250.136244968765,1.1092,234.9824306623083
4250.176255477813,1.1598,214.92599154033795
4250.21626598687,1.1364,223.86834172295386
4250.256276495936,1.1292,226.7322973833034
4250.296287005009,1.1064,236.1732888649327
4250.336297514091,1.1691,211.52019235386416
4250.376308023182,1.2031,199.73387197661827
4250.426321159557,1.164,213.37777877601397
4250.466331668669,1.312,167.9529222442188
4250.506342177788,1.0627,255.99631760965298
4250.546352686914,1.2062,198.70853814424984
4250.586363196051,1.1356,224.18387113344244
4250.626373705196,1.0931,241.95539682681505
4250.666384214349,0.9904,294.73638761885627
4250.706394723511,1.0654,254.70044078786208
4250.756407859975,1.0928,242.08826014306229
4250.796418369157,1.291,173.4613569236054
4250.836428878347,1.0749,250.21823878500814
4250.876439387544,1.0847,245.71734588914214
4250.916449896752,1.2163,195.42214195142756
4250.956460405967,1.1753,209.29443716706064
4250.996470915192,1.13,226.41137442732867
4251.036481424425,1.1467,219.86470338778926
4251.086494560977,1.0867,244.8137257294984
4251.1265050702295,1.0744,250.45118389722904
4251.16651557949,1.101,238.4956542095902
4251.206526088759,1.125,228.4283905043607
4251.246536598037,1.2238,193.03421297281415
4251.286547107324,1.0422,266.1662130765148
4251.326557616619,1.1478,219.44348876230472
4251.366568125922,1.1494,218.83297040607061
4251.416581262564,1.1325,225.41286991179743
4251.456591771886,1.2058,198.84039505722686
4251.496602281218,1.1198,230.55481399862518
4251.536612790558,1.1554,216.56607151623209
4251.576623299908,1.2209,193.9523284658035
4251.616633809264,1.0849,245.62675893344294
4251.65664431863,1.1086,235.2368551337698
4251.696654828005,1.1974,201.6399883678031
4251.746667964735,1.1704,211.05056948475092
4251.786678474129,1.1659,212.6828871223162
4251.826688983532,1.0648,254.98756170619282
4251.866699492943,1.1338,224.89625591159034
4251.906710002361,1.132,225.61204168979242
4251.94672051179,1.0993,239.23386168494514
4251.986731021227,1.102,238.06300951337238
4252.026741530672,1.1082,235.406701079737
4252.076754667491,1.0059,285.7231417824874
4252.116765176956,1.1893,204.39596995385062
4252.156775686428,1.1151,232.50242458391867
4252.196786195909,1.0594,257.593642119604
4252.236796705401,1.1758,209.1164734327453
4252.276807214899,1.1127,233.50648156632724
4252.316817724407,1.1674,212.13668342261025
4252.356828233923,1.1271,227.57797384250614
4252.40684137083,1.0855,245.3552984280586
4252.446851880366,1.2214,193.79356600390554
4252.48686238991,1.1654,212.86542387277606
4252.526872899462,1.221,193.9205603696076
4252.566883409023,1.005,286.23511335197105
4252.606893918593,1.1687,211.66500707711
4252.646904428172,1.0251,275.12026578337304
4252.686914937758,1.0522,261.1310267158262
4252.736928074754,1.1205,230.26683931857838
4252.776938584361,0.9996,289.3360397933567
4252.816949093975,0.9258,337.3033120456874
4252.856959603599,1.017,279.5201603728773
4252.896970113229,1.1758,209.1164734327453
4252.936980622871,1.1631,213.7081272161772
4252.97699113252,1.0777,248.91973218317182
4253.017001642177,1.1022,237.9766218542652
4253.0670147792625,1.0619,256.3821806941513
4253.1070252889385,1.2016,200.2328526016001
4253.147035798625,1.1017,238.19267922731228
4253.187046308319,1.1305,226.21114346281468
4253.227056818021,1.1596,215.00013584549748
4253.267067327732,1.1056,236.51519699994319
4253.307077837453,1.1296,226.57175067444004
4253.347088347181,1.1144,232.7946045310753
4253.397101484354,1.1615,214.29731054820553
4253.437111994101,1.1068,236.00261275450234
4253.477122503858,1.0336,270.6138718573369
4253.517133013622,1.0465,263.9833898389847
4253.557143523396,1.106,236.34415019071702
4253.5971540331775,1.2198,194.3022933507006
4253.637164542968,1.1825,206.75349675649517
4253.677175052767,1.1366,223.7895634549696
4253.727188190029,1.1386,223.0040625969228
4253.767198699847,1.0508,261.8273088356761
4253.807209209674,0.9873,296.5901631659539
4253.847219719509,1.0313,271.82226000886044
4253.887230229353,1.1682,211.84623471198802
4253.927240739206,1.2363,189.15048346034573
4253.967251249068,1.2735,178.26140126776937
4254.0072617589385,1.2002,200.7002567943194
4254.047272268816,1.0902,243.24434059734952
4254.0972854061765,1.1176,231.46340270463963
4254.1372959160735,1.0735,250.87130563589625
4254.1773064259805,1.0892,243.6911929274912
4254.217316935895,1.1535,217.28009676419725
4254.257327445818,1.1733,210.00856872587954
4254.297337955751,1.2025,199.93324016168398
4254.337348465691,1.0932,241.91113336008678
4254.387361603128,1.1792,207.9123173994098
4254.427372113088,1.1884,204.70567354698227
4254.467382623057,1.2465,186.06754786944117
4254.507393133034,1.0808,247.49385539697346
4254.54740364302,1.1562,216.26648187991574
4254.587414153014,1.0834,246.3073844754368
4254.627424663016,1.0549,259.79601710648114
4254.667435173028,1.0467,263.8825174143579
4254.717448310554,1.0283,273.41062045033186
4254.757458820584,1.051,261.7276695787578
4254.797469330624,1.0958,240.76453325396417
4254.83747984067,1.2659,180.40825709278027
4254.8774903507265,1.2433,187.02657933854942
4254.917500860792,1.1192,230.80207962527126
4254.957511370865,1.0104,283.1837718273692
4254.997521880947,1.005,286.23511335197105
4255.047535018561,1.0284,273.35745104900815
4255.087545528662,1.1517,217.95980409038233
4255.127556038773,1.1949,202.4846228870349
4255.167566548891,1.2086,197.92014398453387
4255.207577059018,1.1018,238.14944422026744
4255.247587569153,1.0516,261.42909283252976
4255.287598079296,1.0926,242.1768964951078
4255.3276085894495,1.1168,231.79513063825755
4255.36761909961,1.0828,246.58042703030006
4255.417632237324,1.1279,227.25525436219735
4255.457642747503,1.1028,237.71774082243587
4255.497653257693,1.0519,261.2799960182975
4255.537663767889,1.051,261.7276695787578
4255.577674278095,1.0819,246.990842936216
4255.61768478831,1.1288,226.89301479557972
4255.657695298534,1.1359,224.0654694768844
4255.697705808765,1.1083,235.3642223522219
4255.747718946567,1.1859,205.5696640645027
4255.787729456819,1.1271,227.57797384250614
4255.827739967077,1.0887,243.91508098499446
4255.867750477345,1.0068,285.2125425848052
4255.907760987622,1.0637,255.51521251569724
4255.947771497908,1.2072,198.3794691047167
4255.987782008201,1.0822,246.85392385644002
4256.027792518504,1.0969,240.28188588292994
4256.077805656393,1.2387,188.41823026550685
4256.117816166715,1.1488,219.0616158722733
4256.157826677045,1.1556,216.4911157725252
4256.197837187383,1.1376,223.39629515940797
4256.23784769773,1.087,244.67861272988696
4256.277858208086,1.2068,198.51099855888162
4256.317868718449,1.2047,199.20367904565273
4256.3678818564185,1.1709,210.87036167221132
4256.407892366801,1.1474,219.59651755645322
4256.447902877194,1.2105,197.2993214470001
4256.487913387594,1.2268,192.09128160147478
4256.527923898003,1.1694,211.41167881890576
4256.567934408421,1.1305,226.21114346281468
4256.607944918846,0.9952,291.90013057236297
4256.647955429282,1.1129,233.42256197247923
4256.687965939725,1.1434,221.1356495227419
4256.737979077791,1.1154,232.3773729706554
4256.777989588254,1.1686,211.70123399518027
4256.818000098725,1.0574,258.56900436077495
4256.858010609206,1.0972,240.15050665346263
4256.898021119692,1.0855,245.3552984280586
4256.93803163019,1.1144,232.7946045310753
4256.978042140695,1.0615,256.57543947490643
4257.018052651209,1.1691,211.52019235386416
4257.068065789364,1.1023,237.9334456569624
4257.108076299897,1.1325,225.41286991179743
4257.148086810438,1.1388,222.92574005233732
4257.188097320988,1.1577,215.70642437783368
4257.228107831547,1.1886,204.63678972435633
4257.268118342115,1.074,250.63777428052143
4257.308128852691,1.0727,251.24563526274977
4257.348139363275,1.113,233.38061913940126
4257.398152501518,1.0825,246.7171185965086
4257.4381630121225,1.1607,214.59281633175334
4257.478173522733,1.1016,238.23592600912025
4257.518184033354,1.101,238.4956542095902
4257.558194543984,1.152,217.84629823894707
4257.598205054622,1.1572,215.89286824132506
4257.638215565268,1.0261,274.58428305891056
4257.678226075923,1.1975,201.60631297727423
4257.728239214253,1.1692,211.48401189441333
4257.768249724928,1.0916,242.62080928720613
4257.80826023561,0.9617,312.59049013996724
4257.848270746302,1.0724,251.3862248991393
4257.888281257001,1.1554,216.56607151623209
4257.928291767709,1.2787,176.81450400599329
4257.9683022784275,1.2242,192.90808814421916
4258.008312789153,1.1358,224.10492627138296
4258.05832592757,1.2028,199.8335187746687
4258.098336438315,1.2561,183.234300254466
4258.138346949067,1.1662,212.57347775055575
4258.178357459829,1.115,232.54413088744525
4258.2183679706,1.1171,231.67064914226836
4258.25837848138,0.9817,299.9835428892695
4258.298388992166,1.1069,235.95997263542338
4258.338399502963,0.9825,299.49521945784846
4258.38841264147,1.0557,259.4024244787915
4258.428423152284,1.1171,231.67064914226836
4258.468433663108,1.0706,252.23224614254107
4258.50844417394,1.1482,219.2906198727065
4258.54845468478,1.1916,203.60769093662907
4258.588465195629,1.194,202.78999087669473
4258.628475706488,1.2843,175.27591998494287
4258.668486217354,1.2571,182.94289738301907
4258.718499355949,1.1897,204.2585494698423
4258.758509866834,1.041,266.780205853506
4258.798520377729,1.0114,282.6240654872854
4258.838530888631,0.9673,308.98160389561207
4258.878541399541,1.1381,223.20004963901926
4258.91855191046,1.0516,261.42909283252976
4258.95856242139,1.0721,251.52693257326513
4258.998572932326,0.9998,289.22029391975565
4259.048586071009,1.037,268.8422654149983
4259.088596581965,1.1425,221.48418396418973
4259.128607092929,1.3395,161.1275532829266
4259.168617603901,1.189,204.49912634604817
4259.208628114883,1.1028,237.71774082243587
4259.248638625873,1.1423,221.56174795941186
4259.288649136872,1.1633,213.63465018611205
4259.328659647879,1.0796,248.0443507806556
4259.37867278665,1.1064,236.1732888649327
4259.418683297676,1.0952,241.0284086346848
4259.458693808711,1.1293,226.6921447120898
4259.498704319753,1.1913,203.71025107604478
4259.538714830806,1.0987,239.49522398579728
4259.578725341866,1.1165,231.91971249098367
4259.618735852935,1.1111,234.17947056088457
4259.658746364013,1.01,283.40811999951256
4259.708759502872,0.9881,296.11009872160963
4259.748770013968,1.1264,227.86091762801667
4259.788780525074,1.1639,213.41444631823063
4259.828791036187,1.116,232.12757222030737
4259.868801547309,1.036,269.3615159088063
4259.908812058439,1.1429,221.3291781145357
4259.9488225695795,1.1719,210.5106377837361
4259.988833080727,1.1068,236.00261275450234
4260.038846219673,1.0188,278.5333301235522
4260.078856730841,1.1323,225.49250696145685
4260.118867242016,0.9653,310.26328367112313
4260.1588777532,1.1035,237.41624650511247
4260.198888264393,1.1014,238.32245491413175
4260.238898775594,1.0669,253.98475659446044
4260.278909286802,1.061,256.817320392511
4260.318919798022,1.1169,231.7536256608371
4260.368932937056,1.1571,215.93018602037515
4260.408943448293,1.0877,244.36378371695147
4260.44895395954,1.0499,262.2763903738561
4260.488964470794,1.1391,222.80833357938974
4260.528974982056,1.1641,213.34112068296892
4260.568985493328,1.0404,267.0879992508839
4260.608996004607,1.005,286.23511335197105
4260.649006515896,1.0479,263.2784952587591
4260.699019655019,1.003,287.3777662188929
4260.739030166326,1.0335,270.66624277211156
4260.779040677642,1.0776,248.9659331948451
4260.819051188966,1.1208,230.1435867400834
4260.8590617003,1.1093,234.9400667161479
4260.899072211642,0.9785,301.9488285642896
4260.939082722993,1.0608,256.9141685403341
4260.979093234351,1.0945,241.33681189674104
4261.029106373561,1.1409,222.10583857216423
4261.069116884939,1.163,213.74487994725888
4261.109127396326,1.2015,200.26618443989474
4261.149137907721,1.17,211.19490211111582
4261.189148419124,1.0845,245.80798296668075
4261.229158930535,1.0855,245.3552984280586
4261.269169441956,1.1056,236.51519699994319
4261.309179953386,1.102,238.06300951337238
4261.359193092683,1.1418,221.75583629829273
4261.399203604131,1.0304,272.29731171005494
4261.439214115588,1.0586,257.98312367230164
4261.4792246270545,1.0784,248.5966848920469
4261.519235138527,1.0794,248.13627855563283
4261.55924565001,1.1027,237.7608583166083
4261.599256161499,1.0295,272.7736098404999
4261.639266673,1.0062,285.5527898066265
4261.689279812386,1.1213,229.93838557196904
4261.729290323903,1.1702,211.1227172969291
4261.769300835432,0.9761,303.4354945812359
4261.809311346966,1.1084,235.3217551214876
4261.849321858511,1.0917,242.57636310693638
4261.889332370062,1.1013,238.3657370458933
4261.929342881624,1.1118,233.88468035137657
4261.969353393193,1.0264,274.4237936469703
4262.019366532667,1.0185,278.6974385640106
4262.059377044256,1.0677,253.60429112020725
4262.099387555852,1.1191,230.84332923394226
4262.1393980674575,1.1399,222.49570271277665
4262.1794085790725,1.1263,227.90138123997866
4262.219419090695,1.0471,263.68094594041696
4262.259429602326,1.1582,215.52022192790048
4262.299440113966,1.1455,220.32559489138725
4262.349453253528,1.128,227.21496269915806
4262.3894637651865,1.0677,253.60429112020725
4262.429474276853,1.0549,259.79601710648114
4262.46948478853,1.1126,233.54845833522944
4262.509495300214,1.1423,221.56174795941186
4262.549505811908,1.0167,279.6851418569083
4262.589516323609,1.0143,281.0102681788233
4262.629526835318,1.1771,208.6548285985365
4262.679539974967,1.114,232.9618118487398
4262.719550486697,0.9901,294.91502457009165
4262.759560998434,1.1001,238.88604362018145
4262.7995715101815,1.1555,216.52858877923288
4262.839582021936,1.1653,212.90195942150862
4262.879592533698,1.1219,229.6925062304283
4262.91960304547,1.187,205.1888356505271
4262.95961355725,1.1115,234.0109508146731
4263.009626696988,1.1086,235.2368551337698
4263.049637208786,1.1735,209.9369912247694
4263.089647720594,1.1837,206.3345084547681
4263.12965823241,1.0473,263.58024680282347
4263.1696687442345,0.9352,330.55670564490407
4263.209679256067,0.9455,323.39396546795194
4263.24968976791,1.035,269.88227220202594
4263.289700279759,1.1445,220.7107790876261
4263.339713419585,0.9633,311.55295477950705
4263.3797239314545,0.9222,339.9419169521227
4263.419734443332,1.0053,286.06430337297877
4263.459744955218,1.1127,233.50648156632724
4263.499755467113,1.171,210.83434780752262
4263.539765979016,1.1691,211.52019235386416
4263.579776490928,1.1734,209.97277540032192
4263.619787002849,0.9575,315.33880994163394
4263.669800142761,0.8837,370.2074923301554
4263.709810654701,0.933,332.1174373998042
4263.74982116665,1.0553,259.5991089024906
4263.789831678605,1.1742,209.68675793426013
4263.82984219057,1.0769,249.28970073549607
4263.8698527025435,1.0613,256.6721508188261
4263.909863214525,1.121,230.0614733230376
4263.949873726516,1.1941,202.75602699934234
4263.989884238515,1.1122,233.71647865232129
4264.039897378526,1.083,246.48936242047037
4264.079907890543,1.0582,258.1781957861895
4264.11991840257,1.1073,235.7895276679244
4264.159928914605,1.1679,211.95508303558648
4264.199939426649,1.1548,216.79117246311793
4264.2399499387,1.0316,271.6641856744938
4264.279960450761,1.1136,233.12919937889984
4264.31997096283,1.1779,208.3714988829049
4264.369984102928,1.1296,226.57175067444004
4264.409994615017,1.0181,278.9164755256082
4264.450005127113,1.0409,266.8314677930608
4264.490015639219,1.0911,242.8432235276018
4264.530026151332,1.0339,270.4568502793908
4264.570036663455,1.0153,280.45699012529155
4264.610047175585,1.0423,266.1151427149065
4264.66006031576,1.0766,249.42865161903632
4264.700070827909,0.9736,304.9958107345769
4264.740081340068,1.1352,224.34188605267153
4264.780091852235,1.1327,225.33327504274104
4264.820102364411,1.0746,250.35796683249075
4264.860112876594,1.0426,265.96201979071463
4264.900123388787,1.0941,241.5133081638309
4264.940133900986,1.0759,249.75332248570115
4264.99014704125,1.1554,216.56607151623209
4265.0301575534695,1.0278,273.6767002889716
4265.0701680656975,0.9637,311.2943780656239
4265.110178577935,1.0851,245.53622206263384
4265.15018909018,1.2503,184.93824826162012
4265.1901996024335,0.9954,291.7828428438218
4265.230210114696,1.0366,269.04978528841195
4265.270220626967,1.0825,246.7171185965086
4265.310231139246,1.1294,226.65200270605894
4265.360244279607,1.1926,203.2663826062394
4265.400254791905,1.1252,228.34719324648918
4265.4402653042125,1.1661,212.60993815878138
4265.480275816528,1.0341,270.35224514064106
4265.520286328851,0.9954,291.7828428438218
4265.560296841184,1.0681,253.41437888968167
4265.600307353524,1.155,216.71609983454672
4265.640317865874,1.1316,225.77156923812748
4265.690331006323,1.1745,209.57965203411743
4265.730341518691,1.0833,246.35286006400318
4265.770352031067,1.0724,251.3862248991393
4265.810362543452,1.1308,226.09113235385468
4265.850373055846,1.0682,253.36693416398813
4265.890383568249,1.0379,268.37622263487845
4265.9303940806585,1.0932,241.91113336008678
4265.9704045930785,1.1805,207.45465207012475
4266.020417733615,1.1363,223.90774645681802
4266.060428246053,0.9981,290.20635288199435
4266.1004387585,1.0575,258.52010477980286
4266.140449270955,0.8396,410.1191063551426
4266.180459783418,0.9816,300.0446672816058
4266.220470295892,1.1631,213.7081272161772
4266.2604808083715,1.233,190.1643218827345
4266.3004913208615,1.1699,211.23100840186999
4266.350504461485,1.129,226.8126347363944
4266.390514973993,1.0417,266.4217855400741
4266.430525486509,1.0736,250.82457326101982
4266.470535999036,1.0912,242.79871621938074
4266.510546511569,1.0456,264.4380322913175
4266.550557024111,0.9943,292.4288014972899
4266.590567536662,1.2021,200.06631816702878
4266.630578049221,1.1506,218.3767520861086
4266.680591189931,1.096,240.67667108387232
4266.720601702511,1.0602,257.20504191205777
4266.760612215097,1.0708,252.13803304760782
4266.800622727692,1.1048,236.85784814349904
4266.8406332402965,1.0116,282.51232335686325
4266.880643752908,1.1743,209.65104684659485
4266.920654265529,1.0934,241.82264285798882
4266.960664778158,1.1306,226.17112914486506
4267.010677918956,1.1449,220.55658428919176
4267.050688431605,1.0605,257.05954351337635
4267.090698944261,1.1894,204.36160183450937
4267.1307094569265,1.0777,248.91973218317182
4267.1707199696,1.0152,280.5122443661769
4267.210730482282,1.0089,284.026453971219
4267.250740994972,1.0339,270.4568502793908
4267.290751507671,1.0338,270.5091756168553
4267.3407646485575,0.9,356.91920153243063
4267.380775161275,0.9413,326.2863131011327
4267.420785674002,0.9964,291.19746321360736
4267.460796186737,1.0999,238.97292698968033
4267.50080669948,1.1479,219.40525655755974
4267.5408172122325,1.0923,242.3099423240791
4267.580827724993,1.0039,286.86272727806704
4267.620838237762,1.1384,223.08242642542726
4267.670851378735,1.1569,216.00485061157343
4267.710861891523,1.2286,191.52883533857602
4267.750872404319,1.2386,188.44865585637206
4267.790882917124,1.1714,210.69038456975719
4267.830893429937,1.1403,222.33963397044792
4267.8709039427595,1.1592,215.14853960317876
4267.9109144555905,1.0321,271.40103470187387
4267.950924968429,1.0501,262.1764946822712
4268.000938109489,1.0624,256.1409141198035
4268.040948622346,1.0727,251.24563526274977
4268.0809591352145,1.1592,215.14853960317876
4268.120969648088,1.0832,246.39834824792933
4268.160980160971,1.1069,235.95997263542338
4268.200990673864,1.1046,236.9436272767736
4268.241001186764,1.1938,202.85794423836697
4268.2810116996725,1.2231,193.25522925170682
4268.33102484082,1.0827,246.62597826084516
4268.371035353747,1.1279,227.25525436219735
4268.411045866684,1.191,203.81288872652067
4268.4510563796275,1.0679,253.50930832940597
4268.491066892582,1.0213,277.17137892072725
4268.531077405542,1.0342,270.29996532761527
4268.571087918513,1.0672,253.84198177067137
4268.611098431491,1.1337,224.93593236500925
4268.661111572726,1.1605,214.66678828273868
4268.701122085725,1.1523,217.7328810292535
4268.7411325987305,1.0021,287.8941934723809
4268.781143111745,0.9807,300.59562850214417
4268.821153624767,1.0773,249.10461343282552
4268.861164137798,1.0892,243.6911929274912
4268.901174650839,1.0258,274.74491329893624
4268.941185163888,1.0956,240.85244354569315
4268.99119830521,0.9762,303.3733311634703
4269.031208818277,0.876,376.74430219318083
4269.071219331353,0.8964,359.79177588574953
4269.111229844437,1.0169,279.57513797720617
4269.15124035753,1.0674,253.7468654271578
4269.191250870632,1.1036,237.37322271479871
4269.23126138374,1.1283,227.09415198144845
4269.271271896859,1.1166,231.8781740493352
4269.321285038268,1.0991,239.32093489405216
4269.361295551406,1.0496,262.4263409966201
4269.401306064551,0.946,323.0522020849992
4269.441316577706,1.0864,244.94895067533272
4269.481327090867,1.0836,246.2164710657868
4269.521337604038,1.0773,249.10461343282552
4269.561348117218,1.1012,238.40903096953406
4269.601358630407,1.0822,246.85392385644002
4269.651371771903,0.9795,301.3326072545472
4269.69138228511,0.8629,388.27010409471967
4269.731392798326,0.9841,298.5221429060734
4269.771403311549,1.0243,275.5501826973372
4269.811413824781,1.033,270.9283255267341
4269.851424338022,1.0592,257.69092977765496
4269.891434851272,1.0872,244.58859952814805
4269.931445364528,1.0905,243.11052455390666
4269.981458506113,1.1265,227.82046479149545
4270.02146901939,1.0872,244.58859952814805
4270.061479532676,1.1735,209.9369912247694
4270.1014900459695,1.1508,218.30085441969348
4270.141500559271,1.167,212.28213182534006
4270.181511072581,1.2038,199.50165243178586
4270.221521585901,1.0891,243.7359458715524
4270.261532099228,1.0387,267.9629789823983
4270.311545240899,0.9147,345.5394112744921
4270.351555754245,0.8764,376.4004793752072
4270.3915662676,0.9293,334.7673448308908
4270.431576780963,0.9974,290.6138434155826
4270.471587294336,1.0045,286.52013681286104
4270.5115978077165,0.9404,326.9111491075821
4270.551608321104,1.1287,226.9332208494175
4270.591618834502,1.0307,272.13882286582265
4270.641631976259,1.0223,276.6293940915805
4270.681642489676,1.0332,270.82344676517715
4270.721653003101,1.0126,281.9546055094312
4270.761663516534,0.9833,299.00808742094347
4270.801674029975,1.0355,269.62170546690214
4270.841684543426,0.9902,294.8554608789026
4270.881695056884,1.1076,235.66181510977188
4270.92170557035,1.0873,244.54361155296598
4270.971718712197,1.0892,243.6911929274912
4271.011729225682,1.0919,242.4875073783894
4271.051739739177,1.083,246.48936242047037
4271.09175025268,1.1972,201.7073644662145
4271.131760766191,1.0516,261.42909283252976
4271.17177127971,1.1291,226.77246072347822
4271.2117817932385,1.0488,262.82683859679406
4271.251792306774,1.0162,279.9604357686515
4271.3018054487075,1.0927,242.13257223532895
4271.341815962263,1.2116,196.94123205241246
4271.381826475827,1.242,187.41830494483966
4271.421836989399,1.1143,232.83638947972014
4271.46184750298,1.1395,222.6519358387784
4271.501858016569,1.1068,236.00261275450234
4271.541868530167,1.0765,249.4749943974964
4271.581879043773,1.1105,234.43259170215939
4271.631892185794,1.1567,216.07955393588222
4271.671902699419,1.0491,262.67654462525223
4271.711913213052,0.967,309.17334901236393
4271.751923726694,1.0412,266.67772628097407
4271.791934240345,1.151,218.22499631418512
4271.831944754003,1.1983,201.33721328951157
4271.871955267671,1.1581,215.55744312481252
4271.911965781347,1.0903,243.19972297603567
4271.961978923454,1.082,246.9451905885154
4272.001989437149,0.9915,294.08277217646736
4272.041999950852,1.0839,246.0801953003382
4272.082010464563,1.1357,224.1443934890118
4272.122020978283,1.0701,252.46801003150856
4272.162031492012,1.0123,282.12174732877554
4272.202042005749,1.0445,264.9953031878764
4272.242052519495,1.1279,227.25525436219735
4272.292065661688,1.0947,241.2486363068821
4272.332076175453,1.2143,196.06640750274363
4272.372086689225,1.1427,221.4066606920652
4272.412097203007,1.0369,268.8941228689217
4272.4521077167965,1.1008,238.5823246685946
4272.492118230594,1.1621,214.07608159578712
4272.532128744402,1.083,246.48936242047037
4272.572139258216,1.1203,230.34906271865884
4272.622152400498,1.0502,262.12656823724274
4272.662162914331,1.0293,272.8796235763069
4272.702173428173,1.0005,288.81572984185004
4272.742183942025,1.0404,267.0879992508839
4272.782194455884,1.0978,239.88807124318313
4272.822204969752,1.1186,231.04974324680893
4272.8622154836285,1.1055,236.55798771550022
4272.902225997513,1.1057,236.47241789388474
4272.9522391398805,1.0317,271.6115248706688
4272.992249653785,1.0614,256.62378831311474
4273.032260167695,1.049,262.72662828865083
4273.072270681617,1.026,274.6378108165533
4273.112281195546,1.0672,253.84198177067137
4273.1522917094835,1.1371,223.5927996128157
4273.192302223429,1.0533,260.5858945271817
4273.232312737383,0.9992,289.5677400845087
4273.282325879839,1.0211,277.2799670127125
4273.322336393811,1.0226,276.4671086155617
4273.362346907792,1.0431,265.70710844782684
4273.402357421783,1.0685,253.22467990370816
4273.4423679357815,1.0493,262.57642025249504
4273.4823784497885,0.9875,296.47003766582804
4273.522388963803,1.0272,273.99650912383925
4273.562399477828,1.0509,261.7774820962291
4273.612412620369,1.0375,268.58320302931503
4273.652423134412,1.026,274.6378108165533
4273.692433648463,1.06,257.30210948332063
4273.732444162522,1.0723,251.43311433535388
4273.77245467659,1.0379,268.37622263487845
4273.812465190666,1.0274,273.88984392097194
4273.852475704752,1.1411,222.02798871508688
4273.892486218845,1.0664,254.2229824579973
4273.932496732946,1.1473,219.63479976621193
4273.982509875586,1.1283,227.09415198144845
4274.022520389707,1.1372,223.55347798563216
4274.062530903836,1.1572,215.89286824132506
4274.102541417973,1.1312,225.93126604630405
4274.142551932118,1.0642,255.27516840054804
4274.182562446274,1.0446,264.94456943993936
4274.222572960437,1.1405,222.261661171104
4274.262583474609,1.1203,230.34906271865884
4274.312596617334,1.0242,275.6039931573261
4274.352607131524,1.0414,266.57530574606443
4274.392617645723,1.0883,244.09441365558098
4274.43262815993,1.049,262.72662828865083
4274.472638674146,0.9603,313.5025910103554
4274.512649188369,1.0285,273.3042971557344
4274.552659702602,1.0758,249.7997557815003
4274.6026728454035,1.0465,263.9833898389847
4274.642683359654,1.0074,284.8729031275159
4274.682693873914,1.0847,245.71734588914214
4274.722704388183,1.0922,242.35431529847847
4274.76271490246,1.0255,274.9056845318628
4274.802725416744,1.0421,266.21729814096244
4274.842735931037,1.062,256.3339001162646
4274.882746445339,1.0464,264.0338477425441
4274.932759588228,1.1197,230.59599733406432
4274.9727701025495,1.0504,262.02675812155076
4275.012780616879,1.0157,280.236136337963
4275.0527911312165,1.0299,272.56176762343273
4275.092801645563,1.0386,268.01458222159624
4275.132812159916,1.0333,270.7710302201442
4275.172822674279,1.0786,248.50450117004976
4275.212833188651,1.0817,247.08218561834195
4275.252843703031,1.0455,264.4886206080701
4275.302856846016,1.0391,267.7567149883828
4275.342867360416,1.0451,264.691119111505
4275.382877874822,1.0915,242.66526768410677
4275.422888389237,1.1184,231.1323863782734
4275.462898903661,1.0878,244.31885775131812
4275.502909418094,1.0597,257.4478139020761
4275.542919932535,1.1346,224.5792218607524
4275.5829304469835,1.087,244.67861272988696
4275.632943590057,1.1107,234.34817240840584
4275.672954104524,1.1153,232.4190456295463
4275.7129646190015,1.0919,242.4875073783894
4275.752975133486,1.0575,258.52010477980286
4275.7929856479805,1.0645,255.13130426291127
4275.832996162481,1.1116,233.96884930073728
4275.873006676991,1.1238,228.9164847821766
4275.913017191509,1.1688,211.6287894571243
4275.963030334669,0.9133,346.5995786238684
4276.003040849207,1.1108,234.30597986018228
4276.043051363753,1.1319,225.6519077218496
4276.083061878307,1.0712,251.94976514473427
4276.12307239287,1.045,264.7417800742689
4276.163082907441,1.0453,264.5898408013871
4276.20309342202,1.0447,264.89385026018596
4276.243103936607,1.0914,242.709738302116
4276.293117079855,1.0235,275.981108114258
4276.333127594461,1.018,278.97127511318223
4276.3731381090765,1.0758,249.7997557815003
4276.413148623701,1.1315,225.81147756271199
4276.453159138333,1.1168,231.79513063825755
4276.493169652973,1.0906,243.06594374408886
4276.533180167622,1.0862,245.03916289264924
4276.573190682279,1.0947,241.2486363068821
4276.623203825613,1.122,229.65156468574364
4276.6632143402885,1.0831,246.44384903186707
4276.703224854974,1.0636,255.5632619673833
4276.743235369666,1.0649,254.9396745149241
4276.783245884367,0.9604,313.43730863985223
4276.823256399078,1.0223,276.6293940915805
4276.863266913795,1.0613,256.6721508188261
4276.903277428522,1.0519,261.2799960182975
4276.953290571943,1.0791,248.27426606781512
4276.993301086688,1.0647,255.035462391233
4277.033311601443,1.1239,228.87575053587423
4277.0733221162045,1.1368,223.71082676225024
4277.1133326309755,1.0381,268.27282214878977
4277.153343145755,1.0077,284.703310858332
4277.193353660542,1.0599,257.35066387613824
4277.233364175338,1.0113,282.67996141516016
4277.283377318845,1.0344,270.19545118493147
4277.32338783366,1.1757,209.1520480161981
4277.363398348482,1.1865,205.3618081719757
4277.403408863314,1.1393,222.73011411780848
4277.443419378154,1.0412,266.67772628097407
4277.483429893003,1.0235,275.981108114258
4277.52344040786,1.0959,240.72059615590913
4277.563450922725,1.0815,247.1735789806585
4277.613464066319,1.0601,257.25356883035505
4277.653474581202,1.0207,277.49733472238984
4277.693485096095,1.0233,276.08899741674253
4277.733495610996,1.0917,242.57636310693638
4277.773506125905,1.099,239.36448932630594
4277.813516640823,1.0906,243.06594374408886
4277.853527155748,1.0288,273.1449284639235
4277.893537670684,1.0811,247.35651789589411
4277.943550814364,1.1873,205.0851570150084
4277.983561329317,1.0402,267.1907154281715
4278.023571844279,0.9483,321.4870471226297
4278.063582359249,0.9521,318.9259472621357
4278.103592874228,0.94,327.18943026225946
4278.143603389214,0.8967,359.55107251418525
4278.183613904211,0.9181,342.984880522087
4278.223624419215,1.037,268.8422654149983
4278.273637562981,1.0777,248.91973218317182
4278.313648078004,0.9927,293.37221375018385
4278.353658593035,0.9515,319.32829240124903
4278.393669108074,1.0302,272.403047869575
4278.433679623123,1.1401,222.4176478080709
4278.473690138179,1.139,222.8474587626768
4278.513700653244,1.1067,236.04526443281335
4278.553711168318,1.1513,218.11128327249608
4278.60372431217,1.1513,218.11128327249608
4278.643734827261,1.0995,239.1468359875491
4278.683745342362,1.0879,244.27394417391707
4278.723755857472,1.1044,237.02945301643484
4278.763766372589,1.0035,287.09146239614904
4278.803776887714,1.1436,221.0583091521968
4278.843787402849,1.1212,229.9794038442829
4278.883797917991,1.0642,255.27516840054804
4278.93381106193,1.0173,279.3553248254381
4278.973821577091,0.9549,317.0583538311181
4279.0138320922615,0.9851,297.9163763413053
4279.05384260744,1.1099,234.68612345770904
4279.093853122626,1.2114,197.00626666584395
4279.1338636378205,0.979,301.6404818698526
4279.1738741530235,0.9518,319.127024719738
4279.213884668235,1.0456,264.4380322913175
4279.26389781226,1.0898,243.42293392272643
4279.303908327492,1.1226,229.4061451358972
4279.34391884273,1.0906,243.06594374408886
4279.383929357978,1.0426,265.96201979071463
4279.423939873233,1.0524,261.0317846155876
4279.463950388496,1.0492,262.62647528168645
4279.5039609037685,1.0165,279.7952106739008
4279.543971419051,1.0891,243.7359458715524
4279.593984563163,0.9965,291.1390221579101
4279.633995078462,1.0512,261.62808718809697
4279.674005593771,1.0282,273.463805365739
4279.714016109087,1.0258,274.74491329893624
4279.754026624411,1.0431,265.70710844782684
4279.794037139744,1.0661,254.36607889156238
4279.834047655087,1.0373,268.6867830299256
4279.874058170436,1.0042,286.691355285082
4279.924071314635,1.0574,258.56900436077495
4279.964081830005,0.9904,294.73638761885627
4280.004092345382,0.9967,291.02219281314535
4280.044102860767,1.1315,225.81147756271199
4280.084113376161,1.1086,235.2368551337698
4280.124123891564,0.9948,292.13491828624944
4280.164134406974,1.0872,244.58859952814805
4280.204144922393,1.0636,255.5632619673833
4280.254158066678,0.9911,294.3201987288281
4280.294168582116,0.9993,289.50978892633515
4280.334179097564,1.0565,259.00972561705146
4280.374189613018,1.0935,241.7784158137353
4280.414200128481,1.1217,229.7744221718031
4280.454210643952,1.1201,230.43133016694958
4280.4942211594325,1.0414,266.57530574606443
4280.534231674921,1.0815,247.1735789806585
4280.5842448192925,0.9685,308.21640443266443
4280.6242553348,0.947,322.37029861042936
4280.664265850316,1.0041,286.7484622158204
4280.704276365839,1.0337,270.56151614087827
4280.744286881371,1.0788,248.41236871339814
4280.784297396912,1.1677,212.0276951972688
4280.824307912461,1.1709,210.87036167221132
4280.864318428019,1.0474,263.5299188645805
4280.914331572477,1.0332,270.82344676517715
4280.954342088054,1.0748,250.26480180067284
4280.994352603637,1.1322,225.53234131332718
4281.03436311923,0.9394,327.6075187067102
4281.074373634832,0.9803,300.84098739147515
4281.114384150441,1.0362,269.25754553209146
4281.1543946660595,1.0075,284.81635553788004
4281.194405181685,1.0114,282.6240654872854
4281.2444183262305,1.0534,260.5364217194403
4281.2844288418755,1.0781,248.73505668079036
4281.32443935753,1.0492,262.62647528168645
4281.364449873192,1.0483,263.07761534682714
4281.404460388862,1.133,225.21396176264344
4281.444470904541,1.0738,250.73114767669293
4281.484481420228,1.0974,240.06298035338298
4281.524491935924,1.1112,234.137323562576
4281.574505080555,1.0176,279.19063504252136
4281.6145155962695,1.0116,282.51232335686325
4281.654526111993,0.9304,333.97623133376567
4281.694536627723,1.0491,262.67654462525223
4281.734547143463,1.0431,265.70710844782684
4281.774557659211,0.9992,289.5677400845087
4281.8145681749675,0.9706,306.88412835446996
4281.854578690732,0.9996,289.3360397933567
4281.9045918354495,1.0542,260.14114595662954
4281.944602351233,0.9805,300.7182704110673
4281.984612867024,1.0147,280.7887606566025
4282.024623382824,1.1205,230.26683931857838
4282.064633898633,1.038,268.32451492070794
4282.1046444144495,1.1032,237.54538808176625
4282.1446549302755,1.1719,210.5106377837361
4282.184665446109,1.1401,222.4176478080709
4282.234678590913,1.0184,278.75217360878247
4282.274689106765,1.0891,243.7359458715524
4282.314699622627,1.1395,222.6519358387784
4282.354710138496,1.0723,251.43311433535388
4282.3947206543735,1.0774,249.05837381489462
4282.434731170259,1.1538,217.16712138148594
4282.474741686154,1.1052,236.68642956118407
4282.514752202056,1.0072,284.9860488399397
4282.554762717968,0.9988,289.7997188055185
4282.604775862867,0.9952,291.90013057236297
4282.644786378797,0.9177,343.2839405682181
4282.684796894735,1.0537,260.38808779949915
4282.724807410684,0.9386,328.16621767924585
4282.764817926638,0.9745,304.4327133663427
4282.804828442601,1.0836,246.2164710657868
4282.844838958573,1.014,281.1765708773635
4282.894852103548,1.0487,262.87696525246866
4282.934862619539,1.0191,278.3693665910626
4282.974873135539,1.0058,285.77995965114
4283.014883651545,1.0687,253.1299102776743
4283.0548941675615,1.0692,252.8932188383857
4283.094904683586,1.0441,265.19838397309616
4283.134915199617,1.0089,284.026453971219
4283.174925715658,1.02,277.8783437371102
4283.224938860721,1.0267,274.26344489854074
4283.264949376781,1.1155,232.335711518601
4283.304959892848,1.0763,249.56771870912368
4283.344970408924,1.1566,216.11692013132574
4283.384980925009,1.102,238.06300951337238
4283.424991441101,1.1474,219.59651755645322
4283.465001957204,1.1176,231.46340270463963
4283.5050124733125,1.0528,260.8334700649307
4283.555025618462,1.0458,264.3368991898582
4283.59503613459,1.0592,257.69092977765496
4283.6350466507265,1.0714,251.85571025801005
4283.675057166873,1.0299,272.56176762343273
4283.715067683025,0.9429,325.1799081589884
4283.755078199187,0.9603,313.5025910103554
4283.795088715358,0.976,303.4976771075686
4283.835099231536,1.093,241.99967244325538
4283.875109747723,1.063,255.85184350624968
4283.925122892969,1.038,268.32451492070794
4283.965133409175,0.9951,291.95880095806893
4284.005143925388,0.9017,355.5746523525442
4284.045154441611,0.9855,297.67458588836143
4284.085164957841,1.065,254.8918008123591
4284.1251754740815,0.9843,298.4008418753654
4284.165185990328,0.9606,313.30680505747097
4284.205196506585,0.9858,297.49343616855003
4284.255209651916,1.0352,269.7780002000928
4284.295220168191,1.0553,259.5991089024906
4284.3352306844745,1.0058,285.77995965114
4284.375241200765,1.0252,275.06659692274695
4284.415251717065,1.099,239.36448932630594
4284.455262233372,1.0087,284.1390957200095
4284.495272749688,1.0664,254.2229824579973
4284.535283266014,1.0255,274.9056845318628
4284.585296411432,1.0357,269.5175844232062
4284.6253069277755,1.1007,238.6256776159278
4284.665317444127,0.9658,309.9421171251727
4284.705327960487,1.1143,232.83638947972014
4284.745338476856,0.9878,296.28998620730664
4284.785348993233,1.0814,247.21929467860522
4284.8253595096185,1.1555,216.52858877923288
4284.875372655112,1.1898,204.22421600302854
4284.915383171516,1.1381,223.20004963901926
4284.955393687928,1.0385,268.06620036854787
4284.995404204349,1.017,279.5201603728773
4285.035414720778,1.0205,277.6061144401901
4285.075425237215,1.015,280.62280184583
4285.1154357536625,1.0141,281.12112024522014
4285.155446270117,1.0226,276.4671086155617
4285.195456786579,1.0873,244.54361155296598
4285.245469932169,1.0836,246.2164710657868
4285.285480448651,1.0531,260.6848824264059
4285.32549096514,0.9862,297.252160319127
4285.365501481638,0.996,291.4314034900055
4285.405511998145,1.0072,284.9860488399397
4285.445522514659,1.0208,277.44296883862097
4285.485533031181,1.0218,276.90018759825034
4285.525543547713,1.0789,248.36632169769865
4285.57555669339,1.0507,261.8771498025134
4285.615567209939,1.1049,236.81497604371208
4285.655577726497,1.0684,253.2720846759879
4285.695588243065,0.9978,290.3808866696557
4285.73559875964,1.0035,287.09146239614904
4285.775609276224,0.9314,333.2594682117433
4285.815619792816,1.0062,285.5527898066265
4285.855630309416,0.9847,298.15846151058514
4285.905643455178,0.9382,328.4461032680811
4285.945653971798,0.9911,294.3201987288281
4285.985664488424,0.9671,309.1094141463118
4286.025675005059,1.0357,269.5175844232062
4286.065685521703,1.1011,238.45233668933773
4286.105696038355,1.0486,262.92710624983647
4286.145706555018,1.0115,282.5681861367046
4286.185717071686,1.0246,275.3888458398226
4286.235730217534,1.1542,217.01662455075848
4286.2757407342215,1.1753,209.29443716706064
4286.315751250918,0.9611,312.9809024642885
4286.355761767622,1.0296,272.7206261384111
4286.395772284334,1.0728,251.1987982584095
4286.435782801056,0.9506,319.93323919130194
4286.475793317786,1.0527,260.88302750979636
4286.515803834524,1.1026,237.80398754288947
4286.565816980458,1.0878,244.31885775131812
4286.605827497215,1.0761,249.66049472570876
4286.645838013979,1.0043,286.634265412204
4286.685848530752,0.9962,291.31439812694623
4286.725859047535,1.0884,244.04956195106874
4286.765869564324,1.079,248.32028748408607
4286.805880081123,1.0003,288.9312329165142
4286.84589059793,0.966,309.81379012259066
4286.895903743949,0.9877,296.3499851311062
4286.935914260774,1.0266,274.3168788622207
4286.975924777608,1.0255,274.9056845318628
4287.01593529445,1.0647,255.035462391233
4287.0559458113,1.1332,225.1344722148503
4287.09595632816,1.0284,273.35745104900815
4287.135966845027,1.036,269.3615159088063
4287.175977361902,1.028,273.5702217629516
4287.225990508008,1.0331,270.8758785320756
4287.266001024903,1.0602,257.20504191205777
4287.306011541806,1.039,267.8082586539394
4287.346022058715,1.0673,253.79441691502154
4287.386032575634,1.0394,267.6021732432955
4287.426043092562,1.0843,245.8986702030423
4287.466053609497,0.9456,323.32556941812726
4287.506064126443,1.0144,280.95486673163737
4287.556077272635,1.0823,246.80830946271195
4287.596087789597,1.171,210.83434780752262
4287.636098306568,0.9603,313.5025910103554
4287.676108823548,1.026,274.6378108165533
4287.7161193405345,1.0666,254.1276519088656
4287.756129857532,1.0421,266.21729814096244
4287.796140374537,1.0468,263.83210288223967
4287.836150891549,1.0408,266.8827445090433
4287.886164037827,0.9602,313.5678937783909
4287.926174554858,0.9541,317.5902745032843
4287.9661850718985,0.9679,308.59864840490854
4288.006195588947,0.9977,290.43909958899127
4288.0462061060025,1.0626,256.04450283879356
4288.086216623067,1.0549,259.79601710648114
4288.126227140141,1.0313,271.82226000886044
4288.166237657223,1.0483,263.07761534682714
4288.216250803586,1.04,267.2934908704329
4288.2562613206865,1.0234,276.03504485882667
4288.296271837795,1.0046,286.46309807282034
4288.336282354912,0.9927,293.37221375018385
4288.376292872038,0.967,309.17334901236393
4288.416303389171,1.0125,282.0103029416668
4288.456313906313,1.0671,253.8895599991184
4288.496324423462,1.0865,244.90386324728627
4288.546337569913,1.066,254.41380455218507
4288.586348087082,0.9559,316.3953301264496
4288.626358604258,1.0277,273.72996286539905
4288.666369121444,0.9813,300.22815259239144
4288.706379638637,1.0952,241.0284086346848
4288.74639015584,0.9788,301.7637638441108
4288.786400673051,1.0878,244.31885775131812
4288.826411190269,1.0196,278.0964155914993
4288.876424336805,0.9899,295.03420611125415
4288.916434854043,0.9025,354.94455078879923
4288.956445371288,1.0622,256.2373798652833
4288.996455888543,0.9084,350.3488444924255
4289.036466405806,0.9242,338.47221893423296
4289.0764769230755,1.0112,282.73587392688665
4289.116487440355,1.0473,263.58024680282347
4289.156497957642,1.0692,252.8932188383857
4289.206511104265,1.0434,265.554337513034
4289.2465216215705,0.9638,311.22978418602474
4289.2865321388845,1.0012,288.4120140327045
4289.3265426562075,0.9798,301.1481086825622
4289.366553173539,1.1103,234.51705661970155
4289.406563690878,1.0606,257.011071481965
4289.446574208226,1.0379,268.37622263487845
4289.486584725581,1.055,259.74676905751994
4289.536597872289,1.1009,238.5389835345793
4289.576608389664,0.9795,301.3326072545472
4289.616618907047,1.0102,283.2959126010353
4289.6566294244385,1.0424,266.06408705049586
4289.696639941839,1.0403,267.1393499342543
4289.7366504592455,1.0074,284.8729031275159
4289.776660976662,1.0908,242.97681890445583
4289.816671494088,1.1187,231.0084383017791
4289.8666846408805,1.0564,259.05876418946474
4289.906695158324,1.0542,260.14114595662954
4289.946705675775,1.1166,231.8781740493352
4289.986716193235,1.1265,227.82046479149545
4290.026726710705,1.0599,257.35066387613824
4290.0667372281805,1.0052,286.1212230403054
4290.106747745666,0.9947,292.1936594763851
4290.1467582631585,1.0393,267.65367228878586
4290.196771410038,1.0927,242.13257223532895
4290.23678192755,1.0519,261.2799960182975
4290.27679244507,0.9861,297.312451756295
4290.316802962598,0.9978,290.3808866696557
4290.356813480135,1.0278,273.6767002889716
4290.39682399768,1.0428,265.86001125209214
4290.436834515234,1.0273,273.94316873511616
4290.476845032797,1.0681,253.41437888968167
4290.52685817976,1.0748,250.26480180067284
4290.56686869734,1.1082,235.406701079737
4290.606879214929,1.0298,272.61470503587145
4290.646889732528,0.9651,310.3918900789259
4290.686900250133,1.0117,282.45647714121003
4290.7269107677475,1.0679,253.50930832940597
4290.76692128537,1.0531,260.6848824264059
4290.806931802999,0.987,296.77048835566285
4290.856944950048,0.9734,305.12115564124633
4290.896955467698,1.0173,279.3553248254381
4290.936965985355,1.0866,244.85878826686866
4290.976976503021,1.0971,240.19428775500754
4291.016987020695,0.9722,305.8748503107894
4291.056997538379,0.911,348.35190457726696
4291.097008056068,0.8762,376.57233192393045
4291.137018573768,1.0058,285.77995965114
4291.187031720903,1.0245,275.44260904473606
4291.22704223862,1.0822,246.85392385644002
4291.267052756347,1.0138,281.2875213718945
4291.30706327408,1.0126,281.9546055094312
4291.347073791823,0.9527,318.52436206047736
4291.387084309575,1.0659,254.46154364592186
4291.427094827333,1.0665,254.17531047946102
4291.4671053451,1.0446,264.94456943993936
4291.517118492322,1.0612,256.7205269971927
4291.557129010109,0.9963,291.2559218675972
4291.597139527903,1.0223,276.6293940915805
4291.637150045705,1.0281,273.5170058012658
4291.677160563517,1.0608,256.9141685403341
4291.717171081336,1.01,283.40811999951256
4291.757181599164,1.0549,259.79601710648114
4291.797192117,1.0401,267.24209573833133
4291.8472052643065,1.0906,243.06594374408886
4291.887215782162,1.0203,277.7149581334519
4291.927226300024,1.0918,242.53192913882194
4291.967236817895,1.0783,248.6427959894366
4292.007247335774,1.1115,234.0109508146731
4292.047257853662,1.053,260.73439752859747
4292.087268371559,1.0821,246.89955089681595
4292.127278889463,1.0239,275.7655191459165
4292.177292036855,1.0201,277.823865852352
4292.217302554779,1.1228,229.32442603748473
4292.2573130727105,1.1052,236.68642956118407
4292.297323590649,1.0203,277.7149581334519
4292.337334108597,1.0264,274.4237936469703
4292.377344626554,1.0796,248.0443507806556
4292.417355144517,1.0691,252.9405305603307
4292.457365662492,1.0788,248.41236871339814
4292.497376180472,0.9725,305.6861650518215
4292.54738932796,0.9762,303.3733311634703
4292.58739984596,1.0282,273.463805365739
4292.627410363969,1.0515,261.478820131708
4292.667420881985,0.9788,301.7637638441108
4292.70743140001,0.999,289.68369461340916
4292.747441918043,1.0234,276.03504485882667
4292.787452436084,1.1049,236.81497604371208
4292.827462954133,1.1958,202.17994412849498
4292.8774761017075,1.2519,184.46582734651705
4292.917486619775,1.125,228.4283905043607
4292.9574971378515,1.0419,266.31951240095594
4292.997507655938,1.0454,264.53922344290794
4293.037518174029,0.9919,293.84563280439113
4293.077528692132,1.0075,284.81635553788004
4293.117539210241,0.9583,314.81253323179254
4293.167552357891,1.0268,274.21002654587846
4293.2075628760185,1.0941,241.5133081638309
4293.247573394156,1.0114,282.6240654872854
4293.287583912301,1.0079,284.59033346721606
4293.327594430454,1.059,257.7882725613448
4293.367604948615,1.0117,282.45647714121003
4293.4076154667855,0.9767,303.062800429291
4293.4476259849625,1.0557,259.4024244787915
4293.497639132697,1.0735,250.87130563589625
4293.537649650895,0.9983,290.0900844287496
4293.5776601690995,1.0266,274.3168788622207
4293.617670687313,0.9531,318.2570598354427
4293.657681205535,0.9737,304.9331672435961
4293.697691723764,1.0986,239.53882600764052
4293.737702242002,0.988,296.1700430099323
4293.7777127602485,0.9088,350.04050702962854
4293.817723278503,1.0384,268.11783342899605
4293.867736426335,0.9922,293.6679664588611
4293.907746944607,1.0877,244.36378371695147
4293.947757462889,1.1061,236.30141748067874
4293.987767981179,1.1169,231.7536256608371
4294.027778499478,1.0334,270.71862889108536
4294.067789017784,1.105,236.77211558287206
4294.107799536099,1.083,246.48936242047037
4294.147810054422,1.0514,261.5285616204289
4294.197823202338,0.9687,308.08914758584115
4294.237833720679,0.9582,314.8782457410681
4294.27784423903,0.9338,331.54862212093434
4294.317854757387,0.9744,304.495202697716
4294.357865275754,1.0793,248.1822616083283
4294.3978757941295,1.0891,243.7359458715524
4294.437886312513,1.1579,215.63191445158355
4294.477896830905,1.0515,261.478820131708
4294.527909978906,1.0889,243.82548875177233
4294.567920497316,0.9133,346.5995786238684
4294.607931015733,0.803,448.35676244404095
4294.64794153416,0.9749,304.18294830565344
4294.6879520525945,1.0814,247.21929467860522
4294.72796257104,1.1613,214.37112974366238
4294.7679730894915,1.0308,272.0860239992114
4294.8079836079505,1.0717,251.71472664816633
4294.857996756036,1.0921,242.39870046268607
4294.898007274515,1.0866,244.85878826686866
4294.938017793002,1.0435,265.50344314622237
4294.978028311497,1.0731,251.05836580038238
4295.0180388300005,1.0414,266.57530574606443
4295.058049348512,0.9792,301.51727542822783
4295.098059867032,1.0099,283.46424869954944
4295.138070385559,1.0928,242.08826014306229
4295.1880835337315,1.0382,268.2211443133672
4295.228094052279,0.9526,318.59124023522764
4295.268104570834,0.9613,312.85068379421114
4295.308115089398,0.948,321.6905519176285
4295.3481256079685,0.95,320.33749258131
4295.3881361265485,0.9669,309.23730371648804
4295.428146645137,0.9094,349.5787634867245
4295.468157163732,0.9512,319.52975054668616
4295.518170311991,0.9226,339.6472125458837
4295.558180830605,0.895,360.9182605438547
4295.598191349228,0.9961,291.3728919987244
4295.6382018678605,1.0587,257.9343901885842
4295.6782123865005,0.9814,300.1669721255493
4295.718222905147,1.0154,280.40175220845555
4295.758233423804,1.0703,252.37366482524376
4295.798243942469,0.9466,322.6428006760187
4295.848257090811,1.0855,245.3552984280586
4295.8882676094945,1.2018,200.1662138846957
4295.928278128186,1.1054,236.60079004475696
4295.968288646885,0.9859,297.43308967356126
4296.008299165594,1.0783,248.6427959894366
4296.048309684311,1.1127,233.50648156632724
4296.0883202030345,0.968,308.53489171283724
4296.128330721768,1.0198,277.9873475886569
4296.178343870196,1.0502,262.12656823724274
4296.218354388947,1.0335,270.66624277211156
4296.258364907706,0.9687,308.08914758584115
4296.298375426475,0.9594,314.09105125459206
4296.338385945251,0.8879,366.71342261541287
4296.378396464036,1.0475,263.4796053393652
4296.418406982829,1.1527,217.58179581067907
4296.458417501629,1.0673,253.79441691502154
4296.508430650143,0.911,348.35190457726696
4296.548441168963,1.212,196.8112593982473
4296.5884516877895,1.1885,204.67122728877635
4296.628462206627,1.0401,267.24209573833133
4296.668472725471,0.9795,301.3326072545472
4296.708483244324,1.0505,261.9768744400297
4296.748493763185,0.9742,304.6202390951695
4296.7885042820535,0.9753,303.9334904902218
4296.838517430652,0.9574,315.4046873072149
4296.8785279495405,1.0669,253.98475659446044
4296.918538468436,1.0811,247.35651789589411
4296.958548987341,1.0889,243.82548875177233
4296.998559506254,1.1005,238.7124189677243
4297.0385700251745,1.0113,282.67996141516016
4297.078580544104,0.9651,310.3918900789259
4297.118591063041,0.9527,318.52436206047736
4297.168604211725,0.9493,320.81009066977936
4297.208614730681,0.9731,305.30931793208606
4297.248625249646,0.922,340.0894130120915
4297.288635768618,1.0296,272.7206261384111
4297.328646287599,1.0429,265.80902898913996
4297.368656806589,1.072,251.57386138475485
4297.408667325586,1.0763,249.56771870912368
4297.448677844592,0.9138,346.22038801778433
4297.4986909933605,1.1242,228.75361301131403
4297.538701512385,0.8896,365.3132057605809
4297.578712031417,0.9685,308.21640443266443
4297.618722550458,1.0064,285.4393064471515
4297.6587330695065,1.0618,256.4304749138178
4297.698743588564,0.9932,293.0769075950111
4297.738754107629,0.9672,309.0454991101277
4297.778764626703,1.0598,257.3992320139939
4297.828777775558,0.9981,290.20635288199435
4297.86878829465,1.0266,274.3168788622207
4297.90879881375,1.1394,222.69101983228168
4297.948809332859,1.1225,229.44702106628182
4297.988819851976,1.0669,253.98475659446044
4298.028830371101,1.1008,238.5823246685946
4298.068840890236,1.0182,278.8616920832442
4298.108851409377,0.9939,292.6642274772626
4298.158864558316,1.0592,257.69092977765496
4298.198875077477,0.9227,339.5735963240538
4298.238885596646,1.0665,254.17531047946102
4298.278896115822,1.0638,255.4671766136863
4298.318906635008,1.0117,282.45647714121003
4298.358917154202,1.0566,258.96070096746763
4298.398927673403,1.0023,287.7793116274479
4298.438938192614,1.0177,279.135770810628
4298.488951341637,1.0198,277.9873475886569
4298.528961860866,1.0936,241.73420090142628
4298.568972380103,1.0164,279.8502694498545
4298.608982899348,1.0342,270.29996532761527
4298.648993418602,1.0264,274.4237936469703
4298.689003937863,1.079,248.32028748408607
4298.729014457134,1.0985,239.5824399377132
4298.769024976412,0.9958,291.5484793593884
4298.819038125521,0.9154,345.0111507483613
4298.859048644818,1.0721,251.52693257326513
4298.899059164122,1.022,276.7918225012796
4298.939069683436,1.0687,253.1299102776743
4298.979080202757,1.1712,210.76234775074116
4299.019090722088,1.116,232.12757222030737
4299.059101241425,1.0373,268.6867830299256
4299.099111760772,1.047,263.7313171507867
4299.149124909966,1.0809,247.44806352391583
4299.189135429329,1.0996,239.10334094494138
4299.229145948704,1.0708,252.13803304760782
4299.269156468085,0.9296,334.5513080622627
4299.309166987475,0.9048,353.14230950198026
4299.349177506872,0.936,329.9918935265471
4299.389188026279,1.027,274.1032366492875
4299.429198545692,1.0292,272.93265362203056
4299.479211694973,1.027,274.1032366492875
4299.519222214405,1.0701,252.46801003150856
4299.559232733846,1.1536,217.24242850987147
4299.599243253296,1.0656,254.60484157624643
4299.639253772753,1.036,269.3615159088063
4299.679264292219,1.0581,258.2269983855368
4299.719274811692,1.081,247.40228435845657
4299.759285331175,0.945,323.73627147539173
4299.80929848054,0.9188,342.4624649853005
4299.849309000042,1.0342,270.29996532761527
4299.88931951955,0.9861,297.312451756295
4299.929330039067,0.9802,300.90237405263423
4299.969340558593,1.0207,277.49733472238984
4300.009351078126,0.9689,307.9619695357446
4300.049361597668,0.9372,329.1473857686523
4300.089372117219,0.9559,316.3953301264496
4300.139385266669,0.9524,318.7250597888028
4300.179395786237,0.8829,370.8786891516304
4300.219406305814,0.9208,340.976408619216
4300.2594168254,1.0419,266.31951240095594
4300.299427344994,0.962,312.3955578585228
4300.339437864595,0.9205,341.19869972308715
4300.379448384205,0.9839,298.64351791578457
4300.419458903823,1.0426,265.96201979071463
4300.469472053359,0.94,327.18943026225946
4300.509482572996,0.99,294.9746063117774
4300.549493092641,0.9681,308.47115477698947
4300.589503612293,0.947,322.37029861042936
4300.629514131955,0.9771,302.81471899871275
4300.669524651625,1.011,282.8477487281426
4300.709535171303,0.9362,329.8509166869361
4300.749545690989,0.9302,334.11986142446506
4300.799558840609,0.9795,301.3326072545472
4300.839569360313,0.936,329.9918935265471
4300.8795798800265,0.9356,330.27411847900896
4300.919590399748,0.9059,352.2852165156759
4300.959600919477,0.8975,358.91037648895184
4300.999611439214,0.8963,359.8720640583186
4301.039621958961,1.0129,281.78761217978087
4301.079632478715,1.0159,280.125807260089
4301.129645628421,0.9369,329.3582085234709
4301.169656148193,0.9273,336.2129524919662
4301.209666667974,0.9451,323.66776680882106
4301.249677187763,0.9658,309.9421171251727
4301.28968770756,0.9737,304.9331672435961
4301.329698227366,0.8806,372.818580129683
4301.36970874718,0.9585,314.6811699096991
4301.409719267002,1.0123,282.12174732877554
4301.459732416792,1.057,258.76474149206337
4301.499742936632,0.9526,318.59124023522764
4301.539753456481,0.8743,378.21081767801394
4301.579763976338,0.9228,339.50000403335315
4301.619774496205,0.9736,304.9958107345769
4301.659785016078,1.0158,280.1809636530595
4301.699795535959,0.9126,347.1314929091923
4301.73980605585,0.8868,367.62373946631044
4301.789819205725,0.9952,291.90013057236297
4301.829829725632,1.0311,271.92771956028764
4301.86984024555,1.0065,285.3825901345667
4301.909850765475,1.0245,275.44260904473606
4301.949861285409,1.0342,270.29996532761527
4301.989871805349,0.9685,308.21640443266443
4302.0298823253,1.0016,288.181699227642
4302.0698928452575,1.0436,265.4525634091193
4302.119905995217,0.9088,350.04050702962854
4302.159916515193,1.0099,283.46424869954944
4302.199927035177,0.977,302.8767107911784
4302.239937555171,0.9145,345.69056570548804
4302.279948075172,0.8714,380.7323581655973
4302.319958595182,0.942,325.8015672099726
4302.359969115199,0.8807,372.73392088344247
4302.3999796352255,0.9128,346.97939252207783
4302.439990155259,0.9825,299.49521945784846
4302.490003305314,1.0089,284.026453971219
4302.530013825367,1.0185,278.6974385640106
4302.570024345427,1.0539,260.2892688854924
4302.610034865496,0.9187,342.53702267129245
4302.650045385573,0.8739,378.55712452474404
4302.6900559056585,0.9234,339.0589522624461
4302.730066425755,0.9891,295.51165546406713
4302.770076945855,0.948,321.6905519176285
4302.820090095994,0.8548,395.6633772007123
4302.860100616115,0.9202,341.42120827358497
4302.900111136243,0.9646,310.71375615178675
4302.94012165638,0.8694,382.48607265674514
4302.980132176526,0.9045,353.3766050132076
4303.02014269668,0.9635,311.4236261667624
4303.060153216841,1.0788,248.41236871339814
4303.110166367055,1.0377,268.47968291301714
4303.150176887234,0.9461,322.98391442242036
4303.190187407423,0.9577,315.2071171133727
4303.23019792762,1.0756,249.89266122877467
4303.270208447825,1.0879,244.27394417391707
4303.310218968038,1.0239,275.7655191459165
4303.350229488258,0.9466,322.6428006760187
4303.390240008489,0.9461,322.98391442242036
4303.440253158786,0.9222,339.9419169521227
4303.480263679035,0.8876,366.9613552306057
4303.520274199292,0.9299,334.33548035000365
4303.560284719556,0.9908,294.49845738418685
4303.600295239828,0.988,296.1700430099323
4303.640305760109,0.9012,355.96931823891236
4303.680316280398,0.944,324.42251596406606
4303.720326800695,0.9492,320.8776900485462
4303.760337321,0.9612,312.9157829686276
4303.810350471394,0.9259,337.2304565034261
4303.850360991718,0.8433,406.5281897243751
4303.89037151205,0.9955,291.7242254867787
4303.93038203239,0.9731,305.30931793208606
4303.970392552739,1.0082,284.4209934295698
4304.010403073095,0.9953,291.8414778699825
4304.050413593462,0.7443,521.8656258368311
4304.090424113834,0.9229,339.42643566340996
4304.140437264312,0.9653,310.26328367112313
4304.1804477847045,0.9381,328.51613061250794
4304.220458305104,0.9379,328.65625250484044
4304.260468825512,0.9886,295.81065008901936
4304.300479345929,0.8538,396.59074806166115
4304.340489866354,0.9438,324.560026685077
4304.380500386786,0.9694,307.6443687195191
4304.420510907228,0.9532,318.1902868535187
4304.4705240577905,0.9677,308.72622109038923
4304.5105345782495,1.0285,273.3042971557344
4304.550545098717,0.934,331.4066466307805
4304.590555619194,0.9425,325.4559812129414
4304.630566139677,1.0134,281.5096194633224
4304.67057666017,1.018,278.97127511318223
4304.710587180671,0.8331,416.54371419983966
4304.750597701179,1.0425,266.013046077644
4304.8006108518275,0.9931,293.1359331449279
4304.840621372354,1.0331,270.8758785320756
4304.880631892889,1.0713,251.90273111674614
4304.9206424134345,1.0293,272.8796235763069
4304.960652933985,0.932,332.83051734671307
4305.000663454545,0.8786,374.51784025890504
4305.040673975113,0.9137,346.29617634111145
4305.090687125836,0.8913,363.9209932652035
4305.130697646423,0.8586,392.1688699991692
4305.170708167017,0.9319,332.9019516245942
4305.21071868762,0.96,313.6985605410575
4305.250729208232,1.0146,280.8441129769836
4305.290739728852,1.0074,284.8729031275159
4305.33075024948,0.9834,298.9472794932179
4305.370760770116,0.9781,302.1958464656432
4305.41077129076,1.0078,284.6468137550583
4305.460784441576,1.0196,278.0964155914993
4305.500794962239,0.9806,300.6569400764979
4305.54080548291,0.9855,297.67458588836143
4305.580816003589,0.987,296.77048835566285
4305.620826524276,0.9269,336.5031975110942
4305.660837044971,0.9721,305.9377842205331
4305.700847565677,0.9038,353.9242021411388
4305.740858086388,0.8584,392.351635189785
4305.790871237289,0.8534,396.96260953512837
4305.83088175802,0.8904,364.6570535882583
4305.870892278759,0.964,311.10065672703985
4305.910902799505,1.0203,277.7149581334519
4305.95091332026,0.9419,325.87075046003906
4305.990923841024,0.923,339.35289120385846
4306.0309343617955,0.9667,309.36527267178906
4306.070944882574,1.0378,268.42794529706083
4306.120958033561,1.0599,257.35066387613824
4306.160968554358,1.0421,266.21729814096244
4306.2009790751645,0.9431,325.04200334145605
4306.24098959598,0.9397,327.39837437828425
4306.281000116802,0.9798,301.1481086825622
4306.321010637633,0.9568,315.80038536457147
4306.361021158472,0.8545,395.94124662323895
4306.401031679318,0.8904,364.6570535882583
4306.45104483039,0.8507,399.48641028792645
4306.491055351255,0.8538,396.59074806166115
4306.53106587213,0.9038,353.9242021411388
4306.571076393011,0.9209,340.9023598570963
4306.611086913902,0.7654,493.48941993043076
4306.651097434799,0.8029,448.46845359487855
4306.691107955707,0.8584,392.351635189785
4306.731118476622,0.8785,374.60310804027154
4306.781131627777,0.8815,372.0576838107836
4306.821142148711,0.9488,321.1483013388914
4306.861152669652,0.8844,369.62168863161276
4306.901163190602,0.9092,349.7325764334742
4306.941173711559,0.9572,315.53650398439515
4306.981184232527,0.9841,298.5221429060734
4307.021194753502,0.9879,296.23000550270723
4307.061205274485,1.0277,273.72996286539905
4307.111218425723,0.8772,375.71424423899487
4307.151228946724,0.9019,355.4169697566352
4307.191239467733,0.881,372.4801160917019
4307.231249988751,0.8452,404.7025047469838
4307.271260509777,0.855,395.47829339340143
4307.3112710308105,0.9401,327.11982667106247
4307.3512815518525,0.9116,347.89349709638867
4307.391292072903,0.9442,324.28509261607627
4307.441305224226,0.946,323.0522020849992
4307.481315745295,0.9177,343.2839405682181
4307.521326266371,0.891,364.16609888866986
4307.561336787457,0.9196,341.86687884973514
4307.60134730855,0.7922,460.66490146234855
4307.6413578296515,0.8417,408.0752077823113
4307.681368350761,0.9073,351.1988762813608
4307.721378871878,0.9603,313.5025910103554
4307.771392023287,0.9995,289.3939387877184
4307.811402544423,0.9948,292.13491828624944
4307.851413065568,0.9173,343.58339192570156
4307.8914235867205,0.8859,368.3710677321333
4307.931434107881,0.8396,410.1191063551426
4307.97144462905,0.848,402.0343564289977
4308.0114551502265,0.9358,330.13296076480304
4308.051465671412,0.9189,342.38793163935026
4308.101478822905,0.9972,290.7304269273805
4308.141489344109,0.9688,308.02554871526866
4308.181499865321,0.9885,295.87050346553116
4308.221510386541,0.9745,304.4327133663427
4308.261520907769,0.8789,374.2622115210843
4308.301531429006,0.8476,402.41390220158456
4308.34154195025,0.865,386.38715258916517
4308.381552471504,0.9249,337.96007570104473
4308.43156562308,1.0436,265.4525634091193
4308.471576144352,1.0476,263.42930622167444
4308.511586665631,0.9075,351.0440951068064
4308.551597186918,0.8788,374.3473920125568
4308.591607708216,1.0159,280.125807260089
4308.6316182295195,0.8945,361.3218588986251
4308.671628750832,0.9329,332.1886422195334
4308.711639272152,0.976,303.4976771075686
4308.761652423814,0.9454,323.4623832227464
4308.801662945152,0.9262,337.0120314479179
4308.841673466499,0.9575,315.33880994163394
4308.881683987855,0.9643,310.90711616404633
4308.921694509218,0.9472,322.23417702076887
4308.961705030589,0.935,330.6981352516169
4309.001715551969,0.9216,340.3846932620549
4309.0417260733575,0.8965,359.7115145788597
4309.091739225103,1.0036,287.0342529754074
4309.13174974651,0.9423,325.59414959847595
4309.171760267924,0.869,382.83826935301676
4309.211770789346,0.8689,382.92639453629573
4309.251781310778,0.9329,332.1886422195334
4309.2917918322155,0.9986,289.9158127166511
4309.331802353663,0.9459,323.1205114066962
4309.371812875119,0.869,382.83826935301676
4309.42182602695,0.9123,347.35983107920464
4309.461836548423,0.8986,358.03221193986695
4309.501847069905,0.8819,371.7202551810229
4309.5418575913955,0.9157,344.78512415135555
4309.581868112894,0.9751,304.0581810237879
4309.6218786344,0.9556,316.5940186969764
4309.661889155915,0.9556,316.5940186969764
4309.701899677438,0.9029,354.63012789844856
4309.7519128293525,0.9041,353.6893619082396
4309.791923350895,0.9265,336.79381853543134
4309.831933872444,0.8778,375.2007987009237
4309.871944394,0.9409,326.56379663595084
4309.911954915568,0.9856,297.6141842684935
4309.951965437141,0.9834,298.9472794932179
4309.991975958723,0.8797,373.5818130047474
4310.031986480313,0.8496,400.52153036236
4310.0819996323125,0.9478,321.82632915046315
4310.122010153921,0.8836,370.29129224462434
4310.162020675538,0.9136,346.37198955248203
4310.202031197163,0.88,373.32714183890175
4310.242041718797,0.9064,351.896659960049
4310.282052240437,0.8868,367.62373946631044
4310.322062762088,0.8868,367.62373946631044
4310.362073283744,1.032,271.4536342989603
4310.412086435828,1.0134,281.5096194633224
4310.452096957504,0.9433,324.90418623094274
4310.492107479189,0.8815,372.0576838107836
4310.532118000881,0.887,367.4579753718979
4310.572128522582,0.9189,342.38793163935026
4310.61213904429,0.914,346.0688859916959
4310.652149566007,0.8356,414.05496302396426
4310.692160087733,0.8739,378.55712452474404
4310.742173239901,0.8941,361.6452252139726
4310.782183761645,0.9179,343.1343616738622
4310.822194283396,0.9202,341.42120827358497
4310.862204805157,0.9475,322.0301562353037
4310.902215326923,1.0192,278.3147442525176
4310.942225848701,0.9796,301.27108889617887
4310.982236370485,0.9491,320.94531079583123
4311.022246892278,0.8993,357.47505697556153
4311.062257414079,0.8396,410.1191063551426
4311.112270566339,0.8778,375.2007987009237
4311.15228108816,0.9599,313.7639245526988
4311.192291609987,0.9408,326.63322282751767
4311.232302131823,0.9055,352.59652530630325
4311.272312653666,0.977,302.8767107911784
4311.312323175519,1.0724,251.3862248991393
4311.352333697378,0.9828,299.3124055358028
4311.4023468497135,0.92,341.5696682510129
4311.442357371592,0.9409,326.56379663595084
4311.482367893479,0.8743,378.21081767801394
4311.522378415374,0.9113,348.12258765613393
4311.5623889372755,0.9491,320.94531079583123
4311.602399459188,0.9312,333.4026361234386
4311.6424099811065,0.9316,333.11639249780853
4311.682420503034,0.8839,370.03997781938375
4311.732433655454,0.833,416.64373057840186
4311.7724441774,0.9639,311.16521040927705
4311.812454699354,0.9281,335.63358787731903
4311.8524652213155,0.8688,383.0145501512574
4311.892475743286,0.8664,385.1394509707477
4311.932486265264,0.8561,394.4626500493079
4311.972496787251,0.8404,409.33867148230803
4312.012507309246,0.8385,411.19585385682876
4312.06252046175,0.8569,393.7264557575096
4312.102530983762,0.89,364.9849084997934
4312.142541505784,0.8646,386.7447524826534
4312.1825520278135,0.9708,306.7576956388385
4312.222562549851,0.886,368.2879187787302
4312.2625730718955,0.8621,388.9910409774814
4312.302583593951,0.9665,309.493321077931
4312.342594116012,0.8538,396.59074806166115
4312.392607268601,0.9831,299.12975894897943
4312.432617790682,0.9042,353.61113377007297
4312.47262831277,0.9115,347.969835483433
4312.512638834866,0.8748,377.77860197082697
4312.552649356971,0.9043,353.53293158249556
4312.592659879085,1.0084,284.3081840260561
4312.632670401205,1.0303,272.3501720928294
4312.672680923334,1.0127,281.89892457604833
4312.712691445472,0.7937,458.92534361625445
4312.762704598155,0.9322,332.68771775151083
4312.802715120311,0.9327,332.3311205734708
4312.842725642475,0.9121,347.51218171342714
4312.882736164647,0.9126,347.1314929091923
4312.922746686827,0.8575,393.1756617049501
4312.962757209016,0.9269,336.5031975110942
4313.002767731212,0.9177,343.2839405682181
4313.042778253417,0.8524,397.8945546154852
4313.092791406185,0.8421,407.6876264452225
4313.132801928407,0.8755,377.17474359967304
4313.172812450638,0.9237,338.8387486084015
4313.212822972879,0.9557,316.5277683832795
4313.252833495126,0.941,326.49439257693297
4313.292844017381,0.9277,335.92308282969356
4313.332854539644,0.9293,334.7673448308908
4313.382867692486,0.882,371.63596974764397
4313.422878214768,0.8595,391.34800488883167
4313.462888737059,0.865,386.38715258916517
4313.502899259357,0.8644,386.9237386216521
4313.542909781663,0.8433,406.5281897243751
4313.582920303978,0.9305,333.90445101643337
4313.622930826301,0.8924,363.02438652970466
4313.662941348633,0.9475,322.0301562353037
4313.712954501558,0.9118,347.7408956657895
4313.752965023907,0.8524,397.8945546154852
4313.792975546265,0.8497,400.42726238762964
4313.83298606863,0.9098,349.27144184941324
4313.872996591004,0.9429,325.1799081589884
4313.913007113386,0.8653,386.119278053707
4313.953017635776,0.808,442.8249682791468
4313.993028158174,0.8785,374.60310804027154
4314.033038680581,0.8982,358.3511712231536
4314.0830518336,0.9148,345.4638712334926
4314.123062356025,0.9376,328.86660349540506
4314.163072878458,0.875,377.6059231156838
4314.203083400899,0.8276,422.0985723073092
4314.243093923348,0.9492,320.8776900485462
4314.283104445805,0.8868,367.62373946631044
4314.3231149682715,0.8825,371.21497227505716
4314.363125490746,0.8792,374.00684441468843
4314.4131386438485,0.9054,352.6744169801913
4314.453149166341,0.9611,312.9809024642885
4314.49315968884,0.9238,338.76539505948165
4314.533170211348,0.8538,396.59074806166115
4314.573180733864,0.8172,432.9104984194998
4314.613191256389,0.9229,339.42643566340996
4314.653201778922,0.8445,405.3736920219219
4314.693212301463,0.8355,414.1540843276772
4314.74322545465,0.9077,350.88941623298007
4314.783235977209,0.9347,330.9104499097159
4314.823246499776,0.96,313.6985605410575
4314.863257022352,0.8571,393.542729210108
4314.903267544935,0.8522,398.0813374260379
4314.943278067527,0.9544,317.39064749540836
4314.983288590129,0.8769,375.9713623260541
4315.023299112736,0.8827,371.0467735677558
4315.073312266008,0.9289,335.0557195213989
4315.113322788634,0.8692,382.6621102254945
4315.1533333112675,0.9073,351.1988762813608
4315.19334383391,0.8898,365.1490017868145
4315.233354356562,0.9292,334.8394035907396
4315.273364879221,0.8991,357.6341113270265
4315.313375401888,0.9026,354.8659058751616
4315.353385924564,0.9371,329.2176375233234
4315.403399077917,0.9394,327.6075187067102
4315.443409600612,0.9143,345.8418193407696
4315.483420123314,0.9775,302.5669420556006
4315.523430646023,0.9612,312.9157829686276
4315.563441168742,0.789,464.40917311712997
4315.603451691467,0.7717,485.4648279916553
4315.6434622142015,0.8565,394.0942950423303
4315.683472736943,0.8611,389.89503925270196
4315.733485890383,0.8597,391.16594043457127
4315.773496413145,0.9175,343.4336172903888
4315.813506935912,0.9106,348.6580131055071
4315.85351745869,0.8903,364.7389758893707
4315.893527981475,1.0036,287.0342529754074
4315.933538504267,0.9052,352.8302777792297
4315.973549027069,0.9326,332.4023941273286
4316.013559549879,0.954,317.65685869338023
4316.063572703401,0.9346,330.9812669007549
4316.103583226229,0.9189,342.38793163935026
4316.143593749065,0.9215,340.4585734124394
4316.183604271909,0.8551,395.3858001864611
4316.2236147947615,0.8218,428.07766192399026
4316.2636253176215,0.8329,416.74378298371255
4316.303635840491,0.8609,390.07621703199914
4316.343646363366,0.8808,372.64929047042546
4316.393659516974,0.8966,359.63128012566443
4316.433670039869,0.9621,312.33062095007193
4316.473680562771,0.99,294.9746063117774
4316.513691085684,0.7879,465.7068150620816
4316.553701608602,0.8076,443.2637340880781
4316.593712131528,0.836,413.65883344332394
4316.633722654465,0.9472,322.23417702076887
4316.6737331774075,0.9618,312.5254924450446
4316.7237463310985,0.9209,340.9023598570963
4316.763756854061,0.8932,362.37438848587914
4316.803767377031,0.9103,348.8878593641863
4316.84377790001,0.9586,314.6155190797196
4316.883788422995,1.0038,286.91988542317796
4316.923798945991,1.0288,273.1449284639235
4316.963809468993,0.8147,435.5714422213277
4317.003819992003,0.8008,450.82364198082246
4317.053833145778,0.8507,399.48641028792645
4317.093843668806,0.9392,327.7470596144476
4317.133854191844,0.9351,330.627409104865
4317.173864714889,0.9088,350.04050702962854
4317.2138752379415,0.9785,301.9488285642896
4317.253885761004,0.8845,369.5381159065917
4317.293896284074,1.0225,276.5211879030688
4317.333906807152,0.9148,345.4638712334926
4317.38391996101,0.8479,402.1291925157703
4317.423930484106,0.8693,382.57407625326476
4317.4639410072095,0.9287,335.20004661802557
4317.503951530322,0.9092,349.7325764334742
4317.543962053443,0.8376,412.07998625744415
4317.583972576571,0.8335,416.14400860733906
4317.6239830997065,0.8668,384.78407474353065
4317.663993622851,0.911,348.35190457726696
4317.714006776794,0.7925,460.31619953555423
4317.754017299958,0.8475,402.50887262484224
4317.794027823129,0.81,440.6408807461073
4317.834038346308,0.8347,414.9483376999618
4317.874048869495,0.8286,421.08036483050927
4317.91405939269,0.8105,440.09738361958813
4317.954069915894,0.8577,392.9923205074648
4317.994080439106,0.8653,386.119278053707
4318.044093593132,0.9212,340.68035824154373
4318.084104116363,0.7525,510.55405977738525
4318.1241146396005,0.9356,330.27411847900896
4318.164125162847,0.9096,349.4250519884359
4318.204135686101,0.8402,409.5335712220698
4318.244146209364,0.8602,390.7113347598792
4318.284156732634,0.8748,377.77860197082697
4318.324167255913,1.0461,264.18530828456596
4318.374180410023,1.5683,117.54307771503983
4318.41419093332,1.6378,107.77887170735791
4318.454201456625,1.5563,119.36271914936913
4318.494211979938,1.611,111.39463549308991
4318.53422250326,1.0237,275.87328204044843
4318.574233026589,0.8101,440.53210080778285
4318.614243549927,0.8202,429.7494285131867
4318.654254073272,0.8305,419.1558938843549
4318.7042672274665,0.8451,404.79828654082354
4318.74427775083,0.9041,353.6893619082396
4318.784288274202,0.909,349.8864909179784
4318.824298797582,0.8593,391.5301964829239
4318.86430932097,0.8322,417.4451600247666
4318.904319844366,0.9199,341.64393455441245
4318.944330367771,0.8358,413.85682714084095
4318.984340891185,0.8206,429.33056995625464
4319.034354045461,0.9341,331.3356930813691
4319.074364568892,0.9545,317.3241469843566
4319.114375092331,0.8553,395.2009110901044
4319.154385615778,0.8221,427.7652918708025
4319.1943961392335,0.8847,369.3710554664767
4319.234406662697,0.7951,457.3106309353915
4319.274417186169,0.7274,546.3967521613944
4319.314427709649,0.8342,415.4459068622174
4319.364440864008,0.7865,467.36624034819147
4319.404451387507,0.8033,448.0219392275829
4319.444461911014,0.8667,384.8728726733693
4319.484472434528,0.8829,370.8786891516304
4319.52448295805,0.8564,394.1863354074841
4319.564493481581,0.871,381.08213483153236
4319.6045040051185,0.9163,344.3337367923723
4319.644514528665,0.8163,433.865622161884
4319.694527683108,0.8991,357.6341113270265
4319.734538206674,0.8084,442.3868536182203
4319.774548730247,0.8719,380.29581411890797
4319.814559253828,0.8407,409.0465826400866
4319.854569777417,0.8599,390.9840030018732
4319.894580301014,0.8655,385.94084976034804
4319.93459082462,0.8539,396.49786433725495
4319.974601348233,0.8419,407.8813480590925
4320.024614502761,0.8014,450.148841407334
4320.064625026393,0.7641,495.17004064260607
4320.104635550033,0.8738,378.64377555536606
4320.144646073681,0.8315,418.14830917634987
4320.1846565973365,0.8674,384.25193194957404
4320.2246671210005,0.8391,410.60801209638885
4320.264677644673,0.8453,404.606756944395
4320.304688168354,0.8435,406.33543121222993
4320.3547013229645,0.7864,467.4851099721784
4320.394711846664,0.7371,532.1105822263606
4320.43472237037,0.7477,517.1302866645634
4320.474732894085,0.7866,467.24741605674336
4320.514743417807,0.8495,400.61583162964314
4320.5547539415375,0.9795,301.3326072545472
4320.594764465277,0.7546,507.7163438221625
4320.634774989025,0.8095,441.18538528019997
4320.68478814372,0.8378,411.8832661292254
4320.724798667486,0.7303,542.0659228635996
4320.764809191259,0.7847,469.5128518630697
4320.80481971504,0.83,419.661052487185
4320.844830238831,0.8182,431.8529442287666
4320.884840762627,0.7758,480.347159191636
4320.924851286433,0.7298,542.8089358390514
4320.964861810247,0.7888,464.6447042832644
4321.014874965027,0.7993,452.5172967820403
4321.054885488858,0.7927,460.08395149741597
4321.094896012699,0.8584,392.351635189785
4321.1349065365475,0.7652,493.74741954695327
4321.1749170604035,0.8103,440.3146617404084
4321.214927584269,0.7496,514.5120875907069
4321.254938108142,0.8034,447.9104148315731
4321.294948632021,0.86,390.89308188168843
4321.334959155911,0.8724,379.86002044779656
4321.384972310783,0.9106,348.6580131055071
4321.424982834691,0.9109,348.42839390505554
4321.464993358605,0.8305,419.1558938843549
4321.50500388253,0.9165,344.1834713081788
4321.545014406462,0.8077,443.15398152017303
4321.5850249304,0.8527,397.6146267905995
4321.625035454348,0.8876,366.9613552306057
4321.675048609294,0.8707,381.3447837448216
4321.715059133259,0.885,369.1206771390352
4321.755069657233,0.9029,354.63012789844856
4321.795080181216,0.8574,393.26738042000795
4321.835090705206,0.8006,451.0489127224941
4321.875101229204,0.77,487.6108024541493
4321.91511175321,0.7485,516.0254567573154
4321.955122277224,0.7976,454.4483355403303
4322.005135432254,0.8174,432.69867703117603
4322.045145956286,0.756,505.83765654157565
4322.085156480328,0.8609,390.07621703199914
4322.125167004377,0.8342,415.4459068622174
4322.165177528434,0.9076,350.96674288793787
4322.205188052498,0.8117,438.7970858930541
4322.245198576571,0.8087,442.0586941635877
4322.2852091006525,0.8409,408.8520303972925
4322.335222255766,0.8351,414.5509256878608
4322.375232779865,0.8218,428.07766192399026
4322.415243303972,0.8304,419.25685260960836
4322.455253828087,0.8482,401.8447848732217
4322.495264352211,0.8467,403.2698478008933
4322.5352748763435,0.8183,431.7474019999146
4322.575285400483,0.9466,322.6428006760187
4322.615295924631,0.8548,395.6633772007123
4322.655306448786,0.8116,438.9052237880792
4322.705319603993,0.8665,385.0505607727815
4322.745330128168,0.884,369.95626319734595
4322.78534065235,0.8433,406.5281897243751
4322.82535117654,0.7995,452.2909252343796
4322.865361700739,0.7774,478.37195062516554
4322.9053722249455,0.8072,443.70315233601195
4322.94538274916,0.8275,422.2005961300531
4322.985393273383,0.7716,485.59066927135126
4323.035406428673,0.7806,474.4579085548534
4323.075416952913,0.8148,435.46453397906475
4323.1154274771625,0.7857,468.3184685902849
4323.15543800142,0.8051,446.02085366354004
4323.195448525684,0.8759,376.83033150660634
4323.235459049959,0.8446,405.27770594232186
4323.275469574241,0.9029,354.63012789844856
4323.315480098529,0.869,382.83826935301676
4323.365493253902,0.8192,430.7992605481285
4323.405503778209,0.7773,478.4950439241503
4323.445514302525,0.7858,468.19928099195016
4323.48552482685,0.834,415.6451851462773
4323.525535351182,0.865,386.38715258916517
4323.565545875521,0.8412,408.5604621808902
4323.60555639987,0.7763,479.7285943975982
4323.655569555315,0.8419,407.8813480590925
4323.695580079681,0.7273,546.5470157566535
4323.7355906040575,0.7424,524.5402275717465
4323.77560112844,0.7876,466.06166136858457
4323.815611652829,0.7459,519.6291642790151
4323.855622177228,0.7156,564.56508895362
4323.895632701636,0.6966,595.7824548806738
4323.93564322605,0.6435,698.1639892039425
4323.975653750473,0.7159,564.092023433844
4324.025666906013,0.8492,400.8989353436465
4324.065677430453,0.8079,442.9345986358793
4324.105687954902,0.7515,511.91372197163
4324.145698479359,0.7916,461.3634950472919
4324.185709003826,0.7684,489.64356801402596
4324.225719528298,0.8676,384.0747963109866
4324.265730052781,0.7875,466.18003359987
4324.30574057727,0.9512,319.52975054668616
4324.3557537328925,0.8447,405.1817539506646
4324.3957642574,0.9422,325.6632667885403
4324.435774781917,0.8737,378.73045634078613
4324.47578530644,0.7481,516.5774286572067
4324.515795830972,0.8056,445.46737564997386
4324.555806355512,0.8149,435.3576650918949
4324.59581688006,0.7945,458.00160548576275
4324.635827404615,0.744,522.286569497288
4324.6858405603225,0.7454,520.3265116701182
4324.725851084898,0.7953,457.08065354099284
4324.7658616094795,0.7889,464.5269163084935
4324.805872134069,0.7317,539.9935838104021
4324.845882658668,0.7474,517.5455128194983
4324.885893183274,0.8411,408.65761692197896
4324.92590370789,0.8575,393.1756617049501
4324.965914232513,0.7761,479.9758768554471
4325.015927388302,0.8004,451.27435235367386
4325.055937912944,0.8618,389.2619100619667
4325.095948437591,0.8548,395.6633772007123
4325.135958962249,0.8672,384.4291901590975
4325.175969486913,0.8453,404.606756944395
4325.215980011588,0.8311,418.55090663136457
4325.255990536268,0.7946,457.88633435323476
4325.296001060959,0.7393,528.9484020312998
4325.346014216831,0.8012,450.37360649158416
4325.386024741539,0.8588,391.98623248230433
4325.426035266254,0.8891,365.72420060322327
4325.466045790977,0.8893,365.5597194767218
4325.506056315709,0.8304,419.25685260960836
4325.546066840449,0.7953,457.08065354099284
4325.5860773651975,0.8154,434.82391030686136
4325.626087889953,0.8616,389.4426466623042
4325.6761010459095,0.7854,468.67630458273175
4325.716111570683,0.8003,451.3871355555923
4325.756122095466,0.8858,368.45424484772417
4325.796132620256,0.7232,552.7615942825738
4325.836143145054,0.8576,393.0839750724228
4325.87615366986,0.841,408.7548063219506
4325.916164194675,0.7779,477.7571960322688
4325.956174719497,0.8432,406.62462042025174
4326.006187875537,0.8224,427.45326359950485
4326.046198400377,0.7804,474.7011264416762
4326.086208925226,0.7394,528.805336865491
4326.126219450082,0.7189,559.393893634248
4326.166229974948,0.7093,574.6385432503095
4326.2062404998205,0.7732,483.58306401218954
4326.246251024701,0.8271,422.60906154145636
4326.286261549591,0.7653,493.6183944545605
4326.336274705714,0.6957,597.324930864314
4326.37628523062,0.7205,556.9121859244975
4326.416295755535,0.8189,431.1149603734189
4326.456306280459,0.795,457.42568472590847
4326.49631680539,0.7819,472.88153882336877
4326.53632733033,0.8477,402.31896538622215
4326.576337855277,0.9091,349.8095209779223
4326.616348380233,0.8254,424.3516696826741
4326.666361536439,0.8517,398.5488702648358
4326.706372061413,0.7246,550.6276788191052
4326.746382586394,0.7374,531.6777086540584
4326.786393111384,0.7249,550.1720190198008
4326.826403636382,0.7633,496.20853954017775
4326.866414161387,0.8269,422.81351657010816
4326.906424686403,0.8096,441.0764036613055
4326.946435211424,0.8688,383.0145501512574
4326.996448367713,0.8112,439.3381753598861
4327.036458892754,0.7599,500.65881220098936
4327.076469417802,0.791,462.06367895299087
4327.116479942858,0.775,481.3393542055494
4327.156490467922,0.7284,544.8975183979533
4327.196500992995,0.7603,500.13215014262863
4327.236511518076,0.7871,466.6539737814184
4327.276522043164,0.6993,591.1907062550191
4327.326535199536,0.6985,592.545674690552
4327.3665457246425,0.8157,434.5041284626745
4327.406556249758,0.8177,432.38123632683954
4327.44656677488,0.7832,471.31301221041326
4327.486577300011,0.8945,361.3218588986251
4327.526587825151,0.8058,445.2462728749236
4327.566598350298,0.7609,499.34371385986293
4327.606608875453,0.7547,507.58180505597517
4327.656622031907,0.7335,537.3465640282379
4327.696632557081,0.6837,618.4768758704139
4327.736643082263,0.7831,471.4333908346124
4327.776653607451,0.7013,587.823548844076
4327.816664132649,0.7643,494.9109253184944
4327.8566746578545,0.7889,464.5269163084935
4327.896685183068,0.7435,522.9892749231084
4327.93669570829,0.6804,624.4907504364043
4327.986708864828,0.766,492.716633240757
4328.026719390067,0.8185,431.5364335815739
4328.066729915316,0.7598,500.79060769978645
4328.10674044057,0.7371,532.1105822263606
4328.146750965834,0.7805,474.57949412694126
4328.186761491106,0.8419,407.8813480590925
4328.226772016385,0.8246,425.1754523664231
4328.266782541674,0.7189,559.393893634248
4328.316795698296,0.7313,540.5844663762005
4328.356806223601,0.8121,438.364933713722
4328.396816748916,0.7546,507.7163438221625
4328.436827274238,0.7441,522.1461983717667
4328.476837799569,0.7285,544.7479344935098
4328.516848324907,0.7508,512.8687197729738
4328.556858850253,0.7907,462.4143687850126
4328.596869375607,0.752,511.23321285247334
4328.646882532312,0.6946,599.2183277817971
4328.686893057684,0.86,390.89308188168843
4328.726903583064,0.7895,463.8211281174397
4328.7669141084525,0.7056,580.6808735468517
4328.80692463385,0.7512,512.3226798465763
4328.846935159255,0.6429,699.4677478420647
4328.886945684666,0.659,665.707959345291
4328.926956210088,0.828,421.69084660045286
4328.976969366875,0.7844,469.8720579091139
4329.016979892314,0.7472,517.8226081538905
4329.056990417762,0.7426,524.2577234587535
4329.097000943217,0.8388,410.90177529392787
4329.137011468679,0.7084,576.0995892273168
4329.17702199415,0.7523,510.8255585128329
4329.217032519629,0.7811,473.8506809964937
4329.257043045116,0.7324,538.9618679278045
4329.307056201987,0.7967,455.4756582601788
4329.347066727492,0.7982,453.76538345183667
4329.3870772530045,0.791,462.06367895299087
4329.427087778527,0.7139,567.2570683229466
4329.467098304055,0.7611,499.08131604102687
4329.507108829594,0.7463,519.0722952305231
4329.547119355138,0.6963,596.2959490167723
4329.5871298806915,0.7423,524.68156526619
4329.637143037646,0.6841,617.753829347894
4329.677153563217,0.6231,744.6273783283174
4329.717164088796,0.696,596.8101072960479
4329.757174614385,0.7156,564.56508895362
4329.79718513998,0.6946,599.2183277817971
4329.837195665584,0.7227,553.5267140320612
4329.877206191196,0.6522,679.6619794537387
4329.917216716815,0.7451,520.7455941256749
4329.9672298738515,0.8436,406.23910336344295
4330.00724039949,0.8239,425.89823155786814
4330.047250925136,0.7994,452.40408976997537
4330.08726145079,0.8019,449.58766427527826
4330.127271976452,0.8125,437.9334196320093
4330.167282502121,0.7277,545.9463329995503
4330.2072930278,0.7035,584.1527943440936
4330.247303553487,0.6951,598.3565784634387
4330.297316710605,0.6599,663.8933580656603
4330.33732723631,0.8653,386.119278053707
4330.377337762023,0.609,779.5067589231495
4330.417348287742,0.7425,524.3989469795196
4330.457358813471,0.5803,858.5177106711278
4330.497369339207,0.7848,469.3932080453367
4330.537379864952,0.6415,702.5240903914139
4330.577390390704,0.6795,626.146123681992
4330.627403547906,0.7802,474.94453139495437
4330.667414073677,0.6687,646.5348677109287
4330.707424599455,0.7246,550.6276788191052
4330.747435125242,0.8213,428.59903955127504
4330.787445651036,0.8162,433.9719421003595
4330.8274561768385,0.7691,488.7526719683311
4330.86746670265,0.7568,504.76879896693794
4330.907477228468,0.656,671.8106648756421
4330.957490385754,0.6992,591.3598229989648
4330.997500911591,0.761,499.21248908998444
4331.037511437436,0.6317,724.4906215288528
4331.077521963288,0.7752,481.091017445403
4331.117532489149,0.6199,752.3349244481767
4331.157543015019,0.6291,730.4914643830227
4331.197553540895,0.7413,526.0980896136716
4331.2375640667815,0.6824,620.8355646267197
4331.277574592674,0.6418,701.8674757413701
4331.327587750051,0.6909,605.65353189992
4331.367598275962,0.7066,579.0384474074723
4331.407608801882,0.6416,702.3051164987137
4331.44761932781,0.5968,811.7023669564071
4331.487629853746,0.741,526.5241656273819
4331.527640379689,0.8739,378.55712452474404
4331.56765090564,0.7763,479.7285943975982
4331.617664063089,0.7716,485.59066927135126
4331.657674589058,0.5868,839.6034339679923
4331.697685115037,0.6697,644.6054927702075
4331.737695641023,0.7172,562.0489280613258
4331.777706167017,0.7438,522.5674816165707
4331.817716693017,0.7227,553.5267140320612
4331.857727219028,0.7139,567.2570683229466
4331.897737745045,0.6609,661.8858226126403
4331.947750902576,0.6115,773.1460716152984
4331.987761428614,0.5735,878.9972932243977
4332.0277719546575,0.6288,731.1886633911978
4332.067782480709,0.6627,658.2951339810023
4332.1077930067695,0.7026,585.6502992945852
4332.1478035328355,0.7041,583.1576463730428
4332.1878140589115,0.7529,510.0117112490995
4332.227824584996,0.7275,546.2465505261604
4332.277837742612,0.7371,532.1105822263606
4332.317848268714,0.7688,489.134186585521
4332.357858794824,0.6472,690.2041042236754
4332.397869320941,0.589,833.3430781567247
4332.437879847069,0.8077,443.15398152017303
4332.477890373201,0.8029,448.46845359487855
4332.517900899344,0.7296,543.1065688378502
4332.557911425493,0.8058,445.2462728749236
4332.597921951652,0.7128,569.0092102045392
4332.64793510936,0.6902,606.882659242809
4332.6879456355355,0.7786,476.8985284918366
4332.727956161721,0.716,563.9344670528927
4332.767966687913,0.6456,693.6294241938913
4332.807977214113,0.7849,469.2736099542099
4332.847987740321,0.7035,584.1527943440936
4332.887998266538,0.6521,679.8704484156627
4332.928008792761,0.5989,806.0200037928441
4332.978021950553,0.5588,925.8519539618302
4333.018032476795,0.6441,696.86387234302
4333.058043003045,0.7807,474.3363697014651
4333.098053529303,0.6398,706.2623703087338
4333.13806405557,0.6269,735.6275260821667
4333.178074581844,0.7055,580.8455003942528
4333.218085108127,0.7852,468.91508980755304
4333.258095634417,0.6576,668.5454952511192
4333.308108792291,0.6904,606.5310984795309
4333.348119318599,0.6694,645.183397437129
4333.388129844916,0.8169,433.22852226066317
4333.428140371241,0.7799,475.3099899942965
4333.468150897574,0.669,645.9551466896271
4333.508161423914,0.7193,558.7719138450472
4333.548171950261,0.7143,566.6219318863544
4333.598185108209,0.6741,636.2180027064959
4333.638195634575,0.7467,518.5163208692711
4333.67820616095,0.6302,727.9435809907236
4333.718216687333,0.5981,808.1776569158159
4333.758227213723,0.749,515.3367350882512
4333.798237740122,0.6814,622.6591343684183
4333.838248266529,0.5931,821.8614010635393
4333.878258792943,0.6022,797.2103933291692
4333.918269319366,0.7011,588.1589683581055
4333.968282477405,0.6694,645.183397437129
4334.008293003846,0.6409,703.8400869692434
4334.048303530294,0.7885,464.99833713523117
4334.088314056752,0.7677,490.53690216324526
4334.1283245832155,0.7481,516.5774286572067
4334.168335109689,0.6115,773.1460716152984
4334.20834563617,0.6315,724.9495948933943
4334.248356162658,0.7858,468.19928099195016
4334.29836932078,0.7694,488.37160353747333
4334.338379847287,0.7731,483.7081742732174
4334.378390373802,0.7005,589.1669512552736
4334.418400900324,0.6815,622.4764160887837
4334.4584114268555,0.6718,640.5818137446965
4334.4984219533935,0.6686,646.7282814861217
4334.538432479942,0.6003,802.2648470761867
4334.578443006496,0.6963,596.2959490167723
4334.628456164701,0.6061,786.983986821472
4334.668466691274,0.706,580.0230655551363
4334.708477217855,0.75,513.963421778741
4334.748487744444,0.6795,626.146123681992
4334.78849827104,0.6668,650.2246233926143
4334.8285087976465,0.6516,680.9142333309185
4334.868519324258,0.5764,870.174686639137
4334.908529850879,0.6831,619.5638281565105
4334.9585430091665,0.657,669.7671386276779
4334.9985535358055,0.6485,687.4396798168036
4335.038564062453,0.6698,644.4130304198706
4335.078574589108,0.6672,649.4452124358237
4335.11858511577,0.6293,730.0272188886959
4335.158595642441,0.6484,687.651737691544
4335.1986061691205,0.6701,643.8361602639467
4335.238616695809,0.7116,570.9299123324171
4335.288629854177,0.7371,532.1105822263606
4335.3286403808825,0.7072,578.0563342912365
4335.368650907595,0.6794,626.3304602385851
4335.408661434317,0.7487,515.7498025060247
4335.448671961046,0.6721,640.0100792748294
4335.488682487783,0.6295,729.5634158131186
4335.5286930145285,0.6349,717.205934575007
4335.568703541281,0.6731,638.109815688169
4335.618716699732,0.5521,948.4595836731199
4335.658727226504,0.5215,1063.0302071505123
4335.698737753283,0.5511,951.9047601364792
4335.738748280071,0.4336,1537.713214251871
4335.778758806867,0.6789,627.2533652004975
4335.818769333669,0.6516,680.9142333309185
4335.858779860479,0.5963,813.0641669102398
4335.898790387299,0.5489,959.5505368399215
4335.9488035458335,0.7833,471.1926796876259
4335.988814072671,0.6606,662.4871260751106
4336.028824599516,0.7392,529.0915252631188
4336.06883512637,0.6099,777.2078990831097
4336.108845653231,0.6983,592.885144649798
4336.148856180099,0.6765,631.7118313947957
4336.188866706976,0.5016,1149.0504825054059
4336.228877233862,0.5473,965.1691087313933
4336.278890392479,0.7135,567.8932732616775
4336.318900919382,0.7425,524.3989469795196
4336.358911446293,0.6644,654.9306898956894
4336.398921973211,0.6353,716.303080463375
4336.438932500139,0.7247,550.4757293423337
4336.478943027074,0.7989,452.97055002040787
4336.518953554018,0.7336,537.2000784209038
4336.5589640809685,0.6641,655.5225383813304
4336.608977239668,0.6939,600.4279078205617
4336.648987766637,0.7169,562.5194252661756
4336.6889982936145,0.6257,738.4518767697364
4336.729008820598,0.6155,763.1297262704591
4336.769019347592,0.5724,882.3789298040251
4336.809029874594,0.7173,561.8922268298978
4336.849040401601,0.5632,911.4420521852775
4336.889050928618,0.6997,590.5149642195561
4336.939064087402,0.5127,1099.8350800309834
4336.979074614436,0.6049,790.1095148449106
4337.01908514148,0.4803,1253.2246109774198
4337.059095668531,0.6475,689.564682003514
4337.099106195589,0.6211,749.4306310118251
4337.139116722657,0.548,962.7049275754738
4337.179127249731,0.695,598.5287795467863
4337.219137776814,0.6905,606.3554326430326
4337.269150935679,0.73,542.511547436267
4337.30916146278,0.734,536.6147345834135
4337.349171989889,0.6801,625.0418113687874
4337.389182517006,0.6959,596.9816411744831
4337.42919304413,0.5973,810.3439854546449
4337.469203571264,0.5167,1082.8724198184618
4337.509214098404,0.6199,752.3349244481767
4337.5492246255535,0.6081,781.8158333716397
4337.599237784501,0.5767,869.2695919497598
4337.639248311668,0.6587,666.3144799562906
4337.6792588388425,0.672,640.2005723541556
4337.719269366025,0.744,522.286569497288
4337.7592798932155,0.6669,650.0296391674648
4337.799290420415,0.5874,837.8890862674442
4337.839300947621,0.5531,945.0330768258165
4337.879311474837,0.6831,619.5638281565105
4337.929324633867,0.5992,805.2131110505792
4337.9693351610995,0.697,595.0988271683487
4338.0093456883405,0.6355,715.8522925868757
4338.049356215589,0.5869,839.3173441826867
4338.0893667428445,0.5991,805.4819406178253
4338.12937727011,0.7142,566.7806159543204
4338.169387797382,0.6455,693.8443528004103
4338.209398324663,0.5511,951.9047601364792
4338.259411483775,0.6548,674.2752655747248
4338.299422011074,0.6535,676.9605857413667
4338.339432538381,0.6016,798.8013639646795
4338.379443065694,0.6325,722.6590798962142
4338.419453593017,0.7623,497.51126381085504
4338.459464120348,0.6624,658.8915499322572
4338.499474647687,0.6795,626.146123681992
4338.539485175033,0.6306,727.0203820639397
4338.589498334229,0.5917,825.7551486245318
4338.629508861592,0.5943,818.5457815704233
4338.669519388965,0.6071,784.3935254726105
4338.709529916346,0.5506,953.6343918876548
4338.749540443733,0.6683,647.3090438427495
4338.789550971129,0.6297,729.1000545943117
4338.829561498535,0.663,657.6995274597556
4338.8695720259475,0.6582,667.3271912126454
4338.919585185225,0.6591,665.5059698298343
4338.959595712654,0.627,735.3928952398893
4338.999606240092,0.5682,895.4717909125881
4339.039616767539,0.6017,798.5358716402966
4339.079627294993,0.699,591.6982742593842
4339.119637822455,0.5437,977.9927451833511
4339.159648349925,0.5086,1117.6388177335878
4339.199658877404,0.4874,1216.978946109564
4339.249672036763,0.4437,1468.503823744665
4339.289682564259,0.5737,878.3845391396067
4339.329693091763,0.4976,1167.5981758312746
4339.369703619275,0.6912,605.1279058401817
4339.4097141467955,0.5219,1061.4013574818985
4339.449724674324,0.5604,920.572704254599
4339.489735201861,0.6323,723.116313631574
4339.529745729405,0.611,774.4119654774103
4339.579758888845,0.5763,870.4766990191899
4339.619769416407,0.4652,1335.902053664092
4339.659779943977,0.4674,1323.3557912656213
4339.699790471555,0.4647,1338.7783563677644
4339.739800999142,0.5781,865.0644311279364
4339.779811526736,0.5589,925.5206719902254
4339.819822054337,0.6939,600.4279078205617
4339.859832581948,0.552,948.8032589544008
4339.90984574147,0.5876,837.3188037176443
4339.949856269098,0.5937,820.201078219877
4339.9898667967345,0.5442,976.1964539858154
4340.0298773243785,0.5047,1134.978321071157
4340.06988785203,0.5859,842.1848375177999
4340.10989837969,0.5728,881.1469894447869
4340.149908907358,0.654,675.925875077079
4340.189919435033,0.6436,697.9470505259974
4340.239932594639,0.5587,926.1834138344685
4340.279943122332,0.5737,878.3845391396067
4340.319953650034,0.5437,977.9927451833511
4340.359964177744,0.607,784.6519956028682
4340.399974705461,0.5696,891.0753104087428
4340.439985233186,0.6342,718.7900418850741
4340.479995760919,0.5258,1045.7143825247074
4340.520006288661,0.58,859.4060605954186
4340.57001944835,0.5683,895.1566786724475
4340.610029976108,0.4161,1669.7766271799992
4340.650040503877,0.5072,1123.8172511996224
4340.690051031651,0.5389,995.4923288563936
4340.730061559434,0.585,844.778164379842
4340.770072087225,0.642,701.4302439297314
4340.810082615025,0.6261,737.5086219431684
4340.8500931428325,0.5725,882.070702616203
4340.900106302603,0.5345,1011.9495289780806
4340.9401168304275,0.4567,1386.091727717648
4340.980127358261,0.5796,860.5926736088803
4341.020137886102,0.4612,1359.1751202587882
4341.060148413951,0.5136,1095.9839025713513
4341.100158941808,0.5276,1038.5912913239927
4341.140169469672,0.4945,1182.283281585165
4341.180179997545,0.5032,1141.754956801345
4341.220190525426,0.5688,893.5836096404148
4341.270203685288,0.5353,1008.9270997828884
4341.3102142131875,0.506,1129.1539197272748
4341.350224741094,0.5363,1005.1680672072514
4341.390235269009,0.5357,1007.4209604636427
4341.430245796931,0.4926,1191.4211858314457
4341.470256324863,0.4719,1298.2373556560365
4341.5102668528,0.5382,998.0835458867516
4341.5502773807475,0.4603,1364.4953498075456
4341.600290540693,0.3921,1880.4422348492358
4341.640301068657,0.4917,1195.7866860304719
4341.680311596629,0.4584,1375.8300284063523
4341.720322124609,0.4141,1685.9447496460987
4341.760332652598,0.495,1179.8960416199466
4341.800343180594,0.4817,1245.9505350518498
4341.840353708599,0.5468,966.9350352542177
4341.890366868615,0.4888,1210.0177058653496
4341.930377396637,0.5233,1055.7297681468283
4341.970387924667,0.6589,665.9100408342807
4342.010398452705,0.5492,958.5025178517768
4342.050408980752,0.5283,1035.8408431650566
4342.090419508806,0.5177,1078.6930708410175
4342.130430036868,0.5075,1122.4889955834328
4342.170440564938,0.5969,811.4304175464016
4342.220453725036,0.5519,949.1471210661549
4342.260464253125,0.5362,1005.5430242840702
4342.300474781221,0.4639,1343.399800070411
4342.340485309324,0.5074,1122.9314856877918
4342.380495837437,0.5415,985.9556288967036
4342.420506365556,0.5367,1003.6703342134613
4342.460516893684,0.4245,1604.347572234197
4342.500527421819,0.4,1806.898438597692
4342.540537949962,0.4563,1388.522928633991
4342.590551110154,0.4743,1285.132231968681
4342.630561638315,0.5593,924.1973205700936
4342.670572166484,0.5581,928.1759161345013
4342.710582694662,0.5062,1128.2618386327001
4342.750593222848,0.4492,1432.7633637208694
4342.790603751041,0.3858,1942.3576424654373
4342.830614279242,0.4391,1499.4329299200076
4342.870624807451,0.41,1719.8321560505697
4342.920637967723,0.4227,1618.0403446008854
4342.960648495951,0.5369,1002.9227227197055
4343.000659024186,0.4294,1567.9412784612027
4343.040669552429,0.5209,1065.4805209713943
4343.08068008068,0.5187,1074.537870567801
4343.120690608939,0.529,1033.1013063631606
4343.160701137206,0.5214,1063.4380054274409
4343.20071166548,0.533,1017.653308916373
4343.250724825836,0.6062,786.7243636682012
4343.290735354128,0.5359,1006.6691552055291
4343.330745882429,0.5129,1098.977510522758
4343.370756410737,0.5294,1031.5407335411048
4343.410766939055,0.4883,1212.4969905890612
4343.450777467378,0.4765,1273.292743176652
4343.490787995713,0.5447,974.4051071521571
4343.530798524053,0.5432,979.7939989576856
4343.580811684489,0.4341,1534.1729606223234
4343.620822212847,0.4027,1782.7501456516816
4343.660832741213,0.587,839.0314005975151
4343.7008432695875,0.644,697.0803061611653
4343.740853797971,0.6082,781.5587632383928
4343.780864326362,0.5572,931.1767469535738
4343.820874854759,0.685,616.131603378498
4343.860885383166,0.5453,972.2619919916748
4343.910898543682,0.4893,1207.5460177470795
4343.950909072108,0.4908,1200.17622378084
4343.99091960054,0.5111,1106.7319186289553
4344.03093012898,0.4684,1317.7112979361711
4344.070940657428,0.5206,1066.7088561259247
4344.110951185883,0.4811,1249.060220890051
4344.150961714347,0.466,1331.3192124802038
4344.190972242818,0.5055,1131.3887567558988
4344.2409854034195,0.6107,775.1729946973358
4344.280995931908,0.6755,633.583566356049
4344.321006460406,0.4919,1194.814503749045
4344.3610169889125,0.4091,1727.40755445968
4344.401027517425,0.4475,1443.66981609942
4344.441038045947,0.5635,910.4718326832079
4344.481048574476,0.4883,1212.4969905890612
4344.521059103013,0.4844,1232.0996513040652
4344.571072263696,0.5041,1137.6817168621935
4344.611082792251,0.5032,1141.754956801345
4344.651093320813,0.4693,1312.6620736546047
4344.6911038493845,0.5552,937.8975845275681
4344.731114377963,0.606,787.2437385114481
4344.771124906551,0.5765,869.8728314068702
4344.811135435145,0.5198,1069.994820456232
4344.851145963748,0.4902,1203.1160237182257
4344.901159124513,0.6055,788.544427984591
4344.941169653132,0.516,1085.8124329091997
4344.981180181761,0.5553,937.5598170338845
4345.021190710398,0.5643,907.892141483197
4345.061201239043,0.5353,1008.9270997828884
4345.1012117676955,0.5607,919.5878730195249
4345.141222296355,0.4927,1190.9376064278272
4345.1812328250235,0.6249,740.3438233298323
4345.2312459858695,0.6332,721.0621723027547
4345.271256514556,0.6058,787.7636278410416
4345.31126704325,0.6885,609.8833062228697
4345.351277571953,0.4971,1169.948171867344
4345.391288100662,0.534,1013.8454491865325
4345.431298629379,0.5044,1136.3288130531637
4345.471309158106,0.5333,1016.5087015634106
4345.511319686838,0.659,665.707959345291
4345.5613328477675,0.5739,877.7724255631703
4345.60134337652,0.5352,1009.3041623655902
4345.641353905279,0.5428,981.2385873251068
4345.681364434046,0.6013,799.5986358457099
4345.721374962821,0.6722,639.8196712053036
4345.761385491604,0.6601,663.4911209634267
4345.801396020396,0.4922,1193.3584517949132
4345.841406549195,0.5553,937.5598170338845
4345.891419710207,0.603,795.0964822351367
4345.931430239023,0.6163,761.1498250741096
4345.971440767848,0.6175,758.1943892222054
4346.011451296681,0.6212,749.1893660074528
4346.051461825522,0.5646,906.9275832151445
4346.09147235437,0.5313,1024.1760836766462
4346.131482883226,0.4684,1317.7112979361711
4346.171493412092,0.4058,1755.6165688450542
4346.221506573184,0.5295,1031.1511428409294
4346.261517102066,0.4927,1190.9376064278272
4346.301527630957,0.6403,705.1597847805825
4346.341538159855,0.6999,590.1775275860857
4346.3815486887615,0.6677,648.4729178792016
4346.421559217676,0.6274,734.4554935206304
4346.461569746598,0.6737,636.9737170370005
4346.501580275528,0.719,559.238301363066
4346.551593436701,0.6341,719.0167712924612
4346.59160396565,0.5812,855.8609096808132
4346.631614494606,0.6171,759.177619023529
4346.6716250235695,0.6034,794.0426782886432
4346.71163555254,0.5523,947.7727930608077
4346.751646081521,0.5295,1031.1511428409294
4346.791656610509,0.6291,730.4914643830227
4346.831667139504,0.6852,615.7719765340862
4346.88168030076,0.5163,1084.550962983194
4346.921690829773,0.737,532.2549908993327
4346.961701358795,0.5955,815.2501858887127
4347.001711887824,0.5601,921.5591183925106
4347.041722416861,0.6231,744.6273783283174
4347.081732945906,0.7053,581.174964186118
4347.121743474959,0.6515,681.1232787477865
4347.161754004021,0.5845,846.2240806210392
4347.211767165358,0.6115,773.1460716152984
4347.251777694436,0.6658,652.1793003183653
4347.291788223522,0.663,657.6995274597556
4347.331798752618,0.5702,889.2010103172494
4347.37180928172,0.6309,726.3291349150084
4347.411819810831,0.6967,595.611437558327
4347.451830339949,0.5865,840.4625815219822
4347.4918408690755,0.5269,1041.3527088624144
4347.5418540304945,0.5453,972.2619919916748
4347.581864559639,0.5551,938.2355345814976
4347.621875088791,0.6638,656.1151894930518
4347.661885617951,0.6304,727.4817618578921
4347.7018961471185,0.6231,744.6273783283174
4347.741906676295,0.6342,718.7900418850741
4347.781917205479,0.6657,652.3752526407202
4347.821927734672,0.7647,494.3933044588379
4347.8719408961715,0.7357,534.1376655655886
4347.911951425381,0.6211,749.4306310118251
4347.951961954598,0.6104,775.9351462853406
4347.991972483825,0.6296,729.3316800067075
4348.0319830130575,0.591,827.7124073147276
4348.0719935422985,0.5484,961.3010587534599
4348.112004071548,0.5779,865.6632978001819
4348.152014600806,0.6186,755.5003350452662
4348.202027762387,0.5815,854.978049492076
4348.242038291663,0.5471,965.8748983562648
4348.282048820945,0.629,730.72375321308
4348.3220593502365,0.6028,795.6241710628333
4348.362069879535,0.6326,722.4306256377422
4348.402080408841,0.567,899.266151960014
4348.442090938156,0.5826,851.7525555247356
4348.482101467478,0.6887,609.5291352542652
4348.532114629143,0.7598,500.79060769978645
4348.572125158483,0.6281,732.8193478678273
4348.61213568783,0.6099,777.2078990831097
4348.652146217187,0.6363,714.0533897808265
4348.692156746551,0.6362,714.277881571414
4348.7321672759235,0.6412,703.1816268918905
4348.772177805303,0.7796,475.67587057362607
4348.81218833469,0.5529,945.7168911068417
4348.862201496436,0.6371,712.2612593005679
4348.9022120258405,0.5706,887.9547603617323
4348.942222555254,0.6072,784.13518303426
4348.982233084676,0.7673,491.04847690381894
4349.022243614107,0.6195,753.3067747710862
4349.062254143543,0.5329,1018.0352743438405
4349.102264672988,0.5891,833.0601818968005
4349.142275202441,0.6037,793.2536995876713
4349.192288364268,0.5945,817.9951294467905
4349.232298893739,0.6046,790.8938061765934
4349.272309423219,0.6722,639.8196712053036
4349.312319952705,0.5902,829.9578074469775
4349.352330482198,0.5916,826.0343317018069
4349.392341011701,0.6464,691.9135847722836
4349.4323515412125,0.7017,587.1535700281567
4349.47236207073,0.7058,580.3518297506874
4349.52237523264,0.6105,775.6809709122496
4349.562385762175,0.6136,767.8630671262991
4349.60239629172,0.6291,730.4914643830227
4349.642406821272,0.6804,624.4907504364043
4349.682417350832,0.6965,595.9535458696479
4349.7224278804,0.6654,652.9636397783464
4349.762438409975,0.69,607.2345257549586
4349.802448939558,0.6914,604.7778685195234
4349.8424594691505,0.5869,839.3173441826867
4349.892472631151,0.6322,723.3450932456564
4349.93248316076,0.6568,670.1750972713235
4349.972493690377,0.6182,756.4783273216167
4350.012504220002,0.6986,592.3760490343502
4350.052514749635,0.6423,700.7751618714815
4350.092525279277,0.7346,535.7385110184634
4350.132535808925,0.7683,489.7710376993085
4350.182548970997,0.7255,549.2623946049321
4350.222559500664,0.6353,716.303080463375
4350.262570030339,0.5554,937.2222319689786
4350.302580560021,0.587,839.0314005975151
4350.342591089712,0.4414,1483.8475066365525
4350.38260161941,0.5652,905.0030723951014
4350.422612149116,0.6932,601.641154040393
4350.46262267883,0.6936,600.947420703005
4350.512635840984,0.5925,823.5267704709485
4350.552646370715,0.6578,668.1390234690116
4350.592656900455,0.6185,755.7446552355829
4350.632667430203,0.621,749.6720125785359
4350.672677959958,0.5985,807.0977488259105
4350.7126884897225,0.564,908.8582393465673
4350.752699019493,0.5757,872.2920795193461
4350.792709549272,0.724,551.5406982858923
4350.842722711508,0.7144,566.4633144502781
4350.882733241305,0.6249,740.3438233298323
4350.92274377111,0.6837,618.4768758704139
4350.962754300923,0.72,557.6859425692005
4351.002764830742,0.6641,655.5225383813304
4351.042775360571,0.7608,499.4749903778572
4351.082785890409,0.7224,553.9865486520204
4351.122796420253,0.714,567.098184135251
4351.162806950105,0.6525,679.0371475510505
4351.212820112432,0.6078,782.5878052295855
4351.252830642303,0.6288,731.1886633911978
4351.29284117218,0.7113,571.4116074044421
4351.332851702065,0.7122,569.9683476844574
4351.3728622319595,0.5851,844.489425863387
4351.412872761862,0.5962,813.3369381246445
4351.452883291771,0.6435,698.1639892039425
4351.49289382169,0.6738,636.7846622716207
4351.542906984097,0.6634,656.9066420148181
4351.582917514033,0.5996,804.1391374873962
4351.622928043976,0.7147,565.9878615605166
4351.662938573927,0.7434,523.1299861813316
4351.702949103886,0.7335,537.3465640282379
4351.742959633853,0.688,610.7700853416127
4351.782970163828,0.6523,679.4536063615044
4351.822980693811,0.7002,589.6719146858385
4351.8729938563,0.689,608.9984569793749
4351.913004386301,0.6999,590.1775275860857
4351.953014916309,0.7549,507.3128879042633
4351.993025446325,0.7728,484.08379650580343
4352.03303597635,0.7878,465.82505212257064
4352.0730465063825,0.8005,451.1616114163461
4352.113057036421,0.6214,748.7071853856321
4352.1630701989825,0.6573,669.1558987599942
4352.203080729039,0.6873,612.014828995434
4352.243091259106,0.763,496.59881904720794
4352.283101789179,0.8183,431.7474019999146
4352.323112319261,0.7826,472.03597630165524
4352.3631228493505,0.6533,677.3751353638443
4352.403133379447,0.7181,560.6409727829575
4352.443143909553,0.7755,480.71887249919916
4352.483154439666,0.7252,549.7169245933932
4352.533167602318,0.6409,703.8400869692434
4352.573178132449,0.6743,635.8406497733218
4352.613188662587,0.7936,459.041007345944
4352.653199192734,0.725,550.0202581046643
4352.693209722887,0.6933,601.4676081304826
4352.7332202530515,0.7008,588.6626361825253
4352.773230783221,0.7152,565.1967692391636
4352.813241313399,0.6359,714.951992512799
4352.863254476133,0.5913,826.8727309722584
4352.903265006328,0.6727,638.8689042358845
4352.943275536532,0.6848,616.4915453620733
4352.983286066744,0.6774,630.0343524285962
4353.0232965969635,0.6426,700.1209970794974
4353.0633071271905,0.646,692.7707076549699
4353.1033176574265,0.6537,676.5464165553914
4353.143328187669,0.6773,630.2204088091685
4353.193341350485,0.7265,547.7513591746072
4353.233351880745,0.7075,577.5662144652423
4353.273362411014,0.5832,850.0008827835214
4353.313372941291,0.6302,727.9435809907236
4353.3533834715745,0.7059,580.1874127226391
4353.393394001868,0.7101,573.3444966867418
4353.433404532168,0.6363,714.0533897808265
4353.473415062476,0.5683,895.1566786724475
4353.523428225372,0.6714,641.3453188728503
4353.563438755699,0.6529,678.2053777833316
4353.603449286033,0.6596,664.4973999038551
4353.643459816374,0.6902,606.882659242809
4353.683470346724,0.7397,528.3764894501705
4353.723480877082,0.7732,483.58306401218954
4353.763491407447,0.7431,523.5524608518273
4353.80350193782,0.6402,705.3800952324849
4353.853515100798,0.7568,504.76879896693794
4353.893525631189,0.8186,431.43100735428743
4353.933536161588,0.7761,479.9758768554471
4353.973546691995,0.7125,569.4884760594213
4354.013557222409,0.6919,603.9041028389668
4354.053567752832,0.728,545.496470559077
4354.093578283262,0.775,481.3393542055494
4354.1335888137,0.8035,447.79893207239616
4354.183601976759,0.719,559.238301363066
4354.223612507215,0.7139,567.2570683229466
4354.26362303768,0.7463,519.0722952305231
4354.303633568153,0.8157,434.5041284626745
4354.343644098631,0.8644,386.9237386216521
4354.383654629119,0.6522,679.6619794537387
4354.423665159614,0.714,567.098184135251
4354.463675690118,0.7991,452.7438383206344
4354.513688853259,0.6763,632.0855142598512
4354.553699383779,0.5939,819.6487552069756
4354.593709914308,0.5914,826.5931227798428
4354.633720444845,0.6417,702.0862449699632
4354.673730975389,0.7621,497.7724242320329
4354.713741505942,0.6649,653.9460554332796
4354.753752036503,0.7644,494.78144391989565
4354.793762567071,0.7135,567.8932732616775
4354.843775730293,0.7138,567.4160192919933
4354.883786260879,0.6741,636.2180027064959
4354.923796791472,0.6341,719.0167712924612
4354.963807322074,0.7429,523.8343950179717
4355.003817852683,0.6052,789.3263895510153
4355.043828383302,0.722,554.6005533498724
4355.083838913927,0.6226,745.8238530801342
4355.123849444561,0.671,642.1101898398226
4355.173862607863,0.7347,535.5926824293123
4355.213873138514,0.7091,574.9627394259551
4355.253883669173,0.6283,732.3528818187253
4355.29389419984,0.6415,702.5240903914139
4355.333904730514,0.7181,560.6409727829575
4355.373915261197,0.6265,736.5671732500487
4355.413925791887,0.6636,656.5107368544537
4355.453936322585,0.7022,586.3177060382059
4355.50394948597,0.7182,560.4848599560863
4355.543960016686,0.7294,543.404446700971
4355.583970547408,0.7376,531.38941965953
4355.623981078141,0.7059,580.1874127226391
4355.663991608881,0.638,710.2531652903355
4355.704002139628,0.5934,821.0306100967493
4355.744012670384,0.5371,1002.1759462334713
4355.784023201148,0.6052,789.3263895510153
4355.834036364613,0.7017,587.1535700281567
4355.874046895392,0.6993,591.1907062550191
4355.914057426182,0.6699,644.2206542530074
4355.954067956978,0.721,556.1400384765666
4355.9940784877845,0.7647,494.3933044588379
4356.034089018596,0.7516,511.7775114910462
4356.074099549416,0.7344,536.0303469283072
4356.114110080245,0.7321,539.4036695063002
4356.16412324379,0.7444,521.7254243666249
4356.204133774636,0.7317,539.9935838104021
4356.24414430549,0.6181,756.7231221111637
4356.284154836351,0.7102,573.1830482709436
4356.324165367222,0.7203,557.2214952285337
4356.364175898099,0.7084,576.0995892273168
4356.404186428984,0.7523,510.8255585128329
4356.4441969598765,0.7107,572.3768281835593
4356.494210123505,0.6053,789.0656065064129
4356.534220654416,0.6185,755.7446552355829
4356.574231185334,0.7971,455.01864076782846
4356.61424171626,0.729,544.0009380952481
4356.654252247195,0.6906,606.1798431109926
4356.694262778137,0.709,575.1249404064365
4356.734273309087,0.7072,578.0563342912365
4356.774283840045,0.7442,522.0058838284164
4356.8242970037545,0.794,458.5786145982937
4356.864307534729,0.7709,486.4729298833651
4356.904318065713,0.7322,539.2563419732573
4356.944328596704,0.7526,510.41839157060036
4356.984339127704,0.7464,518.9332178381957
4357.02434965871,0.7847,469.5128518630697
4357.064360189726,0.7355,534.4281942190397
4357.104370720748,0.7102,573.1830482709436
4357.154383884538,0.7128,569.0092102045392
4357.194394415578,0.7018,586.9862542967413
4357.234404946627,0.8081,442.71537861914913
4357.274415477684,0.7688,489.134186585521
4357.314426008747,0.7734,483.3329890641662
4357.354436539819,0.7365,532.9779168166789
4357.394447070898,0.6989,591.8676088589573
4357.434457601987,0.7606,499.73769876706064
4357.484470765858,0.7932,459.5040998042505
4357.524481296962,0.7073,577.8928917198956
4357.564491828077,0.6855,615.2331263490358
4357.604502359198,0.7139,567.2570683229466
4357.644512890327,0.7719,485.213292141394
4357.6845234214625,0.8751,377.51962808273913
4357.724533952608,0.8059,445.1357832121126
4357.76454448376,0.7701,487.4841751303131
4357.814557647713,0.7764,479.6050248246546
4357.854568178882,0.7938,458.8097235964282
4357.89457871006,0.8169,433.22852226066317
4357.934589241247,0.7017,587.1535700281567
4357.974599772439,0.8101,440.53210080778285
4358.014610303642,0.7913,461.7133879085552
4358.0546208348505,0.7672,491.1764956315057
4358.094631366069,0.7176,561.4225161344514
4358.144644530102,0.6585,666.7192876431501
4358.184655061336,0.7108,572.2157882960579
4358.224665592578,0.8271,422.60906154145636
4358.26467612383,0.7207,556.6031340917713
4358.3046866550885,0.6825,620.6536483856491
4358.344697186355,0.7172,562.0489280613258
4358.38470771763,0.6883,610.2377859712859
4358.424718248912,0.7743,482.21004880792077
4358.474731413026,0.8154,434.82391030686136
4358.514741944326,0.7918,461.130454054699
4358.554752475632,0.7278,545.7963170401239
4358.594763006949,0.6668,650.2246233926143
4358.634773538272,0.6919,603.9041028389668
4358.674784069603,0.6621,659.4887767808736
4358.714794600942,0.8142,436.10657443586626
4358.754805132288,0.6724,639.4391098933926
4358.804818296485,0.6659,651.983436269316
4358.844828827849,0.7197,558.1509708312783
4358.884839359222,0.7919,461.01399976593194
4358.924849890602,0.8408,408.94928916450215
4358.964860421989,0.8264,423.3253037347739
4359.004870953386,0.7945,458.00160548576275
4359.04488148479,0.7275,546.2465505261604
4359.084892016201,0.8416,408.17218947595603
4359.134905180477,0.8451,404.79828654082354
4359.174915711907,0.8267,423.01812000532465
4359.214926243343,0.7041,583.1576463730428
4359.254936774789,0.7206,556.7576278420851
4359.294947306242,0.8038,447.46473340868806
4359.334957837703,0.7268,547.2992643270782
4359.374968369171,0.7032,584.6513238400457
4359.414978900648,0.7596,501.05435487011033
4359.4649920650045,0.7166,562.990513505806
4359.505002596497,0.7817,473.12354543855207
4359.5450131279995,0.6392,707.5888898441284
4359.585023659511,0.7255,549.2623946049321
4359.625034191028,0.798,453.99286298943656
4359.665044722554,0.8161,434.07830112460465
4359.705055254086,0.8454,404.51104311697526
4359.745065785629,0.7379,530.9574256122071
4359.785076317178,0.6971,594.9281040899605
4359.835089481624,0.6819,621.7463466562027
4359.875100013191,0.6833,619.2011925648817
4359.9151105447645,0.8065,444.4737080957654
4359.9551210763475,0.7692,488.6255996161592
4359.99513160794,0.7106,572.5379360633173
4360.035142139537,0.7403,527.5203581686625
4360.075152671143,0.7942,458.34768017553563
4360.125165835661,0.7754,480.8428728217629
4360.165176367284,0.7445,521.5852793874324
4360.205186898916,0.735,535.1555537359236
4360.245197430556,0.7502,513.6894179255427
4360.285207962203,0.7928,459.9678933856983
4360.325218493858,0.7502,513.6894179255427
4360.365229025521,0.7047,582.1650392011038
4360.405239557192,0.6281,732.8193478678273
4360.455252721789,0.6328,721.9740419966378
4360.495263253479,0.6785,627.9931586676453
4360.535273785175,0.63,728.4058400204123
4360.575284316879,0.7629,496.72901454198063
4360.615294848591,0.7489,515.4743690722589
4360.655305380311,0.8579,392.8091075204553
4360.695315912038,0.7846,469.6325414307221
4360.735326443773,0.7974,454.67632889711433
4360.785339608454,0.7866,467.24741605674336
4360.825350140207,0.7114,571.2509746680817
4360.865360671967,0.6853,615.5922811741157
4360.905371203737,0.7595,501.1863065964756
4360.9453817355125,0.7879,465.7068150620816
4360.985392267296,0.6486,687.227720018474
4361.025402799089,0.7907,462.4143687850126
4361.065413330888,0.7904,462.765458010181
4361.105423862696,0.7792,476.16436888285597
4361.155437027467,0.8205,429.4352271675596
4361.195447559293,0.7919,461.01399976593194
4361.235458091126,0.6971,594.9281040899605
4361.275468622966,0.6906,606.1798431109926
4361.315479154816,0.7407,526.9507594560588
4361.355489686672,0.7313,540.5844663762005
4361.395500218538,0.766,492.716633240757
4361.43551075041,0.7717,485.4648279916553
4361.485523915261,0.7461,519.350617798941
4361.525534447152,0.6452,694.4897383422962
4361.565544979049,0.7793,476.0421737828503
4361.605555510955,0.7804,474.7011264416762
4361.645566042869,0.6792,626.6993776436024
4361.6855765747905,0.6323,723.116313631574
4361.725587106719,0.722,554.6005533498724
4361.765597638656,0.817,433.122475387056
4361.815610803589,0.773,483.833333092405
4361.855621335544,0.7583,502.7738013770966
4361.895631867506,0.7054,581.0101972607706
4361.935642399477,0.6799,625.4095906441034
4361.9756529314545,0.7308,541.3244344319744
4362.01566346344,0.7939,458.6941472644437
4362.0556739954345,0.7753,480.9669211289103
4362.105687160438,0.8187,431.32561975641084
4362.14569769245,0.859,391.80372252029986
4362.185708224469,0.8287,420.9787467659042
4362.225718756496,0.7488,515.6120582016955
4362.2657292885315,0.7127,569.1688982446609
4362.305739820574,0.8373,412.3753308055834
4362.345750352625,0.8907,364.41145221839076
4362.385760884683,0.8667,384.8728726733693
4362.42577141675,0.7565,505.169223197848
4362.475784581843,0.808,442.8249682791468
4362.515795113927,0.7608,499.4749903778572
4362.555805646019,0.69,607.2345257549586
4362.595816178118,0.8334,416.24388105174955
4362.635826710225,0.8961,360.03272104846775
4362.675837242341,0.7762,479.8522117329896
4362.715847774464,0.7377,531.2453630829293
4362.755858306595,0.7452,520.6058437350598
4362.805871471769,0.772,485.08759752015624
4362.845882003918,0.8897,365.2310899316339
4362.885892536075,0.7689,489.00696542721124
4362.925903068238,0.7626,497.1199083793478
4362.96591360041,0.7975,454.5623107773677
4363.00592413259,0.8296,420.0658371721291
4363.045934664778,0.8264,423.3253037347739
4363.085945196972,0.772,485.08759752015624
4363.135958362228,0.7435,522.9892749231084
4363.175968894441,0.7571,504.3688506440016
4363.215979426663,0.778,477.6343873233129
4363.2559899588905,0.8563,394.2784080203193
4363.2960004911265,0.8301,419.5599477361301
4363.336011023372,0.7183,560.3288123255433
4363.376021555623,0.8266,423.1204774202833
4363.416032087883,0.7825,472.15663202945785
4363.466045253221,0.7124,569.6483659095805
4363.506055785498,0.7147,565.9878615605166
4363.546066317784,0.693,601.9884712712892
4363.586076850076,0.7332,537.78638052794
4363.626087382377,0.7937,458.92534361625445
4363.666097914686,0.7632,496.3385815731202
4363.706108447002,0.699,591.6982742593842
4363.746118979328,0.7274,546.3967521613944
4363.796132144744,0.7649,494.1347984981876
4363.836142677085,0.8965,359.7115145788597
4363.876153209436,0.6765,631.7118313947957
4363.916163741794,0.8194,430.58898661111954
4363.956174274159,0.6948,598.8734047983107
4363.996184806533,0.8612,389.8044976944482
4364.036195338915,0.906,352.207453737324
4364.0762058713035,0.8536,396.77661345261845
4364.1262190368,0.7888,464.6447042832644
4364.166229569207,0.8559,394.64702124993266
4364.20624010162,0.9297,334.47934227634914
4364.2462506340435,0.8088,441.949388817492
4364.286261166474,0.7364,533.1226787343948
4364.326271698912,0.8405,409.2412737824579
4364.366282231357,0.8569,393.7264557575096
4364.406292763811,0.7543,508.12028122229435
4364.456305929389,0.8249,424.8662529799796
4364.496316461859,0.7423,524.68156526619
4364.536326994339,0.795,457.42568472590847
4364.576337526825,0.7583,502.7738013770966
4364.61634805932,0.7423,524.68156526619
4364.656358591822,0.719,559.238301363066
4364.696369124333,0.7048,581.999851087227
4364.73637965685,0.7154,564.8807966503365
4364.786392822509,0.7273,546.5470157566535
4364.826403355045,0.7301,542.3629448746349
4364.866413887587,0.6992,591.3598229989648
4364.906424420139,0.7077,577.2398141335484
4364.946434952697,0.8868,367.62373946631044
4364.986445485265,0.7972,454.90449387080906
4365.026456017838,0.7207,556.6031340917713
4365.066466550422,0.7357,534.1376655655886
4365.116479716161,0.8842,369.7889191556836
4365.15649024876,0.8241,425.69153526641156
4365.196500781368,0.6906,606.1798431109926
4365.236511313984,0.7254,549.4138419433917
4365.2765218466075,0.7807,474.3363697014651
4365.316532379239,0.788,465.5886230127886
4365.356542911877,0.8583,392.4430656999408
4365.396553444523,0.9238,338.76539505948165
4365.446566610344,0.8577,392.9923205074648
4365.4865771430095,0.8144,435.89240327199514
4365.52658767568,0.7279,545.6463629046216
4365.566598208361,0.7929,459.85187918266257
4365.606608741048,0.6837,618.4768758704139
4365.646619273744,0.7115,571.0904096567622
4365.686629806447,0.6767,631.3384798083769
4365.726640339159,0.7791,476.2866110382275
4365.776653505059,0.7796,475.67587057362607
4365.816664037788,0.8171,433.01646744635326
4365.856674570524,0.8197,430.2738642494767
4365.896685103268,0.8426,407.2039257786087
4365.936695636022,0.8615,389.53306216947766
4365.976706168781,0.8361,413.55988987165716
4366.01671670155,0.8254,424.3516696826741
4366.056727234324,0.8,451.7257389602412
4366.106740400304,0.7468,518.377466849247
4366.146750933099,0.7974,454.67632889711433
4366.1867614658995,0.8778,375.2007987009237
4366.2267719987085,0.8608,390.16685328237025
4366.266782531524,0.7899,463.35149590749927
4366.306793064349,0.7583,502.7738013770966
4366.346803597182,0.75,513.963421778741
4366.386814130022,0.7585,502.5086955875508
4366.436827296083,0.7513,512.1863061204276
4366.476837828941,0.7472,517.8226081538905
4366.516848361805,0.8205,429.4352271675596
4366.556858894678,0.7971,455.01864076782846
4366.59686942756,0.7375,531.5335348393091
4366.636879960449,0.7623,497.51126381085504
4366.676890493345,0.7727,484.209101150327
4366.71690102625,0.795,457.42568472590847
4366.766914192391,0.9351,330.627409104865
4366.806924725313,0.893,362.536724235953
4366.846935258242,0.7834,471.0723932427128
4366.886945791181,0.7762,479.8522117329896
4366.926956324126,0.8754,377.2609204001495
4366.966966857079,0.8083,442.49632130880786
4367.0069773900395,0.7979,454.10666691052114
4367.046987923008,0.8116,438.9052237880792
4367.097001089231,0.8616,389.4426466623042
4367.137011622217,0.8131,437.2873421966244
4367.177022155211,0.8395,410.2168176223637
4367.217032688214,0.8447,405.1817539506646
4367.257043221222,0.7882,465.35237385642904
4367.29705375424,0.8134,436.964839493788
4367.337064287265,0.8277,421.996585460838
4367.377074820299,0.7853,468.7956743900119
4367.427087986601,0.7936,459.041007345944
4367.467098519652,0.8034,447.9104148315731
4367.507109052711,0.7631,496.4686747331953
4367.547119585776,0.7296,543.1065688378502
4367.58713011885,0.7587,502.243799422755
4367.627140651933,0.8871,367.3751353651336
4367.667151185021,0.8368,412.86827779148007
4367.707161718119,0.8078,443.0442697094994
4367.757174884502,0.8683,383.4557851920563
4367.797185417617,0.766,492.716633240757
4367.837195950739,0.8886,366.13588941953026
4367.8772064838695,0.9148,345.4638712334926
4367.917217017008,0.8634,387.82053584140687
4367.957227550154,0.9061,352.1297167039455
4367.997238083309,0.9178,343.2091388978927
4368.037248616471,0.854,396.4050132398432
4368.087261782934,0.7805,474.57949412694126
4368.127272316113,0.8128,437.61020206682986
4368.167282849298,0.7857,468.3184685902849
4368.207293382493,0.8354,414.25324122887054
4368.247303915698,0.9579,315.07550676487494
4368.287314448908,0.9031,354.4730731017642
4368.327324982126,0.8655,385.94084976034804
4368.367335515352,0.7082,576.4250227898966
4368.4173486818945,0.7184,560.1728298550307
4368.457359215138,0.7677,490.53690216324526
4368.49736974839,0.7274,546.3967521613944
4368.53738028165,0.7621,497.7724242320329
4368.577390814917,0.8294,420.2684491699758
4368.6174013481905,0.9179,343.1343616738622
4368.657411881473,0.8965,359.7115145788597
4368.697422414764,0.9254,337.59497043887166
4368.747435581387,0.7282,545.1968711021096
4368.787446114695,0.8721,380.1214067017559
4368.82745664801,0.8091,441.6217159147996
4368.867467181334,0.884,369.95626319734595
4368.907477714665,0.8436,406.23910336344295
4368.947488248004,0.8552,395.29333942375285
4368.987498781351,0.8412,408.5604621808902
4369.027509314706,0.8406,409.143910840563
4369.07752248141,0.8203,429.6446564273559
4369.117533014782,0.7952,457.1956205476957
4369.157543548161,0.8215,428.3903742584138
4369.197554081548,0.815,435.2508355405041
4369.237564614944,0.8212,428.70342937433134
4369.277575148347,0.8661,385.4063063282115
4369.317585681758,0.7998,451.9516862739991
4369.357596215177,0.8145,435.78537684844906
4369.407609381961,0.8354,414.25324122887054
4369.447619915397,0.8111,439.44651334940596
4369.487630448842,0.81,440.6408807461073
4369.527640982293,0.7833,471.1926796876259
4369.567651515753,0.9019,355.4169697566352
4369.60766204922,0.8323,417.3448549470966
4369.647672582695,0.9273,336.2129524919662
4369.687683116178,0.8674,384.25193194957404
4369.727693649669,0.9282,335.5612726119644
4369.777706816543,0.892,363.3500415745226
4369.817717350052,0.7509,512.7321279800342
4369.857727883567,0.9315,333.18791883500455
4369.897738417091,0.8206,429.33056995625464
4369.937748950623,0.7477,517.1302866645634
4369.977759484163,0.8353,414.352433744592
4370.01777001771,0.7956,456.7360125887652
4370.057780551264,0.7642,495.0404575505269
4370.107793718218,0.8561,394.4626500493079
4370.147804251791,0.8617,389.35226263133677
4370.187814785371,0.8206,429.33056995625464
4370.22782531896,0.8745,378.0378424297658
4370.267835852555,0.8134,436.964839493788
4370.307846386158,0.8064,444.58395132889507
4370.34785691977,0.9098,349.27144184941324
4370.397870086796,0.8916,363.67613501466167
4370.437880620424,0.849,401.08783790344165
4370.477891154061,0.8402,409.5335712220698
4370.517901687705,0.8266,423.1204774202833
4370.557912221357,0.8113,439.2298774287339
4370.597922755017,0.8238,426.00163616192657
4370.6379332886845,0.747,518.099926084312
4370.677943822359,0.8621,388.9910409774814
4370.7279569894645,0.8668,384.78407474353065
4370.767967523158,0.8778,375.2007987009237
4370.807978056859,0.8876,366.9613552306057
4370.847988590567,0.765,494.00562154230164
4370.887999124283,0.8136,436.75003585810725
4370.928009658008,0.7973,454.79038992108514
4370.968020191739,0.9434,324.8353105425777
4371.008030725478,0.9336,331.6906888646516
4371.048041259226,0.8801,373.24230931797433
4371.098054426422,0.9634,311.48828040500536
4371.138064960186,0.8314,418.248904065311
4371.178075493959,0.857,393.63457640507494
4371.218086027739,0.8892,365.64194616674877
4371.258096561527,0.8674,384.25193194957404
4371.298107095324,0.7867,467.1286370747861
4371.338117629127,0.8444,405.4697122056134
4371.378128162938,0.862,389.08129924962657
4371.428141330214,0.8739,378.55712452474404
4371.468151864043,0.7797,475.553863453759
4371.5081623978795,0.962,312.3955578585228
4371.548172931724,0.9325,332.47369061222093
4371.588183465577,0.8279,421.7927226252598
4371.628193999437,0.8199,430.0639748186839
4371.668204533305,0.8502,399.95642135414863
4371.7082150671795,0.8314,418.248904065311
4371.758228234535,0.8322,417.4451600247666
4371.798238768428,0.7852,468.91508980755304
4371.838249302329,0.8353,414.352433744592
4371.878259836238,0.8048,446.3534357431023
4371.918270370154,0.8522,398.0813374260379
4371.9582809040785,0.8762,376.57233192393045
4371.998291438011,0.8494,400.7101662051582
4372.038301971951,0.843,406.8175847729804
4372.088315139385,0.8162,433.9719421003595
4372.128325673343,0.8221,427.7652918708025
4372.168336207308,0.784,470.3516408923775
4372.20834674128,0.83,419.661052487185
4372.248357275262,0.953,318.32385383827375
4372.288367809249,0.9231,339.27937064433826
4372.328378343245,0.8489,401.18233925562527
4372.36838887725,0.8227,427.1415766116616
4372.418402044765,0.8774,375.5429786840343
4372.458412578785,0.891,364.16609888866986
4372.498423112815,0.802,449.4755547803638
4372.538433646851,0.7829,471.67428648147194
4372.578444180896,0.8461,403.84199628088214
4372.618454714948,0.8634,387.82053584140687
4372.658465249009,0.8246,425.1754523664231
4372.698475783077,0.7913,461.7133879085552
4372.748488950672,0.7864,467.4851099721784
4372.788499484757,0.7747,481.7122200358125
4372.8285100188505,0.821,428.91232346656136
4372.868520552952,0.6797,625.7776946210587
4372.908531087059,0.8129,437.5025423922834
4372.9485416211755,0.8936,362.0500439211865
4372.9885521553,0.9473,322.1661485548417
4373.028562689432,0.9156,344.8604416646613
4373.078575857107,0.9418,325.93995574881313
4373.118586391257,0.864,387.282083858936
4373.158596925414,0.8986,358.03221193986695
4373.198607459579,0.9005,356.52295531785745
4373.238617993751,0.8871,367.3751353651336
4373.278628527933,0.8772,375.71424423899487
4373.3186390621195,0.7202,557.3762465216774
4373.358649596315,0.7677,490.53690216324526
4373.408662764072,0.7557,506.2393535573525
4373.448673298285,0.8433,406.5281897243751
4373.4886838325065,0.8754,377.2609204001495
4373.528694366734,0.7753,480.9669211289103
4373.568704900972,0.9012,355.96931823891236
4373.608715435216,0.9807,300.59562850214417
4373.648725969468,0.816,434.1846992537803
4373.688736503728,0.7683,489.7710376993085
4373.738749671563,0.7089,575.2872100336347
4373.778760205841,0.7398,528.2336562345538
4373.818770740126,0.7783,477.26624517724434
4373.858781274419,0.8923,363.10575923433373
4373.898791808719,0.8745,378.0378424297658
4373.9388023430265,0.8875,367.04405531299125
4373.978812877343,0.9902,294.8554608789026
4374.018823411667,1.301,170.8050221294624
4374.068836579583,1.2808,176.2351695765385
4374.108847113924,0.9736,304.9958107345769
4374.1488576482725,0.8817,371.8889120906223
4374.188868182629,0.8771,375.79992095403605
4374.228878716994,0.9294,334.69530932953313
4374.268889251367,0.8817,371.8889120906223
4374.308899785747,0.8421,407.6876264452225
4374.348910320135,0.7542,508.2550341508163
4374.39892348813,0.7974,454.67632889711433
4374.438934022535,0.8117,438.7970858930541
4374.478944556949,0.8045,446.6863899535596
4374.518955091369,0.8746,377.95139930189094
4374.558965625798,0.8667,384.8728726733693
4374.598976160234,0.7928,459.9678933856983
4374.638986694677,0.8429,406.9141184624087
4374.67899722913,0.8881,366.54827377276763
4374.7290103972055,0.9861,297.312451756295
4374.769020931674,0.9265,336.79381853543134
4374.809031466151,0.8748,377.77860197082697
4374.849042000636,0.9474,322.0981416293843
4374.889052535128,0.8674,384.25193194957404
4374.929063069628,0.703,584.9840314685797
4374.969073604136,0.7536,509.06467856165114
4375.009084138652,0.8571,393.542729210108
4375.059097306808,0.7736,483.083108047604
4375.099107841342,0.8433,406.5281897243751
4375.139118375882,0.8192,430.7992605481285
4375.17912891043,0.8044,446.79745748209575
4375.219139444986,0.8368,412.86827779148007
4375.259149979551,0.8864,367.9556043328595
4375.299160514122,0.8051,446.02085366354004
4375.339171048701,0.8154,434.82391030686136
4375.389184216938,0.9413,326.2863131011327
4375.429194751535,0.9549,317.0583538311181
4375.469205286138,0.8648,386.56589051009865
4375.509215820751,0.7902,462.9997396782711
4375.5492263553715,0.8318,417.8467421641737
4375.5892368899995,0.8906,364.4932917651591
4375.629247424636,0.9713,306.44195547150116
4375.669257959279,1.06,257.30210948332063
4375.719271127594,1.0012,288.4120140327045
4375.7592816622555,0.8788,374.3473920125568
4375.799292196924,0.8522,398.0813374260379
4375.839302731601,0.787,466.7725717555992
4375.879313266284,0.859,391.80372252029986
4375.919323800977,0.8865,367.8725959998561
4375.959334335676,0.77,487.6108024541493
4375.9993448703835,0.9072,351.2763052596047
4376.049358038778,0.9141,345.9931722671676
4376.0893685735045,0.889,365.80648279863027
4376.129379108235,0.9372,329.1473857686523
4376.169389642976,0.9305,333.90445101643337
4376.209400177724,0.8391,410.60801209638885
4376.24941071248,0.9193,342.0900414441824
4376.289421247244,1.0124,282.0660168792742
4376.3294317820155,0.9718,306.12670253190106
4376.379444950489,0.9001,356.83989945968256
4376.419455485278,0.8377,411.98160858083395
4376.459466020075,0.8667,384.8728726733693
4376.499476554879,0.8839,370.03997781938375
4376.539487089691,0.8907,364.41145221839076
4376.579497624511,0.8692,382.6621102254945
4376.619508159338,0.835,414.6502251495541
4376.659518694173,0.9108,348.5049084283127
4376.709531862727,0.973,305.37207737570156
4376.749542397581,0.8332,416.4437338307311
4376.7895529324405,0.8608,390.16685328237025
4376.829563467309,0.7231,552.9144912681639
4376.869574002184,0.6929,602.1622426790339
4376.9095845370675,0.6966,595.7824548806738
4376.949595071959,0.8314,418.248904065311
4376.989605606858,0.8923,363.10575923433373
4377.039618775492,0.906,352.207453737324
4377.079629310409,0.8892,365.64194616674877
4377.119639845332,0.9025,354.94455078879923
4377.159650380264,0.927,336.430601031174
4377.199660915204,0.8308,418.853236413418
4377.239671450151,0.7552,506.9099127036821
4377.279681985106,0.9391,327.81686350341323
4377.319692520068,0.9917,293.96416662185055
4377.369705688783,0.9634,311.48828040500536
4377.409716223763,0.8843,369.70528971036754
4377.449726758752,0.8315,418.14830917634987
4377.489737293747,0.8922,363.18715930183214
4377.529747828749,0.8234,426.4156313937387
4377.569758363761,0.8416,408.17218947595603
4377.609768898779,0.8058,445.2462728749236
4377.649779433806,0.8219,427.973500566357
4377.6997926026015,0.8647,386.65530598275006
4377.739803137644,0.9548,317.124770803284
4377.779813672695,0.918,343.05960888547554
4377.819824207755,0.9181,342.984880522087
4377.859834742822,0.9334,331.8328469401524
4377.899845277897,0.7169,562.5194252661756
4377.93985581298,0.7614,498.6881069480014
4377.97986634807,0.8123,438.1490969892127
4378.029879516944,0.9377,328.7964640655222
4378.069890052051,0.7241,551.3883707476699
4378.109900587167,0.7098,573.8292514220257
4378.149911122289,0.9298,334.4073997089251
4378.189921657421,0.8601,390.80219247260544
4378.229932192558,0.7709,486.4729298833651
4378.269942727705,0.8616,389.4426466623042
4378.309953262859,0.6998,590.3462097386151
4378.349963798021,0.8396,410.1191063551426
4378.3999769669845,0.9109,348.42839390505554
4378.4399875021645,0.9606,313.30680505747097
4378.47999803735,0.954,317.65685869338023
4378.520008572545,0.9964,291.19746321360736
4378.560019107747,0.8876,366.9613552306057
4378.600029642957,0.8112,439.3381753598861
4378.640040178175,0.9258,337.3033120456874
4378.690053347208,0.9474,322.0981416293843
4378.730063882444,0.8435,406.33543121222993
4378.770074417686,1.008,284.5338699881328
4378.810084952936,0.8787,374.43260158741646
4378.850095488196,0.9401,327.11982667106247
4378.890106023462,0.9029,354.63012789844856
4378.930116558735,0.7818,473.00251891469935
4378.970127094016,0.8262,423.5302788153188
4379.020140263128,0.8845,369.5381159065917
4379.0601507984275,0.9477,321.89425000492423
4379.100161333735,0.8014,450.148841407334
4379.140171869049,0.7592,501.5824746697923
4379.1801824043705,0.8815,372.0576838107836
4379.220192939701,0.7337,537.0536527053882
4379.260203475037,0.6842,617.5732658336137
4379.300214010384,0.7318,539.8460145425349
4379.350227179577,0.9542,317.5237112461054
4379.390237714939,1.1032,237.54538808176625
4379.430248250309,1.0131,281.6763657007765
4379.470258785686,0.9504,320.06790525422275
4379.510269321072,0.9986,289.9158127166511
4379.550279856466,0.9348,330.8396556443275
4379.590290391867,0.8402,409.5335712220698
4379.630300927276,0.8321,417.5455012679158
4379.670311462692,0.906,352.207453737324
4379.720324631975,0.8176,432.4870110698732
4379.760335167408,0.8577,392.9923205074648
4379.80034570285,0.8781,374.9444705297615
4379.840356238299,0.7801,475.06630408146947
4379.880366773757,0.987,296.77048835566285
4379.92037730922,0.7636,495.8187199363599
4379.960387844693,0.7068,578.7107984519232
4380.000398380174,0.7658,492.97402698836294
4380.050411549536,0.8135,436.8574178723179
4380.0904220850325,0.8162,433.9719421003595
4380.130432620538,0.8845,369.5381159065917
4380.170443156051,0.9684,308.2800624251921
4380.210453691572,0.8631,388.09018303397824
4380.250464227102,0.962,312.3955578585228
4380.290474762638,1.0172,279.4102538033677
4380.330485298181,0.9616,312.6555081139062
4380.380498467621,0.9342,331.2647623160539
4380.420509003183,0.9389,327.95653819902384
4380.460519538753,1.0202,277.7694039865592
4380.50053007433,0.9407,326.7026711610451
4380.5405406099135,0.8329,416.74378298371255
4380.580551145506,0.8519,398.3617583413648
4380.620561681106,0.9413,326.2863131011327
4380.670574850616,0.8945,361.3218588986251
4380.710585386234,0.7841,470.23167633479113
4380.750595921859,0.8902,364.82092580005747
4380.790606457492,1.0051,286.1781596977152
4380.830616993132,0.9991,289.62570864454403
4380.8706275287805,0.9141,345.9931722671676
4380.910638064436,0.8057,445.35680368073406
4380.950648600099,0.7703,487.2310684147638
4380.990659135769,0.8706,381.43239372573873
4381.04067230537,0.8339,415.74487806111506
4381.080682841059,0.8393,410.4123449450427
4381.120693376755,0.7726,484.33445445363583
4381.160703912459,0.8302,419.45887951791303
4381.20071444817,0.902,355.3381677889716
4381.24072498389,0.8648,386.56589051009865
4381.280735519617,0.9556,316.5940186969764
4381.320746055352,0.8871,367.3751353651336
4381.370759225031,0.918,343.05960888547554
4381.410769760783,0.9254,337.59497043887166
4381.450780296543,0.8738,378.64377555536606
4381.490790832311,0.8221,427.7652918708025
4381.530801368086,0.8587,392.0775352889518
4381.570811903869,0.8565,394.0942950423303
4381.61082243966,0.9002,356.7606238135886
4381.650832975457,0.8266,423.1204774202833
4381.700846145217,0.8908,364.3296402316343
4381.740856681032,0.7734,483.3329890641662
4381.780867216856,0.7546,507.7163438221625
4381.820877752687,0.8347,414.9483376999618
4381.860888288526,0.9351,330.627409104865
4381.900898824372,0.8228,427.0377567037963
4381.940909360226,0.837,412.6709929850358
4381.980919896088,0.7872,466.5354210017081
4382.0309330659275,0.8562,394.37051289590215
4382.070943601807,0.9921,293.7271706662482
4382.110954137694,0.8397,410.02142999514996
4382.1509646735885,0.8233,426.5192244971351
4382.19097520949,0.8104,440.2060025716087
4382.2309857454,0.7952,457.1956205476957
4382.270996281319,0.8368,412.86827779148007
4382.311006817244,0.7696,488.11780545468963
4382.361019987161,0.8798,373.4968936691331
4382.401030523104,0.9191,342.2389379252067
4382.441041059054,0.8762,376.57233192393045
4382.481051595013,0.8365,413.16447036936825
4382.52106213098,1.0385,268.06620036854787
4382.561072666953,0.957,315.6684033138093
4382.601083202933,0.8491,400.9933699380238
4382.641093738923,0.897,359.3106106103632
4382.691106908919,0.8822,371.4674848587127
4382.731117444927,0.7626,497.1199083793478
4382.771127980941,0.816,434.1846992537803
4382.811138516962,0.934,331.4066466307805
4382.851149052992,0.9506,319.93323919130194
4382.891159589029,0.7902,462.9997396782711
4382.931170125074,0.8174,432.69867703117603
4382.971180661127,0.9935,292.89993787370196
4383.021193831203,1.1824,206.7884700421586
4383.061204367273,1.0548,259.8452791629329
4383.1012149033495,1.0625,256.09270167380276
4383.141225439435,0.9846,298.21902890846326
4383.181235975529,0.841,408.7548063219506
4383.221246511629,0.7039,583.4890796245461
4383.261257047737,0.9542,317.5237112461054
4383.301267583854,0.9807,300.59562850214417
4383.351280754009,0.8876,366.9613552306057
4383.391291290143,0.8224,427.45326359950485
4383.431301826285,0.8531,397.2418489736866
4383.471312362432,0.6773,630.2204088091685
4383.511322898588,0.8949,360.9989260981016
4383.551333434753,0.9499,320.4049426322535
4383.591343970926,0.8854,368.7872351864586
4383.631354507105,0.7925,460.31619953555423
4383.68136767734,0.905,352.98624192269784
4383.721378213537,0.8567,393.9103109948455
4383.761388749742,0.7726,484.33445445363583
4383.801399285954,0.7149,565.6712254436518
4383.841409822174,0.7763,479.7285943975982
4383.881420358401,0.8004,451.27435235367386
4383.921430894636,0.8782,374.85908617624204
4383.96144143088,0.8708,381.2572039447209
4384.011454601195,0.8017,449.8120091337703
4384.051465137454,0.8607,390.2575211261224
4384.091475673722,0.8214,428.4946878521565
4384.131486209997,0.8404,409.33867148230803
4384.171496746281,0.8713,380.81975717160395
4384.211507282572,0.8932,362.37438848587914
4384.251517818871,0.8941,361.6452252139726
4384.291528355178,0.8605,390.43895165251917
4384.341541525571,0.8486,401.46604379016225
4384.381552061895,0.8889,365.88879276546186
4384.421562598227,0.9764,303.2490616223305
4384.461573134566,0.9352,330.55670564490407
4384.5015836709135,0.8566,394.00228690980043
4384.541594207268,0.8859,368.3710677321333
4384.58160474363,0.9163,344.3337367923723
4384.621615280001,0.8796,373.6667613049137
4384.671628450473,0.8555,395.0161516493415
4384.71163898686,0.8833,370.54286277892675
4384.751649523255,0.8303,419.3578478149352
4384.791660059658,0.8386,411.09779260074134
4384.831670596069,1.0088,284.08276647118646
4384.871681132486,0.8021,449.363487213775
4384.911691668912,0.8997,357.1572664281028
4384.951702205345,0.9607,313.241583828618
4385.001715375897,0.9578,315.14130163345897
4385.041725912347,0.8951,360.8376220237798
4385.081736448806,0.8745,378.0378424297658
4385.121746985272,0.7679,490.28141453036744
4385.161757521745,0.8419,407.8813480590925
4385.201768058228,0.9366,329.56923389484155
4385.2417785947155,0.8676,384.0747963109866
4385.281789131213,1.0145,280.8994816665102
4385.331802301844,1.0255,274.9056845318628
4385.371812838358,1.0028,287.4924076776572
4385.4118233748795,0.9666,309.429286939395
4385.451833911409,0.9291,334.9114856190935
4385.491844447946,0.9511,319.5969456286879
4385.531854984491,0.9509,319.7313993964454
4385.571865521043,0.8896,365.3132057605809
4385.611876057604,0.8517,398.5488702648358
4385.661889228314,0.929,334.9835909259717
4385.701899764892,1.012,282.28903781391455
4385.741910301476,0.9367,329.4988695754107
4385.78192083807,0.868,383.72089229482435
4385.82193137467,0.8814,372.1421127573925
4385.861941911277,1.0184,278.75217360878247
4385.901952447894,0.867,384.6065710526689
4385.941962984517,0.8665,385.0505607727815
4385.991976155307,0.8594,391.4390847860015
4386.031986691948,0.901,356.127368596878
4386.071997228596,1.0252,275.06659692274695
4386.112007765253,0.8623,388.8106186283673
4386.152018301916,0.7697,487.99098059745774
4386.192028838587,0.8703,381.6954048921191
4386.232039375266,0.9628,311.8766289887425
4386.272049911953,0.9242,338.47221893423296
4386.322063082822,0.9716,306.25274530459575
4386.362073619526,0.8892,365.64194616674877
4386.402084156239,0.8269,422.81351657010816
4386.442094692958,0.8433,406.5281897243751
4386.482105229686,0.9143,345.8418193407696
4386.52211576642,0.7274,546.3967521613944
4386.562126303162,0.7048,581.999851087227
4386.602136839912,0.7907,462.4143687850126
4386.652150010861,0.8422,407.5908173883005
4386.692160547627,0.8283,421.3854398839871
4386.7321710844035,0.8449,404.9899521666314
4386.772181621186,0.9108,348.5049084283127
4386.812192157976,0.9378,328.7263470718567
4386.852202694774,0.9759,303.55987875030115
4386.89221323158,1.0215,277.0628546039873
4386.932223768393,1.0257,274.79848803588794
4386.9822369394205,0.8282,421.48720524763405
4387.022247476252,0.8558,394.739255327346
4387.06225801309,0.7778,477.8800521119287
4387.102268549936,0.6972,594.7574544670757
4387.14227908679,0.8596,391.2569567766175
4387.182289623651,0.8631,388.09018303397824
4387.222300160521,0.8781,374.9444705297615
4387.262310697397,0.871,381.08213483153236
4387.312323868504,0.8827,371.0467735677558
4387.352334405397,0.9514,319.39542394187265
4387.3923449423,1.0193,278.26013798959485
4387.432355479208,0.951,319.66416190896837
4387.472366016126,0.9264,336.8665326184418
4387.512376553051,0.9459,323.1205114066962
4387.552387089982,0.9936,292.84098358549977
4387.592397626922,1.0216,277.00861634572885
4387.642410798108,0.7997,452.0647235076191
4387.682421335066,0.9697,307.45404400282047
4387.72243187203,1.0561,259.20596349641943
4387.762442409004,0.9657,310.00631052761184
4387.802452945984,0.8674,384.25193194957404
4387.842463482972,1.0795,248.09030828132
4387.882474019966,0.9375,328.93676537107854
4387.92248455697,0.9304,333.97623133376567
4387.972497728236,0.9712,306.50506449464166
4388.012508265255,0.8722,380.0342479812838
4388.052518802284,0.92,341.5696682510129
4388.092529339319,0.8985,358.11191182574413
4388.132539876363,0.8867,367.70666357924716
4388.172550413414,0.9196,341.86687884973514
4388.212560950473,0.9627,311.94142435656477
4388.25257148754,0.7753,480.9669211289103
4388.292582024615,0.9191,342.2389379252067
4388.342595195968,0.9656,310.07052387516086
4388.382605733058,1.0008,288.6426050495152
4388.422616270157,1.0034,287.1486889223962
4388.462626807264,0.8745,378.0378424297658
4388.50263734438,0.8105,440.09738361958813
4388.5426478815025,0.8405,409.2412737824579
4388.582658418632,0.8199,430.0639748186839
4388.632671590053,0.7989,452.97055002040787
4388.672682127201,0.8391,410.60801209638885
4388.712692664355,0.963,311.7470988042133
4388.752703201518,0.8479,402.1291925157703
4388.792713738689,0.8627,388.4501503032809
4388.832724275866,0.9201,341.49542616091196
4388.8727348130515,0.957,315.6684033138093
4388.912745350244,0.9313,333.3310406379208
4388.962758521745,1.0326,271.1382659009592
4389.002769058956,1.0389,267.8598172043058
4389.042779596174,0.9942,292.487631353269
4389.0827901334,0.8968,359.4708917324508
4389.122800670633,0.7859,468.0801388879013
4389.162811207874,1.021,277.33428499003907
4389.202821745121,0.9104,348.8112186974592
4389.242832282379,0.9065,351.819025792994
4389.29284545396,0.9,356.91920153243063
4389.3328559912325,0.8639,387.3717479520636
4389.372866528513,0.86,390.89308188168843
4389.412877065803,0.8721,380.1214067017559
4389.452887603098,0.9377,328.7964640655222
4389.492898140402,0.8865,367.8725959998561
4389.532908677714,0.8496,400.52153036236
4389.572919215033,0.9138,346.22038801778433
4389.61292975236,0.8456,404.3197173233628
4389.66294292403,0.7948,457.655922602788
4389.702953461374,0.7828,471.79480355128266
4389.742963998726,0.8212,428.70342937433134
4389.782974536085,0.8587,392.0775352889518
4389.822985073452,0.8182,431.8529442287666
4389.862995610827,0.9208,340.976408619216
4389.90300614821,0.876,376.74430219318083
4389.943016685599,0.8797,373.5818130047474
4389.993029857348,0.8909,364.2478557925161
4390.0330403947555,0.8795,373.7517385828058
4390.073050932171,0.8568,393.81836728242564
4390.113061469594,0.8585,392.26023662782217
4390.153072007023,0.825,424.7632614675957
4390.1930825444615,0.8401,409.63107329510376
4390.233093081907,0.8749,377.6922477405359
4390.27310361936,0.8907,364.41145221839076
4390.323116791187,0.9119,347.6646326002037
4390.363127328658,0.9053,352.75233446736434
4390.403137866137,0.7687,489.2614573975061
4390.443148403622,0.7425,524.3989469795196
4390.483158941115,0.8154,434.82391030686136
4390.523169478616,0.8494,400.7101662051582
4390.563180016125,0.7147,565.9878615605166
4390.613193188023,0.8932,362.37438848587914
4390.653203725547,0.95,320.33749258131
4390.693214263082,0.9274,336.14044991198847
4390.733224800622,0.8798,373.4968936691331
4390.773235338172,0.8463,403.65114490398514
4390.813245875728,0.7664,492.20245013931407
4390.853256413292,0.8752,377.433362628178
4390.893266950864,1.0065,285.3825901345667
4390.933277488443,1.0042,286.691355285082
4390.983290660429,0.8777,375.2862998391856
4391.023301198026,0.9057,352.4408193527846
4391.063311735629,0.9618,312.5254924450446
4391.103322273242,0.995,292.0174890342095
4391.1433328108615,1.0021,287.8941934723809
4391.183343348488,0.957,315.6684033138093
4391.223353886124,0.8647,386.65530598275006
4391.263364423766,0.8198,430.1689003322164
4391.3133775958295,0.9768,303.00075149866893
4391.35338813349,0.8915,363.7577269661813
4391.393398671157,0.8876,366.9613552306057
4391.433409208833,0.8701,381.87089682826644
4391.473419746515,0.7713,485.9684868330784
4391.513430284206,0.9648,310.5849496720282
4391.553440821904,0.9287,335.20004661802557
4391.593451359609,0.8742,378.2973498255355
4391.643464531752,0.8944,361.4026598051527
4391.683475069475,0.928,335.70592652168773
4391.723485607206,0.9163,344.3337367923723
4391.763496144943,0.9653,310.26328367112313
4391.80350668269,0.9465,322.71098018024566
4391.843517220444,1.0051,286.1781596977152
4391.883527758204,1.0396,267.49921973232756
4391.923538295972,0.9692,307.77135006220453
4391.973551468194,0.8167,433.44073288287177
4392.013562005981,0.9597,313.89471387915677
4392.053572543773,0.9984,290.03197640267695
4392.093583081575,1.0143,281.0102681788233
4392.133593619384,1.0335,270.66624277211156
4392.1736041572,1.0174,279.30041204356445
4392.213614695023,0.951,319.66416190896837
4392.253625232857,0.9418,325.93995574881313
4392.303638405157,0.8623,388.8106186283673
4392.343648943006,0.8552,395.29333942375285
4392.383659480862,0.9183,342.8354970277507
4392.423670018726,0.9364,329.7100301687476
4392.463680556598,0.8568,393.81836728242564
4392.503691094479,0.8544,396.0339348146889
4392.543701632365,0.9271,336.3580280414339
4392.58371217026,0.9641,311.03612313097653
4392.633725342638,0.8834,370.4589774561207
4392.673735880551,0.8167,433.44073288287177
4392.71374641847,0.8423,407.4940428095435
4392.753756956398,0.8714,380.7323581655973
4392.793767494333,0.8264,423.3253037347739
4392.833778032275,0.9433,324.90418623094274
4392.873788570226,0.9755,303.808876642021
4392.913799108184,0.9379,328.65625250484044
4392.96381228064,0.9018,355.4957979406159
4393.003822818616,0.9438,324.560026685077
4393.043833356598,0.8198,430.1689003322164
4393.083843894589,0.8118,438.6889879577855
4393.123854432586,0.8493,400.8045341045935
4393.163864970593,0.9159,344.63456312793244
4393.203875508606,0.9284,335.41671217800956
4393.243886046626,0.807,443.92310652891683
4393.293899219163,0.8378,411.8832661292254
4393.333909757201,0.9058,352.3630050503709
4393.3739202952465,0.9665,309.493321077931
4393.4139308333,1.0479,263.2784952587591
4393.453941371361,1.073,251.10516353210642
4393.49395190943,0.9874,296.5300912915205
4393.5339624475055,0.924,338.6187594033827
4393.573972985589,0.9668,309.30127826689227
4393.623986158204,0.9983,290.0900844287496
4393.663996696306,1.0007,288.70029601356345
4393.704007234414,0.9943,292.4288014972899
4393.744017772529,0.9933,293.0178998712856
4393.784028310653,0.9888,295.69099780954406
4393.824038848786,0.8698,382.1343617484273
4393.864049386925,0.9132,346.6754914964568
4393.904059925071,0.9561,316.2629749723909
4393.954073097765,0.9304,333.97623133376567
4393.994083635929,0.874,378.47050323530306
4394.034094174101,0.8654,386.030048443535
4394.074104712279,0.8929,362.6179330206436
4394.114115250466,0.8178,432.2755003835661
4394.15412578866,0.8154,434.82391030686136
4394.1941363268625,0.8267,423.01812000532465
4394.234146865072,0.8656,385.85168198985565
4394.284160037844,0.9097,349.3482342545872
4394.324170576072,0.8592,391.6213399944036
4394.364181114306,0.9355,330.3447312887736
4394.404191652548,0.9096,349.4250519884359
4394.444202190797,0.8726,379.6859126993424
4394.484212729055,0.8763,376.48639094121967
4394.52422326732,0.9053,352.75233446736434
4394.564233805592,0.9182,342.9101765730567
4394.6142469784445,0.9228,339.50000403335315
4394.654257516734,0.8264,423.3253037347739
4394.694268055032,0.9248,338.0331678252411
4394.734278593336,0.9681,308.47115477698947
4394.774289131648,0.8945,361.3218588986251
4394.814299669969,0.8207,429.2259509991378
4394.854310208297,0.9459,323.1205114066962
4394.894320746631,0.774,482.5839270072359
4394.944333919561,0.9641,311.03612313097653
4394.984344457915,0.8996,357.2366743250036
4395.024354996274,0.8784,374.6884049447725
4395.064365534643,0.8626,388.54022037426756
4395.104376073018,0.7849,469.2736099542099
4395.144386611401,0.8337,415.9443715224135
4395.184397149792,0.9885,295.87050346553116
4395.22440768819,0.9376,328.86660349540506
4395.274420861198,0.8659,385.58436401176135
4395.3144313996145,0.9009,356.20643325185415
4395.354441938037,0.9753,303.9334904902218
4395.394452476468,0.9809,300.47306160348535
4395.434463014906,1.0356,269.56963740442967
4395.474473553353,0.9475,322.0301562353037
4395.514484091806,1.0455,264.4886206080701
4395.554494630268,0.9619,312.4605150207058
4395.604507803355,0.8794,373.8367448516051
4395.644518341833,0.8939,361.80707118223086
4395.684528880319,0.9553,316.7928944836686
4395.724539418812,1.0221,276.7376638061673
4395.764549957314,0.9761,303.4354945812359
4395.804560495822,0.9196,341.86687884973514
4395.844571034339,0.9547,317.1912086470475
4395.884581572862,0.9616,312.6555081139062
4395.934594746029,0.8995,357.3161087073593
4395.974605284569,0.8587,392.0775352889518
4396.014615823119,0.9929,293.2540377520633
4396.054626361675,0.887,367.4579753718979
4396.094636900239,0.8798,373.4968936691331
4396.134647438811,0.9629,311.8118538074201
4396.174657977391,0.9242,338.47221893423296
4396.214668515977,0.8105,440.09738361958813
4396.26468168922,0.8452,404.7025047469838
4396.304692227826,0.7445,521.5852793874324
4396.344702766437,0.8159,434.2911365070589
4396.384713305056,0.8183,431.7474019999146
4396.424723843683,0.8745,378.0378424297658
4396.464734382317,0.8412,408.5604621808902
4396.504744920961,0.8131,437.2873421966244
4396.54475545961,0.9988,289.7997188055185
4396.594768632932,1.0494,262.5263795322218
4396.6347791716,0.9319,332.9019516245942
4396.674789710274,0.9633,311.55295477950705
4396.714800248956,0.9285,335.3444669892789
4396.754810787646,0.852,398.26825178906466
4396.7948213263435,0.8198,430.1689003322164
4396.834831865048,0.874,378.47050323530306
4396.874842403761,0.9107,348.58144815810556
4396.924855577162,1.0123,282.12174732877554
4396.964866115891,1.0802,247.76887375844245
4397.004876654629,1.0409,266.8314677930608
4397.044887193374,0.9412,326.355650818923
4397.084897732127,0.8233,426.5192244971351
4397.124908270886,0.7748,481.58788330061316
4397.1649188096535,0.9539,317.7234638251714
4397.20492934843,1.1196,230.63719170517814
4397.2549425219095,1.1565,216.15429602009706
4397.294953060702,0.9977,290.43909958899127
4397.334963599502,0.9775,302.5669420556006
4397.374974138309,0.9968,290.9638045099624
4397.414984677125,0.9452,323.5992838839888
4397.454995215948,0.9166,344.1083754493876
4397.495005754778,1.0581,258.2269983855368
4397.535016293616,0.9506,319.93323919130194
4397.5850294671745,0.9572,315.53650398439515
4397.62504000603,0.9345,331.0521066271725
4397.665050544892,0.9121,347.51218171342714
4397.705061083762,0.92,341.5696682510129
4397.74507162264,0.9301,334.19171121774707
4397.785082161526,0.8566,394.00228690980043
4397.825092700419,0.8315,418.14830917634987
4397.86510323932,0.892,363.3500415745226
4397.915116412957,1.0272,273.99650912383925
4397.955126951875,0.9624,312.1359316629404
4397.9951374908005,0.8362,413.4609817953993
4398.035148029734,0.8248,424.9692819551294
4398.075158568675,0.9086,350.1946248579148
4398.115169107623,0.9926,293.4313285388457
4398.155179646578,0.9379,328.65625250484044
4398.195190185543,0.9916,294.02346042839696
4398.235200724514,0.9071,351.3537598468754
4398.285213898239,0.9659,309.8779436595839
4398.325224437227,1.0299,272.56176762343273
4398.365234976222,0.9214,340.5324776188515
4398.405245515226,0.9305,333.90445101643337
4398.445256054237,0.9556,316.5940186969764
4398.485266593255,0.9756,303.74659845528333
4398.525277132281,0.9711,306.56819301491134
4398.565287671316,0.9288,335.12787141540497
4398.615300845118,0.9701,307.2005523288472
4398.655311384169,1.0197,278.0418735680205
4398.695321923228,0.964,311.10065672703985
4398.735332462294,1.0065,285.3825901345667
4398.775343001368,0.865,386.38715258916517
4398.815353540449,0.8172,432.9104984194998
4398.855364079538,0.8365,413.16447036936825
4398.905377253411,0.9347,330.9104499097159
4398.945387792516,0.9818,299.9224371732064
4398.98539833163,0.9529,318.3906688708364
4399.025408870751,0.9527,318.52436206047736
4399.06541940988,1.0375,268.58320302931503
4399.105429949016,0.9474,322.0981416293843
4399.14544048816,0.9738,304.87054305027704
4399.185451027312,0.9818,299.9224371732064
4399.235464201262,0.8771,375.79992095403605
4399.2754747404315,0.8217,428.1818613128643
4399.315485279607,0.8474,402.6038766718602
4399.3554958187915,0.8469,403.0794018192813
4399.395506357983,0.8558,394.739255327346
4399.435516897182,0.9342,331.2647623160539
4399.475527436388,0.9134,346.52369068295303
4399.5155379756025,0.8848,369.287567725764
4399.555548514825,0.9359,330.06241584101485
4399.605561688863,0.9905,294.67687803542884
4399.6455722281025,1.0188,278.5333301235522
4399.685582767349,1.0461,264.18530828456596
4399.7255933066035,1.0409,266.8314677930608
4399.7656038458645,0.8538,396.59074806166115
4399.8056143851345,0.8127,437.71790148525434
4399.845624924411,0.9129,346.9033798135137
4399.885635463696,0.9473,322.1661485548417
4399.935648637813,0.951,319.66416190896837
4399.975659177114,0.9677,308.72622109038923
4400.015669716423,0.9796,301.27108889617887
4400.05568025574,0.9424,325.525054409722
4400.095690795065,0.9309,333.61756103512835
4400.135701334396,1.0453,264.5898408013871
4400.175711873736,0.7855,468.55698036248793
4400.215722413082,0.8617,389.35226263133677
4400.265735587277,1.0152,280.5122443661769
4400.305746126642,1.0116,282.51232335686325
4400.3457566660145,0.9292,334.8394035907396
4400.385767205393,0.9676,308.7900371001429
4400.42577774478,0.9896,295.21311392942766
4400.465788284175,0.9757,303.6843394163159
4400.505798823578,0.931,333.5458963121275
4400.545809362988,0.9962,291.31439812694623
4400.595822537261,0.9782,302.13406358053993
4400.635833076688,0.9208,340.976408619216
4400.675843616122,0.858,392.71754906852493
4400.715854155564,0.8384,411.29395020367974
4400.755864695015,0.9096,349.4250519884359
4400.795875234471,0.7889,464.5269163084935
4400.835885773936,0.9642,310.9716096127547
4400.875896313408,0.7988,453.08396973399726
4400.925909487759,0.859,391.80372252029986
4400.965920027248,0.9684,308.2800624251921
4401.005930566746,0.9086,350.1946248579148
4401.045941106251,0.8521,398.17477815577246
4401.085951645764,0.9615,312.7205463752983
4401.125962185282,0.9427,325.31790075797767
4401.165972724811,0.9353,330.48602486203214
4401.205983264345,0.8554,395.10851517035206
4401.255996438775,0.8825,371.21497227505716
4401.296006978327,0.991,294.3796002931798
4401.336017517887,0.9815,300.10581035782724
4401.376028057454,0.9644,310.8426427765277
4401.416038597029,0.9238,338.76539505948165
4401.456049136611,0.8406,409.143910840563
4401.4960596762,0.9506,319.93323919130194
4401.536070215799,0.94,327.18943026225946
4401.586083390306,0.8951,360.8376220237798
4401.626093929921,0.8916,363.67613501466167
4401.666104469544,0.8989,357.7932718561763
4401.706115009173,0.983,299.1906225643936
4401.746125548811,0.9577,315.2071171133727
4401.786136088454,0.8439,405.95032525131785
4401.826146628107,0.8044,446.79745748209575
4401.8661571677685,0.8417,408.0752077823113
4401.916170342354,0.8653,386.119278053707
4401.95618088203,0.8923,363.10575923433373
4401.996191421716,0.9342,331.2647623160539
4402.036201961408,0.9275,336.06797078169046
4402.076212501108,1.0182,278.8616920832442
4402.116223040815,0.9933,293.0178998712856
4402.15623358053,0.9387,328.0963021815797
4402.196244120252,0.9563,316.1307028515904
4402.246257294917,0.9698,307.39064167747654
4402.286267834656,1.0878,244.31885775131812
4402.326278374404,0.9046,353.2984806085624
4402.366288914159,1.0688,253.0825454139611
4402.406299453921,0.9864,297.131632450523
4402.446309993691,1.0589,257.83696463832
4402.486320533469,1.0152,280.5122443661769
4402.526331073254,0.9608,313.17638296334746
4402.5763442479965,0.976,303.4976771075686
4402.616354787798,0.9533,318.12353488368217
4402.656365327608,0.8594,391.4390847860015
4402.696375867425,0.9285,335.3444669892789
4402.7363864072495,0.8813,372.2265704457377
4402.776396947083,0.8564,394.1863354074841
4402.816407486923,0.9812,300.28935176597685
4402.85641802677,0.9815,300.10581035782724
4402.906431201591,0.9091,349.8095209779223
4402.946441741455,0.9021,355.25939202600125
4402.986452281329,0.9478,321.82632915046315
4403.026462821207,0.9262,337.0120314479179
4403.066473361095,0.8393,410.4123449450427
4403.10648390099,0.8681,383.63249272124284
4403.146494440893,0.8901,364.9029033327267
4403.186504980803,0.8989,357.7932718561763
4403.236518155702,0.9298,334.4073997089251
4403.276528695628,1.0409,266.8314677930608
4403.316539235563,1.0194,278.20554779598666
4403.356549775505,1.0095,283.68893032580235
4403.396560315456,0.9939,292.6642274772626
4403.436570855412,0.8238,426.00163616192657
4403.476581395378,0.7197,558.1509708312783
4403.51659193535,1.0021,287.8941934723809
4403.566605110326,0.8371,412.57240360474185
4403.606615650317,0.9941,292.54647896382687
4403.646626190314,0.988,296.1700430099323
4403.686636730319,1.0026,287.60711774969405
4403.72664727033,0.9737,304.9331672435961
4403.76665781035,0.9162,344.4089064392464
4403.8066683503785,0.8221,427.7652918708025
4403.846678890413,0.7611,499.08131604102687
4403.8966920654675,0.8422,407.5908173883005
4403.93670260552,0.918,343.05960888547554
4403.976713145579,1.1233,229.12031922375
4404.016723685647,0.8637,387.55116957976395
4404.056734225722,0.9388,328.02640902467806
4404.096744765804,1.0256,274.8520784448257
4404.1367553058935,0.8922,363.18715930183214
4404.17676584599,0.9318,332.97340890248626
4404.226779021124,0.9909,294.4390198425457
4404.266789561238,0.9391,327.81686350341323
4404.306800101361,0.9253,337.66794414426687
4404.346810641489,0.9937,292.7820470948006
4404.386821181627,1.0197,278.0418735680205
4404.426831721771,0.8587,392.0775352889518
4404.466842261923,1.0213,277.17137892072725
4404.506852802085,0.9646,310.71375615178675
4404.556865977295,0.9374,329.00694970212106
4404.596876517472,0.9629,311.8118538074201
4404.636887057655,0.9427,325.31790075797767
4404.676897597848,0.9097,349.3482342545872
4404.716908138048,0.9358,330.13296076480304
4404.756918678257,0.9977,290.43909958899127
4404.796929218471,1.0006,288.7580042753697
4404.836939758693,0.933,332.1174373998042
4404.88695293398,0.9505,320.00056159683487
4404.926963474219,1.0444,265.0460515095767
4404.966974014466,0.8999,356.99853004357976
4405.006984554721,0.9591,314.2875728976617
4405.046995094985,0.9665,309.493321077931
4405.087005635253,0.9191,342.2389379252067
4405.127016175531,0.8849,369.2041082875473
4405.167026715815,0.9102,348.9645252928753
4405.217039891181,0.9643,310.90711616404633
4405.257050431484,0.9708,306.7576956388385
4405.297060971792,0.9352,330.55670564490407
4405.337071512109,0.9632,311.6176492986303
4405.377082052433,0.8558,394.739255327346
4405.417092592766,0.9342,331.2647623160539
4405.457103133106,1.0665,254.17531047946102
4405.497113673452,0.9771,302.81471899871275
4405.547126848896,0.9573,315.4705853185926
4405.5871373892605,0.9961,291.3728919987244
4405.627147929632,1.0151,280.56751493754444
4405.667158470012,0.9674,308.91772849456953
4405.707169010398,0.9396,327.46806689597645
4405.747179550793,0.9821,299.73923200659823
4405.787190091193,0.9307,333.76095978805625
4405.827200631604,0.9639,311.16521040927705
4405.877213807126,0.892,363.3500415745226
4405.917224347553,0.9707,306.8209022279885
4405.957234887986,0.9712,306.50506449464166
4405.997245428428,1.002,287.9516601933593
4406.037255968877,0.9661,309.74965650594214
4406.077266509334,0.9517,319.19409279907353
4406.117277049798,0.9126,347.1314929091923
4406.157287590269,0.9172,343.6583159874765
4406.207300765869,0.9651,310.3918900789259
4406.247311306359,0.9654,310.19901043864655
4406.287321846855,0.9604,313.43730863985223
4406.327332387358,0.9944,292.369989388748
4406.36734292787,1.0167,279.6851418569083
4406.4073534683885,0.8812,372.31105688886663
4406.447364008915,0.9717,306.1897141897332
4406.48737454945,0.9286,335.27224513930145
4406.537387725128,0.9212,340.68035824154373
4406.577398265679,0.8534,396.96260953512837
4406.617408806237,0.8664,385.1394509707477
4406.657419346804,0.8974,358.99036979711667
4406.697429887377,0.939,327.8866896951047
4406.737440427958,0.9285,335.3444669892789
4406.777450968546,0.8628,388.3601115482702
4406.817461509143,0.9152,345.16195864678093
4406.857472049747,0.9755,303.808876642021
4406.9074852255135,1.0016,288.181699227642
4406.947495766133,0.9473,322.1661485548417
4406.987506306763,0.8884,366.30075960870283
4407.027516847398,0.8907,364.41145221839076
4407.0675273880415,0.9934,292.95890996657386
4407.107537928692,0.926,337.15762456317213
4407.147548469352,0.9802,300.90237405263423
4407.1975616451855,0.9471,322.30222703626384
4407.237572185862,0.8954,360.5958685478322
4407.277582726544,0.8814,372.1421127573925
4407.317593267236,0.8805,372.9032682222465
4407.357603807933,0.9269,336.5031975110942
4407.397614348639,0.9915,294.08277217646736
4407.437624889352,1.0296,272.7206261384111
4407.477635430072,0.9066,351.74141731415864
4407.527648605986,0.8892,365.64194616674877
4407.567659146722,0.9378,328.7263470718567
4407.607669687468,0.9297,334.47934227634914
4407.64768022822,0.8768,376.05712700977915
4407.687690768981,1.0137,281.34302124723376
4407.727701309749,0.9589,314.4186898111733
4407.767711850525,1.0099,283.46424869954944
4407.807722391309,0.9607,313.241583828618
4407.857735567298,0.907,351.4312400544674
4407.897746108098,0.9499,320.4049426322535
4407.937756648905,0.9454,323.4623832227464
4407.977767189721,0.8723,379.94711923454474
4408.017777730543,0.8248,424.9692819551294
4408.057788271372,0.9963,291.2559218675972
4408.09779881221,1.0108,282.9596899435801
4408.137809353057,0.9479,321.7584297910543
4408.177819893909,0.7809,474.09343205507383
4408.227833069986,0.908,350.6575895389674
4408.267843610856,0.8101,440.53210080778285
4408.307854151733,0.9212,340.68035824154373
4408.347864692619,0.9583,314.81253323179254
4408.387875233512,0.8829,370.8786891516304
4408.427885774411,0.9261,337.08481621473214
4408.467896315319,0.9571,315.60244331325504
4408.5079068562345,0.9524,318.7250597888028
4408.557920032388,0.9552,316.85922805681366
4408.597930573321,0.9651,310.3918900789259
4408.63794111426,1.0456,264.4380322913175
4408.677951655207,1.0182,278.8616920832442
4408.717962196161,0.9403,326.980686103168
4408.757972737125,0.9329,332.1886422195334
4408.797983278095,0.8781,374.9444705297615
4408.837993819072,0.7632,496.3385815731202
4408.888006995303,0.8987,357.95253865753807
4408.928017536297,1.0247,275.3350983743048
4408.9680280773,1.1051,236.72926675676626
4409.00803861831,1.039,267.8082586539394
4409.048049159327,0.9571,315.60244331325504
4409.088059700352,0.8794,373.8367448516051
4409.128070241382,0.9767,303.062800429291
4409.178083417683,1.0032,287.263193318691
4409.2180939587315,0.9815,300.10581035782724
4409.258104499789,0.987,296.77048835566285
4409.298115040852,0.8983,358.271391455532
4409.338125581924,0.8703,381.6954048921191
4409.378136123004,0.894,361.72613462043506
4409.41814666409,0.9867,296.9509780504665
4409.458157205184,0.9807,300.59562850214417
4409.4981677462865,0.8842,369.7889191556836
4409.548180922673,0.8966,359.63128012566443
4409.588191463792,1.0855,245.3552984280586
4409.628202004918,0.9006,356.44378526103884
4409.668212546052,0.9023,355.1019190676768
4409.708223087194,0.8917,363.5945705120434
4409.748233628342,0.9604,313.43730863985223
4409.788244169498,0.9538,317.7900899074407
4409.828254710662,0.9364,329.7100301687476
4409.8782678871285,0.8733,379.0774773030593
4409.918278428308,0.9179,343.1343616738622
4409.958288969497,0.951,319.66416190896837
4409.998299510692,0.8888,365.97113051621716
4410.038310051897,0.8577,392.9923205074648
4410.078320593107,0.8243,425.48498940875186
4410.118331134326,0.8001,451.6128288377278
4410.15834167555,0.8964,359.79177588574953
4410.208354852093,1.0174,279.30041204356445
4410.248365393337,0.9013,355.8903325125653
4410.288375934587,0.9407,326.7026711610451
4410.328386475845,1.0328,271.0332652229237
4410.3683970171105,0.9255,337.5220203865345
4410.408407558383,1.0306,272.19163710252235
4410.448418099663,0.8082,442.6058296357455
4410.4884286409515,0.8217,428.1818613128643
4410.538441817573,0.9937,292.7820470948006
4410.578452358877,0.9067,351.6638345122109
4410.61846290019,0.9557,316.5277683832795
4410.65847344151,0.9327,332.3311205734708
4410.698483982838,0.8179,432.1698032210789
4410.738494524173,0.8952,360.7570105257981
4410.778505065515,0.9687,308.08914758584115
4410.818515606865,0.9326,332.4023941273286
4410.868528783564,0.91,349.1179329805595
4410.908539324932,0.9282,335.5612726119644
4410.948549866306,0.9177,343.2839405682181
4410.988560407687,0.8298,419.8633716582562
4411.028570949078,0.882,371.63596974764397
4411.068581490475,0.9767,303.062800429291
4411.108592031879,0.9028,354.70869444156193
4411.148602573292,0.923,339.35289120385846
4411.198615750068,0.919,342.3134226228483
4411.238626291497,0.7597,500.9224552470233
4411.278636832933,0.855,395.47829339340143
4411.318647374377,0.9942,292.487631353269
4411.358657915829,1.0309,272.033240496725
4411.398668457289,0.8429,406.9141184624087
4411.438678998756,0.9938,292.72312839444135
4411.478689540229,1.0157,280.236136337963
4411.528702717083,0.9241,338.5454772755893
4411.5687132585745,0.9471,322.30222703626384
4411.608723800074,1.1018,238.14944422026744
4411.648734341578,1.0232,276.1429657941878
4411.688744883093,0.9049,353.0642627771468
4411.728755424615,0.9718,306.12670253190106
4411.768765966143,1.0134,281.5096194633224
4411.808776507679,1.033,270.9283255267341
4411.85878968461,0.9532,318.1902868535187
4411.898800226163,0.8629,388.27010409471967
4411.938810767724,0.9858,297.49343616855003
4411.978821309293,1.03,272.50884562889433
4412.018831850869,0.9449,323.8047978929049
4412.058842392452,0.9607,313.241583828618
4412.098852934042,0.9421,325.73240598925685
4412.138863475641,0.9445,324.0791212566407
4412.18887665265,0.8168,433.3346080862421
4412.228887194265,0.874,378.47050323530306
4412.268897735888,0.9167,344.033304165162
4412.308908277518,0.9765,303.1869554833112
4412.348918819156,1.0038,286.91988542317796
4412.388929360802,1.013,281.7319807038742
4412.428939902455,0.8328,416.8438714330765
4412.468950444114,1.0371,268.790422961047
4412.518963621201,0.9199,341.64393455441245
4412.558974162878,0.858,392.71754906852493
4412.598984704563,0.9439,324.49126039831543
4412.638995246254,0.9154,345.0111507483613
4412.679005787955,0.8671,384.51786526330267
4412.719016329663,0.7896,463.70365315033206
4412.759026871378,0.7646,494.5226335166365
4412.7990374131,0.7904,462.765458010181
4412.849050590264,0.8921,363.2685867444696
4412.889061132002,0.952,318.9929519601469
4412.92907167375,0.8831,370.71071892315655
4412.969082215503,0.8699,382.0465098210231
4413.009092757266,0.9233,339.1324011839784
4413.049103299036,0.9083,350.4259925150383
4413.089113840812,1.0328,271.0332652229237
4413.129124382597,1.0531,260.6848824264059
4413.179137559837,0.9705,306.947374026336
4413.219148101638,0.9606,313.30680505747097
4413.259158643447,0.9687,308.08914758584115
4413.299169185264,0.9419,325.87075046003906
4413.339179727087,0.784,470.3516408923775
4413.379190268919,0.8033,448.0219392275829
4413.4192008107575,0.8136,436.75003585810725
4413.459211352605,0.8891,365.72420060322327
4413.509224529923,1.0006,288.7580042753697
4413.549235071786,0.9434,324.8353105425777
4413.589245613656,0.8238,426.00163616192657
4413.629256155535,0.9665,309.493321077931
4413.66926669742,0.9526,318.59124023522764
4413.709277239313,0.8664,385.1394509707477
4413.749287781215,0.9204,341.27284506518293
4413.789298323123,1.0698,252.60962706644875
4413.839311500519,1.0386,268.01458222159624
4413.879322042444,0.9091,349.8095209779223
4413.919332584377,1.0057,285.8367944693711
4413.9593431263165,0.872,380.2085954097113
4413.999353668265,0.7733,483.4580022842056
4414.03936421022,0.8965,359.7115145788597
4414.079374752183,0.9378,328.7263470718567
4414.119385294152,0.7323,539.1090747914117
4414.169398471627,0.9299,334.33548035000365
4414.209409013613,1.0201,277.823865852352
4414.249419555607,1.0309,272.033240496725
4414.28943009761,0.8709,381.1696543115755
4414.32944063962,0.9253,337.66794414426687
4414.369451181637,0.8449,404.9899521666314
4414.409461723661,0.8614,389.62350916747425
4414.449472265693,0.8736,378.81716689462905
4414.499485443244,0.9067,351.6638345122109
4414.539495985293,0.946,323.0522020849992
4414.57950652735,1.0704,252.3265120523892
4414.619517069414,1.1413,221.95017978132546
4414.659527611485,0.8173,432.80456828745145
4414.6995381535635,0.9303,334.04803479979125
4414.73954869565,0.9145,345.69056570548804
4414.779559237744,0.9283,335.4889807155506
4414.829572415373,0.9127,347.05543021698657
4414.8695829574835,0.9192,342.1644775358435
4414.909593499601,0.9709,306.6945085789714
4414.949604041728,0.8948,361.0796186986063
4414.989614583862,0.9005,356.52295531785745
4415.0296251260015,0.9098,349.27144184941324
4415.069635668151,0.8685,383.27919972641274
4415.109646210307,1.0022,287.83674395269855
4415.159659388012,0.9709,306.6945085789714
4415.199669930184,1.0437,265.40169829611824
4415.239680472365,1.0983,239.66970353989592
4415.279691014553,0.9231,339.27937064433826
4415.319701556748,0.8491,400.9933699380238
4415.359712098951,0.8462,403.7465536770044
4415.399722641161,0.984,298.5828211597944
4415.439733183379,0.9531,318.2570598354427
4415.489746361162,0.9339,331.47762297404745
4415.529756903396,0.9283,335.4889807155506
4415.569767445639,0.9392,327.7470596144476
4415.609777987888,0.8897,365.2310899316339
4415.649788530145,0.8052,445.9100755702638
4415.689799072411,0.9155,344.93578386006794
4415.7298096146815,0.9817,299.9835428892695
4415.769820156961,0.9157,344.78512415135555
4415.819833334822,0.879,374.1770600997652
4415.859843877118,0.9243,338.3989843690204
4415.899854419422,0.9474,322.0981416293843
4415.939864961734,0.9438,324.560026685077
4415.979875504052,0.9387,328.0963021815797
4416.019886046379,1.0098,283.52039407558857
4416.059896588713,1.1637,213.48780976317178
4416.099907131054,1.0949,241.16050903237021
4416.149920308992,0.9557,316.5277683832795
4416.189930851351,0.9528,318.4575049419597
4416.229941393716,0.979,301.6404818698526
4416.269951936089,0.9584,314.74684129086387
4416.309962478471,0.8928,362.69916909472994
4416.349973020859,0.8689,382.92639453629573
4416.389983563254,0.9153,345.08654234033304
4416.429994105657,0.9026,354.8659058751616
4416.480007283672,0.9412,326.355650818923
4416.520017826092,0.9863,297.1918872196816
4416.56002836852,0.9919,293.84563280439113
4416.600038910954,0.9646,310.71375615178675
4416.640049453397,0.889,365.80648279863027
4416.680059995847,0.8813,372.2265704457377
4416.720070538304,0.9685,308.21640443266443
4416.760081080772,0.9599,313.7639245526988
4416.800091623244,0.8778,375.2007987009237
4416.850104801343,0.9092,349.7325764334742
4416.890115343834,0.917,343.8082376526947
4416.930125886331,0.9352,330.55670564490407
4416.970136428834,1.0191,278.3693665910626
4417.010146971347,1.0016,288.181699227642
4417.050157513866,1.0529,260.78392673965214
4417.090168056394,1.09,243.33361268299765
4417.140181234561,1.0326,271.1382659009592
4417.1801917771045,1.0687,253.1299102776743
4417.220202319657,0.9926,293.4313285388457
4417.260212862217,0.8647,386.65530598275006
4417.300223404782,0.8177,432.38123632683954
4417.340233947356,0.9626,312.00623991927574
4417.380244489937,0.9726,305.6233087623109
4417.420255032526,0.8937,361.9690258204429
4417.470268210771,0.9203,341.34701457851304
4417.510278753378,0.8265,423.2228719907713
4417.550289295991,0.7811,473.8506809964937
4417.590299838611,1.0182,278.8616920832442
4417.630310381239,1.0769,249.28970073549607
4417.670320923874,0.86,390.89308188168843
4417.710331466516,0.9421,325.73240598925685
4417.750342009167,0.9283,335.4889807155506
4417.800355187491,1.1855,205.708410025715
4417.840365730158,1.0494,262.5263795322218
4417.880376272833,1.0784,248.5966848920469
4417.9203868155155,0.8792,374.00684441468843
4417.960397358204,0.9373,329.0771564981161
4418.000407900902,1.0195,278.1509736653886
4418.040418443606,0.9752,303.9958261674023
4418.080428986319,0.9701,307.2005523288472
4418.120439529038,1.0709,252.09094629340564
4418.170452707449,1.0052,286.1212230403054
4418.210463250185,1.0834,246.3073844754368
4418.2504737929285,1.0579,258.3246451058851
4418.29048433568,0.961,313.0460422896525
4418.330494878439,0.9809,300.47306160348535
4418.370505421204,0.9533,318.12353488368217
4418.4105159639785,0.9892,295.45191093922784
4418.45052650676,1.1039,237.24422149021828
4418.500539685247,0.9975,290.55557795493235
4418.5405502280455,0.9411,326.4250106410575
4418.580560770851,0.917,343.8082376526947
4418.620571313664,1.0541,260.1905062144105
4418.660581856484,0.8028,448.5801864863618
4418.700592399313,0.8944,361.4026598051527
4418.740602942147,0.807,443.92310652891683
4418.780613484992,0.9014,355.8113730724143
4418.830626663555,0.9657,310.00631052761184
4418.870637206415,0.8835,370.3751206156509
4418.910647749282,0.9884,295.9303750096908
4418.950658292158,1.0317,271.6115248706688
4418.990668835039,1.076,249.70690213537455
4419.030679377929,1.0201,277.823865852352
4419.070689920827,0.823,426.83023040974535
4419.120703099458,0.8426,407.2039257786087
4419.160713642373,0.9666,309.429286939395
4419.200724185294,1.0788,248.41236871339814
4419.240734728223,0.9844,298.3402190833512
4419.2807452711595,0.9751,304.0581810237879
4419.320755814103,0.9192,342.1644775358435
4419.360766357055,0.8066,444.3635058629813
4419.400776900013,0.9426,325.3869299988023
4419.440787442981,0.97,307.263895848574
4419.490800621698,0.9528,318.4575049419597
4419.530811164682,1.0721,251.52693257326513
4419.570821707673,1.0806,247.5854772847005
4419.61083225067,0.9971,290.7887449925941
4419.650842793676,0.7813,473.60811633469575
4419.690853336689,0.9438,324.560026685077
4419.73086387971,0.9788,301.7637638441108
4419.7708744227375,0.9998,289.22029391975565
4419.820887601533,1.0115,282.5681861367046
4419.860898144578,0.9796,301.27108889617887
4419.90090868763,0.9241,338.5454772755893
4419.94091923069,1.0368,268.9459953286046
4419.980929773757,1.0074,284.8729031275159
4420.020940316832,1.0219,276.8459970965658
4420.060950859914,1.0771,249.1971313084025
4420.100961403004,1.0567,258.91169023544325
4420.150974581876,0.9717,306.1897141897332
4420.190985124983,0.909,349.8864909179784
4420.2309956680965,0.8054,445.68864316052327
4420.271006211218,0.7476,517.268639842969
4420.311016754346,0.8735,378.9039072305273
4420.351027297484,0.9948,292.13491828624944
4420.391037840627,0.8908,364.3296402316343
4420.431048383778,0.93,334.26358418960297
4420.481061562728,0.8684,383.3674772083195
4420.521072105896,0.9494,320.7425126505283
4420.561082649071,0.8585,392.26023662782217
4420.601093192254,0.8614,389.62350916747425
4420.641103735445,0.8455,404.4153632486522
4420.681114278643,0.8923,363.10575923433373
4420.721124821848,0.9594,314.09105125459206
4420.761135365062,0.956,316.32914216592013
4420.811148544089,0.9008,356.28552423974196
4420.851159087317,0.9438,324.560026685077
4420.891169630555,0.8173,432.80456828745145
4420.931180173799,0.8715,380.6449892435462
4420.971190717051,1.0026,287.60711774969405
4421.011201260311,1.1039,237.24422149021828
4421.051211803579,0.9296,334.5513080622627
4421.091222346853,1.0319,271.5062491888352
4421.1412355259545,1.005,286.23511335197105
4421.181246069246,0.9883,295.9902647288517
4421.221256612545,0.8139,436.4281272644023
4421.261267155852,0.87,381.95868818561115
4421.301277699165,0.8615,389.53306216947766
4421.341288242486,0.891,364.16609888866986
4421.3812987858155,0.8317,417.94722824322696
4421.421309329151,0.9498,320.4724139887973
4421.4713225083315,1.0333,270.7710302201442
4421.511333051684,0.9156,344.8604416646613
4421.551343595045,0.9183,342.8354970277507
4421.5913541384125,0.8897,365.2310899316339
4421.631364681788,0.9567,315.86640743207613
4421.671375225171,0.9925,293.49046119683976
4421.711385768561,0.8482,401.8447848732217
4421.751396311958,0.7446,521.4451908689089
4421.801409491216,0.8903,364.7389758893707
4421.84142003463,0.9891,295.51165546406713
4421.8814305780525,0.9508,319.7986581000412
4421.921441121481,0.9003,356.68137458240807
4421.961451664917,1.0008,288.6426050495152
4422.001462208362,1.041,266.780205853506
4422.041472751813,0.9998,289.22029391975565
4422.081483295272,1.0033,287.2059325609691
4422.131496474607,0.9384,328.3061157349668
4422.1715070180835,0.9844,298.3402190833512
4422.211517561565,0.9305,333.90445101643337
4422.251528105057,0.8459,404.0329830452095
4422.291538648556,0.8887,366.0534960634022
4422.331549192061,0.9805,300.7182704110673
4422.371559735574,0.9627,311.94142435656477
4422.411570279094,0.974,304.7453525249264
4422.461583458506,0.9202,341.42120827358497
4422.501594002043,0.9715,306.31579588450006
4422.541604545589,0.9019,355.4169697566352
4422.5816150891405,0.932,332.83051734671307
4422.621625632701,1.0215,277.0628546039873
4422.661636176268,0.9586,314.6155190797196
4422.701646719842,0.9062,352.0520054041771
4422.741657263424,0.938,328.5861803549102
4422.791670442913,1.0612,256.7205269971927
4422.831680986512,0.9889,295.6311988918922
4422.8716915301175,0.9002,356.7606238135886
4422.911702073731,0.8822,371.4674848587127
4422.951712617352,1.0627,255.99631760965298
4422.991723160981,1.0157,280.236136337963
4423.031733704618,0.9798,301.1481086825622
4423.071744248261,0.9519,319.0599777763892
4423.121757427827,0.9285,335.3444669892789
4423.161767971486,0.8768,376.05712700977915
4423.201778515155,0.8604,390.52971436455965
4423.241789058829,0.9023,355.1019190676768
4423.2817996025115,0.9302,334.11986142446506
4423.321810146202,0.9977,290.43909958899127
4423.3618206899,0.8754,377.2609204001495
4423.401831233605,0.847,402.98422941516054
4423.451844413246,0.8782,374.85908617624204
4423.491854956968,0.9689,307.9619695357446
4423.531865500698,0.8997,357.1572664281028
4423.571876044434,0.9518,319.127024719738
4423.611886588178,1.0305,272.24446671527664
4423.65189713193,0.9669,309.23730371648804
4423.691907675689,0.9401,327.11982667106247
4423.731918219456,0.9534,318.0568039171178
4423.781931399175,0.9353,330.48602486203214
4423.821941942958,0.9836,298.8257192726211
4423.861952486749,0.8848,369.287567725764
4423.901963030546,0.9247,338.1062836639384
4423.941973574352,0.9271,336.3580280414339
4423.981984118165,0.9043,353.53293158249556
4424.021994661985,0.8576,393.0839750724228
4424.062005205813,1.0144,280.95486673163737
4424.11201838561,0.9831,299.12975894897943
4424.152028929455,0.9591,314.2875728976617
4424.192039473307,0.9509,319.7313993964454
4424.232050017165,0.9681,308.47115477698947
4424.272060561032,0.8974,358.99036979711667
4424.312071104908,0.8403,409.43610395665985
4424.352081648789,0.9059,352.2852165156759
4424.392092192679,0.9138,346.22038801778433
4424.442105372552,0.9043,353.53293158249556
4424.482115916457,1.0539,260.2892688854924
4424.522126460371,1.1137,233.08733558727872
4424.562137004291,1.0252,275.06659692274695
4424.60214754822,1.0311,271.92771956028764
4424.642158092155,0.9995,289.3939387877184
4424.682168636099,0.9679,308.59864840490854
4424.72217918005,0.9235,338.9855271995598
4424.772192359999,0.9975,290.55557795493235
4424.812202903967,1.0145,280.8994816665102
4424.852213447943,1.0521,261.180668990987
4424.892223991924,1.0231,276.19694999734776
4424.932234535913,0.8495,400.61583162964314
4424.972245079911,0.8909,364.2478557925161
4425.012255623916,0.98,301.0252037551938
4425.052266167929,0.9855,297.67458588836143
4425.102279347954,0.9351,330.627409104865
4425.142289891983,0.884,369.95626319734595
4425.1823004360185,1.0061,285.6095568669646
4425.2223109800625,1.0322,271.3484503916499
4425.262321524115,0.9609,313.11120245318295
4425.302332068174,0.8559,394.64702124993266
4425.34234261224,0.8251,424.66030739981716
4425.382353156312,0.863,388.18012792812203
4425.432366336415,0.8458,404.1285272376806
4425.472376880505,0.8715,380.6449892435462
4425.512387424605,1.0503,262.0766560521459
4425.552397968709,0.9777,302.4431676111521
4425.592408512821,0.9011,356.0483302631247
4425.632419056941,0.8484,401.65534736906295
4425.672429601069,0.8622,388.9008141085838
4425.712440145203,0.9858,297.49343616855003
4425.762453325383,1.0014,288.29682213128586
4425.802463869534,1.0074,284.8729031275159
4425.842474413694,1.0077,284.703310858332
4425.88248495786,1.0019,288.00914412250177
4425.922495502034,0.8026,448.8037775744839
4425.962506046215,0.815,435.2508355405041
4426.0025165904035,0.8375,412.1783991758808
4426.0425271346,0.88,373.32714183890175
4426.092540314856,0.9637,311.2943780656239
4426.132550859069,0.8567,393.9103109948455
4426.1725614032885,0.9146,345.6149760948776
4426.212571947518,0.8739,378.55712452474404
4426.252582491753,0.85,400.1446580621033
4426.292593035994,1.0969,240.28188588292994
4426.332603580246,1.0249,275.2276506368868
4426.372614124503,0.971,306.6313410403425
4426.422627304834,1.0224,276.5752830596719
4426.462637849109,1.1275,227.41652823472057
4426.502648393391,1.0178,279.0809227493426
4426.54265893768,0.7344,536.0303469283072
4426.582669481976,0.8294,420.2684491699758
4426.622680026281,0.9139,346.1446245716079
4426.6626905705925,0.8313,418.34953525915074
4426.702701114911,0.7707,486.7254459956947
4426.742711659236,0.9053,352.75233446736434
4426.792724839656,0.9266,336.72112799334917
4426.832735383999,0.9029,354.63012789844856
4426.87274592835,0.8981,358.4309776417451
4426.912756472707,0.8445,405.3736920219219
4426.952767017073,1.0475,263.4796053393652
4426.992777561445,0.9914,294.142101873301
4427.032788105826,0.8244,425.38177284698077
4427.0727986502125,0.8219,427.973500566357
4427.122811830708,0.8321,417.5455012679158
4427.162822375112,0.7699,487.7374791228546
4427.202832919524,0.8181,431.9585251626242
4427.242843463944,0.914,346.0688859916959
4427.28285400837,0.838,411.68668683376393
4427.322864552803,0.9613,312.85068379421114
4427.362875097245,0.9926,293.4313285388457
4427.412888277807,0.9198,341.71822508164104
4427.452898822266,0.8127,437.71790148525434
4427.492909366731,0.9437,324.6288148336137
4427.532919911204,0.9504,320.06790525422275
4427.572930455684,0.972,306.00073755530224
4427.612941000172,0.986,297.3727615386253
4427.652951544667,0.9781,302.1958464656432
4427.692962089171,0.9468,322.50650647120665
4427.742975269809,1.0539,260.2892688854924
4427.782985814329,0.9272,336.2854785317406
4427.822996358855,0.8698,382.1343617484273
4427.86300690339,1.0018,288.0666452666793
4427.903017447931,0.9227,339.5735963240538
4427.94302799248,1.1179,231.3391883001783
4427.983038537037,1.1304,226.25116840073576
4428.0230490816,1.0134,281.5096194633224
4428.063059626172,0.8369,412.7696177083168
4428.1130728068965,0.8656,385.85168198985565
4428.153083351484,0.9075,351.0440951068064
4428.19309389608,0.8969,359.3907377684962
4428.233104440683,0.9114,348.04619899967116
4428.2731149852925,1.0004,288.8734727199239
4428.313125529911,0.9512,319.52975054668616
4428.3531360745355,0.9001,356.83989945968256
4428.393146619168,0.9325,332.47369061222093
4428.443159799971,1.0042,286.691355285082
4428.48317034462,1.0556,259.45157462386203
4428.523180889277,0.7463,519.0722952305231
4428.56319143394,0.8491,400.9933699380238
4428.603201978612,0.9177,343.2839405682181
4428.6432125232905,0.9231,339.27937064433826
4428.6832230679765,0.8839,370.03997781938375
4428.72323361267,1.0317,271.6115248706688
4428.773246793549,0.9601,313.6332169524573
4428.813257338259,0.9236,338.9121259849872
4428.853267882977,0.9837,298.76496696466904
4428.893278427703,1.1423,221.56174795941186
4428.933288972436,0.7759,480.2233505601124
4428.973299517174,0.7975,454.5623107773677
4429.013310061923,0.9158,344.7098313093706
4429.0533206066775,0.9817,299.9835428892695
4429.1033337876315,0.9115,347.969835483433
4429.143344332403,0.9724,305.7490407344183
4429.183354877183,0.8799,373.41200328490413
4429.223365421969,0.842,407.7844699966899
4429.263375966764,0.9071,351.3537598468754
4429.303386511565,1.0568,258.8626934157107
4429.343397056373,0.8396,410.1191063551426
4429.38340760119,0.9875,296.47003766582804
4429.433420782219,1.0208,277.44296883862097
4429.473431327052,0.9602,313.5678937783909
4429.5134418718935,0.8784,374.6884049447725
4429.5534524167415,1.0592,257.69092977765496
4429.593462961596,0.9226,339.6472125458837
4429.633473506458,0.8734,378.9906773621214
4429.673484051328,0.9214,340.5324776188515
4429.713494596205,1.0061,285.6095568669646
4429.763507777313,0.8595,391.34800488883167
4429.803518322207,0.901,356.127368596878
4429.843528867108,1.0196,278.0964155914993
4429.883539412017,0.9969,290.9054337768415
4429.923549956934,0.8404,409.33867148230803
4429.963560501857,0.8251,424.66030739981716
4430.003571046788,0.7049,581.8347332710499
4430.043581591727,0.7735,483.208024326988
4430.0935947729095,0.9669,309.23730371648804
4430.133605317866,1.111,234.2216289405226
4430.173615862828,0.8728,379.51192462614046
4430.213626407798,0.8887,366.0534960634022
4430.253636952775,0.9105,348.73460328159655
4430.29364749776,0.9191,342.2389379252067
4430.333658042752,0.9156,344.8604416646613
4430.373668587752,0.9018,355.4957979406159
4430.423681769012,0.8745,378.0378424297658
4430.463692314027,0.9251,337.8139625551437
4430.503702859051,0.9777,302.4431676111521
4430.543713404083,1.0262,274.5307709488309
4430.583723949121,1.0492,262.62647528168645
4430.623734494167,0.8127,437.71790148525434
4430.66374503922,0.8659,385.58436401176135
4430.703755584281,0.916,344.5593195962729
4430.753768765617,0.9641,311.03612313097653
4430.793779310694,1.0102,283.2959126010353
4430.833789855779,1.0027,287.54975413359506
4430.873800400872,1.0273,273.94316873511616
4430.913810945972,0.985,297.976869985268
4430.953821491077,0.986,297.3727615386253
4430.9938320361925,1.0072,284.9860488399397
4431.033842581314,0.9255,337.5220203865345
4431.083855762728,1.0232,276.1429657941878
4431.123866307865,0.9342,331.2647623160539
4431.163876853011,0.8263,423.42777267028737
4431.203887398165,0.7717,485.4648279916553
4431.243897943325,0.8139,436.4281272644023
4431.283908488494,0.8863,368.03864076456153
4431.323919033669,0.9942,292.487631353269
4431.363929578852,1.028,273.5702217629516
4431.413942760341,1.0134,281.5096194633224
4431.4539533055395,0.9742,304.6202390951695
4431.493963850747,0.9258,337.3033120456874
4431.533974395961,0.9308,333.6892488571286
4431.573984941183,0.9358,330.13296076480304
4431.613995486412,0.9113,348.12258765613393
4431.654006031648,0.8996,357.2366743250036
4431.694016576893,0.9842,298.46148314710223
4431.744029758458,0.8158,434.397612903625
4431.784040303719,1.0029,287.4350783750366
4431.824050848986,0.9775,302.5669420556006
4431.864061394262,0.8933,362.2932614960732
4431.904071939544,0.945,323.73627147539173
4431.944082484834,1.0977,239.93178059538084
4431.9840930301325,0.9322,332.68771775151083
4432.024103575437,0.921,340.82833521375903
4432.074116757079,0.9039,353.8458960822798
4432.1141273023995,0.8284,421.283711371776
4432.1541378477295,0.7545,507.85093608636345
4432.194148393065,1.0321,271.40103470187387
4432.234158938409,1.0037,286.9770606533548
4432.2741694837605,0.9398,327.32870410641107
4432.31418002912,0.9517,319.19409279907353
4432.354190574485,1.0524,261.0317846155876
4432.404203756204,0.833,416.64373057840186
4432.444214301586,1.0386,268.01458222159624
4432.484224846976,0.9191,342.2389379252067
4432.524235392374,0.8759,376.83033150660634
4432.564245937779,0.9642,310.9716096127547
4432.60425648319,0.9066,351.74141731415864
4432.644267028611,1.072,251.57386138475485
4432.684277574037,0.9622,312.26570428693367
4432.734290755831,0.8745,378.0378424297658
4432.774301301275,0.876,376.74430219318083
4432.814311846725,0.959,314.3531211002379
4432.854322392184,0.9711,306.56819301491134
4432.894332937651,0.9303,334.04803479979125
4432.934343483123,0.9682,308.4074375892036
4432.974354028604,1.0097,283.5765561342366
4433.014364574093,0.9984,290.03197640267695
4433.064377755962,0.8933,362.2932614960732
4433.104388301466,0.8766,376.22874443958966
4433.144398846979,0.8728,379.51192462614046
4433.184409392499,0.8939,361.80707118223086
4433.224419938025,0.896,360.11308989005107
4433.26443048356,0.8904,364.6570535882583
4433.304441029101,0.9998,289.22029391975565
4433.3444515746505,0.9513,319.46257665405057
4433.394464756597,1.0523,261.0813985924859
4433.434475302161,1.0241,275.65781938131306
4433.474485847735,0.9753,303.9334904902218
4433.514496393316,1.0277,273.72996286539905
4433.554506938904,0.8906,364.4932917651591
4433.594517484498,0.9099,349.19467476178005
4433.634528030102,0.8091,441.6217159147996
4433.674538575711,0.8565,394.0942950423303
4433.724551757734,0.9448,323.87334607056994
4433.764562303362,0.7963,455.9333646361566
4433.804572848995,0.9622,312.26570428693367
4433.844583394637,1.032,271.4536342989603
4433.8845939402845,0.9456,323.32556941812726
4433.924604485942,0.9335,331.761756481037
4433.964615031605,1.0397,267.4477652554165
4434.004625577277,1.0932,241.91113336008678
4434.054638759375,0.9403,326.980686103168
4434.094649305063,1.0622,256.2373798652833
4434.134659850757,1.0131,281.6763657007765
4434.17467039646,0.9368,329.4285277881603
4434.214680942169,0.9505,320.00056159683487
4434.254691487887,0.9778,302.381308868497
4434.2947020336105,0.7087,575.611955383178
4434.3347125793425,0.8991,357.6341113270265
4434.384725761518,0.997,290.84708060673387
4434.424736307266,0.9629,311.8118538074201
4434.464746853022,0.895,360.9182605438547
4434.504757398785,0.9754,303.8711739843816
4434.544767944555,0.8754,377.2609204001495
4434.5847784903335,0.8662,385.3173237342418
4434.624789036118,0.9352,330.55670564490407
4434.664799581912,0.9519,319.0599777763892
4434.714812764163,0.8299,419.762193788687
4434.754823309972,0.7768,479.1112236655496
4434.79483385579,0.9583,314.81253323179254
4434.834844401614,0.9127,347.05543021698657
4434.874854947445,0.9046,353.2984806085624
4434.914865493284,0.9664,309.55737509562215
4434.954876039131,1.0151,280.56751493754444
4434.994886584984,0.832,417.6458786939325
4435.044899767311,0.9476,321.9621923635115
4435.084910313181,0.958,315.009732499015
4435.12492085906,0.9735,305.0584735311491
4435.164931404944,0.9994,289.4518551630588
4435.204941950838,0.9881,296.11009872160963
4435.244952496736,0.8682,383.54412369167676
4435.284963042644,0.9667,309.36527267178906
4435.324973588558,1.0056,285.8936462439231
4435.3649841344795,1.0164,279.8502694498545
4435.414997316892,0.9762,303.3733311634703
4435.455007862832,0.8772,375.71424423899487
4435.4950184087775,0.8753,377.34712673848423
4435.5350289547305,0.872,380.2085954097113
4435.575039500692,0.9743,304.5577112713579
4435.615050046659,1.0211,277.2799670127125
4435.655060592635,0.9981,290.20635288199435
4435.705073775114,0.9473,322.1661485548417
4435.745084321105,0.9253,337.66794414426687
4435.785094867106,0.8797,373.5818130047474
4435.8251054131115,0.9288,335.12787141540497
4435.865115959126,0.9359,330.06241584101485
4435.9051265051485,0.8903,364.7389758893707
4435.945137051176,0.8674,384.25193194957404
4435.985147597213,1.0615,256.57543947490643
4436.035160779768,1.0144,280.95486673163737
4436.075171325821,0.9719,306.06371032309187
4436.115181871882,0.9465,322.71098018024566
4436.1551924179485,0.9372,329.1473857686523
4436.195202964024,0.9599,313.7639245526988
4436.235213510107,1.0487,262.87696525246866
4436.275224056196,1.017,279.5201603728773
4436.315234602293,0.9326,332.4023941273286
4436.365247784925,1.0092,283.8576168980719
4436.4052583310395,1.0357,269.5175844232062
4436.445268877159,0.9743,304.5577112713579
4436.485279423288,0.9545,317.3241469843566
4436.525289969424,0.8513,398.92348982069797
4436.565300515567,0.9055,352.59652530630325
4436.605311061718,0.8699,382.0465098210231
4436.645321607875,0.907,351.4312400544674
4436.685332154041,0.9722,305.8748503107894
4436.735345336758,0.9664,309.55737509562215
4436.77535588294,1.0399,267.3449008301776
4436.815366429129,0.9571,315.60244331325504
4436.855376975325,1.0232,276.1429657941878
4436.895387521529,1.0312,271.8749821144241
4436.9353980677415,0.9462,322.91564840980413
4436.97540861396,0.8702,381.78313573507205
4437.015419160187,1.0331,270.8758785320756
4437.065432342979,0.9055,352.59652530630325
4437.105442889221,0.9339,331.47762297404745
4437.145453435472,0.8749,377.6922477405359
4437.185463981728,0.8915,363.7577269661813
4437.225474527993,0.9475,322.0301562353037
4437.2654850742665,0.8848,369.287567725764
4437.305495620545,1.0536,260.4375183609457
4437.345506166833,0.9946,292.2524183854281
4437.395519349702,0.9668,309.30127826689227
4437.435529896004,0.9269,336.5031975110942
4437.475540442315,0.9094,349.5787634867245
4437.5155509886345,0.948,321.6905519176285
4437.555561534959,0.998,290.264513323169
4437.5955720812935,0.8562,394.37051289590215
4437.635582627632,0.8523,397.98792958441965
4437.685595810567,0.8591,391.71251533525486
4437.725606356925,0.9401,327.11982667106247
4437.765616903289,1.0133,281.56518508699867
4437.805627449661,0.9344,331.1229690987018
4437.84563799604,0.9527,318.52436206047736
4437.885648542427,0.9272,336.2854785317406
4437.92565908882,0.9828,299.3124055358028
4437.965669635221,0.9695,307.58090751574514
4438.005680181629,0.9082,350.50316602284767
4438.05569336465,0.8718,380.383062843112
4438.095703911075,0.9182,342.9101765730567
4438.135714457508,0.9554,316.72658173845906
4438.175725003947,0.8921,363.2685867444696
4438.215735550394,0.8472,402.7939857006833
4438.255746096849,0.8586,392.1688699991692
4438.295756643311,0.8684,383.3674772083195
4438.33576718978,0.847,402.98422941516054
4438.385780372877,0.9617,312.59049013996724
4438.425790919361,1.001,288.5272749870465
4438.465801465855,0.892,363.3500415745226
4438.505812012356,0.9056,352.51865943429925
4438.545822558863,0.9921,293.7271706662482
4438.58583310538,1.0553,259.5991089024906
4438.6258436519,1.0131,281.6763657007765
4438.665854198431,0.8235,426.31207602684054
4438.715867381604,0.9068,351.58627737582503
4438.75587792815,0.9053,352.75233446736434
4438.795888474703,0.9248,338.0331678252411
4438.8358990212655,0.9233,339.1324011839784
4438.875909567832,0.8693,382.57407625326476
4438.915920114409,0.8077,443.15398152017303
4438.955930660992,0.938,328.5861803549102
4438.995941207582,0.9363,329.7804621424872
4439.045954390831,0.9061,352.1297167039455
4439.085964937438,0.9321,332.75910605897343
4439.125975484052,1.0313,271.82226000886044
4439.165986030675,1.0967,240.36953193974924
4439.205996577304,0.9625,312.0710756852684
4439.24600712394,0.9123,347.35983107920464
4439.2860176705835,0.9343,331.1938543250811
4439.326028217235,0.9632,311.6176492986303
4439.376041400559,0.9512,319.52975054668616
4439.416051947227,0.901,356.127368596878
4439.456062493903,0.9247,338.1062836639384
4439.4960730405855,1.1381,223.20004963901926
4439.536083587274,0.9007,356.36464157223634
4439.576094133972,0.9225,339.72085270921986
4439.6161046806765,0.9174,343.50849236356584
4439.656115227389,1.01,283.40811999951256
4439.7061284107895,0.9866,297.0111778733419
4439.746138957517,0.8872,367.29232336848366
4439.786149504253,1.0185,278.6974385640106
4439.826160050995,0.9179,343.1343616738622
4439.8661705977465,1.024,275.7116613754562
4439.9061811445035,0.9793,301.45570051287217
4439.94619169127,0.9011,356.0483302631247
4439.986202238043,0.9037,354.002534196558
4440.036215421518,0.9402,327.0502452878476
4440.076225968308,0.8975,358.91037648895184
4440.116236515103,0.9709,306.6945085789714
4440.156247061907,0.9508,319.7986581000412
4440.196257608719,0.8636,387.64092714319236
4440.236268155537,0.8936,362.0500439211865
4440.276278702362,0.9061,352.1297167039455
4440.316289249196,0.9069,351.50874589368163
4440.366302432748,0.9728,305.4976543306543
4440.406312979597,1.0144,280.95486673163737
4440.446323526456,1.1001,238.88604362018145
4440.486334073319,1.0464,264.0338477425441
4440.526344620192,1.027,274.1032366492875
4440.5663551670705,0.9096,349.4250519884359
4440.606365713957,0.8893,365.5597194767218
4440.64637626085,1.0175,279.24551545138
4440.696389444478,0.9397,327.39837437828425
4440.73639999139,1.0101,283.35200796887455
4440.776410538306,0.8979,358.59067047933195
4440.816421085232,1.0317,271.6115248706688
4440.856431632164,0.9556,316.5940186969764
4440.896442179103,0.8277,421.996585460838
4440.93645272605,0.8587,392.0775352889518
4440.976463273005,1.0197,278.0418735680205
4441.026476456708,0.9348,330.8396556443275
4441.06648700368,0.8685,383.27919972641274
4441.106497550658,0.9448,323.87334607056994
4441.146508097644,0.9005,356.52295531785745
4441.186518644637,0.9521,318.9259472621357
4441.2265291916365,0.9721,305.9377842205331
4441.2665397386445,0.8839,370.03997781938375
4441.306550285661,0.9511,319.5969456286879
4441.356563469439,0.8701,381.87089682826644
4441.39657401647,0.8045,446.6863899535596
4441.436584563509,0.8914,363.8393463789203
4441.4765951105555,0.9236,338.9121259849872
4441.51660565761,0.9354,330.41536674655254
4441.556616204671,0.9354,330.41536674655254
4441.596626751739,0.9152,345.16195864678093
4441.636637298814,0.9717,306.1897141897332
4441.686650482668,0.9174,343.50849236356584
4441.72666102976,0.9901,294.91502457009165
4441.766671576861,1.0636,255.5632619673833
4441.806682123968,1.0404,267.0879992508839
4441.846692671082,1.0096,283.6327348821035
4441.886703218203,0.9812,300.28935176597685
4441.926713765332,0.8811,372.395572099834
4441.966724312468,0.8332,416.4437338307311
4442.0167374963985,1.013,281.7319807038742
4442.056748043552,0.8751,377.51962808273913
4442.096758590712,0.8821,371.5517129778725
4442.136769137878,0.87,381.95868818561115
4442.176779685054,0.8448,405.085836030811
4442.216790232235,0.8698,382.1343617484273
4442.256800779425,0.9334,331.8328469401524
4442.2968113266215,0.9333,331.90396025178836
4442.346824510629,0.7805,474.57949412694126
4442.386835057842,1.0343,270.2477006776665
4442.426845605061,0.9281,335.63358787731903
4442.466856152289,0.9065,351.819025792994
4442.506866699526,0.9122,347.43599387024153
4442.546877246767,0.8674,384.25193194957404
4442.586887794017,0.9275,336.06797078169046
4442.626898341275,1.0442,265.14759189660015
4442.676911525356,0.9802,300.90237405263423
4442.716922072629,0.7553,506.7756943309039
4442.756932619912,0.8607,390.2575211261224
4442.796943167199,0.9785,301.9488285642896
4442.836953714495,0.9604,313.43730863985223
4442.876964261799,0.916,344.5593195962729
4442.916974809109,0.9875,296.47003766582804
4442.956985356426,0.9886,295.81065008901936
4443.0069985405835,0.9374,329.00694970212106
4443.047009087918,0.8853,368.87055330392127
4443.08701963526,0.9273,336.2129524919662
4443.127030182609,0.9947,292.1936594763851
4443.167040729965,0.9131,346.75142931164055
4443.207051277329,0.8084,442.3868536182203
4443.247061824699,0.8422,407.5908173883005
4443.287072372078,0.8246,425.1754523664231
4443.337085556312,1.0941,241.5133081638309
4443.377096103706,0.9789,301.70211341154436
4443.417106651108,0.8707,381.3447837448216
4443.457117198517,0.9326,332.4023941273286
4443.497127745934,0.9787,301.82543317527313
4443.537138293359,0.993,293.19497652821707
4443.577148840789,1.011,282.8477487281426
4443.617159388227,0.985,297.976869985268
4443.667172572536,0.9101,349.04121649462985
4443.707183119992,0.8786,374.51784025890504
4443.747193667455,1.0304,272.29731171005494
4443.787204214925,1.1074,235.7469452823945
4443.827214762401,1.0507,261.8771498025134
4443.867225309887,1.0122,282.1774942966964
4443.9072358573785,0.9753,303.9334904902218
4443.947246404878,0.9221,340.0156529853687
4443.997259589261,1.0336,270.6138718573369
4444.037270136777,0.8328,416.8438714330765
4444.077280684301,1.0212,277.22566499169153
4444.117291231831,0.9343,331.1938543250811
4444.157301779368,0.9922,293.6679664588611
4444.197312326914,1.0149,280.67810509747284
4444.2373228744655,0.9707,306.8209022279885
4444.277333422025,0.9814,300.1669721255493
4444.327346606486,1.1065,236.13060248384724
4444.367357154061,1.1495,218.79489763331117
4444.407367701644,0.8235,426.31207602684054
4444.447378249236,0.8262,423.5302788153188
4444.487388796834,0.8596,391.2569567766175
4444.527399344439,0.959,314.3531211002379
4444.567409892052,0.996,291.4314034900055
4444.607420439672,0.9329,332.1886422195334
4444.657433624207,0.8681,383.63249272124284
4444.697444171844,0.9058,352.3630050503709
4444.737454719488,0.9724,305.7490407344183
4444.77746526714,0.9069,351.50874589368163
4444.817475814797,0.9445,324.0791212566407
4444.857486362463,0.8962,359.9523791085586
4444.897496910136,0.9382,328.4461032680811
4444.9375074578165,0.9676,308.7900371001429
4444.987520642427,0.9253,337.66794414426687
4445.027531190125,0.912,347.5883946197497
4445.067541737829,0.9699,307.3272589620898
4445.107552285541,0.8951,360.8376220237798
4445.147562833261,0.8618,389.2619100619667
4445.187573380986,0.9028,354.70869444156193
4445.2275839287195,0.9893,295.39218453066616
4445.267594476461,0.9987,289.85775704271634
4445.30760502421,0.9733,305.18385707280635
4445.357618208905,0.9612,312.9157829686276
4445.397628756668,0.926,337.15762456317213
4445.437639304441,0.8869,367.5408434014099
4445.477649852221,0.9229,339.42643566340996
4445.517660400007,0.8285,421.1820196932101
4445.557670947803,0.859,391.80372252029986
4445.597681495603,0.9923,293.6087801496392
4445.647694680364,0.8698,382.1343617484273
4445.687705228182,0.9168,343.95825744478066
4445.727715776006,0.9035,354.1592763431175
4445.76772632384,0.8717,380.4703415960972
4445.8077368716795,0.8752,377.433362628178
4445.847747419527,0.8615,389.53306216947766
4445.887757967381,0.8953,360.67642603783736
4445.927768515243,0.9563,316.1307028515904
4445.9777817000795,1.0314,271.76955323764787
4446.017792247958,0.8341,415.5455280857085
4446.057802795844,0.8093,441.4034697257427
4446.097813343737,0.9802,300.90237405263423
4446.137823891636,0.9921,293.7271706662482
4446.177834439543,0.8927,362.7804324704405
4446.217844987459,0.879,374.1770600997652
4446.25785553538,0.93,334.26358418960297
4446.307868720292,0.8887,366.0534960634022
4446.347879268232,0.8139,436.4281272644023
4446.387889816177,0.8508,399.3925074990931
4446.42790036413,0.7955,456.8508495833216
4446.467910912091,0.8361,413.55988987165716
4446.507921460058,0.9235,338.9855271995598
4446.547932008033,0.921,340.82833521375903
4446.587942556016,0.8837,370.2074923301554
4446.627953104005,0.8468,403.1746079425487
4446.677966289003,0.8072,443.70315233601195
4446.71797683701,0.868,383.72089229482435
4446.757987385023,0.8483,401.75004937259104
4446.797997933044,1.0616,256.52710429905187
4446.8380084810715,0.8946,361.2410850867655
4446.878019029106,0.8922,363.18715930183214
4446.918029577148,0.9473,322.1661485548417
4446.9580401252,0.9498,320.4724139887973
4447.008053310272,0.9949,292.0761948078976
4447.0480638583385,1.0616,256.52710429905187
4447.0880744064125,1.0682,253.36693416398813
4447.128084954494,1.0244,275.4963879951912
4447.168095502581,0.8554,395.10851517035206
4447.208106050677,0.9654,310.19901043864655
4447.248116598779,0.9254,337.59497043887166
4447.2881271468905,0.9325,332.47369061222093
4447.338140332039,1.0376,268.53143548851267
4447.378150880166,1.0452,264.64047268906563
4447.418161428299,1.0083,284.36458033676183
4447.45817197644,0.9516,319.26118202328075
4447.4981825245895,0.914,346.0688859916959
4447.538193072745,0.9374,329.00694970212106
4447.578203620908,0.958,315.009732499015
4447.628216806123,0.9368,329.4285277881603
4447.668227354303,0.9445,324.0791212566407
4447.70823790249,1.0163,279.90534447930537
4447.748248450683,0.9705,306.947374026336
4447.788258998886,0.9375,328.93676537107854
4447.828269547094,0.916,344.5593195962729
4447.86828009531,0.8479,402.1291925157703
4447.908290643533,0.8841,369.8725769803957
4447.9483011917655,0.9492,320.8776900485462
4447.998314377064,0.9435,324.76645675308885
4448.038324925311,1.0371,268.790422961047
4448.078335473566,0.9504,320.06790525422275
4448.118346021828,0.933,332.1174373998042
4448.158356570096,0.8817,371.8889120906223
4448.198367118372,0.9047,353.2203821086371
4448.238377666657,0.9561,316.2629749723909
4448.278388214948,0.8614,389.62350916747425
4448.328401400321,0.8832,370.62677659696953
4448.368411948629,0.9022,355.1806424561066
4448.408422496945,0.9058,352.3630050503709
4448.448433045267,0.9681,308.47115477698947
4448.4884435935965,1.0182,278.8616920832442
4448.528454141932,1.0256,274.8520784448257
4448.568464690276,0.9633,311.55295477950705
4448.608475238628,0.9235,338.9855271995598
4448.658488424077,0.9521,318.9259472621357
4448.698498972445,0.9763,303.31118684644343
4448.73850952082,0.9172,343.6583159874765
4448.778520069202,0.9748,304.24536074688314
4448.818530617592,0.901,356.127368596878
4448.858541165988,0.8655,385.94084976034804
4448.898551714393,0.946,323.0522020849992
4448.938562262805,0.9434,324.8353105425777
4448.988575448329,0.8902,364.82092580005747
4449.028585996757,1.0708,252.13803304760782
4449.068596545193,0.9837,298.76496696466904
4449.108607093635,0.981,300.41180626389075
4449.148617642086,1.0229,276.3049659055675
4449.188628190542,0.9537,317.85673694897554
4449.228638739007,0.9809,300.47306160348535
4449.26864928748,0.9986,289.9158127166511
4449.318662473078,0.9039,353.8458960822798
4449.3586730215675,0.8718,380.383062843112
4449.398683570062,0.8725,379.77295160730455
4449.438694118564,0.8654,386.030048443535
4449.478704667074,0.923,339.35289120385846
4449.518715215593,0.9939,292.6642274772626
4449.558725764117,1.0091,283.9138791912962
4449.59873631265,1.0225,276.5211879030688
4449.648749498324,1.0402,267.1907154281715
4449.688760046873,0.8135,436.8574178723179
4449.728770595428,0.9542,317.5237112461054
4449.768781143992,0.9333,331.90396025178836
4449.808791692562,0.8212,428.70342937433134
4449.84880224114,0.8535,396.8695951497729
4449.888812789724,0.8846,369.454571522484
4449.928823338316,0.9312,333.4026361234386
4449.9788365240665,0.9847,298.15846151058514
4450.018847072676,0.9211,340.7543346787307
4450.058857621291,0.8429,406.9141184624087
4450.098868169915,0.9292,334.8394035907396
4450.138878718544,1.0352,269.7780002000928
4450.178889267183,1.0703,252.37366482524376
4450.218899815827,0.8989,357.7932718561763
4450.25891036448,0.948,321.6905519176285
4450.308923550306,0.8209,429.0168277729154
4450.3489340989745,0.8406,409.143910840563
4450.38894464765,0.8991,357.6341113270265
4450.428955196333,0.9082,350.50316602284767
4450.4689657450235,0.9628,311.8766289887425
4450.508976293721,0.9179,343.1343616738622
4450.5489868424265,0.8174,432.69867703117603
4450.588997391139,0.8877,366.8786830952734
4450.63901057704,0.9472,322.23417702076887
4450.6790211257685,0.8794,373.8367448516051
4450.719031674505,0.9333,331.90396025178836
4450.759042223249,1.0159,280.125807260089
4450.799052772,0.9336,331.6906888646516
4450.839063320757,0.9711,306.56819301491134
4450.879073869523,0.8485,401.560678846847
4450.919084418295,0.8012,450.37360649158416
4450.96909760427,0.8673,384.34054572590236
4451.00910815306,0.9517,319.19409279907353
4451.049118701855,0.966,309.81379012259066
4451.089129250659,1.0364,269.1536353407746
4451.129139799471,1.0641,255.3231501547754
4451.169150348288,0.9923,293.6087801496392
4451.209160897114,0.9665,309.493321077931
4451.249171445947,0.9205,341.19869972308715
4451.299184631997,0.9746,304.3702432693408
4451.339195180846,0.8657,385.7625451177752
4451.379205729703,0.8153,434.9305827080413
4451.419216278568,0.8789,374.2622115210843
4451.459226827437,0.9769,302.9387216218983
4451.499237376315,0.939,327.8866896951047
4451.539247925201,0.9146,345.6149760948776
4451.579258474095,0.8916,363.67613501466167
4451.62927166022,0.8429,406.9141184624087
4451.669282209129,0.8136,436.75003585810725
4451.709292758046,0.8497,400.42726238762964
4451.7493033069695,0.8834,370.4589774561207
4451.789313855901,0.9864,297.131632450523
4451.829324404839,1.0578,258.3734892373544
4451.869334953784,0.9311,333.4742546782034
4451.909345502737,0.9328,332.2598699408149
4451.959358688939,0.855,395.47829339340143
4451.9993692379085,1.001,288.5272749870465
4452.039379786885,0.8716,380.5576503916454
4452.079390335868,0.9319,332.9019516245942
4452.11940088486,0.9715,306.31579588450006
4452.159411433858,0.9507,319.8659380286829
4452.199421982864,0.9583,314.81253323179254
4452.2394325318755,1.0317,271.6115248706688
4452.289445718152,1.0202,277.7694039865592
4452.329456267182,1.0347,270.0387935914191
4452.369466816218,0.9553,316.7928944836686
4452.409477365262,0.8687,383.10273621191516
4452.449487914313,0.9121,347.51218171342714
4452.489498463372,0.9959,291.4899326078666
4452.529509012436,0.9596,313.96013921101036
4452.569519561511,0.9064,351.896659960049
4452.619532747862,1.0008,288.6426050495152
4452.659543296951,0.9593,314.1565379833839
4452.699553846048,0.9152,345.16195864678093
4452.739564395152,0.8404,409.33867148230803
4452.779574944262,0.8218,428.07766192399026
4452.819585493381,0.7698,487.86420516207124
4452.859596042506,0.8593,391.5301964829239
4452.89960659164,0.8744,378.1243152172834
4452.949619778066,0.9024,355.023221849107
4452.989630327215,0.7855,468.55698036248793
4453.029640876373,0.8589,391.89496156436985
4453.069651425536,0.9829,299.2515047574809
4453.109661974708,1.0273,273.94316873511616
4453.149672523887,1.0263,274.4772744802159
4453.189683073072,0.9967,291.02219281314535
4453.229693622265,1.0025,287.66449853280153
4453.279706808766,0.9986,289.9158127166511
4453.3197173579765,0.8999,356.99853004357976
4453.359727907192,0.8794,373.8367448516051
4453.399738456415,1.0193,278.26013798959485
4453.439749005647,1.0427,265.9110081840743
4453.479759554885,1.0047,286.40607636348864
4453.5197701041325,1.119,230.88458990197387
4453.559780653386,1.0964,240.50109096816917
4453.609793839962,0.945,323.73627147539173
4453.64980438923,1.0996,239.10334094494138
4453.689814938506,0.9183,342.8354970277507
4453.729825487791,0.9127,347.05543021698657
4453.769836037083,0.9638,311.22978418602474
4453.809846586382,0.8747,377.8649858200963
4453.849857135688,0.9683,308.34374014132214
4453.889867685,1.0551,259.6975350107391
4453.939880871651,1.0046,286.46309807282034
4453.9798914209805,0.925,337.88700728109524
4454.019901970319,0.9471,322.30222703626384
4454.059912519662,1.0417,266.4217855400741
4454.099923069013,0.9956,291.6656257917548
4454.139933618372,0.8841,369.8725769803957
4454.179944167737,0.8497,400.42726238762964
4454.21995471711,0.8705,381.5200339013414
4454.269967903837,0.9748,304.24536074688314
4454.309978453226,0.9744,304.495202697716
4454.349989002622,1.0182,278.8616920832442
4454.389999552026,1.0904,243.15511762972218
4454.430010101437,0.7908,462.2974278272503
4454.470020650855,0.9036,354.08089226004586
4454.510031200281,0.985,297.976869985268
4454.550041749714,0.8825,371.21497227505716
4454.600054936515,0.8521,398.17477815577246
4454.640065485964,0.9624,312.1359316629404
4454.680076035423,0.9889,295.6311988918922
4454.720086584885,0.765,494.00562154230164
4454.760097134356,0.9713,306.44195547150116
4454.8001076838345,0.9921,293.7271706662482
4454.84011823332,0.9988,289.7997188055185
4454.880128782813,0.9349,330.7688840948671
4454.930141969689,0.9269,336.5031975110942
4454.9701525191995,0.9517,319.19409279907353
4455.010163068715,0.933,332.1174373998042
4455.050173618239,0.9292,334.8394035907396
4455.0901841677705,0.876,376.74430219318083
4455.130194717308,0.9715,306.31579588450006
4455.170205266854,1.0614,256.62378831311474
4455.210215816407,0.963,311.7470988042133
4455.250226365966,0.8765,376.3145972124693
4455.3002395529265,0.8561,394.4626500493079
4455.340250102503,0.9491,320.94531079583123
4455.380260652087,0.9233,339.1324011839784
4455.420271201678,0.8834,370.4589774561207
4455.460281751275,0.8621,388.9910409774814
4455.5002923008815,0.7879,465.7068150620816
4455.540302850493,0.8896,365.3132057605809
4455.5803134001135,0.9771,302.81471899871275
4455.630326587148,1.0697,252.65685922469748
4455.670337136785,1.0702,252.42083081663645
4455.7103476864295,0.885,369.1206771390352
4455.75035823608,0.8407,409.0465826400866
4455.790368785737,0.8924,363.02438652970466
4455.830379335403,0.937,329.28791177172826
4455.8703898850745,0.794,458.5786145982937
4455.920403072177,0.7252,549.7169245933932
4455.960413621867,0.9822,299.67820091958896
4456.000424171562,0.9307,333.76095978805625
4456.040434721265,0.8892,365.64194616674877
4456.080445270976,0.9017,355.5746523525442
4456.120455820694,0.8687,383.10273621191516
4456.160466370419,0.8873,367.20953936932165
4456.200476920151,0.8314,418.248904065311
4456.250490107327,0.8337,415.9443715224135
4456.290500657076,0.8704,381.60770428550654
4456.330511206832,0.9135,346.4478276627944
4456.370521756595,0.9089,349.9634862648194
4456.410532306366,0.923,339.35289120385846
4456.450542856144,0.8921,363.2685867444696
4456.490553405928,0.8253,424.4545115254893
4456.530563955721,0.8912,364.00266763736255
4456.57057450552,1.0007,288.70029601356345
4456.62058769278,0.9679,308.59864840490854
4456.660598242596,0.8634,387.82053584140687
4456.700608792419,0.8517,398.5488702648358
4456.74061934225,0.8795,373.7517385828058
4456.780629892087,0.925,337.88700728109524
4456.820640441932,1.0294,272.8266089844647
4456.860650991784,0.9102,348.9645252928753
4456.900661541644,0.9149,345.3883559610459
4456.950674728979,1.0382,268.2211443133672
4456.990685278855,1.1129,233.42256197247923
4457.030695828737,0.9519,319.0599777763892
4457.070706378628,0.7841,470.23167633479113
4457.110716928524,0.8136,436.75003585810725
4457.150727478429,0.8973,359.0703898514119
4457.190738028342,0.9373,329.0771564981161
4457.23074857826,0.8267,423.01812000532465
4457.28076176567,0.9977,290.43909958899127
4457.320772315606,0.9077,350.88941623298007
4457.360782865549,0.8622,388.9008141085838
4457.400793415499,0.9186,342.6116047079255
4457.440803965456,0.9649,310.52057646575383
4457.48081451542,0.797,455.132830633699
4457.520825065393,0.9091,349.8095209779223
4457.560835615372,0.8529,397.428172321578
4457.610848802855,0.8685,383.27919972641274
4457.650859352851,0.8964,359.79177588574953
4457.690869902853,0.95,320.33749258131
4457.730880452863,0.8883,366.38323646680897
4457.770891002881,0.9732,305.24657783377097
4457.810901552905,0.792,460.89758958579745
4457.8509121029365,0.8549,395.57081905975514
4457.890922652976,0.7672,491.1764956315057
4457.940935840535,0.9685,308.21640443266443
4457.9809463905885,0.98,301.0252037551938
4458.0209569406525,0.9039,353.8458960822798
4458.060967490721,0.8328,416.8438714330765
4458.100978040799,0.9529,318.3906688708364
4458.140988590882,1.0063,285.4960396689307
4458.180999140974,1.0395,267.55068905971547
4458.221009691073,0.9296,334.5513080622627
4458.271022878707,1.0597,257.4478139020761
4458.311033428821,0.9753,303.9334904902218
4458.351043978943,1.0065,285.3825901345667
4458.391054529073,0.9341,331.3356930813691
4458.4310650792095,0.9608,313.17638296334746
4458.471075629353,0.8227,427.1415766116616
4458.511086179504,0.7938,458.8097235964282
4458.551096729663,0.8958,360.27390832629374
4458.601109917371,0.8693,382.57407625326476
4458.641120467546,0.9142,345.9174833871485
4458.681131017727,0.9266,336.72112799334917
4458.721141567917,0.8315,418.14830917634987
4458.761152118113,0.9262,337.0120314479179
4458.8011626683165,0.8509,399.2986378153816
4458.841173218528,0.9025,354.94455078879923
4458.881183768745,0.9441,324.35379337307063
4458.931196956529,0.9907,294.55791292536816
4458.971207506763,1.1166,231.8781740493352
4459.011218057005,1.0483,263.07761534682714
4459.0512286072535,1.0007,288.70029601356345
4459.09123915751,1.0888,243.87027869699165
4459.131249707774,0.9751,304.0581810237879
4459.171260258044,0.9329,332.1886422195334
4459.211270808322,0.8674,384.25193194957404
4459.261283996179,0.9015,355.73243990679686
4459.301294546473,0.9329,332.1886422195334
4459.341305096775,1.0273,273.94316873511616
4459.381315647084,0.9911,294.3201987288281
4459.421326197399,0.9624,312.1359316629404
4459.461336747722,0.9083,350.4259925150383
4459.501347298054,1.025,275.1739503527093
4459.541357848389,1.1512,218.14917774209408
4459.591371036323,1.08,247.86064841987317
4459.631381586676,0.9736,304.9958107345769
4459.671392137038,0.8823,371.38328537717626
4459.711402687406,0.9919,293.84563280439113
4459.751413237782,0.9484,321.4192551025403
4459.791423788164,0.8409,408.8520303972925
4459.831434338554,0.9361,329.9213938117393
4459.871444888951,0.8632,388.00026939779787
4459.9214580769585,0.9106,348.6580131055071
4459.961468627372,1.0263,274.4772744802159
4460.001479177794,1.0199,277.93283764711646
4460.041489728221,1.0006,288.7580042753697
4460.081500278656,0.9179,343.1343616738622
4460.121510829099,0.954,317.65685869338023
4460.1615213795485,0.9511,319.5969456286879
4460.201531930005,1.014,281.1765708773635
4460.251545118088,0.8911,364.0843695077362
4460.29155566856,0.7836,470.8319584924338
4460.331566219041,0.8635,387.7307158922571
4460.3715767695285,0.9229,339.42643566340996
4460.4115873200235,0.9888,295.69099780954406
4460.451597870526,0.9679,308.59864840490854
4460.4916084210345,0.8696,382.310156534952
4460.531618971551,0.8731,379.2511666675985
4460.581632159707,0.9261,337.08481621473214
4460.621642710241,1.0341,270.35224514064106
4460.66165326078,0.9541,317.5902745032843
4460.701663811328,0.838,411.68668683376393
4460.741674361882,0.9621,312.33062095007193
4460.781684912445,1.0744,250.45118389722904
4460.821695463013,1.0827,246.62597826084516
4460.86170601359,0.7724,484.5853071374135
4460.91171920182,0.9921,293.7271706662482
4460.9517297524135,0.7733,483.4580022842056
4460.991740303013,0.8623,388.8106186283673
4461.03175085362,0.8506,399.5803461974504
4461.071761404234,0.9624,312.1359316629404
4461.111771954856,0.8579,392.8091075204553
4461.151782505484,0.7597,500.9224552470233
4461.19179305612,0.9173,343.58339192570156
4461.241806244425,0.7975,454.5623107773677
4461.281816795078,0.9372,329.1473857686523
4461.321827345737,0.9877,296.3499851311062
4461.361837896403,0.9768,303.00075149866893
4461.401848447077,0.9039,353.8458960822798
4461.4418589977595,0.9389,327.95653819902384
4461.481869548446,0.7136,567.7341217238884
4461.521880099142,0.8582,392.53452817318106
4461.571893287522,0.8988,357.87289196691864
4461.611903838234,0.916,344.5593195962729
4461.651914388952,1.0449,264.7924555829238
4461.691924939679,0.8605,390.43895165251917
4461.731935490412,0.8476,402.41390220158456
4461.7719460411545,0.9523,318.7920011853275
4461.811956591902,0.9409,326.56379663595084
4461.851967142657,0.8778,375.2007987009237
4461.901980331111,0.8469,403.0794018192813
4461.941990881882,1.0204,277.6605282867534
4461.9820014326615,0.9063,351.9743198266619
4462.022011983448,0.8237,426.10507842924426
4462.062022534241,0.9606,313.30680505747097
4462.102033085041,1.0014,288.29682213128586
4462.1420436358485,0.9509,319.7313993964454
4462.182054186663,0.9037,354.002534196558
4462.23206737519,0.8734,378.9906773621214
4462.272077926023,0.8182,431.8529442287666
4462.312088476861,0.9331,332.0462554718105
4462.352099027706,0.8862,368.1217053076457
4462.392109578559,0.8784,374.6884049447725
4462.432120129418,0.898,358.51081072317834
4462.472130680286,0.9723,305.81193581808003
4462.51214123116,0.9101,349.04121649462985
4462.562154419764,0.8432,406.62462042025174
4462.6021649706545,0.9628,311.8766289887425
4462.6421755215515,1.0123,282.12174732877554
4462.682186072457,1.0029,287.4350783750366
4462.722196623369,0.8313,418.34953525915074
4462.762207174288,0.9807,300.59562850214417
4462.802217725215,0.9815,300.10581035782724
4462.8422282761485,1.0705,252.27937249313388
4462.892241464827,0.9891,295.51165546406713
4462.932252015777,0.857,393.63457640507494
4462.972262566735,0.8833,370.54286277892675
4463.012273117698,0.8947,361.16033835746117
4463.0522836686705,0.8572,393.4509141576039
4463.0922942196485,0.9715,306.31579588450006
4463.1323047706355,1.0089,284.026453971219
4463.172315321629,0.9956,291.6656257917548
4463.22232851038,0.959,314.3531211002379
4463.262339061391,0.9976,290.4973300150766
4463.302349612408,0.9943,292.4288014972899
4463.342360163432,1.0326,271.1382659009592
4463.382370714463,0.982,299.8002817394728
4463.422381265502,0.8939,361.80707118223086
4463.462391816548,0.7713,485.9684868330784
4463.5024023676,0.7167,562.8334183609744
4463.552415556426,0.9169,343.883235277528
4463.592426107495,1.0667,254.08000674118344
4463.632436658572,0.8041,447.13090873118983
4463.672447209656,0.9856,297.6141842684935
4463.7124577607465,0.9751,304.0581810237879
4463.7524683118445,0.9939,292.6642274772626
4463.792478862951,0.9785,301.9488285642896
4463.832489414062,0.7855,468.55698036248793
4463.872499965181,1.0136,281.3985375499285
4463.9225131540925,0.9775,302.5669420556006
4463.962523705228,0.8513,398.92348982069797
4464.00253425637,0.6933,601.4676081304826
4464.04254480752,1.0476,263.42930622167444
4464.082555358678,0.8023,449.1394777819659
4464.122565909843,0.6572,669.3595523783823
4464.162576461015,0.8558,394.739255327346
4464.21258964999,0.9288,335.12787141540497
4464.252600201179,0.8995,357.3161087073593
4464.2926107523745,0.9298,334.4073997089251
4464.332621303577,0.8908,364.3296402316343
4464.372631854787,0.9352,330.55670564490407
4464.412642406003,0.8497,400.42726238762964
4464.452652957228,0.8261,423.63282218788646
4464.492663508459,0.9868,296.89079652817225
4464.542676697509,0.9127,347.05543021698657
4464.582687248756,0.9099,349.19467476178005
4464.622697800011,0.8305,419.1558938843549
4464.662708351273,0.9132,346.6754914964568
4464.702718902543,0.8601,390.80219247260544
4464.742729453819,0.8541,396.31219475414656
4464.782740005103,0.8657,385.7625451177752
4464.822750556394,0.8998,357.0778850048838
4464.872763745518,0.7839,470.4716513634948
4464.912774296825,0.7972,454.90449387080906
4464.952784848138,1.0122,282.1774942966964
4464.992795399461,0.838,411.68668683376393
4465.032805950789,0.7093,574.6385432503095
4465.0728165021255,0.9163,344.3337367923723
4465.112827053468,0.9931,293.1359331449279
4465.152837604819,0.9425,325.4559812129414
4465.192848156176,0.8817,371.8889120906223
4465.242861345384,0.8603,390.6205087287733
4465.282871896758,0.8484,401.65534736906295
4465.322882448138,1.0758,249.7997557815003
4465.3628929995275,1.0889,243.82548875177233
4465.402903550922,1.0395,267.55068905971547
4465.442914102325,1.0788,248.41236871339814
4465.482924653734,0.9235,338.9855271995598
4465.522935205153,0.9713,306.44195547150116
4465.572948394432,1.0222,276.6835210050071
4465.612958945866,0.9596,313.96013921101036
4465.652969497306,0.9277,335.92308282969356
4465.692980048754,0.967,309.17334901236393
4465.732990600209,1.0804,247.67715005929335
4465.773001151671,0.9571,315.60244331325504
4465.813011703141,0.78,475.18812360657535
4465.853022254618,0.867,384.6065710526689
4465.903035443972,0.903,354.55158745570253
4465.943045995466,0.7747,481.7122200358125
4465.983056546965,0.8902,364.82092580005747
4466.023067098472,0.8426,407.2039257786087
4466.063077649987,0.731,541.0282649974905
4466.103088201508,0.7849,469.2736099542099
4466.143098753037,0.924,338.6187594033827
4466.193111942457,0.9472,322.23417702076887
4466.233122494003,0.9216,340.3846932620549
4466.273133045555,0.9727,305.560471857912
4466.313143597114,0.9078,350.81211513066944
4466.353154148681,1.0727,251.24563526274977
4466.393164700254,1.1402,222.3786357576748
4466.433175251835,0.8373,412.3753308055834
4466.473185803423,0.7414,525.9561792009213
4466.5131963550175,0.6005,801.7305390581657
4466.563209544522,0.8782,374.85908617624204
4466.603220096133,1.0115,282.5681861367046
4466.643230647752,1.0752,250.07862768096018
4466.683241199377,0.6887,609.5291352542652
4466.723251751011,0.763,496.59881904720794
4466.763262302651,0.9608,313.17638296334746
4466.8032728542985,1.0994,239.190342899444
4466.843283405953,1.0625,256.09270167380276
4466.893296595531,0.8624,388.7204545222739
4466.933307147202,0.8341,415.5455280857085
4466.973317698881,0.8453,404.606756944395
4467.013328250566,0.8583,392.4430656999408
4467.053338802258,0.8649,386.47650605035045
4467.093349353958,0.887,367.4579753718979
4467.133359905664,0.831,418.6516468447143
4467.173370457378,0.8189,431.1149603734189
4467.2233836470305,0.8735,378.9039072305273
4467.263394198761,0.9198,341.71822508164104
4467.303404750498,0.8638,387.46144318753164
4467.343415302243,0.9965,291.1390221579101
4467.383425853995,1.3681,154.46126100419164
4467.423436405752,1.417,143.9844471701978
4467.463446957519,1.4708,133.6435685894429
4467.503457509291,1.2956,172.2318028555818
4467.553470699019,1.0935,241.7784158137353
4467.5934812508085,0.9133,346.5995786238684
4467.633491802605,0.9104,348.8112186974592
4467.67350235441,0.9081,350.58036502707984
4467.713512906221,0.7811,473.8506809964937
4467.753523458039,0.7316,540.1412135945972
4467.793534009864,0.889,365.80648279863027
4467.833544561696,0.8791,374.0919377353729
4467.883557751497,0.793,459.7359088661623
4467.923568303346,0.8534,396.96260953512837
4467.963578855202,0.9325,332.47369061222093
4468.003589407065,0.8892,365.64194616674877
4468.043599958935,0.8628,388.3601115482702
4468.083610510813,0.9073,351.1988762813608
4468.123621062698,1.1014,238.32245491413175
4468.163631614589,1.0285,273.3042971557344
4468.213644804466,0.9472,322.23417702076887
4468.253655356372,0.8729,379.4249754334868
4468.293665908289,0.8469,403.0794018192813
4468.33367646021,0.8979,358.59067047933195
4468.373687012139,0.9975,290.55557795493235
4468.413697564078,0.9333,331.90396025178836
4468.453708116021,0.858,392.71754906852493
4468.493718667972,0.9734,305.12115564124633
4468.543731857922,0.972,306.00073755530224
4468.583742409889,0.935,330.6981352516169
4468.623752961863,0.8708,381.2572039447209
4468.663763513845,0.7822,472.51887690709333
4468.703774065834,0.9903,294.7959152309198
4468.74378461783,0.932,332.83051734671307
4468.783795169833,0.9075,351.0440951068064
4468.823805721843,0.9455,323.39396546795194
4468.873818911868,0.9739,304.8079381466943
4468.913829463893,0.9103,348.8878593641863
4468.953840015928,0.8578,392.9006979951235
4468.993850567969,0.9062,352.0520054041771
4469.033861120017,1.0464,264.0338477425441
4469.0738716720725,0.9235,338.9855271995598
4469.113882224135,0.9815,300.10581035782724
4469.153892776205,1.0082,284.4209934295698
4469.203905966302,1.0327,271.0857579362581
4469.243916518388,1.1087,235.19442236849514
4469.283927070481,1.0493,262.57642025249504
4469.32393762258,0.9332,331.9750964257407
4469.363948174689,0.9387,328.0963021815797
4469.4039587268035,1.0288,273.1449284639235
4469.443969278925,0.9018,355.4957979406159
4469.483979831054,0.8321,417.5455012679158
4469.533993021225,0.8585,392.26023662782217
4469.574003573371,0.8702,381.78313573507205
4469.614014125523,0.8196,430.37886658920854
4469.654024677682,1.0411,266.72895868470187
4469.694035229849,0.9553,316.7928944836686
4469.734045782022,0.8998,357.0778850048838
4469.774056334205,0.8916,363.67613501466167
4469.814066886393,0.9166,344.1083754493876
4469.864080076638,0.862,389.08129924962657
4469.904090628841,0.84,409.72861019233795
4469.944101181053,0.8263,423.42777267028737
4469.984111733272,0.8475,402.50887262484224
4470.024122285498,1.0832,246.39834824792933
4470.064132837731,1.0861,245.08428769109298
4470.104143389972,0.9024,355.023221849107
4470.144153942219,0.8116,438.9052237880792
4470.194167132538,0.956,316.32914216592013
4470.2341776848025,0.921,340.82833521375903
4470.274188237074,1.0022,287.83674395269855
4470.3141987893505,0.9444,324.1477565671022
4470.354209341636,0.854,396.4050132398432
4470.394219893929,0.9005,356.52295531785745
4470.434230446229,0.9729,305.4348561725716
4470.474240998535,0.8974,358.99036979711667
4470.524254188928,0.8886,366.13588941953026
4470.5642647412515,0.9332,331.9750964257407
4470.604275293581,0.8832,370.62677659696953
4470.644285845918,0.9686,308.1527661555943
4470.684296398263,0.9292,334.8394035907396
4470.724306950613,0.9009,356.20643325185415
4470.764317502972,0.9257,337.3761912001553
4470.804328055338,0.9354,330.41536674655254
4470.854341245806,0.849,401.08783790344165
4470.894351798188,0.8905,364.57515888431914
4470.9343623505765,0.9486,321.283735375448
4470.974372902972,0.9514,319.39542394187265
4471.0143834553755,1.0354,269.6737886164501
4471.054394007787,0.985,297.976869985268
4471.0944045602055,1.021,277.33428499003907
4471.1344151126295,1.0326,271.1382659009592
4471.184428303171,0.8685,383.27919972641274
4471.224438855612,0.845,404.89410234200574
4471.2644494080605,0.8865,367.8725959998561
4471.304459960516,0.9689,307.9619695357446
4471.344470512979,1.0168,279.63013180308906
4471.384481065448,0.8792,374.00684441468843
4471.424491617925,0.7969,455.24706348999007
4471.46450217041,0.8094,441.2944072950233
4471.514515361025,0.8484,401.65534736906295
4471.554525913525,0.9061,352.1297167039455
4471.594536466033,1.009,283.97015821346764
4471.634547018548,1.0586,257.98312367230164
4471.674557571068,0.9331,332.0462554718105
4471.714568123598,0.8291,420.57264213343007
4471.754578676133,0.8128,437.61020206682986
4471.794589228677,0.9057,352.4408193527846
4471.844602419366,0.9247,338.1062836639384
4471.884612971926,0.903,354.55158745570253
4471.924623524492,0.8861,368.20479797480266
4471.964634077066,0.8994,357.3955695869498
4472.004644629647,0.9994,289.4518551630588
4472.044655182236,0.9177,343.2839405682181
4472.08466573483,0.9464,322.7791812978605
4472.1246762874325,0.9741,304.68278617705585
4472.174689478195,0.9268,336.575817491333
4472.214700030815,0.7606,499.73769876706064
4472.25471058344,0.8156,434.6106832034153
4472.294721136073,0.8374,412.27684735297896
4472.334731688713,0.8837,370.2074923301554
4472.37474224136,0.9733,305.18385707280635
4472.414752794014,0.7672,491.1764956315057
4472.4547633466755,0.8949,360.9989260981016
4472.504776537513,0.887,367.4579753718979
4472.544787090191,0.8326,417.04415653323616
4472.584797642876,0.8225,427.34933004109456
4472.624808195568,0.8952,360.7570105257981
4472.664818748267,0.9994,289.4518551630588
4472.704829300972,0.9879,296.23000550270723
4472.744839853687,0.9479,321.7584297910543
4472.784850406406,0.9447,323.9419160176008
4472.834863597317,0.8923,363.10575923433373
4472.874874150055,0.975,304.1205550672473
4472.914884702798,0.9838,298.70423318156713
4472.95489525555,0.9303,334.04803479979125
4472.994905808307,0.8458,404.1285272376806
4473.034916361074,0.8747,377.8649858200963
4473.074926913846,0.8068,444.1432243171478
4473.114937466625,0.7958,456.5064684593437
4473.16495065761,0.7815,473.36573787889546
4473.2049612104065,0.7372,531.966232315739
4473.244971763208,0.9112,348.19900146385805
4473.284982316019,0.9633,311.55295477950705
4473.324992868835,0.9429,325.1799081589884
4473.36500342166,0.8915,363.7577269661813
4473.405013974492,0.8564,394.1863354074841
4473.445024527331,1.0456,264.4380322913175
4473.495037718389,0.899,357.7136783134853
4473.535048271243,0.8299,419.762193788687
4473.575058824105,0.8536,396.77661345261845
4473.615069376975,0.9488,321.1483013388914
4473.655079929852,1.0245,275.44260904473606
4473.6950904827345,0.9191,342.2389379252067
4473.735101035625,0.8572,393.4509141576039
4473.775111588525,0.8008,450.82364198082246
4473.815122141428,0.758,503.17185359186317
4473.8651353325695,0.85,400.1446580621033
4473.90514588549,0.9525,318.65813947505364
4473.945156438418,0.8067,444.2533446102141
4473.985166991353,0.8121,438.364933713722
4474.025177544297,0.9544,317.39064749540836
4474.065188097247,0.838,411.68668683376393
4474.105198650203,0.854,396.4050132398432
4474.155211841408,1.0101,283.35200796887455
4474.195222394382,1.0114,282.6240654872854
4474.235232947362,0.8875,367.04405531299125
4474.2752435003495,0.8138,436.5353905736005
4474.315254053344,0.8486,401.46604379016225
4474.355264606345,0.8529,397.428172321578
4474.395275159354,0.8998,357.0778850048838
4474.43528571237,0.9439,324.49126039831543
4474.485298903649,0.9211,340.7543346787307
4474.525309456682,0.9269,336.5031975110942
4474.565320009722,0.9738,304.87054305027704
4474.605330562767,0.9988,289.7997188055185
4474.64534111582,0.993,293.19497652821707
4474.685351668882,0.9578,315.14130163345897
4474.725362221949,0.923,339.35289120385846
4474.765372775024,0.9519,319.0599777763892
4474.815385966378,0.7666,491.94566036506626
4474.855396519469,0.7329,538.2267372313776
4474.895407072567,0.9339,331.47762297404745
4474.935417625671,1.0421,266.21729814096244
4474.975428178784,1.6146,110.89844650363577
4475.0154387319035,1.5353,122.65036109232715
4475.055449285031,1.4931,129.6813503398021
4475.095459838164,1.4185,143.68009422575244
4475.135470391305,0.84,409.72861019233795
4475.185483582741,1.0164,279.8502694498545
4475.225494135898,0.9225,339.72085270921986
4475.265504689062,0.8503,399.86235280599124
4475.305515242234,0.7989,452.97055002040787
4475.345525795412,0.7428,523.9754475086837
4475.385536348598,0.9404,326.9111491075821
4475.425546901791,0.8129,437.5025423922834
4475.465557454991,0.8358,413.85682714084095
4475.5155706465,0.961,313.0460422896525
4475.5555811997165,1.1005,238.7124189677243
4475.595591752939,1.0889,243.82548875177233
4475.635602306169,0.8785,374.60310804027154
4475.675612859407,0.8569,393.7264557575096
4475.715623412651,0.9068,351.58627737582503
4475.755633965904,0.9419,325.87075046003906
4475.795644519162,0.8883,366.38323646680897
4475.845657710746,1.1537,217.2047700500995
4475.885668264021,1.0213,277.17137892072725
4475.9256788173025,0.8885,366.2183105971214
4475.965689370592,0.8454,404.51104311697526
4476.005699923888,0.8987,357.95253865753807
4476.045710477192,0.8792,374.00684441468843
4476.085721030502,0.8011,450.486052167262
4476.135734222151,0.8976,358.83040991499934
4476.175744775478,0.9594,314.09105125459206
4476.215755328812,0.8903,364.7389758893707
4476.255765882152,0.665,653.7493950112258
4476.295776435501,0.8752,377.433362628178
4476.335786988856,0.8465,403.4604287865835
4476.375797542219,0.9032,354.39458482508024
4476.415808095588,0.9844,298.3402190833512
4476.455818648965,0.9981,290.20635288199435
4476.5058318406955,0.9567,315.86640743207613
4476.545842394089,1.0119,282.3448343762789
4476.585852947488,1.0165,279.7952106739008
4476.625863500895,1.0151,280.56751493754444
4476.66587405431,1.023,276.25095003241057
4476.705884607731,1.0352,269.7780002000928
4476.745895161159,1.0798,247.95247408134574
4476.785905714595,0.9259,337.2304565034261
4476.8359189063995,0.9416,326.0784324799361
4476.875929459852,0.9992,289.5677400845087
4476.915940013311,0.9801,300.9637795046504
4476.955950566776,0.9517,319.19409279907353
4476.995961120249,0.8254,424.3516696826741
4477.035971673729,0.9115,347.969835483433
4477.075982227217,0.9581,314.94397882727833
4477.115992780711,0.9316,333.11639249780853
4477.166005972589,0.8949,360.9989260981016
4477.206016526101,0.8766,376.22874443958966
4477.246027079618,0.9822,299.67820091958896
4477.286037633143,0.9432,324.9730838274714
4477.326048186675,0.8776,375.37183020690685
4477.366058740214,0.8701,381.87089682826644
4477.40606929376,0.942,325.8015672099726
4477.446079847314,0.842,407.7844699966899
4477.496093039265,0.9269,336.5031975110942
4477.536103592835,0.8762,376.57233192393045
4477.576114146412,0.8217,428.1818613128643
4477.616124699995,0.8961,360.03272104846775
4477.6561352535855,0.9069,351.50874589368163
4477.696145807184,0.9381,328.51613061250794
4477.736156360789,0.9383,328.3760983120816
4477.776166914403,0.9588,314.4842790390241
4477.826180106427,0.999,289.68369461340916
4477.866190660055,1.0285,273.3042971557344
4477.906201213689,0.9516,319.26118202328075
4477.946211767333,0.7991,452.7438383206344
4477.986222320982,0.7357,534.1376655655886
4478.02623287464,0.8164,433.75934129002894
4478.066243428304,0.9797,301.2095893747471
4478.106253981975,1.0566,258.96070096746763
4478.156267174074,0.9549,317.0583538311181
4478.19627772776,0.8487,401.37144218323715
4478.236288281454,0.8651,386.2978301122107
4478.276298835156,0.9131,346.75142931164055
4478.316309388865,0.9253,337.66794414426687
4478.356319942582,0.8975,358.91037648895184
4478.3963304963045,0.9553,316.7928944836686
4478.436341050034,0.9338,331.54862212093434
4478.486354242206,0.9036,354.08089226004586
4478.526364795952,0.9374,329.00694970212106
4478.566375349706,1.0036,287.0342529754074
4478.606385903466,0.8137,436.6426934316872
4478.646396457233,0.7977,454.3344031645
4478.686407011008,0.8884,366.30075960870283
4478.72641756479,0.9382,328.4461032680811
4478.766428118577,0.9697,307.45404400282047
4478.816441310824,1.0142,281.0656860145294
4478.856451864629,1.0046,286.46309807282034
4478.896462418441,0.8016,449.92424453922393
4478.936472972259,0.8332,416.4437338307311
4478.976483526086,0.9097,349.3482342545872
4479.0164940799195,0.9181,342.984880522087
4479.056504633759,0.8396,410.1191063551426
4479.096515187607,0.9077,350.88941623298007
4479.146528379926,0.8145,435.78537684844906
4479.18653893379,0.8413,408.46334208220657
4479.22654948766,0.7821,472.639717843292
4479.2665600415385,0.7692,488.6255996161592
4479.306570595424,0.9096,349.4250519884359
4479.346581149315,0.811,439.5548914170522
4479.3865917032135,1.0145,280.8994816665102
4479.426602257121,0.8525,397.8012125038117
4479.476615449515,0.9143,345.8418193407696
4479.516626003436,1.0358,269.4655465174079
4479.556636557366,0.9511,319.5969456286879
4479.5966471113015,0.8343,415.3463214586235
4479.636657665246,0.8524,397.8945546154852
4479.6766682191965,0.916,344.5593195962729
4479.716678773155,0.8954,360.5958685478322
4479.75668932712,0.898,358.51081072317834
4479.806702519586,1.003,287.3777662188929
4479.846713073567,1.0675,253.69932730207142
4479.886723627555,1.0561,259.20596349641943
4479.92673418155,0.9875,296.47003766582804
4479.966744735553,0.8833,370.54286277892675
4480.006755289563,0.863,388.18012792812203
4480.046765843579,0.9429,325.1799081589884
4480.086776397603,0.9208,340.976408619216
4480.136789590143,0.836,413.65883344332394
4480.176800144182,0.8885,366.2183105971214
4480.21681069823,0.9761,303.4354945812359
4480.256821252284,0.9225,339.72085270921986
4480.296831806345,0.826,423.7354028060189
4480.336842360413,1.0548,259.8452791629329
4480.376852914489,0.7256,549.1110098781152
4480.416863468571,0.8716,380.5576503916454
4480.466876661184,1.021,277.33428499003907
4480.506887215282,0.995,292.0174890342095
4480.546897769389,0.9278,335.8506739877881
4480.586908323501,1.0638,255.4671766136863
4480.626918877621,0.9822,299.67820091958896
4480.666929431748,1.013,281.7319807038742
4480.706939985883,0.9994,289.4518551630588
4480.746950540024,1.0638,255.4671766136863
4480.7969637327105,1.061,256.817320392511
4480.836974286868,0.8811,372.395572099834
4480.876984841032,0.8799,373.41200328490413
4480.916995395203,0.8963,359.8720640583186
4480.9570059493835,0.9258,337.3033120456874
4480.997016503568,0.8634,387.82053584140687
4481.037027057761,0.8604,390.52971436455965
4481.077037611961,0.971,306.6313410403425
4481.127050804721,1.0428,265.86001125209214
4481.167061358938,1.0604,257.10802925874594
4481.20707191316,0.9396,327.46806689597645
4481.247082467391,0.9703,307.07392403845347
4481.287093021628,1.014,281.1765708773635
4481.327103575873,1.0216,277.00861634572885
4481.367114130123,1.0169,279.57513797720617
4481.407124684382,0.9602,313.5678937783909
4481.457137877216,0.988,296.1700430099323
4481.49714843149,1.0607,256.9626131593406
4481.537158985772,0.8804,372.9879851742393
4481.577169540061,0.8378,411.8832661292254
4481.617180094357,1.0764,249.52135009259203
4481.65719064866,1.0351,269.8301286458545
4481.69720120297,1.016,280.0706671526373
4481.737211757288,1.0208,277.44296883862097
4481.787224950194,0.9469,322.43839175237287
4481.827235504527,0.8664,385.1394509707477
4481.867246058868,0.8682,383.54412369167676
4481.907256613215,0.9603,313.5025910103554
4481.947267167569,0.8322,417.4451600247666
4481.987277721932,0.8574,393.26738042000795
4482.027288276302,0.8153,434.9305827080413
4482.067298830678,0.845,404.89410234200574
4482.117312023657,0.8996,357.2366743250036
4482.157322578049,0.9441,324.35379337307063
4482.197333132448,1.0015,288.2392520581867
4482.237343686854,0.9094,349.5787634867245
4482.277354241269,0.8704,381.60770428550654
4482.317364795688,0.8431,406.72108543102576
4482.357375350116,0.9411,326.4250106410575
4482.397385904551,0.9958,291.5484793593884
4482.447399097604,0.8967,359.55107251418525
4482.487409652054,0.9029,354.63012789844856
4482.527420206513,0.9109,348.42839390505554
4482.567430760978,0.9766,303.12486842156886
4482.60744131545,0.9923,293.6087801496392
4482.647451869929,0.9923,293.6087801496392
4482.687462424415,0.9439,324.49126039831543
4482.727472978908,0.8222,427.6612444959039
4482.777486172035,0.794,458.5786145982937
4482.817496726544,0.9012,355.96931823891236
4482.857507281061,0.809,441.73089971313294
4482.897517835585,0.8259,423.8380206877561
4482.9375283901145,0.9169,343.883235277528
4482.977538944653,0.9779,302.31946910186696
4483.017549499197,0.938,328.5861803549102
4483.057560053748,0.8848,369.287567725764
4483.107573246949,0.9446,324.01050774321646
4483.147583801517,0.7527,510.282777432773
4483.187594356092,0.8303,419.3578478149352
4483.227604910673,0.9424,325.525054409722
4483.267615465263,0.9416,326.0784324799361
4483.307626019859,0.9087,350.1175532235953
4483.347636574463,0.8109,439.6633095825959
4483.387647129072,0.9389,327.95653819902384
4483.437660322346,0.8752,377.433362628178
4483.477670876972,0.965,310.45622327081765
4483.517681431606,0.9911,294.3201987288281
4483.557691986246,0.9181,342.984880522087
4483.597702540894,0.928,335.70592652168773
4483.63771309555,0.7401,527.8055039176752
4483.677723650211,0.7668,491.68907149531714
4483.71773420488,0.7803,474.82280552302115
4483.757744759556,0.857,393.63457640507494
4483.807757952912,0.9315,333.18791883500455
4483.847768507603,0.971,306.6313410403425
4483.887779062304,0.9731,305.30931793208606
4483.92778961701,0.8145,435.78537684844906
4483.967800171722,0.9725,305.6861650518215
4484.0078107264435,0.9531,318.2570598354427
4484.047821281171,0.8969,359.3907377684962
4484.0878318359055,0.8934,362.2121617468175
4484.137845029334,0.9497,320.5399066599156
4484.177855584086,0.9854,297.7350058981086
4484.2178661388425,0.8399,409.82618193035825
4484.257876693607,0.9774,302.62885777293525
4484.29788724838,0.8868,367.62373946631044
4484.337897803158,0.9677,308.72622109038923
4484.377908357944,0.9865,297.0713960042192
4484.427921551437,0.9407,326.7026711610451
4484.4679321062395,0.9159,344.63456312793244
4484.507942661048,0.8389,410.8038192097622
4484.547953215865,0.6838,618.2959952772544
4484.5879637706885,0.766,492.716633240757
4484.627974325519,0.7682,489.8985571676486
4484.667984880357,0.8613,389.71398767091983
4484.707995435201,0.8896,365.3132057605809
4484.758008628767,0.8517,398.5488702648358
4484.798019183629,0.9605,313.3720466583873
4484.838029738496,0.7543,508.12028122229435
4484.878040293372,0.96,313.6985605410575
4484.918050848252,0.9231,339.27937064433826
4484.958061403142,0.9126,347.1314929091923
4484.998071958038,0.9716,306.25274530459575
4485.0380825129405,1.0056,285.8936462439231
4485.078093067851,0.9268,336.575817491333
4485.128106261499,0.819,431.00968855059796
4485.168116816426,0.9557,316.5277683832795
4485.208127371358,1.0361,269.30952319436966
4485.248137926299,0.9601,313.6332169524573
4485.288148481247,0.891,364.16609888866986
4485.328159036201,0.8378,411.8832661292254
4485.368169591164,0.8156,434.6106832034153
4485.408180146132,0.8964,359.79177588574953
4485.458193339854,1.0126,281.9546055094312
4485.498203894838,1.0638,255.4671766136863
4485.53821444983,0.9167,344.033304165162
4485.578225004829,0.814,436.3209034846593
4485.618235559835,0.8309,418.7524234328941
4485.658246114848,0.9217,340.3108371572586
4485.698256669868,0.9948,292.13491828624944
4485.738267224896,0.9815,300.10581035782724
4485.788280418689,0.8245,425.27859383894304
4485.828290973733,0.9323,332.6163524144662
4485.868301528783,0.8551,395.3858001864611
4485.90831208384,0.9496,320.607420654587
4485.948322638906,1.0232,276.1429657941878
4485.988333193977,0.9791,301.57886921131814
4486.028343749056,0.9263,336.9392702525468
4486.068354304142,0.99,294.9746063117774
4486.118367498008,1.0403,267.1393499342543
4486.15837805311,1.0808,247.49385539697346
4486.198388608219,0.8312,418.450202775341
4486.238399163334,0.8233,426.5192244971351
4486.278409718459,0.8773,375.62859682011265
4486.318420273589,0.9413,326.2863131011327
4486.358430828725,1.0867,244.8137257294984
4486.39844138387,0.9947,292.1936594763851
4486.448454577809,0.8634,387.82053584140687
4486.488465132969,0.9248,338.0331678252411
4486.528475688138,0.9195,341.94124211169014
4486.568486243312,0.8527,397.6146267905995
4486.608496798493,0.9103,348.8878593641863
4486.648507353682,0.9842,298.46148314710223
4486.688517908878,0.9017,355.5746523525442
4486.728528464081,0.9447,323.9419160176008
4486.778541658094,0.9264,336.8665326184418
4486.818552213313,0.8462,403.7465536770044
4486.858562768538,0.8185,431.5364335815739
4486.898573323771,0.9521,318.9259472621357
4486.938583879011,0.9524,318.7250597888028
4486.9785944342575,0.9063,351.9743198266619
4487.018604989513,1.0232,276.1429657941878
4487.058615544774,1.0923,242.3099423240791
4487.10862873886,0.9668,309.30127826689227
4487.148639294137,1.0122,282.1774942966964
4487.1886498494205,1.0568,258.8626934157107
4487.228660404711,1.017,279.5201603728773
4487.268670960009,0.9482,321.55486059247335
4487.308681515316,0.9038,353.9242021411388
4487.348692070628,0.8953,360.67642603783736
4487.388702625947,0.9027,354.78728709660885
4487.438715820107,0.9218,340.237005087617
4487.478726375443,0.9296,334.5513080622627
4487.518736930785,0.9748,304.24536074688314
4487.558747486134,0.9056,352.51865943429925
4487.598758041491,0.9611,312.9809024642885
4487.638768596856,0.935,330.6981352516169
4487.678779152226,0.8291,420.57264213343007
4487.718789707604,0.8419,407.8813480590925
4487.768802901835,0.843,406.8175847729804
4487.80881345723,0.8741,378.383911673434
4487.848824012632,0.8719,380.29581411890797
4487.888834568039,0.8677,383.9862744204821
4487.928845123453,0.8145,435.78537684844906
4487.968855678876,0.8795,373.7517385828058
4488.008866234305,0.9188,342.4624649853005
4488.048876789741,0.8965,359.7115145788597
4488.098889984048,0.9737,304.9331672435961
4488.138900539499,0.81,440.6408807461073
4488.1789110949585,0.8711,380.9946454907462
4488.218921650425,0.9524,318.7250597888028
4488.258932205898,0.9326,332.4023941273286
4488.298942761378,0.9368,329.4285277881603
4488.3389533168665,0.9764,303.2490616223305
4488.378963872361,1.0282,273.463805365739
4488.428977066739,1.0042,286.691355285082
4488.46898762225,0.8405,409.2412737824579
4488.508998177767,0.8753,377.34712673848423
4488.549008733294,0.9066,351.74141731415864
4488.589019288825,0.9808,300.5343356803555
4488.629029844363,1.0804,247.67715005929335
4488.669040399908,0.9639,311.16521040927705
4488.709050955462,0.9191,342.2389379252067
4488.759064149914,0.9854,297.7350058981086
4488.799074705482,1.0104,283.1837718273692
4488.839085261058,0.9734,305.12115564124633
4488.879095816641,0.8945,361.3218588986251
4488.919106372231,1.0058,285.77995965114
4488.959116927828,0.9539,317.7234638251714
4488.999127483434,0.8457,404.2241053250536
4489.039138039045,0.9104,348.8112186974592
4489.089151233568,0.9658,309.9421171251727
4489.129161789196,0.9867,296.9509780504665
4489.169172344829,1.0209,277.3886189299235
4489.209182900472,1.0122,282.1774942966964
4489.24919345612,0.9296,334.5513080622627
4489.289204011775,0.9091,349.8095209779223
4489.329214567439,0.9006,356.44378526103884
4489.369225123108,0.8921,363.2685867444696
4489.419238317705,0.9192,342.1644775358435
4489.459248873391,0.9386,328.16621767924585
4489.499259429083,0.9243,338.3989843690204
4489.5392699847835,0.9273,336.2129524919662
4489.57928054049,0.9662,309.685542801392
4489.619291096204,0.9292,334.8394035907396
4489.6593016519255,0.9139,346.1446245716079
4489.699312207652,1.0457,264.38745848709704
4489.749325402322,0.9518,319.127024719738
4489.789335958067,0.8969,359.3907377684962
4489.829346513818,0.9354,330.41536674655254
4489.869357069575,0.8445,405.3736920219219
4489.909367625341,0.6977,593.9053067115681
4489.9493781811125,0.7267,547.4499003990677
4489.989388736892,0.8875,367.04405531299125
4490.029399292679,0.7863,467.60402495176686
4490.079412487421,0.8453,404.606756944395
4490.119423043223,0.9387,328.0963021815797
4490.159433599033,0.8846,369.454571522484
4490.199444154849,0.8192,430.7992605481285
4490.239454710671,0.9313,333.3310406379208
4490.2794652665025,0.973,305.37207737570156
4490.319475822341,0.9322,332.68771775151083
4490.3594863781855,0.9288,335.12787141540497
4490.409499573,0.9475,322.0301562353037
4490.449510128861,1.0133,281.56518508699867
4490.489520684729,0.8942,361.5643429506968
4490.529531240604,0.9411,326.4250106410575
4490.569541796485,0.8353,414.352433744592
4490.6095523523745,0.93,334.26358418960297
4490.649562908269,0.9154,345.0111507483613
4490.689573464172,0.8302,419.45887951791303
4490.7395866590605,0.8411,408.65761692197896
4490.779597214981,0.8911,364.0843695077362
4490.819607770905,0.8274,422.30265694694657
4490.859618326838,0.797,455.132830633699
4490.899628882778,0.7445,521.5852793874324
4490.939639438724,0.9123,347.35983107920464
4490.979649994679,0.8946,361.2410850867655
4491.01966055064,0.9193,342.0900414441824
4491.069673745601,0.8741,378.383911673434
4491.1096843015775,0.8339,415.74487806111506
4491.149694857563,0.8631,388.09018303397824
4491.1897054135525,0.8951,360.8376220237798
4491.229715969552,0.8876,366.9613552306057
4491.269726525557,0.9328,332.2598699408149
4491.3097370815685,0.9756,303.74659845528333
4491.349747637588,0.8824,371.2991145202823
4491.399760832623,0.8756,377.0885963235619
4491.439771388657,0.9783,302.07229964044245
4491.479781944699,0.7936,459.041007345944
4491.51979250075,0.8632,388.00026939779787
4491.559803056805,0.8832,370.62677659696953
4491.599813612868,0.9077,350.88941623298007
4491.639824168939,0.9867,296.9509780504665
4491.679834725016,0.9494,320.7425126505283
4491.729847920124,0.874,378.47050323530306
4491.7698584762165,0.8523,397.98792958441965
4491.809869032317,0.8489,401.18233925562527
4491.849879588423,0.8823,371.38328537717626
4491.889890144539,0.884,369.95626319734595
4491.929900700661,1.0133,281.56518508699867
4491.969911256789,1.0305,272.24446671527664
4492.009921812925,0.9951,291.95880095806893
4492.059935008105,0.9277,335.92308282969356
4492.099945564256,0.8385,411.19585385682876
4492.139956120415,0.796,456.27709733118047
4492.179966676581,0.8316,418.0477505748055
4492.219977232754,0.8687,383.10273621191516
4492.259987788932,0.838,411.68668683376393
4492.29999834512,0.7543,508.12028122229435
4492.340008901313,0.8163,433.865622161884
4492.380019457514,0.9009,356.20643325185415
4492.4300326527755,0.9327,332.3311205734708
4492.470043208992,0.9065,351.819025792994
4492.510053765216,0.8413,408.46334208220657
4492.550064321448,0.8855,368.70394529485196
4492.590074877686,0.9417,326.0091830856566
4492.630085433931,0.8955,360.5153380437239
4492.670095990182,1.0394,267.6021732432955
4492.720109185508,1.0039,286.86272727806704
4492.760119741775,1.0286,273.25115876448024
4492.800130298049,1.0249,275.2276506368868
4492.840140854333,0.8631,388.09018303397824
4492.880151410621,0.8229,426.93397464262205
4492.9201619669175,0.886,368.2879187787302
4492.9601725232205,1.0338,270.5091756168553
4493.00018307953,1.1167,231.83664676642533
4493.0501962749295,1.0902,243.24434059734952
4493.090206831254,1.0223,276.6293940915805
4493.130217387587,0.9319,332.9019516245942
4493.170227943928,0.8384,411.29395020367974
4493.2102385002745,0.9479,321.7584297910543
4493.250249056629,0.9733,305.18385707280635
4493.290259612991,1.0526,260.93259907961504
4493.330270169359,0.8321,417.5455012679158
4493.38028336483,0.7725,484.45985644092684
4493.420293921215,0.7935,459.1567148075323
4493.460304477605,0.8513,398.92348982069797
4493.500315034003,0.8813,372.2265704457377
4493.5403255904075,0.9574,315.4046873072149
4493.580336146821,0.9709,306.6945085789714
4493.62034670324,0.8582,392.53452817318106
4493.660357259667,0.7771,478.74137309798687
4493.710370455209,0.7541,508.3898406909353
4493.750381011653,0.9407,326.7026711610451
4493.790391568102,1.0786,248.50450117004976
4493.830402124558,0.7979,454.10666691052114
4493.870412681022,1.0424,266.06408705049586
4493.910423237492,0.957,315.6684033138093
4493.95043379397,0.8605,390.43895165251917
4493.990444350454,0.9525,318.65813947505364
4494.030454906946,0.9583,314.81253323179254
4494.08046810257,0.8353,414.352433744592
4494.120478659078,0.9277,335.92308282969356
4494.160489215592,1.0565,259.00972561705146
4494.200499772113,0.8734,378.9906773621214
4494.240510328642,0.8256,424.14609809515906
4494.28052088518,0.8731,379.2511666675985
4494.320531441721,0.9557,316.5277683832795
4494.360541998271,0.8952,360.7570105257981
4494.410555193967,0.8891,365.72420060322327
4494.450565750532,0.8506,399.5803461974504
4494.490576307105,0.8954,360.5958685478322
4494.530586863686,0.8375,412.1783991758808
4494.570597420272,0.8129,437.5025423922834
4494.610607976866,0.9764,303.2490616223305
4494.6506185334665,0.9875,296.47003766582804
4494.700631729226,0.9022,355.1806424561066
4494.740642285843,0.9192,342.1644775358435
4494.780652842468,0.9091,349.8095209779223
4494.8206633990985,0.8771,375.79992095403605
4494.860673955737,0.8901,364.9029033327267
4494.900684512381,0.8022,449.2514615546065
4494.940695069033,0.8848,369.287567725764
4494.980705625691,0.7871,466.6539737814184
4495.030718821526,0.9096,349.4250519884359
4495.070729378201,0.8578,392.9006979951235
4495.110739934881,0.8429,406.9141184624087
4495.150750491571,0.9417,326.0091830856566
4495.190761048266,0.945,323.73627147539173
4495.230771604969,0.917,343.8082376526947
4495.270782161679,0.8702,381.78313573507205
4495.310792718395,0.8362,413.4609817953993
4495.350803275119,0.8476,402.41390220158456
4495.400816471034,0.8711,380.9946454907462
4495.440827027774,0.8924,363.02438652970466
4495.4808375845205,0.8613,389.71398767091983
4495.520848141275,0.9177,343.2839405682181
4495.560858698035,0.9063,351.9743198266619
4495.600869254803,0.9911,294.3201987288281
4495.640879811578,1.0226,276.4671086155617
4495.68089036836,1.1064,236.1732888649327
4495.7309035643475,0.9775,302.5669420556006
4495.770914121145,0.8339,415.74487806111506
4495.8109246779495,0.9236,338.9121259849872
4495.850935234762,0.9826,299.43426287841544
4495.890945791581,0.942,325.8015672099726
4495.930956348407,0.9078,350.81211513066944
4495.970966905239,0.9189,342.38793163935026
4496.010977462079,0.9295,334.6232970766581
4496.060990658139,0.9472,322.23417702076887
4496.101001214995,0.968,308.53489171283724
4496.141011771858,0.8999,356.99853004357976
4496.1810223287275,0.9752,303.9958261674023
4496.2210328856045,0.9386,328.16621767924585
4496.261043442489,0.954,317.65685869338023
4496.301053999379,0.9756,303.74659845528333
4496.341064556277,0.8241,425.69153526641156
4496.391077752409,0.9563,316.1307028515904
4496.431088309323,0.9697,307.45404400282047
4496.471098866244,0.8512,399.01722723942726
4496.5111094231725,0.8427,407.10728894890576
4496.551119980107,0.9276,335.99551509096085
4496.591130537048,0.9057,352.4408193527846
4496.631141093997,0.897,359.3106106103632
4496.671151650953,0.9356,330.27411847900896
4496.721164847158,0.9118,347.7408956657895
4496.761175404131,0.8853,368.87055330392127
4496.801185961109,0.9363,329.7804621424872
4496.841196518094,0.9495,320.6749559817951
4496.881207075087,0.8771,375.79992095403605
4496.921217632088,0.8316,418.0477505748055
4496.961228189095,0.7366,532.8332138530338
4497.001238746107,0.7654,493.48941993043076
4497.051251942385,0.8267,423.01812000532465
4497.091262499415,0.9495,320.6749559817951
4497.131273056451,0.8255,424.2488652119326
4497.171283613495,0.9675,308.85387289880873
4497.211294170546,0.8756,377.0885963235619
4497.251304727604,0.8601,390.80219247260544
4497.291315284669,0.9415,326.1477039410234
4497.33132584174,0.8517,398.5488702648358
4497.381339038091,0.833,416.64373057840186
4497.421349595178,0.9189,342.38793163935026
4497.461360152273,0.9305,333.90445101643337
4497.501370709374,0.8627,388.4501503032809
4497.541381266483,0.8846,369.454571522484
4497.581391823598,0.9417,326.0091830856566
4497.6214023807215,0.818,432.06414482041527
4497.66141293785,0.7696,488.11780545468963
4497.711426134273,0.9787,301.82543317527313
4497.75143669142,0.8682,383.54412369167676
4497.791447248572,0.885,369.1206771390352
4497.831457805732,0.7677,490.53690216324526
4497.871468362898,0.8823,371.38328537717626
4497.911478920071,0.79,463.2341993041024
4497.951489477252,0.8326,417.04415653323616
4497.991500034441,1.0201,277.823865852352
4498.041513230935,1.0136,281.3985375499285
4498.081523788138,0.8198,430.1689003322164
4498.121534345348,0.7923,460.54862347453064
4498.161544902567,0.7542,508.2550341508163
4498.201555459791,0.9028,354.70869444156193
4498.241566017024,0.9911,294.3201987288281
4498.2815765742625,0.9741,304.68278617705585
4498.321587131508,1.0227,276.4130451909443
4498.371600328073,0.979,301.6404818698526
4498.411610885335,0.9489,321.0806164319895
4498.451621442604,0.9726,305.6233087623109
4498.491631999878,0.9511,319.5969456286879
4498.531642557163,0.9352,330.55670564490407
4498.571653114453,0.8743,378.21081767801394
4498.61166367175,0.923,339.35289120385846
4498.651674229052,0.8445,405.3736920219219
4498.70168742569,0.9116,347.89349709638867
4498.74169798301,0.8607,390.2575211261224
4498.781708540338,0.8014,450.148841407334
4498.82171909767,0.9118,347.7408956657895
4498.86172965501,0.7326,538.6676350235855
4498.901740212358,0.9704,307.01063925164334
4498.941750769712,0.9893,295.39218453066616
4498.981761327074,0.7688,489.134186585521
4499.031774523786,1.0221,276.7376638061673
4499.071785081163,0.8457,404.2241053250536
4499.111795638548,0.7366,532.8332138530338
4499.151806195939,0.9055,352.59652530630325
4499.191816753338,1.0173,279.3553248254381
4499.231827310742,0.8616,389.4426466623042
4499.271837868154,0.9469,322.43839175237287
4499.311848425574,0.9797,301.2095893747471
4499.361861622357,0.8844,369.62168863161276
4499.401872179792,0.9235,338.9855271995598
4499.441882737235,0.8795,373.7517385828058
4499.481893294684,0.8462,403.7465536770044
4499.521903852139,0.875,377.6059231156838
4499.561914409602,0.8626,388.54022037426756
4499.601924967073,0.8767,376.14292104315996
4499.64193552455,0.916,344.5593195962729
4499.691948721407,0.9224,339.79451682444517
4499.7319592789,0.9457,323.2571950640924
4499.7719698364,1.0306,272.19163710252235
4499.811980393905,0.9443,324.21641368383456
4499.85199095142,1.036,269.3615159088063
4499.892001508942,0.9704,307.01063925164334
4499.932012066468,0.8673,384.34054572590236
4499.972022624004,0.9307,333.76095978805625
4500.022035820932,0.8612,389.8044976944482
4500.0620463784835,0.9561,316.2629749723909
4500.102056936042,0.8766,376.22874443958966
4500.142067493605,0.8896,365.3132057605809
4500.182078051177,0.9742,304.6202390951695
4500.222088608756,0.8329,416.74378298371255
4500.262099166342,0.925,337.88700728109524
4500.302109723934,0.7959,456.3917612809727
4500.3521229209355,0.7893,464.05621201655913
4500.392133478545,0.9335,331.761756481037
4500.43214403616,1.0157,280.236136337963
4500.472154593782,1.0324,271.2433276080997
4500.512165151412,0.9087,350.1175532235953
4500.552175709049,0.9464,322.7791812978605
4500.592186266692,0.896,360.11308989005107
4500.632196824343,0.8817,371.8889120906223
4500.682210021416,0.9227,339.5735963240538
4500.722220579082,0.8518,398.4552978281323
4500.762231136756,0.9368,329.4285277881603
4500.802241694436,0.9607,313.241583828618
4500.842252252123,1.0212,277.22566499169153
4500.882262809817,0.9691,307.83487021733424
4500.922273367518,0.9487,321.2160076503688
4500.962283925228,1.0476,263.42930622167444
4501.012297122373,0.9398,327.32870410641107
4501.052307680096,0.9628,311.8766289887425
4501.092318237829,0.9658,309.9421171251727
4501.132328795566,0.8346,415.04777999557
4501.172339353311,0.9086,350.1946248579148
4501.212349911063,0.8958,360.27390832629374
4501.252360468823,0.8209,429.0168277729154
4501.292371026588,0.9213,340.6064058917361
4501.342384223805,0.9596,313.96013921101036
4501.382394781588,0.964,311.10065672703985
4501.422405339377,0.9783,302.07229964044245
4501.462415897174,0.8758,376.9163902905023
4501.502426454977,0.825,424.7632614675957
4501.542437012786,0.9938,292.72312839444135
4501.582447570602,0.9421,325.73240598925685
4501.622458128427,0.8145,435.78537684844906
4501.672471325716,0.7457,519.9079349109935
4501.7124818835555,0.847,402.98422941516054
4501.752492441403,0.9034,354.23768645729416
4501.792502999257,0.8435,406.33543121222993
4501.832513557117,0.8354,414.25324122887054
4501.872524114985,0.8606,390.3482205779408
4501.91253467286,0.9236,338.9121259849872
4501.952545230741,0.9873,296.5901631659539
4502.002558428103,0.7267,547.4499003990677
4502.042568986,0.7649,494.1347984981876
4502.082579543905,0.6768,631.1519281223005
4502.122590101816,0.7805,474.57949412694126
4502.162600659734,0.9225,339.72085270921986
4502.20261121766,0.97,307.263895848574
4502.242621775593,0.8484,401.65534736906295
4502.282632333532,0.9881,296.11009872160963
4502.332645530966,0.9105,348.73460328159655
4502.372656088921,0.8384,411.29395020367974
4502.412666646883,0.8976,358.83040991499934
4502.452677204852,0.8738,378.64377555536606
4502.492687762829,0.8664,385.1394509707477
4502.532698320812,0.8966,359.63128012566443
4502.572708878802,1.0523,261.0813985924859
4502.612719436799,0.9395,327.5377816689595
4502.662732634305,0.8627,388.4501503032809
4502.702743192318,0.987,296.77048835566285
4502.742753750338,1.0548,259.8452791629329
4502.782764308366,0.9915,294.08277217646736
4502.822774866399,0.861,389.9856123603325
4502.86278542444,1.1271,227.57797384250614
4502.902795982487,0.9633,311.55295477950705
4502.942806540543,0.852,398.26825178906466
4502.99281973812,0.8448,405.085836030811
4503.0328302961925,0.9266,336.72112799334917
4503.072840854269,0.7062,579.6945806435051
4503.112851412354,0.9281,335.63358787731903
4503.152861970445,1.0079,284.59033346721606
4503.192872528543,0.9712,306.50506449464166
4503.23288308665,0.8916,363.67613501466167
4503.272893644762,0.9083,350.4259925150383
4503.3229068424125,0.9032,354.39458482508024
4503.36291740054,0.7915,461.480081795734
4503.402927958676,0.9947,292.1936594763851
4503.442938516818,0.7661,492.58801195562086
4503.482949074966,0.8719,380.29581411890797
4503.522959633124,0.8794,373.8367448516051
4503.562970191286,1.0697,252.65685922469748
4503.602980749455,1.0504,262.02675812155076
4503.652993947179,0.9143,345.8418193407696
4503.693004505366,0.8511,399.1109977010946
4503.733015063558,1.0794,248.13627855563283
4503.773025621757,1.0571,258.71578637762593
4503.813036179965,0.9772,302.75274623670873
4503.853046738178,0.7862,467.72298531003395
4503.893057296398,0.9198,341.71822508164104
4503.933067854627,0.9572,315.53650398439515
4503.9730784128615,0.8565,394.0942950423303
4504.023091610665,0.9079,350.73483956974894
4504.063102168916,0.991,294.3796002931798
4504.1031127271735,0.8089,441.84012400735423
4504.1431232854375,0.7643,494.9109253184944
4504.183133843709,1.131,226.01117799767027
4504.223144401987,0.8613,389.71398767091983
4504.263154960273,0.9186,342.6116047079255
4504.303165518565,0.9027,354.78728709660885
4504.35317871644,0.9275,336.06797078169046
4504.39318927475,0.8536,396.77661345261845
4504.4331998330645,1.0659,254.46154364592186
4504.473210391387,0.8481,401.93955388675425
4504.513220949715,0.8276,422.0985723073092
4504.553231508051,0.8434,406.43179332712253
4504.593242066395,0.7613,498.8191249971854
4504.643255264334,1.0612,256.7205269971927
4504.683265822692,1.0627,255.99631760965298
4504.723276381058,1.04,267.2934908704329
4504.763286939431,0.7697,487.99098059745774
4504.8032974978105,0.8859,368.3710677321333
4504.843308056198,0.8309,418.7524234328941
4504.883318614591,0.8979,358.59067047933195
4504.923329172991,0.9237,338.8387486084015
4504.973342371003,0.8894,365.4775205206643
4505.013352929419,0.7932,459.5040998042505
4505.053363487842,0.995,292.0174890342095
4505.093374046272,0.9434,324.8353105425777
4505.13338460471,0.7057,580.516316678882
4505.173395163154,0.7987,453.1974320518203
4505.213405721605,0.7651,493.87649523404815
4505.253416280064,0.7756,480.5949201364739
4505.293426838529,0.8286,421.08036483050927
4505.34344003662,0.8406,409.143910840563
4505.383450595101,0.7173,561.8922268298978
4505.423461153589,0.829,420.6741131831311
4505.463471712084,0.838,411.68668683376393
4505.503482270587,0.7065,579.202376241746
4505.543492829095,0.8721,380.1214067017559
4505.583503387611,0.9555,316.6602898124664
4505.623513946133,0.8385,411.19585385682876
4505.673527144298,1.0241,275.65781938131306
4505.713537702836,1.074,250.63777428052143
4505.753548261381,0.9329,332.1886422195334
4505.793558819934,0.9357,330.20352830757747
4505.833569378493,0.9619,312.4605150207058
4505.87357993706,1.0157,280.236136337963
4505.913590495632,1.0832,246.39834824792933
4505.953601054213,1.0538,260.3386713094615
4506.003614252449,0.8417,408.0752077823113
4506.0436248110445,0.9923,293.6087801496392
4506.083635369649,0.8924,363.02438652970466
4506.123645928257,0.8921,363.2685867444696
4506.163656486876,0.881,372.4801160917019
4506.203667045498,0.7936,459.041007345944
4506.24367760413,0.8124,438.0412383995059
4506.283688162769,1.0106,283.07169762577854
4506.333701361076,0.7473,517.6840326770837
4506.373711919729,0.6149,764.6197262111475
4506.41372247839,0.8066,444.3635058629813
4506.453733037058,0.9173,343.58339192570156
4506.493743595731,0.8285,421.1820196932101
4506.533754154414,0.8963,359.8720640583186
4506.573764713103,0.9562,316.196828537175
4506.613775271798,0.8389,410.8038192097622
4506.663788470177,0.8912,364.00266763736255
4506.703799028889,1.0193,278.26013798959485
4506.743809587606,0.8487,401.37144218323715
4506.783820146332,0.802,449.4755547803638
4506.823830705064,0.9162,344.4089064392464
4506.863841263804,0.9229,339.42643566340996
4506.90385182255,0.7459,519.6291642790151
4506.943862381302,0.8542,396.2194088648948
4506.993875579753,0.7884,465.11630447091414
4507.033886138523,0.6413,702.9623455240848
4507.073896697298,0.8932,362.37438848587914
4507.11390725608,0.9795,301.3326072545472
4507.15391781487,0.9464,322.7791812978605
4507.193928373667,0.8988,357.87289196691864
4507.233938932471,0.8872,367.29232336848366
4507.273949491281,0.9913,294.20144952614066
4507.323962689804,0.9358,330.13296076480304
4507.36397324863,0.8639,387.3717479520636
4507.403983807463,0.959,314.3531211002379
4507.443994366303,0.8299,419.762193788687
4507.48400492515,1.0159,280.125807260089
4507.524015484004,0.8551,395.3858001864611
4507.564026042865,0.8304,419.25685260960836
4507.604036601733,1.0553,259.5991089024906
4507.654049800329,1.0159,280.125807260089
4507.694060359212,0.8459,404.0329830452095
4507.734070918103,0.8487,401.37144218323715
4507.774081477,0.8444,405.4697122056134
4507.814092035906,0.8661,385.4063063282115
4507.854102594817,0.8697,382.2222439817566
4507.894113153735,0.7983,453.6517077924659
4507.93412371266,0.8586,392.1688699991692
4507.9841369113265,0.857,393.63457640507494
4508.024147470269,0.8731,379.2511666675985
4508.064158029217,0.8193,430.6941043308434
4508.104168588172,0.7354,534.57354744267
4508.144179147133,0.8229,426.93397464262205
4508.184189706102,0.7997,452.0647235076191
4508.224200265078,0.9157,344.78512415135555
4508.264210824062,0.8222,427.6612444959039
4508.3142240228,0.8788,374.3473920125568
4508.354234581799,1.016,280.0706671526373
4508.394245140804,1.0751,250.12515172998488
4508.434255699817,0.8868,367.62373946631044
4508.474266258836,0.8991,357.6341113270265
4508.514276817863,0.96,313.6985605410575
4508.554287376896,0.8666,384.96170134505553
4508.594297935937,0.8161,434.07830112460465
4508.644311134747,0.798,453.99286298943656
4508.684321693803,0.649,686.3808603805435
4508.724332252866,0.7602,500.2637377214068
4508.764342811935,0.7985,453.424484585544
4508.804353371013,0.7693,488.4985768144595
4508.844363930097,0.8342,415.4459068622174
4508.884374489187,0.825,424.7632614675957
4508.924385048285,0.69,607.2345257549586
4508.974398247168,0.6966,595.7824548806738
4509.014408806281,0.8192,430.7992605481285
4509.054419365401,0.984,298.5828211597944
4509.094429924528,0.8703,381.6954048921191
4509.134440483663,0.8909,364.2478557925161
4509.174451042804,0.8616,389.4426466623042
4509.214461601952,0.8998,357.0778850048838
4509.2544721611075,0.9387,328.0963021815797
4509.304485360061,1.0965,240.45722596043709
4509.344495919233,1.0014,288.29682213128586
4509.38450647841,0.8331,416.54371419983966
4509.424517037596,0.6912,605.1279058401817
4509.464527596787,0.8615,389.53306216947766
4509.504538155987,0.847,402.98422941516054
4509.544548715191,0.7208,556.4487046378581
4509.584559274404,0.754,508.52470087109424
4509.63457247343,0.8024,449.027535874974
4509.674583032657,0.8471,402.88909071426514
4509.7145935918925,0.8237,426.10507842924426
4509.754604151136,0.7734,483.3329890641662
4509.794614710385,1.168,211.91879094172293
4509.834625269641,0.971,306.6313410403425
4509.874635828904,0.7376,531.38941965953
4509.914646388174,0.5894,832.2123568964784
4509.964659587271,0.4895,1206.559462599234
4510.004670146557,0.7281,545.3466399695463
4510.04468070585,0.748,516.7155600124288
4510.084691265149,0.6877,611.3030814884736
4510.124701824456,0.7341,536.4685481089433
4510.164712383769,0.8817,371.8889120906223
4510.20472294309,0.9679,308.59864840490854
4510.244733502416,0.9998,289.22029391975565
4510.2947467015865,0.9668,309.30127826689227
4510.334757260929,0.8168,433.3346080862421
4510.374767820279,0.8069,444.03314496347906
4510.414778379636,0.8025,448.91563581276444
4510.454788939,0.7492,515.0616324387647
4510.494799498371,0.9114,348.04619899967116
4510.534810057749,0.7651,493.87649523404815
4510.574820617134,0.6924,603.0322293787243
4510.624833816374,0.7392,529.0915252631188
4510.664844375775,0.9091,349.8095209779223
4510.704854935183,1.017,279.5201603728773
4510.7448654945965,1.0163,279.90534447930537
4510.784876054018,0.9216,340.3846932620549
4510.824886613445,0.6779,629.1053052595406
4510.864897172882,0.7666,491.94566036506626
4510.904907732323,0.8602,390.7113347598792
4510.954920931636,0.8792,374.00684441468843
4510.994931491093,0.7586,502.37622131587517
4511.034942050559,0.8965,359.7115145788597
4511.074952610029,0.836,413.65883344332394
4511.114963169508,0.8053,445.799338742756
4511.154973728994,0.8417,408.0752077823113
4511.194984288486,0.7819,472.88153882336877
4511.234994847986,0.7113,571.4116074044421
4511.28500804737,0.8212,428.70342937433134
4511.325018606885,1.0015,288.2392520581867
4511.365029166407,0.9876,296.41000228148556
4511.405039725937,1.0284,273.35745104900815
4511.445050285472,0.9774,302.62885777293525
4511.485060845015,0.9264,336.8665326184418
4511.525071404564,0.9425,325.4559812129414
4511.565081964121,0.9483,321.4870471226297
4511.615095163576,0.9615,312.7205463752983
4511.655105723149,0.9532,318.1902868535187
4511.695116282728,0.9124,347.283693329334
4511.7351268423145,0.7728,484.08379650580343
4511.775137401907,0.6513,681.5416584877997
4511.815147961509,0.8538,396.59074806166115
4511.855158521114,1.0872,244.58859952814805
4511.895169080728,0.8015,450.03652195675494
4511.945182280257,0.4997,1157.8051036529869
4511.985192839887,0.6125,770.6235779932622
4512.025203399522,0.7319,539.6985057579242
4512.065213959167,0.7024,585.9838601395358
4512.105224518817,0.8858,368.45424484772417
4512.145235078473,0.9525,318.65813947505364
4512.185245638138,0.9423,325.59414959847595
4512.225256197809,0.8752,377.433362628178
4512.275269397408,0.7746,481.8366049292615
4512.315279957095,0.7969,455.24706348999007
4512.355290516789,0.8606,390.3482205779408
4512.395301076491,0.8604,390.52971436455965
4512.435311636198,0.7071,578.2198462108579
4512.475322195913,0.8727,379.59890371019134
4512.5153327556345,0.9037,354.002534196558
4512.555343315363,0.8002,451.4999610432298
4512.595353875098,0.6366,713.3805490470355
4512.645367074778,0.851,399.20480122123223
4512.685377634529,0.8631,388.09018303397824
4512.725388194287,0.7535,509.19980736931626
4512.7653987540525,0.6855,615.2331263490358
4512.8054093138235,0.8294,420.2684491699758
4512.8454198736035,0.5401,991.0736600528377
4512.885430433389,0.8272,422.5068896347442
4512.9354436331305,0.9272,336.2854785317406
4512.9754541929315,0.7434,523.1299861813316
4513.01546475274,0.8854,368.7872351864586
4513.055475312555,0.7442,522.0058838284164
4513.095485872378,0.8161,434.07830112460465
4513.135496432207,0.8883,366.38323646680897
4513.175506992043,0.672,640.2005723541556
4513.215517551886,0.8942,361.5643429506968
4513.2655307517,1.0063,285.4960396689307
4513.305541311558,0.9359,330.06241584101485
4513.3455518714245,0.7209,556.2943394446727
4513.385562431296,0.72,557.6859425692005
4513.425572991176,0.7368,532.5439846599465
4513.465583551063,0.8729,379.4249754334868
4513.505594110956,1.0274,273.88984392097194
4513.545604670856,1.0887,243.91508098499446
4513.595617870742,0.9464,322.7791812978605
4513.635628430658,0.9344,331.1229690987018
4513.6756389905795,0.9456,323.32556941812726
4513.71564955051,0.9229,339.42643566340996
4513.755660110446,0.6658,652.1793003183653
4513.795670670391,0.8127,437.71790148525434
4513.835681230341,0.8431,406.72108543102576
4513.875691790298,0.8038,447.46473340868806
4513.915702350262,0.7362,533.4123795601772
4513.965715550227,0.6535,676.9605857413667
4514.005726110208,0.7547,507.58180505597517
4514.045736670195,0.8683,383.4557851920563
4514.085747230189,0.9511,319.5969456286879
4514.125757790189,0.9357,330.20352830757747
4514.165768350196,0.8861,368.20479797480266
4514.205778910212,0.8134,436.964839493788
4514.245789470233,0.812,438.472911887787
4514.29580267027,0.9173,343.58339192570156
4514.335813230307,0.9669,309.23730371648804
4514.375823790352,0.8365,413.16447036936825
4514.415834350403,0.7446,521.4451908689089
4514.455844910462,0.7396,528.5193806063005
4514.495855470525,0.8917,363.5945705120434
4514.535866030597,0.8943,361.48348781846784
4514.575876590677,0.8009,450.71106989083853
4514.625889790785,0.7486,515.8876020147303
4514.665900350879,0.7947,457.7711067328756
4514.7059109109805,1.0994,239.190342899444
4514.745921471089,0.8751,377.51962808273913
4514.7859320312045,0.7979,454.10666691052114
4514.825942591327,0.8132,437.17980163644233
4514.865953151456,0.87,381.95868818561115
4514.915966351626,0.7622,497.64181832345685
4514.95597691177,0.965,310.45622327081765
4514.9959874719225,0.9214,340.5324776188515
4515.035998032081,0.7895,463.8211281174397
4515.076008592247,0.8433,406.5281897243751
4515.1160191524195,0.6649,653.9460554332796
4515.156029712599,0.6786,627.8080876502127
4515.196040272784,0.7992,452.6305462918353
4515.2360508329775,0.9375,328.93676537107854
4515.286064033228,0.8401,409.63107329510376
4515.326074593438,0.8727,379.59890371019134
4515.366085153652,0.8895,365.39534928610533
4515.406095713875,0.8862,368.1217053076457
4515.446106274105,0.875,377.6059231156838
4515.486116834341,0.9672,309.0454991101277
4515.526127394585,0.7784,477.1436257077574
4515.566137954835,0.8262,423.5302788153188
4515.616151155157,0.8972,359.1504366637626
4515.656161715423,0.7853,468.7956743900119
4515.696172275696,1.0176,279.19063504252136
4515.736182835975,0.8113,439.2298774287339
4515.776193396262,0.7408,526.8085039263896
4515.816203956556,0.8007,450.93625625101583
4515.856214516856,0.8829,370.8786891516304
4515.896225077163,0.9927,293.37221375018385
4515.946238277557,0.9148,345.4638712334926
4515.98624883788,0.9044,353.4547553340306
4516.026259398211,0.946,323.0522020849992
4516.066269958546,0.7936,459.041007345944
4516.106280518891,0.696,596.8101072960479
4516.146291079241,0.6926,602.6840085926665
4516.186301639598,0.7651,493.87649523404815
4516.226312199963,0.8943,361.48348781846784
4516.2763254004285,0.9819,299.8613501258088
4516.316335960809,0.8316,418.0477505748055
4516.3563465211955,0.7684,489.64356801402596
4516.396357081589,0.7789,476.5312366117373
4516.43636764199,0.8484,401.65534736906295
4516.476378202398,0.9557,316.5277683832795
4516.516388762811,0.8428,407.01068651561303
4516.556399323234,0.883,370.7946897704027
4516.60641252377,0.9391,327.81686350341323
4516.646423084208,0.8751,377.51962808273913
4516.686433644652,0.7932,459.5040998042505
4516.726444205102,0.7565,505.169223197848
4516.76645476556,0.8006,451.0489127224941
4516.806465326025,0.8862,368.1217053076457
4516.8464758864975,0.9635,311.4236261667624
4516.886486446975,0.9365,329.6396207560773
4516.936499647584,0.9514,319.39542394187265
4516.976510208077,0.8721,380.1214067017559
4517.016520768579,0.7425,524.3989469795196
4517.056531329087,0.6669,650.0296391674648
4517.096541889602,1.0402,267.1907154281715
4517.136552450124,1.0401,267.24209573833133
4517.176563010652,0.8976,358.83040991499934
4517.216573571188,0.7503,513.5524981598213
4517.266586771867,0.7851,469.03455085859446
4517.306597332418,0.8611,389.89503925270196
4517.346607892977,0.8223,427.5572350782915
4517.386618453542,0.8348,414.8489311385008
4517.426629014114,0.8572,393.4509141576039
4517.466639574693,0.7294,543.404446700971
4517.5066501352785,0.8522,398.0813374260379
4517.546660695871,0.8546,395.8485909672418
4517.596673896622,0.7595,501.1863065964756
4517.636684457229,0.6659,651.983436269316
4517.676695017845,0.7934,459.27246602306843
4517.716705578468,0.8855,368.70394529485196
4517.756716139096,0.8384,411.29395020367974
4517.796726699733,0.7862,467.72298531003395
4517.836737260374,0.7862,467.72298531003395
4517.876747821025,0.9118,347.7408956657895
4517.926761021847,0.9252,337.7409415129468
4517.966771582512,0.8547,395.75596783147193
4518.006782143184,0.8958,360.27390832629374
4518.0467927038635,0.9648,310.5849496720282
4518.086803264549,0.7845,469.7522767716224
4518.126813825243,0.8735,378.9039072305273
4518.166824385942,0.7931,459.6199824140645
4518.206834946649,0.7652,493.74741954695327
4518.256848147542,0.7909,462.18053122405234
4518.296858708264,0.7861,467.8419910700719
4518.336869268994,1.0602,257.20504191205777
4518.37687982973,0.9829,299.2515047574809
4518.416890390472,0.9632,311.6176492986303
4518.456900951222,0.9431,325.04200334145605
4518.49691151198,0.7133,568.2117771684865
4518.536922072743,0.8295,420.16712485172576
4518.586935273707,0.8952,360.7570105257981
4518.626945834487,1.0056,285.8936462439231
4518.666956395272,1.083,246.48936242047037
4518.706966956066,1.0091,283.9138791912962
4518.746977516866,0.933,332.1174373998042
4518.786988077674,0.8454,404.51104311697526
4518.826998638488,0.8528,397.5213831582596
4518.867009199308,0.8953,360.67642603783736
4518.917022400343,0.8972,359.1504366637626
4518.95703296118,0.7846,469.6325414307221
4518.997043522022,0.7847,469.5128518630697
4519.037054082874,0.795,457.42568472590847
4519.07706464373,0.874,378.47050323530306
4519.117075204595,1.0272,273.99650912383925
4519.157085765465,0.9034,354.23768645729416
4519.197096326344,0.7685,489.51614808589073
4519.2471095274495,0.8388,410.90177529392787
4519.287120088343,0.9794,301.3941444575458
4519.3271306492425,1.0805,247.63130730878387
4519.367141210151,0.9662,309.685542801392
4519.4071517710645,0.965,310.45622327081765
4519.447162331984,0.9786,301.88712141275636
4519.487172892913,0.9625,312.0710756852684
4519.527183453848,0.9128,346.97939252207783
4519.577196655026,0.8509,399.2986378153816
4519.617207215975,0.9734,305.12115564124633
4519.657217776933,0.8786,374.51784025890504
4519.697228337897,0.9676,308.7900371001429
4519.737238898868,1.0841,245.9894076352442
4519.777249459845,0.8808,372.64929047042546
4519.81726002083,0.823,426.83023040974535
4519.8572705818215,0.6562,671.4012121097472
4519.907283783071,0.6662,651.3963732320731
4519.947294344078,0.7726,484.33445445363583
4519.987304905092,0.8759,376.83033150660634
4520.027315466114,1.0008,288.6426050495152
4520.067326027141,0.8227,427.1415766116616
4520.107336588176,0.8884,366.30075960870283
4520.147347149217,0.945,323.73627147539173
4520.187357710266,0.8735,378.9039072305273
4520.237370911586,0.7598,500.79060769978645
4520.27738147265,0.8259,423.8380206877561
4520.31739203372,0.8802,373.1575057089779
4520.357402594799,0.9375,328.93676537107854
4520.397413155884,1.0261,274.58428305891056
4520.437423716975,1.1685,211.7374702145181
4520.477434278074,0.8235,426.31207602684054
4520.51744483918,0.9461,322.98391442242036
4520.567458040571,0.847,402.98422941516054
4520.607468601693,0.7869,466.89121494722536
4520.64747916282,0.9892,295.45191093922784
4520.687489723954,0.8375,412.1783991758808
4520.7275002850965,0.982,299.8002817394728
4520.7675108462445,1.0349,269.9344308744478
4520.807521407401,1.0021,287.8941934723809
4520.847531968562,0.9324,332.5450100379857
4520.897545170025,0.9214,340.5324776188515
4520.937555731203,0.9266,336.72112799334917
4520.9775662923885,1.0216,277.00861634572885
4521.017576853579,0.9349,330.7688840948671
4521.057587414777,0.7684,489.64356801402596
4521.097597975983,0.7108,572.2157882960579
4521.137608537196,0.8627,388.4501503032809
4521.177619098416,0.8295,420.16712485172576
4521.227632299949,0.9091,349.8095209779223
4521.267642861184,0.8556,394.9238205119268
4521.307653422424,0.6951,598.3565784634387
4521.347663983673,0.9582,314.8782457410681
4521.387674544929,0.8822,371.4674848587127
4521.427685106192,0.836,413.65883344332394
4521.46769566746,0.8126,437.82564066712183
4521.5077062287355,0.877,375.885626978599
4521.5577194303405,1.0756,249.89266122877467
4521.597729991632,0.9808,300.5343356803555
4521.637740552931,0.9485,321.3514845231599
4521.677751114237,0.7949,457.54078194108865
4521.717761675549,0.7575,503.8363252119544
4521.757772236868,0.8959,360.1934856453203
4521.797782798194,1.0245,275.44260904473606
4521.837793359527,0.8433,406.5281897243751
4521.887806561203,0.8244,425.38177284698077
4521.9278171225515,0.7519,511.36920607735226
4521.967827683906,0.7736,483.083108047604
4522.007838245269,1.003,287.3777662188929
4522.047848806638,0.9525,318.65813947505364
4522.087859368014,0.884,369.95626319734595
4522.127869929396,0.8435,406.33543121222993
4522.167880490786,0.8102,440.4233611458435
4522.217893692534,0.8333,416.3437894537924
4522.257904253939,0.9935,292.89993787370196
4522.297914815351,0.7233,552.6087607089306
4522.337925376771,0.9294,334.69530932953313
4522.377935938195,0.9591,314.2875728976617
4522.417946499628,0.9107,348.58144815810556
4522.457957061068,0.8918,363.5130334460158
4522.497967622515,0.8933,362.2932614960732
4522.53797818397,0.8762,376.57233192393045
4522.587991385795,0.6587,666.3144799562906
4522.628001947263,0.719,559.238301363066
4522.66801250874,0.8616,389.4426466623042
4522.708023070222,0.8294,420.2684491699758
4522.748033631713,0.9524,318.7250597888028
4522.78804419321,0.8666,384.96170134505553
4522.828054754712,0.7815,473.36573787889546
4522.868065316224,0.7758,480.347159191636
4522.91807851812,0.8011,450.486052167262
4522.958089079646,0.766,492.716633240757
4522.998099641179,0.9112,348.19900146385805
4523.0381102027195,0.8345,415.1472580424549
4523.078120764265,0.8108,439.77176786581987
4523.1181313258185,0.8396,410.1191063551426
4523.158141887378,0.8981,358.4309776417451
4523.208155089338,0.9508,319.7986581000412
4523.2481656509135,0.6798,625.5936020209932
4523.288176212498,0.7469,518.2386685975474
4523.328186774086,0.8789,374.2622115210843
4523.368197335683,0.9754,303.8711739843816
4523.408207897286,0.9701,307.2005523288472
4523.448218458896,0.8042,447.01971685029633
4523.488229020513,0.8217,428.1818613128643
4523.538242222544,0.9183,342.8354970277507
4523.578252784177,0.9318,332.97340890248626
4523.618263345816,0.886,368.2879187787302
4523.658273907462,0.8423,407.4940428095435
4523.698284469116,0.8849,369.2041082875473
4523.738295030776,0.9055,352.59652530630325
4523.778305592442,0.9411,326.4250106410575
4523.818316154116,0.88,373.32714183890175
4523.858326715796,0.8699,382.0465098210231
4523.908339917907,0.9919,293.84563280439113
4523.9483504796035,0.9775,302.5669420556006
4523.988361041306,0.8143,435.9994691280097
4524.028371603016,0.8806,372.818580129683
4524.068382164733,0.9041,353.6893619082396
4524.108392726456,0.9417,326.0091830856566
4524.148403288186,1.0389,267.8598172043058
4524.188413849924,0.9472,322.23417702076887
4524.238427052105,0.9859,297.43308967356126
4524.278437613858,0.9484,321.4192551025403
4524.318448175618,0.9356,330.27411847900896
4524.358458737384,0.9322,332.68771775151083
4524.398469299157,0.9197,341.79253984323464
4524.438479860938,0.9646,310.71375615178675
4524.4784904227245,0.924,338.6187594033827
4524.518500984519,0.9565,315.99851369460805
4524.568514186772,0.9709,306.6945085789714
4524.608524748581,0.9017,355.5746523525442
4524.648535310398,0.8011,450.486052167262
4524.688545872221,0.9698,307.39064167747654
4524.728556434051,0.7396,528.5193806063005
4524.768566995888,0.8317,417.94722824322696
4524.808577557732,0.858,392.71754906852493
4524.848588119583,0.8657,385.7625451177752
4524.898601321906,0.8819,371.7202551810229
4524.938611883773,0.7524,510.68978208187417
4524.978622445646,0.8543,396.1266555568264
4525.018633007526,0.9298,334.4073997089251
4525.058643569413,0.9314,333.2594682117433
4525.098654131306,0.8503,399.86235280599124
4525.138664693207,0.7676,490.66472087498744
4525.178675255114,0.8454,404.51104311697526
4525.228688457509,0.8164,433.75934129002894
4525.268699019432,0.8675,384.16334881597766
4525.308709581362,0.9075,351.0440951068064
4525.348720143298,0.9141,345.9931722671676
4525.388730705242,0.8919,363.43152380427455
4525.428741267192,0.8706,381.43239372573873
4525.468751829149,0.9671,309.1094141463118
4525.508762391114,0.9216,340.3846932620549
4525.5587755935785,0.8242,425.5882435424829
4525.598786155559,0.8481,401.93955388675425
4525.638796717545,0.8901,364.9029033327267
4525.678807279539,0.8434,406.43179332712253
4525.718817841539,1.0159,280.125807260089
4525.7588284035455,0.8246,425.1754523664231
4525.798838965559,0.9262,337.0120314479179
4525.838849527579,0.9043,353.53293158249556
4525.888862730117,0.8523,397.98792958441965
4525.928873292153,0.88,373.32714183890175
4525.968883854196,0.9137,346.29617634111145
4526.008894416246,0.9414,326.216997478295
4526.048904978303,0.9728,305.4976543306543
4526.088915540367,0.0,289105195696188.5
4526.128926102438,0.0,289105195696188.5
4526.168936664515,0.0,289105195696188.5
4526.218949867122,0.0,289105195696188.5
4526.258960429214,0.0,289105195696188.5
4605.839981745746,0.0,289105195696188.5
4605.889994964928,0.0,289105195696188.5
4605.930005540279,0.0,289105195696188.5
4605.97001611564,0.8034,447.9104148315731
4606.020029334847,0.7111,571.7330762046853
4606.06003991022,0.6736,637.1628560074801
4606.100050485601,0.8818,371.80456929101217
4606.140061060986,0.5353,1008.9270997828884
4606.190074280228,0.6406,704.4994723539604
4606.23008485563,0.8061,444.9149272338332
4606.270095431037,0.9904,294.73638761885627
4606.320108650304,0.8389,410.8038192097622
4606.3601192257265,0.6217,747.9847867964511
4606.400129801155,0.9598,313.8293089958932
4606.450143020449,0.6829,619.9267824081132
4606.4901535958925,0.9343,331.1938543250811
4606.530164171342,0.77,487.6108024541493
4606.580177390662,0.7669,491.56085233414376
4606.620187966127,1.1293,226.6921447120898
4606.660198541596,0.8142,436.10657443586626
4606.700209117073,0.7549,507.3128879042633
4606.750222336428,0.7782,477.38891192012767
4606.79023291192,0.9995,289.3939387877184
4606.830243487417,0.7923,460.54862347453064
4606.880256706799,0.8906,364.4932917651591
4606.92026728231,0.906,352.207453737324
4606.960277857829,0.8976,358.83040991499934
4607.0102910772375,1.268,179.81118561163535
4607.05030165277,0.8715,380.6449892435462
4607.09031222831,0.7452,520.6058437350598
4607.130322803856,0.7288,544.2995521648614
4607.180336023298,0.7199,557.840887395249
4607.220346598859,0.6693,645.3762050366205
4607.260357174426,0.8564,394.1863354074841
4607.310370393893,0.8268,422.9157997279208
4607.350380969475,1.0346,270.0909976476639
4607.390391545063,0.8953,360.67642603783736
4607.440404764556,0.7028,585.3170231789231
4607.480415340159,1.0735,250.87130563589625
4607.520425915768,1.0882,244.13927772557497
4607.560436491383,0.7604,500.00061447551
4607.610449710912,0.7921,460.7812234920226
4607.650460286542,0.7017,587.1535700281567
4607.690470862179,0.884,369.95626319734595
4607.740484081733,0.8855,368.70394529485196
4607.780494657383,0.7583,502.7738013770966
4607.820505233041,0.9363,329.7804621424872
4607.870518452622,1.0402,267.1907154281715
4607.910529028294,1.0249,275.2276506368868
4607.950539603972,0.9311,333.4742546782034
4608.00055282358,0.898,358.51081072317834
4608.0405633992705,0.9174,343.50849236356584
4608.080573974971,0.979,301.6404818698526
4608.1205845506765,1.1086,235.2368551337698
4608.170597770318,1.0442,265.14759189660015
4608.2106083460385,0.9578,315.14130163345897
4608.250618921764,0.8249,424.8662529799796
4608.300632141432,0.9727,305.560471857912
4608.340642717174,1.0125,282.0103029416668
4608.38065329292,0.8492,400.8989353436465
4608.430666512614,0.9303,334.04803479979125
4608.470677088376,0.9559,316.3953301264496
4608.510687664146,0.9479,321.7584297910543
4608.560700883865,0.9837,298.76496696466904
4608.600711459648,1.0038,286.91988542317796
4608.640722035439,0.9603,313.5025910103554
4608.680732611233,0.9914,294.142101873301
4608.730745830987,0.9111,348.2754404338861
4608.770756406798,0.8892,365.64194616674877
4608.810766982615,0.884,369.95626319734595
4608.8607802023935,0.9986,289.9158127166511
4608.900790778225,1.0666,254.1276519088656
4608.940801354062,0.8629,388.27010409471967
4608.990814573869,0.9135,346.4478276627944
4609.030825149722,0.9135,346.4478276627944
4609.070835725581,1.0394,267.6021732432955
4609.110846301446,0.8728,379.51192462614046
4609.1608595212865,1.0538,260.3386713094615
4609.200870097166,1.2325,190.31864459300922
4609.240880673053,1.271,178.9633547564794
4609.290893892919,1.1438,220.98100934829336
4609.33090446882,0.9532,318.1902868535187
4609.370915044727,0.9412,326.355650818923
4609.420928264619,0.9464,322.7791812978605
4609.4609388405415,0.9848,298.09791256242096
4609.50094941647,1.0766,249.42865161903632
4609.550962636389,1.0339,270.4568502793908
4609.590973212331,1.0512,261.62808718809697
4609.630983788279,1.0357,269.5175844232062
4609.670994364235,1.0379,268.37622263487845
4609.721007584189,0.9438,324.560026685077
4609.7610181601585,1.0739,250.6844544575175
4609.801028736134,0.9799,301.0866468119384
4609.851041956114,1.1669,212.31851729896704
4609.891052532104,1.0026,287.60711774969405
4609.931063108102,0.9554,316.72658173845906
4609.981076328107,1.0467,263.8825174143579
4610.021086904118,1.1009,238.5389835345793
4610.0610974801375,1.2003,200.66681653285485
4610.101108056161,1.1372,223.55347798563216
4610.151121276201,1.0394,267.6021732432955
4610.19113185224,1.0236,275.92718717685733
4610.231142428285,1.1093,234.9400667161479
4610.281155648351,1.1107,234.34817240840584
4610.321166224411,1.008,284.5338699881328
4610.3611768004785,1.0425,266.013046077644
4610.411190020569,1.1424,221.52296086963122
4610.45120059665,1.0961,240.63275803346542
4610.491211172738,1.0743,250.4978119540528
4610.541224392856,0.8996,357.2366743250036
4610.581234968958,0.8431,406.72108543102576
4610.621245545065,1.1184,231.1323863782734
4610.6612561211805,1.0026,287.60711774969405
4610.711269341333,1.0581,258.2269983855368
4610.751279917463,1.021,277.33428499003907
4610.791290493598,1.1697,211.303248766527
4610.841303713777,0.9702,307.1372283948316
4610.881314289926,1.0745,250.40456885832356
4610.9213248660835,1.2975,171.72775572558206
4610.971338086288,0.8978,358.67055692209107
4611.011348662459,0.9135,346.4478276627944
4611.051359238636,1.1161,232.08597792495587
4611.1013724588665,1.2012,200.36622990739795
4611.141383035059,1.1384,223.08242642542726
4611.181393611257,1.1685,211.7374702145181
4611.22140418746,1.1027,237.7608583166083
4611.2714174077255,1.1603,214.74079848844897
4611.311427983946,1.1605,214.66678828273868
4611.351438560171,1.1648,213.08477833593489
4611.401451780461,1.1279,227.25525436219735
4611.441462356702,1.0697,252.65685922469748
4611.481472932947,1.2095,197.6257054412725
4611.531486153265,1.1434,221.1356495227419
4611.571496729526,1.2004,200.63338462831487
4611.611507305794,1.2231,193.25522925170682
4611.651517882066,1.0654,254.70044078786208
4611.70153110242,1.0617,256.47878278040395
4611.741541678706,0.9284,335.41671217800956
4611.781552255001,0.9968,290.9638045099624
4611.83156547538,1.1533,217.35546267009943
4611.871576051689,1.0672,253.84198177067137
4611.9115866280035,1.018,278.97127511318223
4611.961599848407,1.1644,213.23120306640632
4612.001610424738,1.2714,178.85076387281194
4612.041621001074,1.0657,254.55706215290726
4612.091634221504,1.0612,256.7205269971927
4612.131644797855,1.2294,191.27965184945762
4612.171655374212,1.1782,208.26539900493702
4612.2116659505755,0.9028,354.70869444156193
4612.26167917104,1.3625,155.7335692669945
4612.301689747418,0.9719,306.06371032309187
4612.341700323802,1.1731,210.08018283949065
4612.3917135442925,1.1147,232.66931715169508
4612.431724120692,1.0468,263.83210288223967
4612.471734697098,1.0019,288.00914412250177
4612.521747917613,1.0828,246.58042703030006
4612.561758494034,1.0765,249.4749943974964
4612.60176907046,1.0015,288.2392520581867
4612.641779646892,1.0522,261.1310267158262
4612.691792867442,1.1563,216.22907689103675
4612.731803443889,1.086,245.12942495551312
4612.771814020343,1.1325,225.41286991179743
4612.821827240919,1.1708,210.90638476530071
4612.861837817388,1.1693,211.4478407171521
4612.9018483938635,1.0834,246.3073844754368
4612.951861614465,0.9967,291.02219281314535
4612.9918721909535,1.0678,253.55679305342375
4613.031882767449,1.0826,246.67154211469315
4613.081895988077,1.1784,208.19471076708058
4613.121906564588,0.9832,299.06891390368065
4613.161917141104,0.9837,298.76496696466904
4613.201927717627,1.0539,260.2892688854924
4613.251940938289,1.1774,208.54851227327572
4613.291951514827,1.0243,275.5501826973372
4613.33196209137,1.0704,252.3265120523892
4613.38197531206,1.0856,245.31009876483213
4613.421985888616,1.097,240.23808083004116
4613.461996465182,1.1836,206.3693754791864
4613.5120096858955,1.1269,227.6587611233305
4613.552020262476,1.1046,236.9436272767736
4613.592030839061,1.0384,268.11783342899605
4613.642044059801,0.9676,308.7900371001429
4613.6820546364015,1.0134,281.5096194633224
4613.722065213007,1.0556,259.45157462386203
4613.76207578962,1.124,228.83502716120822
4613.812089010395,1.1581,215.55744312481252
4613.852099587022,1.129,226.8126347363944
4613.892110163656,1.0113,282.67996141516016
4613.942123384456,1.0106,283.07169762577854
4613.982133961104,0.9477,321.89425000492423
4614.022144537757,1.056,259.255057812901
4614.072157758586,1.0875,244.45367283114237
4614.112168335255,1.0696,252.70410463116664
4614.15217891193,1.11,234.64383961255572
4614.192189488611,1.1127,233.50648156632724
4614.242202709473,1.152,217.84629823894707
4614.282213286168,1.0441,265.19838397309616
4614.322223862871,1.1212,229.9794038442829
4614.372237083758,1.0134,281.5096194633224
4614.412247660475,0.9827,299.37332490692455
4614.452258237199,0.898,358.51081072317834
4614.502271458112,0.8568,393.81836728242564
4614.542282034849,0.8498,400.3330276897823
4614.582292611593,0.9476,321.9621923635115
4614.632305832532,1.0935,241.7784158137353
4614.672316409292,1.0566,258.96070096746763
4614.712326986057,0.9708,306.7576956388385
4614.752337562829,1.0175,279.24551545138
4614.802350783802,1.1019,238.10622098371152
4614.842361360587,1.0359,269.41352368121403
4614.8823719373795,1.046,264.23582409413655
4614.9323851583795,0.9681,308.47115477698947
4614.972395735186,0.91,349.1179329805595
4615.012406311999,0.9703,307.07392403845347
4615.062419533025,0.8813,372.2265704457377
4615.102430109852,0.97,307.263895848574
4615.142440686686,1.1336,224.97561931900202
4615.192453907736,0.858,392.71754906852493
4615.232464484586,0.9244,338.3257735696641
4615.27247506144,1.1048,236.85784814349904
4615.312485638303,0.8517,398.5488702648358
4615.3624988593865,0.8507,399.48641028792645
4615.402509436262,0.9294,334.69530932953313
4615.442520013145,0.8424,407.39730269258143
4615.492533234256,0.9355,330.3447312887736
4615.532543811153,0.8885,366.2183105971214
4615.572554388056,0.8593,391.5301964829239
4615.6225676091935,0.9358,330.13296076480304
4615.662578186112,0.8907,364.41145221839076
4615.702588763035,0.8468,403.1746079425487
4615.742599339965,0.7633,496.20853954017775
4615.7926125611375,0.8621,388.9910409774814
4615.832623138081,0.827,422.71127051393404
4615.872633715033,0.9194,342.0156296396529
4615.92264693623,0.9187,342.53702267129245
4615.962657513195,1.1484,219.2142453225024
4616.002668090167,0.8911,364.0843695077362
4616.052681311391,0.9126,347.1314929091923
4616.092691888377,0.9909,294.4390198425457
4616.13270246537,0.9077,350.88941623298007
4616.18271568662,0.9564,316.06459790695914
4616.222726263627,0.8646,386.7447524826534
4616.26273684064,0.9119,347.6646326002037
4616.302747417661,0.9816,300.0446672816058
4616.352760638944,0.934,331.4066466307805
4616.392771215978,0.8754,377.2609204001495
4616.432781793019,0.927,336.430601031174
4616.482795014327,0.857,393.63457640507494
4616.522805591383,0.8602,390.7113347598792
4616.562816168445,0.8456,404.3197173233628
4616.612829389781,0.8294,420.2684491699758
4616.652839966857,0.834,415.6451851462773
4616.692850543938,0.7827,471.9153668168062
4616.732861121027,0.9867,296.9509780504665
4616.782874342398,0.992,293.78639277901783
4616.8228849195,0.8608,390.16685328237025
4616.86289549661,0.912,347.5883946197497
4616.912908718006,0.8783,374.7737309856721
4616.9529192951295,0.8309,418.7524234328941
4616.992929872261,0.7928,459.9678933856983
4617.042943093682,0.789,464.40917311712997
4617.082953670828,0.8757,377.0024785583309
4617.122964247978,0.9244,338.3257735696641
4617.172977469427,0.936,329.9918935265471
4617.212988046592,0.8065,444.4737080957654
4617.252998623763,0.7824,472.27733402385707
4617.293009200942,0.8178,432.2755003835661
4617.343022422424,0.7386,529.9514858016665
4617.383032999616,0.8133,437.0723007419985
4617.423043576815,0.7993,452.5172967820403
4617.473056798324,0.8811,372.395572099834
4617.5130673755375,0.872,380.2085954097113
4617.553077952757,0.8713,380.81975717160395
4617.603091174291,0.8898,365.1490017868145
4617.643101751527,0.8531,397.2418489736866
4617.683112328767,0.8742,378.2973498255355
4617.733125550326,0.8092,441.5125725923376
4617.773136127581,0.8843,369.70528971036754
4617.813146704843,0.8336,416.04417210330803
4617.85315728211,0.8055,445.5779888030852
4617.903170503704,0.8778,375.2007987009237
4617.943181080987,0.8407,409.0465826400866
4617.983191658275,0.8289,420.7756209599577
4618.0332048798955,0.8167,433.44073288287177
4618.073215457199,0.9686,308.1527661555943
4618.1132260345075,0.7514,512.0499868384379
4618.163239256155,0.821,428.91232346656136
4618.2032498334775,0.7697,487.99098059745774
4618.243260410808,0.7353,534.7189599738931
4618.283270988145,0.7912,461.8301073176351
4618.333284209824,0.8271,422.60906154145636
4618.373294787176,0.8477,402.31896538622215
4618.413305364534,0.8442,405.6618549499136
4618.463318586239,0.7861,467.8419910700719
4618.503329163611,0.8608,390.16685328237025
4618.54333974099,0.821,428.91232346656136
4618.593352962722,0.9291,334.9114856190935
4618.633363540114,0.7465,518.7941963338347
4618.673374117514,0.9561,316.2629749723909
4618.7233873392715,1.0851,245.53622206263384
4618.763397916686,1.1754,209.25882625060592
4618.803408494104,1.0492,262.62647528168645
4618.843419071532,0.9628,311.8766289887425
4618.893432293324,0.8487,401.37144218323715
4618.933442870763,0.8276,422.0985723073092
4618.97345344821,0.8703,381.6954048921191
4619.023466670028,0.8542,396.2194088648948
4619.0634772474905,0.831,418.6516468447143
4619.1034878249575,0.8828,370.96271707976916
4619.1535010468015,0.8805,372.9032682222465
4619.193511624283,0.8232,426.6228553553673
4619.233522201772,0.9341,331.3356930813691
4619.273532779267,0.9577,315.2071171133727
4619.323546001144,0.9666,309.429286939395
4619.3635565786535,0.8476,402.41390220158456
4619.403567156169,0.9231,339.27937064433826
4619.453580378073,0.8685,383.27919972641274
4619.493590955603,0.8319,417.7462923202154
4619.5336015331395,0.7988,453.08396973399726
4619.583614755069,0.8898,365.1490017868145
4619.623625332621,0.7797,475.553863453759
4619.663635910178,0.8505,399.67431524324286
4619.713649132133,0.7907,462.4143687850126
4619.753659709704,0.7507,513.0053661552467
4619.793670287282,0.8462,403.7465536770044
4619.833680864867,0.8872,367.29232336848366
4619.883694086857,0.9505,320.00056159683487
4619.923704664455,0.9572,315.53650398439515
4619.963715242061,0.8751,377.51962808273913
4620.013728464076,0.8009,450.71106989083853
4620.053739041696,0.8609,390.07621703199914
4620.093749619322,0.8676,384.0747963109866
4620.143762841364,0.8016,449.92424453922393
4620.183773419004,0.8359,413.7578125273863
4620.223783996651,0.8724,379.86002044779656
4620.273797218717,0.96,313.6985605410575
4620.3138077963795,0.8706,381.43239372573873
4620.353818374047,0.7456,520.0474043591125
4620.39382895172,0.8296,420.0658371721291
4620.4438421738205,0.7963,455.9333646361566
4620.483852751509,0.7617,498.2953623659699
4620.523863329203,0.8337,415.9443715224135
4620.5738765513315,0.8784,374.6884049447725
4620.6138871290395,0.8754,377.2609204001495
4620.653897706756,0.8545,395.94124662323895
4620.703910928909,0.9053,352.75233446736434
4620.743921506638,0.9688,308.02554871526866
4620.783932084374,0.8265,423.2228719907713
4620.823942662117,0.8461,403.84199628088214
4620.8739558843035,0.8713,380.81975717160395
4620.913966462062,0.8913,363.9209932652035
4620.953977039825,0.8018,449.69981571943663
4621.003990262037,0.8698,382.1343617484273
4621.0440008398145,0.8524,397.8945546154852
4621.084011417599,0.9014,355.8113730724143
4621.134024639838,0.8485,401.560678846847
4621.174035217637,0.8714,380.7323581655973
4621.214045795441,0.874,378.47050323530306
4621.264059017706,0.9658,309.9421171251727
4621.304069595525,0.9081,350.58036502707984
4621.34408017335,0.8643,387.01327828948627
4621.384090751183,0.8349,414.74956029406786
4621.434103973482,0.9381,328.51613061250794
4621.474114551328,0.8454,404.51104311697526
4621.51412512918,0.9081,350.58036502707984
4621.564138351506,0.8139,436.4281272644023
4621.604148929372,0.7906,462.5313541197818
4621.644159507246,0.8911,364.0843695077362
4621.694172729595,0.8499,400.2388262531573
4621.734183307483,0.8344,415.246771857756
4621.774193885377,0.8547,395.75596783147193
4621.814204463279,0.8566,394.00228690980043
4621.864217685662,0.839,410.70589814948084
4621.904228263577,0.7628,496.8592612443534
4621.944238841498,0.7375,531.5335348393091
4621.994252063909,0.908,350.6575895389674
4622.034262641844,0.927,336.430601031174
4622.074273219786,0.9518,319.127024719738
4622.124286442223,0.8595,391.34800488883167
4622.164297020179,0.8639,387.3717479520636
4622.204307598142,0.953,318.32385383827375
4622.254320820604,0.8934,362.2121617468175
4622.294331398581,0.9085,350.2717219437889
4622.334341976565,0.9175,343.4336172903888
4622.374352554554,0.8968,359.4708917324508
4622.42436577705,0.9656,310.07052387516086
4622.464376355054,0.8593,391.5301964829239
4622.504386933065,0.8368,412.86827779148007
4622.554400155587,0.8882,366.4657411839811
4622.594410733612,0.7948,457.655922602788
4622.634421311644,0.7969,455.24706348999007
4622.6844345341915,0.743,523.6933994759037
4622.724445112236,0.8729,379.4249754334868
4622.764455690288,0.8827,371.0467735677558
4622.814468912863,0.8139,436.4281272644023
4622.8544794909285,0.9293,334.7673448308908
4622.894490069001,0.8458,404.1285272376806
4622.93450064708,0.9175,343.4336172903888
4622.984513869686,0.9144,345.7661801171684
4623.02452444778,0.9103,348.8878593641863
4623.064535025882,0.8782,374.85908617624204
4623.114548248514,0.7835,470.9521528521513
4623.154558826628,0.8741,378.383911673434
4623.194569404748,0.8257,424.04336831425906
4623.244582627409,0.9006,356.44378526103884
4623.2845932055425,0.8819,371.7202551810229
4623.324603783683,0.903,354.55158745570253
4623.364614361832,0.82,429.9590876901468
4623.414627584525,0.7779,477.7571960322688
4623.454638162687,0.8749,377.6922477405359
4623.494648740854,0.9125,347.20758060965335
4623.544661963575,0.8727,379.59890371019134
4623.584672541757,0.8248,424.9692819551294
4623.624683119945,0.7833,471.1926796876259
4623.67469634269,0.8721,380.1214067017559
4623.714706920895,0.9428,325.2488934811454
4623.754717499104,0.8431,406.72108543102576
4623.804730721876,0.8072,443.70315233601195
4623.8447413000995,0.7903,462.8825766107669
4623.88475187833,0.8543,396.1266555568264
4623.924762456565,0.875,377.6059231156838
4623.97477567937,0.8599,390.9840030018732
4624.014786257622,0.8271,422.60906154145636
4624.054796835879,0.9055,352.59652530630325
4624.1048100587095,0.8313,418.34953525915074
4624.144820636982,0.8406,409.143910840563
4624.18483121526,0.9197,341.79253984323464
4624.234844438116,0.9111,348.2754404338861
4624.274855016408,0.8378,411.8832661292254
4624.314865594708,0.8419,407.8813480590925
4624.354876173013,0.8796,373.6667613049137
4624.404889395902,0.8502,399.95642135414863
4624.444899974222,0.8224,427.45326359950485
4624.484910552548,0.9113,348.12258765613393
4624.534923775464,0.8202,429.7494285131867
4624.574934353805,0.7621,497.7724242320329
4624.61494493215,0.9159,344.63456312793244
4624.664958155093,0.7403,527.5203581686625
4624.704968733453,0.8781,374.9444705297615
4624.744979311821,0.9562,316.196828537175
4624.794992534788,0.9211,340.7543346787307
4624.83500311317,0.8899,365.0669413136797
4624.875013691558,0.7513,512.1863061204276
4624.915024269953,0.7707,486.7254459956947
4624.965037492954,0.8554,395.10851517035206
4625.0050480713635,0.8536,396.77661345261845
4625.045058649779,0.8839,370.03997781938375
4625.095071872806,0.8442,405.6618549499136
4625.135082451236,0.8829,370.8786891516304
4625.17509302967,0.8939,361.80707118223086
4625.225106252725,0.9058,352.3630050503709
4625.265116831175,0.8392,410.5101610338012
4625.30512740963,0.8956,360.4348345134604
4625.35514063271,0.8716,380.5576503916454
4625.395151211182,0.805,446.1316730430905
4625.435161789658,0.8926,362.86172316001057
4625.475172368141,0.9333,331.90396025178836
4625.525185591254,0.8458,404.1285272376806
4625.565196169752,0.8443,405.56576650955463
4625.605206748256,0.8407,409.0465826400866
4625.655219971394,0.8696,382.310156534952
4625.695230549913,0.8479,402.1291925157703
4625.735241128437,0.8275,422.2005961300531
4625.785254351603,0.8699,382.0465098210231
4625.825264930142,0.8619,389.17158893959385
4625.865275508687,0.8176,432.4870110698732
4625.905286087239,0.8426,407.2039257786087
4625.955299310437,0.8885,366.2183105971214
4625.995309889004,0.8578,392.9006979951235
4626.035320467575,0.8498,400.3330276897823
4626.085333690799,0.7945,458.00160548576275
4626.125344269387,0.8544,396.0339348146889
4626.16535484798,0.8865,367.8725959998561
4626.215368071231,0.879,374.1770600997652
4626.255378649838,0.823,426.83023040974535
4626.295389228451,0.8534,396.96260953512837
4626.345402451728,0.9082,350.50316602284767
4626.385413030356,0.8009,450.71106989083853
4626.42542360899,0.7985,453.424484585544
4626.46543418763,0.8796,373.6667613049137
4626.5154474109395,0.8911,364.0843695077362
4626.555457989596,0.8931,362.4555427284364
4626.595468568257,0.8979,358.59067047933195
4626.645481791594,0.8786,374.51784025890504
4626.6854923702695,0.8566,394.00228690980043
4626.725502948951,0.8674,384.25193194957404
4626.775516172312,0.7893,464.05621201655913
4626.815526751009,0.8041,447.13090873118983
4626.855537329711,0.7933,459.38826101461547
4626.895547908421,0.886,368.2879187787302
4626.945561131814,0.9125,347.20758060965335
4626.985571710538,0.8637,387.55116957976395
4627.025582289269,0.885,369.1206771390352
4627.07559551269,0.8324,417.24458601752815
4627.115606091433,0.8691,382.7501745874154
4627.155616670184,0.7376,531.38941965953
4627.205629893631,0.7712,486.09452401251286
4627.245640472395,0.9731,305.30931793208606
4627.2856510511665,0.9361,329.9213938117393
4627.3356642746385,0.8637,387.55116957976395
4627.375674853424,0.8647,386.65530598275006
4627.415685432216,0.8768,376.05712700977915
4627.455696011014,0.9513,319.46257665405057
4627.5057092345205,0.916,344.5593195962729
4627.545719813333,0.8406,409.143910840563
4627.585730392152,0.963,311.7470988042133
4627.635743615684,0.9097,349.3482342545872
4627.675754194516,0.8288,420.8771654816363
4627.715764773357,0.7794,475.9200257140625
4627.765777996915,0.7964,455.81887338362776
4627.805788575769,0.8841,369.8725769803957
4627.8457991546275,0.8431,406.72108543102576
4627.895812378211,0.7806,474.4579085548534
4627.935822957087,0.8302,419.45887951791303
4627.975833535967,0.8384,411.29395020367974
4628.015844114853,0.8731,379.2511666675985
4628.065857338472,0.867,384.6065710526689
4628.105867917373,0.7923,460.54862347453064
4628.145878496281,0.8294,420.2684491699758
4628.195891719923,0.8044,446.79745748209575
4628.235902298846,0.809,441.73089971313294
4628.2759128777725,0.8858,368.45424484772417
4628.325926101442,0.8324,417.24458601752815
4628.365936680384,0.8973,359.0703898514119
4628.4059472593335,0.9189,342.38793163935026
4628.445957838288,0.827,422.71127051393404
4628.495971061992,0.855,395.47829339340143
4628.535981640961,0.8514,398.82978542938355
4628.575992219938,0.8599,390.9840030018732
4628.626005443666,0.8695,382.3980994219625
4628.666016022657,0.8282,421.48720524763405
4628.706026601652,0.822,427.8693772214593
4628.756039825407,0.7807,474.3363697014651
4628.796050404418,0.9019,355.4169697566352
4628.836060983435,0.9169,343.883235277528
4628.886074207216,0.8757,377.0024785583309
4628.926084786246,0.8335,416.14400860733906
4628.966095365285,0.8759,376.83033150660634
4629.006105944327,0.8974,358.99036979711667
4629.056119168142,0.8652,386.2085386051631
4629.0961297472,0.9009,356.20643325185415
4629.136140326265,0.8355,414.1540843276772
4629.186153550106,0.8616,389.4426466623042
4629.226164129183,0.8756,377.0885963235619
4629.266174708269,0.9639,311.16521040927705
4629.316187932134,0.8708,381.2572039447209
4629.356198511235,0.8793,373.92178012450046
4629.396209090341,0.8346,415.04777999557
4629.44622231423,0.8083,442.49632130880786
4629.486232893351,0.8357,413.9558773006946
4629.526243472476,0.9069,351.50874589368163
4629.566254051611,0.9011,356.0483302631247
4629.616267275535,0.8784,374.6884049447725
4629.656277854682,0.9049,353.0642627771468
4629.696288433835,0.997,290.84708060673387
4629.746301657787,0.9138,346.22038801778433
4629.786312236954,0.8975,358.91037648895184
4629.826322816128,0.9307,333.76095978805625
4629.876336040104,0.7489,515.4743690722589
4629.916346619293,0.7307,541.4726103550615
4629.956357198488,0.7679,490.28141453036744
4629.996367777689,0.8028,448.5801864863618
4630.046381001699,0.8444,405.4697122056134
4630.086391580914,0.7807,474.3363697014651
4630.1264021601355,0.8462,403.7465536770044
4630.176415384172,0.8615,389.53306216947766
4630.216425963408,0.849,401.08783790344165
4630.25643654265,0.857,393.63457640507494
4630.306449766712,0.8957,360.3543579449965
4630.346460345968,0.933,332.1174373998042
4630.38647092523,0.887,367.4579753718979
4630.436484149319,0.9063,351.9743198266619
4630.476494728595,0.7861,467.8419910700719
4630.516505307878,0.7839,470.4716513634948
4630.556515887169,0.8871,367.3751353651336
4630.606529111289,0.8531,397.2418489736866
4630.646539690593,0.8106,439.98880486450236
4630.686550269904,0.8553,395.2009110901044
4630.73656349405,0.902,355.3381677889716
4630.776574073374,0.7518,511.5052535728169
4630.816584652707,0.8458,404.1285272376806
4630.866597876879,0.7467,518.5163208692711
4630.906608456224,0.9942,292.487631353269
4630.946619035574,0.8076,443.2637340880781
4630.986629614933,0.8486,401.46604379016225
4631.036642839138,0.834,415.6451851462773
4631.076653418511,0.883,370.7946897704027
4631.11666399789,0.8736,378.81716689462905
4631.1666772221215,0.8369,412.7696177083168
4631.206687801514,0.7922,460.66490146234855
4631.246698380914,0.8511,399.1109977010946
4631.296711605172,0.8575,393.1756617049501
4631.336722184585,0.8065,444.4737080957654
4631.376732764004,0.8751,377.51962808273913
4631.426745988288,0.8523,397.98792958441965
4631.466756567721,0.8533,397.05565662400903
4631.506767147162,0.7828,471.79480355128266
4631.5467777266085,0.9148,345.4638712334926
4631.596790950925,0.787,466.7725717555992
4631.636801530386,0.8132,437.17980163644233
4631.676812109854,0.8341,415.5455280857085
4631.726825334195,0.8086,442.16804006569487
4631.766835913677,0.935,330.6981352516169
4631.806846493165,0.8831,370.71071892315655
4631.856859717534,0.9288,335.12787141540497
4631.896870297035,0.9198,341.71822508164104
4631.936880876544,0.8366,413.06570410508516
4631.986894100936,0.8828,370.96271707976916
4632.02690468046,0.843,406.8175847729804
4632.066915259989,0.8757,377.0024785583309
4632.106925839525,0.835,414.6502251495541
4632.1569390639515,0.8798,373.4968936691331
4632.196949643501,0.8831,370.71071892315655
4632.2369602230565,0.9092,349.7325764334742
4632.28697344751,0.9302,334.11986142446506
4632.3269840270805,0.8573,393.35913123256637
4632.3669946066575,0.9124,347.283693329334
4632.417007831136,1.1019,238.10622098371152
4632.457018410727,0.8707,381.3447837448216
4632.497028990324,0.8598,391.07495584791343
4632.5370395699265,0.8191,430.90445528177577
4632.58705279444,1.1197,230.59599733406432
4632.627063374056,0.8157,434.5041284626745
4632.66707395368,0.9047,353.2203821086371
4632.717087178219,0.9259,337.2304565034261
4632.757097757857,0.8644,386.9237386216521
4632.797108337501,0.826,423.7354028060189
4632.847121562067,0.9013,355.8903325125653
4632.887132141725,0.8639,387.3717479520636
4632.92714272139,0.7818,473.00251891469935
4632.97715594598,0.9437,324.6288148336137
4633.017166525659,0.9346,330.9812669007549
4633.057177105344,0.8184,431.6418984571519
4633.097187685036,0.7825,472.15663202945785
4633.14720090966,0.9132,346.6754914964568
4633.187211489366,0.8901,364.9029033327267
4633.227222069078,0.903,354.55158745570253
4633.277235293726,0.8888,365.97113051621716
4633.317245873454,0.8338,415.84460684742317
4633.357256453186,0.9147,345.5394112744921
4633.407269677861,0.8697,382.2222439817566
4633.447280257607,0.9522,318.8589636734846
4633.487290837362,0.8103,440.3146617404084
4633.527301417122,0.787,466.7725717555992
4633.5773146418305,0.8392,410.5101610338012
4633.617325221604,0.8725,379.77295160730455
4633.657335801384,0.8718,380.383062843112
4633.707349026118,0.8963,359.8720640583186
4633.7473596059135,0.9254,337.59497043887166
4633.787370185714,0.9246,338.17942322739685
4633.837383410474,0.8995,357.3161087073593
4633.877393990289,0.8039,447.3534169897328
4633.91740457011,0.8946,361.2410850867655
4633.967417794896,0.7867,467.1286370747861
4634.007428374732,0.887,367.4579753718979
4634.047438954573,0.8816,371.97328359287104
4634.087449534422,0.9072,351.2763052596047
4634.137462759241,0.8705,381.5200339013414
4634.177473339104,0.8665,385.0505607727815
4634.217483918973,0.8402,409.5335712220698
4634.267497143818,0.8968,359.4708917324508
4634.3075077237,0.8646,386.7447524826534
4634.347518303589,0.8686,383.1909527322905
4634.397531528461,0.8537,396.6836644283499
4634.437542108364,0.8267,423.01812000532465
4634.477552688274,0.9899,295.03420611125415
4634.527565913169,0.8583,392.4430656999408
4634.567576493094,0.926,337.15762456317213
4634.607587073025,0.8119,438.5809299625878
4634.647597652961,0.831,418.6516468447143
4634.69761087789,0.9232,339.20587397449464
4634.737621457842,0.7585,502.5086955875508
4634.777632037799,0.807,443.92310652891683
4634.827645262754,0.8019,449.58766427527826
4634.867655842725,0.8173,432.80456828745145
4634.907666422704,0.8791,374.0919377353729
4634.957679647685,0.8487,401.37144218323715
4634.997690227677,0.8855,368.70394529485196
4635.037700807676,0.8639,387.3717479520636
4635.07771138768,0.8126,437.82564066712183
4635.127724612694,0.8043,446.90856644080526
4635.167735192714,0.9483,321.4870471226297
4635.207745772739,0.8362,413.4609817953993
4635.257758997779,0.8439,405.95032525131785
4635.297769577818,0.8323,417.3448549470966
4635.3377801578645,0.807,443.92310652891683
4635.38779338293,0.8199,430.0639748186839
4635.42780396299,0.787,466.7725717555992
4635.467814543055,0.8993,357.47505697556153
4635.517827768147,0.7511,512.4591080458799
4635.557838348228,0.8123,438.1490969892127
4635.597848928314,0.7784,477.1436257077574
4635.637859508408,0.9087,350.1175532235953
4635.6878727335325,0.9299,334.33548035000365
4635.727883313641,0.8524,397.8945546154852
4635.767893893753,0.8108,439.77176786581987
4635.817907118903,0.869,382.83826935301676
4635.8579176990315,0.8255,424.2488652119326
4635.897928279167,0.7623,497.51126381085504
4635.9479415043415,0.8814,372.1421127573925
4635.98795208449,0.9086,350.1946248579148
4636.027962664644,0.8689,382.92639453629573
4636.067973244806,0.9482,321.55486059247335
4636.117986470015,0.9192,342.1644775358435
4636.157997050191,0.8323,417.3448549470966
4636.198007630372,0.95,320.33749258131
4636.248020855608,0.9163,344.3337367923723
4636.2880314358035,0.8653,386.119278053707
4636.328042016005,0.7624,497.3807606672639
4636.378055241266,0.8964,359.79177588574953
4636.418065821483,0.8154,434.82391030686136
4636.458076401705,0.8577,392.9923205074648
4636.508089626992,0.8321,417.5455012679158
4636.548100207228,0.8321,417.5455012679158
4636.58811078747,0.7982,453.76538345183667
4636.62812136772,0.8865,367.8725959998561
4636.678134593041,0.9378,328.7263470718567
4636.718145173304,0.8126,437.82564066712183
4636.758155753573,0.7493,514.9241637144565
4636.80816897892,0.8441,405.7579775428675
4636.848179559204,0.8381,411.58844995631136
4636.888190139494,0.7622,497.64181832345685
4636.938203364865,0.7849,469.2736099542099
4636.978213945171,0.8834,370.4589774561207
4637.018224525481,0.8575,393.1756617049501
4637.068237750878,0.8734,378.9906773621214
4637.108248331204,0.9043,353.53293158249556
4637.148258911534,0.9065,351.819025792994
4637.188269491871,0.8641,387.1924508937338
4637.238282717301,0.987,296.77048835566285
4637.278293297653,0.8369,412.7696177083168
4637.318303878013,0.8769,375.9713623260541
4637.368317103467,0.8691,382.7501745874154
4637.40832768384,0.8512,399.01722723942726
4637.448338264218,0.8452,404.7025047469838
4637.4983514897,0.8304,419.25685260960836
4637.538362070094,0.7906,462.5313541197818
4637.578372650492,0.7403,527.5203581686625
4637.618383230898,0.8486,401.46604379016225
4637.668396456413,0.8828,370.96271707976916
4637.708407036832,0.7984,453.5380748441664
4637.748417617258,0.8687,383.10273621191516
4637.7984308427995,0.8379,411.7849588858036
4637.83844142324,0.8074,443.48336157635737
4637.878452003685,0.8372,412.4738495505493
4637.928465229253,0.935,330.6981352516169
4637.968475809713,0.882,371.63596974764397
4638.008486390178,0.8692,382.6621102254945
4638.048496970653,0.8221,427.7652918708025
4638.098510196253,0.8907,364.41145221839076
4638.138520776741,0.8704,381.60770428550654
4638.178531357234,0.9145,345.69056570548804
4638.22854458286,0.9226,339.6472125458837
4638.268555163368,0.9126,347.1314929091923
4638.308565743881,0.8895,365.39534928610533
4638.3585789695335,0.8966,359.63128012566443
4638.398589550062,0.794,458.5786145982937
4638.438600130596,0.8133,437.0723007419985
4638.48861335627,0.8427,407.10728894890576
4638.52862393682,0.9235,338.9855271995598
4638.568634517375,0.8803,373.07273099877597
4638.608645097937,0.8508,399.3925074990931
4638.658658323647,0.8838,370.12372085936556
4638.6986689042205,0.8853,368.87055330392127
4638.7386794848035,0.8692,382.6621102254945
4638.78869271054,0.7947,457.7711067328756
4638.828703291135,0.8319,417.7462923202154
4638.868713871738,0.8264,423.3253037347739
4638.918727097499,0.7761,479.9758768554471
4638.9587376781155,0.8543,396.1266555568264
4638.9987482587385,0.8134,436.964839493788
4639.048761484526,0.8788,374.3473920125568
4639.088772065162,0.8244,425.38177284698077
4639.128782645806,0.744,522.286569497288
4639.168793226454,0.8148,435.46453397906475
4639.218806452275,0.7685,489.51614808589073
4639.25881703294,0.8319,417.7462923202154
4639.298827613609,0.8757,377.0024785583309
4639.348840839455,0.8607,390.2575211261224
4639.38885142014,0.8605,390.43895165251917
4639.428862000829,0.8183,431.7474019999146
4639.478875226701,0.8808,372.64929047042546
4639.518885807405,0.675,634.5225549302711
4639.558896388116,0.8323,417.3448549470966
4639.608909614013,0.9186,342.6116047079255
4639.648920194739,0.8702,381.78313573507205
4639.68893077547,0.9092,349.7325764334742
4639.7289413562075,0.9845,298.2796147635519
4639.778954582137,0.8777,375.2862998391856
4639.818965162891,0.8849,369.2041082875473
4639.8589757436475,0.8527,397.6146267905995
4639.908988969603,0.9249,337.96007570104473
4639.948999550376,0.9469,322.43839175237287
4639.989010131154,0.8521,398.17477815577246
4640.039023357136,0.8448,405.085836030811
4640.079033937928,0.774,482.5839270072359
4640.119044518728,1.0092,283.8576168980719
4640.159055099533,0.9671,309.1094141463118
4640.209068325548,0.8827,371.0467735677558
4640.249078906368,0.857,393.63457640507494
4640.2890894871925,0.8192,430.7992605481285
4640.339102713233,0.8527,397.6146267905995
4640.379113294074,1.0047,286.40607636348864
4640.419123874919,0.9368,329.4285277881603
4640.469137100987,0.833,416.64373057840186
4640.509147681847,0.7759,480.2233505601124
4640.549158262713,0.9197,341.79253984323464
4640.589168843586,0.8834,370.4589774561207
4640.639182069686,0.9381,328.51613061250794
4640.679192650572,0.8459,404.0329830452095
4640.719203231466,0.844,405.8541343046034
4640.769216457591,0.9632,311.6176492986303
4640.809227038498,0.8871,367.3751353651336
4640.849237619412,0.8706,381.43239372573873
4640.899250845563,0.8006,451.0489127224941
4640.939261426491,0.9078,350.81211513066944
4640.979272007425,0.8925,362.9430411756823
4641.029285233601,0.8914,363.8393463789203
4641.06929581455,0.929,334.9835909259717
4641.109306395505,0.8963,359.8720640583186
4641.149316976466,0.76,500.5270687232401
4641.199330202674,0.9912,294.260815142233
4641.239340783649,0.9514,319.39542394187265
4641.27935136463,0.8636,387.64092714319236
4641.329364590865,0.7866,467.24741605674336
4641.369375171862,0.8327,416.9439959438091
4641.409385752863,0.8442,405.6618549499136
4641.459398979124,0.8848,369.287567725764
4641.499409560139,0.8441,405.7579775428675
4641.539420141162,0.8728,379.51192462614046
4641.589433367448,0.8211,428.8078573398985
4641.629443948485,0.8991,357.6341113270265
4641.669454529528,0.851,399.20480122123223
4641.709465110576,0.9649,310.52057646575383
4641.759478336896,0.8616,389.4426466623042
4641.79948891796,0.8805,372.9032682222465
4641.839499499028,0.8307,418.9540858038108
4641.889512725374,0.9383,328.3760983120816
4641.929523306458,0.899,357.7136783134853
4641.969533887547,0.8447,405.1817539506646
4642.019547113919,0.7797,475.553863453759
4642.059557695022,0.8227,427.1415766116616
4642.099568276131,0.8728,379.51192462614046
4642.139578857247,0.7962,456.0478990304708
4642.189592083652,0.734,536.6147345834135
4642.229602664783,0.9148,345.4638712334926
4642.26961324592,0.8394,410.3145638134487
4642.31962647235,0.876,376.74430219318083
4642.3596370535,0.8257,424.04336831425906
4642.3996476346565,0.8156,434.6106832034153
4642.449660861112,0.8217,428.1818613128643
4642.489671442283,0.934,331.4066466307805
4642.529682023461,0.9229,339.42643566340996
4642.579695249942,0.9618,312.5254924450446
4642.619705831133,0.9094,349.5787634867245
4642.659716412331,0.8942,361.5643429506968
4642.6997269935355,0.8973,359.0703898514119
4642.74974022005,0.8727,379.59890371019134
4642.789750801268,0.8667,384.8728726733693
4642.8297613824925,0.922,340.0894130120915
4642.879774609032,0.9738,304.87054305027704
4642.919785190271,0.8658,385.6734391298324
4642.959795771517,0.9613,312.85068379421114
4643.009808998082,0.887,367.4579753718979
4643.049819579342,0.8262,423.5302788153188
4643.089830160607,0.7982,453.76538345183667
4643.129840741878,0.7714,485.84249866667733
4643.179853968478,0.8832,370.62677659696953
4643.219864549764,0.985,297.976869985268
4643.259875131055,1.0708,252.13803304760782
4643.3098883576795,0.984,298.5828211597944
4643.3498989389855,0.7767,479.2346024345669
4643.389909520299,0.9615,312.7205463752983
4643.439922746948,0.9909,294.4390198425457
4643.4799333282745,0.7955,456.8508495833216
4643.519943909608,0.8965,359.7115145788597
4643.569957136282,0.9553,316.7928944836686
4643.609967717629,0.9305,333.90445101643337
4643.649978298983,0.8404,409.33867148230803
4643.699991525683,0.7859,468.0801388879013
4643.740002107051,0.9083,350.4259925150383
4643.780012688424,0.8914,363.8393463789203
4643.8200232698055,0.8326,417.04415653323616
4643.870036496537,0.7891,464.2914746864741
4643.910047077932,0.8192,430.7992605481285
4643.950057659332,0.855,395.47829339340143
4644.000070886091,0.9995,289.3939387877184
4644.040081467507,0.9397,327.39837437828425
4644.080092048926,0.8369,412.7696177083168
4644.130105275712,0.7767,479.2346024345669
4644.170115857148,0.7539,508.6596147197552
4644.210126438588,0.7556,506.3733588995043
4644.250137020035,0.8219,427.973500566357
4644.300150246853,0.8929,362.6179330206436
4644.340160828315,0.9171,343.73326455957687
4644.380171409783,0.9356,330.27411847900896
4644.430184636628,0.8806,372.818580129683
4644.4701952181085,0.8999,356.99853004357976
4644.510205799596,0.9388,328.02640902467806
4644.560219026466,0.8755,377.17474359967304
4644.600229607969,0.8557,394.83152174297095
4644.6402401894775,0.7762,479.8522117329896
4644.680250770992,0.7841,470.23167633479113
4644.730263997894,0.8711,380.9946454907462
4644.770274579424,0.8465,403.4604287865835
4644.810285160958,0.7907,462.4143687850126
4644.860298387887,0.8978,358.67055692209107
4644.900308969435,0.8416,408.17218947595603
4644.940319550992,0.9097,349.3482342545872
4644.990332777944,0.7311,540.8802714195657
4645.0303433595145,0.9311,333.4742546782034
4645.07035394109,0.9075,351.0440951068064
4645.120367168069,0.8697,382.2222439817566
4645.160377749658,0.9458,323.18884239667216
4645.200388331255,0.9386,328.16621767924585
4645.240398912858,0.8903,364.7389758893707
4645.290412139871,0.8994,357.3955695869498
4645.330422721488,0.9543,317.4571689130697
4645.37043330311,0.8688,383.0145501512574
4645.420446530147,0.872,380.2085954097113
4645.460457111784,0.8353,414.352433744592
4645.500467693428,0.7324,538.9618679278045
4645.550480920491,0.7391,529.2347065923752
4645.590491502148,0.8757,377.0024785583309
4645.630502083813,0.8937,361.9690258204429
4645.680515310901,0.9238,338.76539505948165
4645.720525892578,0.9203,341.34701457851304
4645.760536474262,0.9434,324.8353105425777
4645.800547055953,0.8603,390.6205087287733
4645.850560283075,0.8815,372.0576838107836
4645.89057086478,0.869,382.83826935301676
4645.930581446491,0.7767,479.2346024345669
4645.980594673637,0.8363,413.36210919757434
4646.020605255362,0.8117,438.7970858930541
4646.060615837093,0.8857,368.53745013822197
4646.1106290642665,0.9965,291.1390221579101
4646.150639646012,0.7747,481.7122200358125
4646.1906502277625,0.8136,436.75003585810725
4646.2306608095205,0.8657,385.7625451177752
4646.280674036725,0.927,336.430601031174
4646.3206846184985,0.8922,363.18715930183214
4646.360695200276,0.8163,433.865622161884
4646.4107084275065,0.7808,474.2148775428441
4646.450719009299,0.8786,374.51784025890504
4646.490729591097,0.8167,433.44073288287177
4646.5407428183535,0.785,469.1540575663904
4646.580753400166,0.8892,365.64194616674877
4646.620763981985,0.8939,361.80707118223086
4646.670777209268,0.9784,302.010554637606
4646.7107877911,0.7715,485.71655948789953
4646.75079837294,0.9037,354.002534196558
4646.790808954785,0.8917,363.5945705120434
4646.840822182101,0.8385,411.19585385682876
4646.880832763959,0.8948,361.0796186986063
4646.920843345825,0.8561,394.4626500493079
4646.970856573166,0.8602,390.7113347598792
4647.010867155046,0.8033,448.0219392275829
4647.050877736931,0.848,402.0343564289977
4647.100890964299,0.8775,375.45738981741243
4647.1409015461995,0.8159,434.2911365070589
4647.180912128105,0.9316,333.11639249780853
4647.2209227100175,0.9424,325.525054409722
4647.2709359374185,0.8969,359.3907377684962
4647.310946519345,0.8933,362.2932614960732
4647.350957101277,0.9239,338.692065327912
4647.400970328702,0.9101,349.04121649462985
4647.440980910649,0.8872,367.29232336848366
4647.480991492603,0.8771,375.79992095403605
4647.531004720052,0.8638,387.46144318753164
4647.571015302021,0.8611,389.89503925270196
4647.6110258839935,0.8678,383.89778313035384
4647.661039111469,0.9176,343.35876669549583
4647.701049693456,0.839,410.70589814948084
4647.741060275451,0.8908,364.3296402316343
4647.781070857451,0.7968,455.36133935828457
4647.83108408496,0.8238,426.00163616192657
4647.871094666974,0.8535,396.8695951497729
4647.911105248995,0.99,294.9746063117774
4647.96111847653,0.8644,386.9237386216521
4648.001129058564,0.9108,348.5049084283127
4648.041139640605,0.829,420.6741131831311
4648.0911528681645,0.7904,462.765458010181
4648.13116345022,0.84,409.72861019233795
4648.171174032282,0.9485,321.3514845231599
4648.221187259866,0.9473,322.1661485548417
4648.261197841942,0.9839,298.64351791578457
4648.301208424023,1.0211,277.2799670127125
4648.341219006111,0.8687,383.10273621191516
4648.39123223373,0.908,350.6575895389674
4648.431242815832,0.9475,322.0301562353037
4648.471253397939,0.9081,350.58036502707984
4648.521266625584,0.9642,310.9716096127547
4648.561277207706,1.0316,271.6641856744938
4648.601287789835,0.8888,365.97113051621716
4648.651301017503,0.874,378.47050323530306
4648.691311599646,0.8747,377.8649858200963
4648.731322181795,0.8157,434.5041284626745
4648.77133276395,0.796,456.27709733118047
4648.821345991652,0.7913,461.7133879085552
4648.8613565738215,0.8154,434.82391030686136
4648.901367155997,0.8555,395.0161516493415
4648.951380383724,0.898,358.51081072317834
4648.991390965913,0.7973,454.79038992108514
4649.031401548108,0.725,550.0202581046643
4649.081414775862,0.9796,301.27108889617887
4649.121425358072,0.8448,405.085836030811
4649.161435940288,0.7889,464.5269163084935
4649.211449168067,1.0097,283.5765561342366
4649.251459750296,0.7874,466.2984509338723
4649.291470332533,0.9168,343.95825744478066
4649.331480914774,0.8797,373.5818130047474
4649.381494142587,1.0246,275.3888458398226
4649.4215047248435,0.9101,349.04121649462985
4649.461515307106,1.0597,257.4478139020761
4649.511528534944,0.8296,420.0658371721291
4649.55153911722,0.8375,412.1783991758808
4649.591549699504,0.7361,533.5573185323677
4649.641562927366,0.7331,537.933106029447
4649.681573509663,0.9679,308.59864840490854
4649.721584091966,0.884,369.95626319734595
4649.761594674276,0.8039,447.3534169897328
4649.811607902172,0.9507,319.8659380286829
4649.851618484495,1.0686,253.17728843926386
4649.891629066826,0.9246,338.17942322739685
4649.941642294748,0.8407,409.0465826400866
4649.981652877091,0.9353,330.48602486203214
4650.021663459442,0.8515,398.73611404997024
4650.071676687388,0.943,325.11094478219434
4650.111687269752,1.0053,286.06430337297877
4650.151697852122,0.9219,340.163197042702
4650.201711080094,0.8201,429.85423892788424
4650.241721662479,0.8586,392.1688699991692
4650.28173224487,0.8225,427.34933004109456
4650.321742827267,0.8638,387.46144318753164
4650.371756055272,0.7336,537.2000784209038
4650.411766637683,0.8473,402.69891435851264
4650.4517772201,0.9872,296.65025329652264
4650.50179044813,0.9864,297.131632450523
4650.541801030562,0.9739,304.8079381466943
4650.581811612999,0.94,327.18943026225946
4650.631824841055,0.8154,434.82391030686136
4650.671835423507,0.805,446.1316730430905
4650.711846005965,0.8206,429.33056995625464
4650.761859234046,0.867,384.6065710526689
4650.801869816519,0.8707,381.3447837448216
4650.841880398996,0.8142,436.10657443586626
4650.88189098148,0.886,368.2879187787302
4650.931904209596,0.8592,391.6213399944036
4650.971914792094,0.7871,466.6539737814184
4651.011925374599,0.8679,383.8093224264993
4651.061938602737,0.8767,376.14292104315996
4651.101949185257,1.0334,270.71862889108536
4651.141959767782,0.8449,404.9899521666314
4651.191972995947,0.7981,453.87910184368656
4651.2319835784865,0.831,418.6516468447143
4651.271994161032,0.9376,328.86660349540506
4651.312004743583,0.8382,411.4902482366614
4651.362017971782,0.8029,448.46845359487855
4651.402028554347,0.8104,440.2060025716087
4651.4420391369185,0.8915,363.7577269661813
4651.492052365141,0.8291,420.57264213343007
4651.532062947727,0.8133,437.0723007419985
4651.572073530319,0.8627,388.4501503032809
4651.622086758567,0.847,402.98422941516054
4651.662097341175,0.9428,325.2488934811454
4651.702107923786,0.9198,341.71822508164104
4651.752121152061,0.8292,420.4712077931387
4651.792131734686,0.9004,356.60215175440686
4651.83214231732,0.8534,396.96260953512837
4651.872152899958,0.7945,458.00160548576275
4651.922166128265,0.8312,418.450202775341
4651.962176710919,0.8265,423.2228719907713
4652.002187293578,0.9561,316.2629749723909
4652.05220052191,1.0281,273.5170058012658
4652.092211104584,0.9105,348.73460328159655
4652.132221687263,0.845,404.89410234200574
4652.182234915621,1.1203,230.34906271865884
4652.222245498315,0.9237,338.8387486084015
4652.262256081015,0.9431,325.04200334145605
4652.302266663719,1.0836,246.2164710657868
4652.35227989211,0.989,295.57141811251154
4652.392290474831,0.9049,353.0642627771468
4652.432301057557,0.9129,346.9033798135137
4652.482314285974,0.9331,332.0462554718105
4652.522324868713,0.8368,412.86827779148007
4652.562335451459,0.8449,404.9899521666314
4652.6123486799015,0.909,349.8864909179784
4652.652359262662,0.9537,317.85673694897554
4652.692369845428,0.8632,388.00026939779787
4652.742383073895,0.8936,362.0500439211865
4652.782393656676,0.8793,373.92178012450046
4652.822404239464,0.9051,352.9082469272009
4652.862414822257,1.0045,286.52013681286104
4652.912428050757,0.9728,305.4976543306543
4652.952438633562,0.8359,413.7578125273863
4652.992449216376,0.8611,389.89503925270196
4653.042462444902,0.9359,330.06241584101485
4653.08247302773,0.9569,315.7343839946994
4653.122483610564,0.8512,399.01722723942726
4653.1724968391145,0.8279,421.7927226252598
4653.212507421962,0.8585,392.26023662782217
4653.252518004815,1.0149,280.67810509747284
4653.302531233392,0.9743,304.5577112713579
4653.34254181626,0.8181,431.9585251626242
4653.382552399133,0.7986,453.31093699521784
4653.422562982013,0.8729,379.4249754334868
4653.472576210623,0.8719,380.29581411890797
4653.512586793518,0.9404,326.9111491075821
4653.552597376419,0.9456,323.32556941812726
4653.602610605054,0.9688,308.02554871526866
4653.642621187967,0.8306,419.0549716216079
4653.682631770889,0.7784,477.1436257077574
4653.732644999548,0.7976,454.4483355403303
4653.772655582483,0.9949,292.0761948078976
4653.812666165424,0.9671,309.1094141463118
4653.852676748372,0.8738,378.64377555536606
4653.902689977064,0.8469,403.0794018192813
4653.9427005600255,0.9695,307.58090751574514
4653.982711142993,0.9614,312.7856049325847
4654.032724371711,0.8966,359.63128012566443
4654.072734954692,0.9392,327.7470596144476
4654.112745537682,0.9847,298.15846151058514
4654.162758766423,0.9072,351.2763052596047
4654.202769349426,0.9486,321.283735375448
4654.242779932432,0.9079,350.73483956974894
4654.292793161201,0.745,520.8854007953163
4654.332803744224,0.7979,454.10666691052114
4654.372814327251,0.9469,322.43839175237287
4654.412824910287,0.8876,366.9613552306057
4654.4628381390885,0.8533,397.05565662400903
4654.502848722137,0.8317,417.94722824322696
4654.542859305192,0.8261,423.63282218788646
4654.592872534019,0.8142,436.10657443586626
4654.632883117087,0.8087,442.0586941635877
4654.672893700162,0.9293,334.7673448308908
4654.722906929014,0.9191,342.2389379252067
4654.762917512104,1.0503,262.0766560521459
4654.802928095199,0.9756,303.74659845528333
4654.8429386783,0.8918,363.5130334460158
4654.892951907186,0.88,373.32714183890175
4654.9329624903,0.8274,422.30265694694657
4654.972973073422,0.8334,416.24388105174955
4655.022986302333,0.8411,408.65761692197896
4655.062996885468,0.8846,369.454571522484
4655.103007468611,0.9117,347.81718382751376
4655.153020697547,0.8406,409.143910840563
4655.1930312807035,0.7971,455.01864076782846
4655.233041863864,0.8343,415.3463214586235
4655.283055092825,0.8998,357.0778850048838
4655.3230656760015,0.8481,401.93955388675425
4655.363076259184,0.8655,385.94084976034804
4655.403086842372,0.761,499.21248908998444
4655.453100071365,0.8242,425.5882435424829
4655.493110654568,0.859,391.80372252029986
4655.533121237777,0.8976,358.83040991499934
4655.583134466798,0.831,418.6516468447143
4655.623145050018,0.8971,359.23051024610027
4655.663155633248,0.8238,426.00163616192657
4655.713168862293,0.969,307.8984100391411
4655.753179445535,0.919,342.3134226228483
4655.793190028786,0.8887,366.0534960634022
4655.843203257854,0.8543,396.1266555568264
4655.883213841117,0.9033,354.31612261410373
4655.9232244243885,0.8133,437.0723007419985
4655.963235007663,0.7652,493.74741954695327
4656.013248236765,0.8967,359.55107251418525
4656.053258820055,0.8949,360.9989260981016
4656.093269403351,0.9221,340.0156529853687
4656.14328263248,1.0126,281.9546055094312
4656.1832932157895,0.7619,498.0337903450503
4656.223303799105,0.8202,429.7494285131867
4656.273317028259,0.9107,348.58144815810556
4656.313327611589,0.9329,332.1886422195334
4656.353338194925,0.9081,350.58036502707984
4656.393348778268,0.894,361.72613462043506
4656.443362007454,0.8586,392.1688699991692
4656.483372590809,0.9139,346.1446245716079
4656.5233831741725,0.9937,292.7820470948006
4656.573396403385,0.8654,386.030048443535
4656.613406986761,0.8696,382.310156534952
4656.653417570144,0.9128,346.97939252207783
4656.70343079938,0.843,406.8175847729804
4656.743441382777,0.9055,352.59652530630325
4656.78345196618,0.94,327.18943026225946
4656.833465195442,0.9097,349.3482342545872
4656.873475778859,0.8517,398.5488702648358
4656.913486362282,0.8136,436.75003585810725
4656.953496945712,0.8232,426.6228553553673
4657.003510175007,0.8714,380.7323581655973
4657.0435207584505,0.8636,387.64092714319236
4657.083531341899,0.9502,320.20265636035117
4657.13354457122,0.9436,324.69762485319336
4657.173555154684,0.9728,305.4976543306543
4657.213565738153,0.8772,375.71424423899487
4657.2635789675,0.8304,419.25685260960836
4657.303589550983,0.797,455.132830633699
4657.343600134472,0.9431,325.04200334145605
4657.383610717969,0.9995,289.3939387877184
4657.433623947348,0.9435,324.76645675308885
4657.473634530857,0.8823,371.38328537717626
4657.5136451143735,0.8116,438.9052237880792
4657.563658343778,0.7936,459.041007345944
4657.603668927309,0.8782,374.85908617624204
4657.643679510845,0.8439,405.95032525131785
4657.693692740275,0.9342,331.2647623160539
4657.7337033238255,1.0439,265.3000119200091
4657.7737139073815,1.0604,257.10802925874594
4657.823727136836,1.1013,238.3657370458933
4657.863737720407,1.03,272.50884562889433
4657.903748303982,1.0532,260.6353814277192
4657.943758887565,1.0437,265.40169829611824
4657.993772117053,1.0539,260.2892688854924
4658.03378270065,1.0458,264.3368991898582
4658.073793284255,0.9601,313.6332169524573
4658.123806513766,1.0053,286.06430337297877
4658.163817097384,1.0115,282.5681861367046
4658.203827681006,0.9124,347.283693329334
4658.253840910544,0.9962,291.31439812694623
4658.293851494182,0.9395,327.5377816689595
4658.333862077825,0.9274,336.14044991198847
4658.383875307387,0.9148,345.4638712334926
4658.423885891045,0.9543,317.4571689130697
4658.463896474709,0.9675,308.85387289880873
4658.503907058379,0.8626,388.54022037426756
4658.553920287975,0.8615,389.53306216947766
4658.593930871659,0.7397,528.3764894501705
4658.633941455349,0.7435,522.9892749231084
4658.683954684971,0.8406,409.143910840563
4658.723965268674,0.81,440.6408807461073
4658.763975852384,0.8614,389.62350916747425
4658.813989082031,0.8145,435.78537684844906
4658.8539996657555,0.8218,428.07766192399026
4658.894010249486,0.7797,475.553863453759
4658.934020833223,0.8089,441.84012400735423
4658.984034062902,0.8604,390.52971436455965
4659.024044646652,0.8587,392.0775352889518
4659.0640552304085,0.8515,398.73611404997024
4659.114068460114,0.787,466.7725717555992
4659.154079043885,0.8483,401.75004937259104
4659.194089627662,0.8521,398.17477815577246
4659.24410285739,0.9011,356.0483302631247
4659.284113441181,0.8852,368.9538996599955
4659.324124024979,0.9289,335.0557195213989
4659.374137254734,0.8395,410.2168176223637
4659.4141478385445,0.829,420.6741131831311
4659.454158422362,0.9055,352.59652530630325
4659.494169006185,0.9208,340.976408619216
4659.5441822359735,0.8293,420.36981014455216
4659.58419281981,0.7392,529.0915252631188
4659.624203403653,0.9148,345.4638712334926
4659.674216633467,0.911,348.35190457726696
4659.714227217325,0.9208,340.976408619216
4659.754237801188,0.9004,356.60215175440686
4659.804251031028,0.8873,367.20953936932165
4659.844261614904,0.9496,320.607420654587
4659.884272198788,0.8034,447.9104148315731
4659.924282782678,0.8344,415.246771857756
4659.9742960125495,0.9576,315.2729532132262
4660.014306596453,0.9137,346.29617634111145
4660.054317180363,0.8783,374.7737309856721
4660.10433041026,0.8302,419.45887951791303
4660.144340994184,0.8964,359.79177588574953
4660.184351578115,0.9125,347.20758060965335
4660.234364808037,0.9533,318.12353488368217
4660.27437539198,0.9484,321.4192551025403
4660.314385975931,0.8557,394.83152174297095
4660.364399205878,0.8435,406.33543121222993
4660.404409789843,0.8339,415.74487806111506
4660.444420373813,0.752,511.23321285247334
4660.484430957789,0.8699,382.0465098210231
4660.53444418777,0.8075,443.3735274334052
4660.57445477176,0.9277,335.92308282969356
4660.614465355758,0.8567,393.9103109948455
4660.664478585762,0.8568,393.81836728242564
4660.704489169772,0.7467,518.5163208692711
4660.744499753789,0.8936,362.0500439211865
4660.79451298382,0.8223,427.5572350782915
4660.83452356785,0.9091,349.8095209779223
4660.874534151888,0.8832,370.62677659696953
4660.924547381943,0.8092,441.5125725923376
4660.964557965994,0.9145,345.69056570548804
4661.004568550052,0.9411,326.4250106410575
4661.044579134115,0.9296,334.5513080622627
4661.094592364203,0.9604,313.43730863985223
4661.134602948281,0.9723,305.81193581808003
4661.174613532365,0.8779,375.1153267788042
4661.224626762478,0.8472,402.7939857006833
4661.264637346575,0.8323,417.3448549470966
4661.304647930679,0.9031,354.4730731017642
4661.354661160818,0.9417,326.0091830856566
4661.394671744935,0.9789,301.70211341154436
4661.434682329059,0.9685,308.21640443266443
4661.474692913189,0.8795,373.7517385828058
4661.52470614336,0.8175,432.59282463165295
4661.564716727505,0.7824,472.27733402385707
4661.604727311656,0.8732,379.164307066997
4661.654740541851,0.8848,369.287567725764
4661.694751126016,0.8983,358.271391455532
4661.734761710186,0.8124,438.0412383995059
4661.784774940407,0.8458,404.1285272376806
4661.824785524592,0.9465,322.71098018024566
4661.864796108782,0.8734,378.9906773621214
4661.914809339028,0.8427,407.10728894890576
4661.954819923232,0.8985,358.11191182574413
4661.994830507443,0.902,355.3381677889716
4662.03484109166,0.8428,407.01068651561303
4662.08485432194,0.783,471.5538155837761
4662.124864906169,0.8547,395.75596783147193
4662.164875490406,0.9015,355.73243990679686
4662.214888720711,0.814,436.3209034846593
4662.254899304962,0.8855,368.70394529485196
4662.2949098892195,0.8811,372.395572099834
4662.344923119549,0.8917,363.5945705120434
4662.38493370382,0.7699,487.7374791228546
4662.424944288096,0.8929,362.6179330206436
4662.474957518452,0.7971,455.01864076782846
4662.514968102744,0.9012,355.96931823891236
4662.5549786870415,0.906,352.207453737324
4662.594989271344,0.9626,312.00623991927574
4662.645002501733,0.9372,329.1473857686523
4662.68501308605,0.8719,380.29581411890797
4662.725023670373,0.8602,390.7113347598792
4662.775036900786,0.8358,413.85682714084095
4662.815047485124,0.9124,347.283693329334
4662.855058069467,0.8686,383.1909527322905
4662.905071299906,0.8117,438.7970858930541
4662.945081884263,0.9036,354.08089226004586
4662.985092468625,0.9031,354.4730731017642
4663.025103052996,0.8578,392.9006979951235
4663.075116283467,0.8656,385.85168198985565
4663.11512686785,0.8523,397.98792958441965
4663.1551374522405,0.8575,393.1756617049501
4663.205150682736,0.8206,429.33056995625464
4663.245161267139,0.8691,382.7501745874154
4663.28517185155,0.8499,400.2388262531573
4663.335185082071,0.7854,468.67630458273175
4663.3751956664955,0.8961,360.03272104846775
4663.415206250926,0.8909,364.2478557925161
4663.465219481473,0.8886,366.13588941953026
4663.505230065915,0.9551,316.9255824666177
4663.545240650366,0.8497,400.42726238762964
4663.585251234822,0.882,371.63596974764397
4663.635264465402,0.9034,354.23768645729416
4663.675275049872,0.9061,352.1297167039455
4663.715285634349,0.928,335.70592652168773
4663.765298864953,0.8344,415.246771857756
4663.8053094494435,0.9027,354.78728709660885
4663.845320033941,0.7608,499.4749903778572
4663.89533326457,0.8623,388.8106186283673
4663.93534384908,0.8774,375.5429786840343
4663.975354433597,0.9523,318.7920011853275
4664.015365018119,0.9614,312.7856049325847
4664.0653782487825,0.9498,320.4724139887973
4664.105388833319,0.9348,330.8396556443275
4664.145399417861,0.9371,329.2176375233234
4664.195412648549,0.846,403.9374727316152
4664.235423233106,0.824,425.7948645987868
4664.275433817669,0.9315,333.18791883500455
4664.325447048382,0.9604,313.43730863985223
4664.365457632959,0.9245,338.2525865258817
4664.405468217541,0.8935,362.1310892259177
4664.455481448279,0.9468,322.50650647120665
4664.4954920328755,0.952,318.9929519601469
4664.535502617478,0.9813,300.22815259239144
4664.575513202089,0.8499,400.2388262531573
4664.625526432859,0.8587,392.0775352889518
4664.665537017482,0.8859,368.3710677321333
4664.705547602111,0.8728,379.51192462614046
4664.755560832907,0.8761,376.6583023367711
4664.79557141755,0.8031,448.24511301306075
4664.835582002199,0.8616,389.4426466623042
4664.8855952330205,0.7624,497.3807606672639
4664.925605817683,0.8378,411.8832661292254
4664.965616402352,0.8003,451.3871355555923
4665.015629633199,0.8745,378.0378424297658
4665.055640217883,0.8936,362.0500439211865
4665.095650802571,0.8292,420.4712077931387
4665.135661387268,0.858,392.71754906852493
4665.185674618146,0.8192,430.7992605481285
4665.225685202855,0.8387,410.9997664186826
4665.2656957875715,0.8932,362.37438848587914
4665.315709018475,0.7638,495.55909534550966
4665.355719603204,0.8394,410.3145638134487
4665.395730187941,0.8678,383.89778313035384
4665.44574341887,0.8393,410.4123449450427
4665.485754003619,1.0001,289.0468052929529
4665.525764588375,0.8912,364.00266763736255
4665.565775173137,0.9284,335.41671217800956
4665.615788404099,0.8939,361.80707118223086
4665.655798988875,0.8542,396.2194088648948
4665.695809573657,0.8336,416.04417210330803
4665.745822804643,0.8053,445.799338742756
4665.785833389439,0.8777,375.2862998391856
4665.825843974242,0.9322,332.68771775151083
4665.875857205252,0.8863,368.03864076456153
4665.915867790068,0.9342,331.2647623160539
4665.955878374892,0.8935,362.1310892259177
4666.005891605928,0.8923,363.10575923433373
4666.0459021907645,0.7981,453.87910184368656
4666.085912775607,0.8934,362.2121617468175
4666.125923360455,0.868,383.72089229482435
4666.175936591525,0.77,487.6108024541493
4666.215947176387,0.8259,423.8380206877561
4666.255957761256,0.8427,407.10728894890576
4666.305970992349,0.9059,352.2852165156759
4666.345981577232,0.8759,376.83033150660634
4666.385992162121,0.8364,413.263272061216
4666.436005393241,0.8896,365.3132057605809
4666.476015978144,0.8429,406.9141184624087
4666.516026563052,0.9696,307.5174659462118
4666.556037147966,0.9416,326.0784324799361
4666.60605037912,0.9999,289.1624470266186
4666.646060964048,0.8647,386.65530598275006
4666.686071548983,0.8887,366.0534960634022
4666.73608478016,0.9335,331.761756481037
4666.776095365109,0.9587,314.54988879235117
4666.8161059500635,0.9137,346.29617634111145
4666.866119181265,0.8371,412.57240360474185
4666.906129766235,0.8855,368.70394529485196
4666.9461403512105,0.8085,442.2774265438796
4666.996153582437,0.8559,394.64702124993266
4667.036164167425,0.8235,426.31207602684054
4667.076174752421,0.857,393.63457640507494
4667.116185337422,0.8194,430.58898661111954
4667.1661985686815,0.8358,413.85682714084095
4667.206209153697,0.8786,374.51784025890504
4667.246219738718,0.9019,355.4169697566352
4667.296232970004,0.8777,375.2862998391856
4667.336243555038,0.8109,439.6633095825959
4667.37625414008,0.9633,311.55295477950705
4667.426267371391,0.9175,343.4336172903888
4667.466277956446,0.8871,367.3751353651336
4667.506288541507,0.8958,360.27390832629374
4667.556301772842,0.8408,408.94928916450215
4667.596312357918,0.8863,368.03864076456153
4667.636322942998,0.9606,313.30680505747097
4667.676333528086,0.8956,360.4348345134604
4667.726346759454,0.7847,469.5128518630697
4667.766357344556,0.8365,413.16447036936825
4667.806367929663,0.8812,372.31105688886663
4667.856381161056,0.8573,393.35913123256637
4667.896391746177,0.8652,386.2085386051631
4667.9364023313055,0.8507,399.48641028792645
4667.986415562723,0.8883,366.38323646680897
4668.026426147864,0.8166,433.5468966696427
4668.066436733012,0.863,388.18012792812203
4668.106447318166,0.8261,423.63282218788646
4668.156460549616,0.8387,410.9997664186826
4668.196471134784,0.8472,402.7939857006833
4668.236481719957,0.8735,378.9039072305273
4668.286494951432,0.8697,382.2222439817566
4668.326505536621,0.8111,439.44651334940596
4668.366516121815,0.9061,352.1297167039455
4668.416529353314,0.8533,397.05565662400903
4668.456539938524,0.8592,391.6213399944036
4668.496550523737,0.879,374.1770600997652
4668.546563755262,0.8369,412.7696177083168
4668.58657434049,0.9571,315.60244331325504
4668.626584925724,0.8597,391.16594043457127
4668.666595510965,0.7208,556.4487046378581
4668.716608742523,0.8744,378.1243152172834
4668.756619327777,0.8564,394.1863354074841
4668.796629913037,0.8839,370.03997781938375
4668.84664314462,0.8956,360.4348345134604
4668.8866537298945,0.8569,393.7264557575096
4668.926664315173,0.803,448.35676244404095
4668.976677546782,0.8057,445.35680368073406
4669.016688132076,0.8439,405.95032525131785
4669.056698717376,0.8696,382.310156534952
4669.096709302682,0.8702,381.78313573507205
4669.146722534323,0.8781,374.9444705297615
4669.186733119644,0.9025,354.94455078879923
4669.2267437049695,0.9221,340.0156529853687
4669.276756936635,0.8253,424.4545115254893
4669.316767521976,0.8527,397.6146267905995
4669.3567781073225,0.9878,296.28998620730664
4669.4067913390145,0.8635,387.7307158922571
4669.446801924373,0.8215,428.3903742584138
4669.48681250974,0.8216,428.2860987514962
4669.536825741456,0.8475,402.50887262484224
4669.576836326836,0.8649,386.47650605035045
4669.616846912221,0.882,371.63596974764397
4669.656857497615,0.8381,411.58844995631136
4669.706870729363,0.8487,401.37144218323715
4669.74688131477,0.8572,393.4509141576039
4669.786891900181,0.8023,449.1394777819659
4669.836905131955,0.9241,338.5454772755893
4669.876915717381,0.8091,441.6217159147996
4669.916926302814,0.8186,431.43100735428743
4669.966939534614,0.854,396.4050132398432
4670.00695012006,0.8743,378.21081767801394
4670.046960705511,0.8383,411.392081658039
4670.096973937335,0.8512,399.01722723942726
4670.136984522802,0.846,403.9374727316152
4670.176995108274,0.795,457.42568472590847
4670.217005693752,0.843,406.8175847729804
4670.267018925609,0.7898,463.46883706795387
4670.307029511101,0.8334,416.24388105174955
4670.3470400966,0.8429,406.9141184624087
4670.397053328482,0.7926,460.2000535399764
4670.437063913994,0.8597,391.16594043457127
4670.477074499512,0.8621,388.9910409774814
4670.52708773142,0.9025,354.94455078879923
4670.56709831695,0.8696,382.310156534952
4670.607108902489,0.8513,398.92348982069797
4670.647119488034,0.8721,380.1214067017559
4670.6971327199735,0.8749,377.6922477405359
4670.737143305531,0.8365,413.16447036936825
4670.7771538910965,0.874,378.47050323530306
4670.8271671230605,0.7815,473.36573787889546
4670.867177708638,0.7507,513.0053661552467
4670.907188294224,0.8261,423.63282218788646
4670.957201526212,0.7863,467.60402495176686
4670.99721211181,0.8185,431.5364335815739
4671.037222697414,0.8724,379.86002044779656
4671.087235929429,0.8533,397.05565662400903
4671.127246515048,0.8891,365.72420060322327
4671.167257100672,0.9034,354.23768645729416
4671.207267686302,0.8803,373.07273099877597
4671.257280918348,0.937,329.28791177172826
4671.297291503993,0.876,376.74430219318083
4671.337302089645,0.8914,363.8393463789203
4671.387315321716,0.985,297.976869985268
4671.427325907381,0.8687,383.10273621191516
4671.467336493051,0.8488,401.27687401030914
4671.517349725148,0.8536,396.77661345261845
4671.557360310832,0.842,407.7844699966899
4671.597370896522,0.7333,537.6397150490552
4671.63738148222,0.7639,495.4293595134412
4671.6873947143495,0.8665,385.0505607727815
4671.727405300059,0.9809,300.47306160348535
4671.767415885776,0.8934,362.2121617468175
4671.81742911793,0.8835,370.3751206156509
4671.857439703662,0.7725,484.45985644092684
4671.897450289397,0.8916,363.67613501466167
4671.947463521577,0.9102,348.9645252928753
4671.987474107327,0.7828,471.79480355128266
4672.027484693084,0.8291,420.57264213343007
4672.077497925288,0.8449,404.9899521666314
4672.117508511059,0.8335,416.14400860733906
4672.157519096835,0.8556,394.9238205119268
4672.197529682617,0.8294,420.2684491699758
4672.2475429148535,0.833,416.64373057840186
4672.287553500651,0.7607,499.60631867117957
4672.327564086454,0.9115,347.969835483433
4672.377577318715,0.8597,391.16594043457127
4672.4175879045315,0.7909,462.18053122405234
4672.457598490355,0.889,365.80648279863027
4672.507611722641,0.8755,377.17474359967304
4672.547622308478,0.816,434.1846992537803
4672.5876328943195,0.924,338.6187594033827
4672.637646126632,0.8593,391.5301964829239
4672.677656712489,0.9396,327.46806689597645
4672.71766729835,0.8433,406.5281897243751
4672.7576778842185,0.84,409.72861019233795
4672.807691116564,0.8362,413.4609817953993
4672.847701702446,0.9212,340.68035824154373
4672.887712288334,0.8942,361.5643429506968
4672.937725520705,0.8613,389.71398767091983
4672.977736106605,0.9065,351.819025792994
4673.017746692514,0.9351,330.627409104865
4673.067759924909,0.818,432.06414482041527
4673.107770510832,0.827,422.71127051393404
4673.14778109676,0.8126,437.82564066712183
4673.187791682694,0.7739,482.7086497057897
4673.237804915121,0.806,445.02533467188385
4673.27781550107,0.8916,363.67613501466167
4673.3178260870245,0.8593,391.5301964829239
4673.367839319476,0.8616,389.4426466623042
4673.407849905445,0.9073,351.1988762813608
4673.447860491419,0.882,371.63596974764397
4673.497873723896,0.8462,403.7465536770044
4673.537884309884,0.8125,437.9334196320093
4673.577894895879,0.8715,380.6449892435462
4673.6179054818795,0.8901,364.9029033327267
4673.667918714388,0.9147,345.5394112744921
4673.707929300403,0.8931,362.4555427284364
4673.7479398864225,0.9187,342.53702267129245
4673.797953118957,0.9101,349.04121649462985
4673.837963704991,0.8577,392.9923205074648
4673.877974291032,0.8144,435.89240327199514
4673.927987523592,0.8333,416.3437894537924
4673.967998109645,0.866,385.4953197493042
4674.008008695707,0.8353,414.352433744592
4674.05802192829,0.9089,349.9634862648194
4674.098032514365,0.8209,429.0168277729154
4674.138043100445,0.8704,381.60770428550654
4674.188056333053,0.8518,398.4552978281323
4674.228066919147,0.8009,450.71106989083853
4674.268077505248,0.9823,299.61718847085257
4674.308088091354,0.9231,339.27937064433826
4674.358101323996,0.8285,421.1820196932101
4674.398111910116,0.8661,385.4063063282115
4674.438122496243,0.846,403.9374727316152
4674.488135728909,0.8858,368.45424484772417
4674.5281463150495,0.8641,387.1924508937338
4674.568156901195,0.8978,358.67055692209107
4674.618170133887,0.7849,469.2736099542099
4674.658180720046,0.8989,357.7932718561763
4674.698191306213,0.8852,368.9538996599955
4674.7382018923845,0.8783,374.7737309856721
4674.788215125109,0.741,526.5241656273819
4674.828225711295,0.7822,472.51887690709333
4674.868236297487,0.895,360.9182605438547
4674.918249530236,0.8991,357.6341113270265
4674.958260116441,0.8692,382.6621102254945
4674.998270702654,0.859,391.80372252029986
4675.048283935427,0.8667,384.8728726733693
4675.088294521654,0.847,402.98422941516054
4675.128305107886,0.8458,404.1285272376806
4675.178318340684,0.9669,309.23730371648804
4675.218328926931,0.8621,388.9910409774814
4675.258339513182,0.8412,408.5604621808902
4675.29835009944,0.8745,378.0378424297658
4675.348363332271,0.8946,361.2410850867655
4675.388373918543,0.8793,373.92178012450046
4675.428384504821,0.8318,417.8467421641737
4675.478397737677,0.8976,358.83040991499934
4675.518408323969,0.8863,368.03864076456153
4675.5584189102665,0.8297,419.9645861135232
4675.608432143148,0.888,366.63083424572403
4675.64844272946,0.972,306.00073755530224
4675.688453315778,0.9683,308.34374014132214
4675.728463902102,0.9475,322.0301562353037
4675.778477135014,0.9293,334.7673448308908
4675.8184877213525,0.8355,414.1540843276772
4675.858498307696,0.8585,392.26023662782217
4675.908511540635,0.9204,341.27284506518293
4675.9485221269915,0.826,423.7354028060189
4675.988532713357,0.8693,382.57407625326476
4676.038545946319,0.9084,350.3488444924255
4676.078556532697,0.9053,352.75233446736434
4676.11856711908,0.8029,448.46845359487855
4676.158577705471,0.8222,427.6612444959039
4676.208590938465,0.9538,317.7900899074407
4676.24860152487,0.8709,381.1696543115755
4676.288612111279,0.9429,325.1799081589884
4676.3386253442995,0.9206,341.12457854172385
4676.378635930722,0.8845,369.5381159065917
4676.418646517152,0.7816,473.24461841869095
4676.468659750199,0.8668,384.78407474353065
4676.508670336641,0.8724,379.86002044779656
4676.548680923091,0.86,390.89308188168843
4676.598694156161,0.8677,383.9862744204821
4676.638704742624,0.8977,358.7504700633474
4676.678715329094,0.861,389.9856123603325
4676.728728562189,0.8111,439.44651334940596
4676.7687391486725,0.8281,421.58900748051866
4676.808749735162,0.8369,412.7696177083168
4676.848760321656,0.8097,440.9674624183853
4676.898773554785,0.8841,369.8725769803957
4676.938784141294,0.8434,406.43179332712253
4676.978794727809,0.8445,405.3736920219219
4677.028807960962,0.8611,389.89503925270196
4677.068818547491,0.8821,371.5517129778725
4677.108829134027,0.9168,343.95825744478066
4677.158842367204,0.8216,428.2860987514962
4677.198852953753,0.8514,398.82978542938355
4677.238863540308,0.8963,359.8720640583186
4677.278874126869,0.861,389.9856123603325
4677.3288873600795,0.8722,380.0342479812838
4677.368897946654,0.8113,439.2298774287339
4677.408908533235,0.7504,513.4156331290918
4677.458921766469,0.8601,390.80219247260544
4677.498932353064,0.8679,383.8093224264993
4677.5389429396655,0.7922,460.66490146234855
4677.5889561729255,0.8542,396.2194088648948
4677.628966759539,0.7426,524.2577234587535
4677.66897734616,0.7919,461.01399976593194
4677.708987932788,0.8199,430.0639748186839
4677.7590011660795,0.9513,319.46257665405057
4677.799011752721,0.8445,405.3736920219219
4677.839022339367,0.9568,315.80038536457147
4677.889035572684,0.9004,356.60215175440686
4677.9290461593455,0.8758,376.9163902905023
4677.969056746012,0.8897,365.2310899316339
4678.019069979354,0.7909,462.18053122405234
4678.059080566034,0.7951,457.3106309353915
4678.09909115272,0.8455,404.4153632486522
4678.149104386086,0.814,436.3209034846593
4678.189114972787,0.8783,374.7737309856721
4678.229125559495,0.8784,374.6884049447725
4678.269136146207,0.7778,477.8800521119287
4678.319149379606,0.8478,402.22406216289943
4678.359159966332,0.8883,366.38323646680897
4678.399170553064,0.9226,339.6472125458837
4678.449183786489,0.8894,365.4775205206643
4678.489194373234,0.9093,349.65565727346313
4678.529204959986,0.819,431.00968855059796
4678.579218193436,0.8176,432.4870110698732
4678.619228780202,0.7381,530.6697221732434
4678.659239366974,0.911,348.35190457726696
4678.709252600446,0.9036,354.08089226004586
4678.749263187234,0.9422,325.6632667885403
4678.789273774025,0.8811,372.395572099834
4678.829284360824,0.7802,474.94453139495437
4678.87929759433,0.7625,497.2503088657376
4678.919308181141,0.8197,430.2738642494767
4678.959318767958,0.8712,380.9071862753798
4679.009332001491,0.8155,434.71727714506716
4679.049342588321,0.8987,357.95253865753807
4679.089353175159,0.89,364.9849084997934
4679.139366408715,0.8376,412.07998625744415
4679.1793769955675,0.955,316.9919577218084
4679.219387582425,0.8518,398.4552978281323
4679.269400816006,0.7893,464.05621201655913
4679.309411402876,0.7812,473.7293753779267
4679.349421989754,0.7632,496.3385815731202
4679.389432576638,0.7796,475.67587057362607
4679.439445810251,0.8402,409.5335712220698
4679.479456397149,0.8834,370.4589774561207
4679.519466984052,0.879,374.1770600997652
4679.5694802176895,0.7607,499.60631867117957
4679.609490804607,0.8186,431.43100735428743
4679.64950139153,0.8678,383.89778313035384
4679.699514625195,0.8746,377.95139930189094
4679.7395252121305,0.8643,387.01327828948627
4679.779535799074,0.8207,429.2259509991378
4679.819546386023,0.852,398.26825178906466
4679.8695596197185,0.8601,390.80219247260544
4679.909570206682,0.8385,411.19585385682876
4679.94958079365,0.7715,485.71655948789953
4679.99959402737,0.851,399.20480122123223
4680.039604614352,0.8391,410.60801209638885
4680.079615201343,0.847,402.98422941516054
4680.1296284350865,0.8486,401.46604379016225
4680.169639022089,0.8654,386.030048443535
4680.209649609098,0.9633,311.55295477950705
4680.249660196112,0.8249,424.8662529799796
4680.29967342989,0.8261,423.63282218788646
4680.33968401692,0.9016,355.6535330040567
4680.379694603954,0.9698,307.39064167747654
4680.429707837756,0.8595,391.34800488883167
4680.469718424804,0.7847,469.5128518630697
4680.509729011858,0.82,429.9590876901468
4680.559742245685,0.8245,425.27859383894304
4680.599752832755,0.7504,513.4156331290918
4680.639763419829,0.8952,360.7570105257981
4680.68977665368,0.8664,385.1394509707477
4680.729787240768,0.755,507.17850946209734
4680.769797827863,0.7905,462.64838385401436
4680.809808414962,0.7744,482.08551929041795
4680.859821648847,0.7873,466.41691339350797
4680.899832235961,0.8786,374.51784025890504
4680.939842823082,0.8393,410.4123449450427
4680.98985605699,0.8164,433.75934129002894
4681.029866644125,0.8507,399.48641028792645
4681.069877231264,0.7947,457.7711067328756
4681.119890465198,0.8404,409.33867148230803
4681.159901052352,0.9679,308.59864840490854
4681.199911639511,0.8935,362.1310892259177
4681.249924873469,0.8601,390.80219247260544
4681.289935460643,0.9206,341.12457854172385
4681.329946047823,0.9585,314.6811699096991
4681.369956635009,0.8868,367.62373946631044
4681.419969868999,0.7971,455.01864076782846
4681.4599804561985,0.8359,413.7578125273863
4681.499991043404,0.8578,392.9006979951235
4681.55000427742,0.876,376.74430219318083
4681.59001486464,0.8278,421.8946355727733
4681.630025451865,0.8427,407.10728894890576
4681.680038685904,0.8111,439.44651334940596
4681.720049273144,0.8994,357.3955695869498
4681.7600598603885,0.9581,314.94397882727833
4681.800070447641,0.8806,372.818580129683
4681.850083681714,0.9019,355.4169697566352
4681.890094268979,0.8779,375.1153267788042
4681.93010485625,0.8665,385.0505607727815
4681.980118090347,0.8545,395.94124662323895
4682.020128677632,0.7851,469.03455085859446
4682.060139264923,0.9121,347.51218171342714
4682.110152499045,0.8492,400.8989353436465
4682.150163086351,0.845,404.89410234200574
4682.190173673661,0.9443,324.21641368383456
4682.240186907808,0.8246,425.1754523664231
4682.2801974951335,0.9505,320.00056159683487
4682.320208082463,0.9051,352.9082469272009
4682.3602186698,0.8295,420.16712485172576
4682.41023190398,0.8694,382.48607265674514
4682.450242491331,0.8418,407.9782606488298
4682.490253078687,0.8805,372.9032682222465
4682.540266312889,0.8641,387.1924508937338
4682.580276900261,0.8964,359.79177588574953
4682.620287487637,0.8507,399.48641028792645
4682.670300721866,0.7425,524.3989469795196
4682.710311309255,0.7935,459.1567148075323
4682.750321896651,0.7751,481.2151617960182
4682.790332484054,0.8497,400.42726238762964
4682.840345718315,0.8771,375.79992095403605
4682.880356305732,0.8417,408.0752077823113
4682.920366893153,0.8611,389.89503925270196
4682.970380127439,0.8526,397.7079032339849
4683.010390714874,0.901,356.127368596878
4683.050401302317,0.8033,448.0219392275829
4683.100414536628,0.7944,458.11692015237014
4683.140425124083,0.8676,384.0747963109866
4683.180435711544,0.8899,365.0669413136797
4683.230448945881,0.9212,340.68035824154373
4683.270459533356,0.818,432.06414482041527
4683.310470120837,0.8981,358.4309776417451
4683.3504807083245,0.8783,374.7737309856721
4683.400493942693,0.8159,434.2911365070589
4683.440504530193,0.8426,407.2039257786087
4683.480515117701,0.8818,371.80456929101217
4683.530528352095,0.9009,356.20643325185415
4683.570538939614,0.8645,386.8342300241656
4683.610549527142,0.9007,356.36464157223634
4683.660562761559,0.8933,362.2932614960732
4683.7005733491005,0.8857,368.53745013822197
4683.7405839366465,0.9114,348.04619899967116
4683.790597171088,0.859,391.80372252029986
4683.830607758649,0.8357,413.9558773006946
4683.870618346216,0.883,370.7946897704027
4683.910628933789,0.8206,429.33056995625464
4683.960642168263,0.8637,387.55116957976395
4684.000652755849,0.8587,392.0775352889518
4684.040663343442,0.8333,416.3437894537924
4684.090676577942,0.8546,395.8485909672418
4684.130687165548,0.783,471.5538155837761
4684.170697753159,0.8656,385.85168198985565
4684.220710987684,0.7676,490.66472087498744
4684.26072157531,0.9375,328.93676537107854
4684.300732162942,0.8077,443.15398152017303
4684.34074275058,0.8775,375.45738981741243
4684.390755985136,0.8646,386.7447524826534
4684.430766572788,0.8828,370.96271707976916
4684.470777160446,0.8423,407.4940428095435
4684.520790395028,0.8711,380.9946454907462
4684.560800982698,0.8194,430.58898661111954
4684.600811570377,0.8966,359.63128012566443
4684.650824804983,0.8588,391.98623248230433
4684.690835392674,0.8565,394.0942950423303
4684.730845980372,0.862,389.08129924962657
4684.780859215002,0.884,369.95626319734595
4684.820869802713,0.8261,423.63282218788646
4684.86088039043,0.9391,327.81686350341323
4684.900890978154,0.9793,301.45570051287217
4684.950904212817,0.9116,347.89349709638867
4684.990914800554,0.8856,368.6206836163533
4685.030925388297,0.9197,341.79253984323464
4685.080938622984,0.9382,328.4461032680811
4685.120949210742,0.9371,329.2176375233234
4685.160959798503,0.8506,399.5803461974504
4685.210973033215,0.7943,458.23227837498166
4685.250983620992,0.871,381.08213483153236
4685.290994208775,0.9525,318.65813947505364
4685.331004796564,0.8657,385.7625451177752
4685.3810180313085,0.8629,388.27010409471967
4685.421028619111,0.9315,333.18791883500455
4685.461039206919,0.9301,334.19171121774707
4685.511052441688,0.9098,349.27144184941324
4685.551063029511,0.8536,396.77661345261845
4685.591073617339,0.8032,448.13350528116223
4685.6410868521325,0.8569,393.7264557575096
4685.681097439975,0.8683,383.4557851920563
4685.721108027822,0.8181,431.9585251626242
4685.771121262641,0.8909,364.2478557925161
4685.8111318505025,0.8902,364.82092580005747
4685.8511424383705,0.8274,422.30265694694657
4685.891153026245,0.7927,460.08395149741597
4685.9411662610955,0.8102,440.4233611458435
4685.9811768489835,0.9033,354.31612261410373
4686.021187436878,0.9396,327.46806689597645
4686.071200671752,0.8859,368.3710677321333
4686.111211259658,0.8998,357.0778850048838
4686.151221847574,0.9002,356.7606238135886
4686.201235082473,0.8603,390.6205087287733
4686.2412456704005,0.8542,396.2194088648948
4686.281256258334,0.8462,403.7465536770044
4686.331269493258,0.7728,484.08379650580343
4686.371280081205,0.8517,398.5488702648358
4686.411290669158,0.8825,371.21497227505716
4686.451301257118,0.8648,386.56589051009865
4686.501314492073,0.8423,407.4940428095435
4686.541325080047,0.8758,376.9163902905023
4686.581335668026,0.8278,421.8946355727733
4686.631348903007,0.9337,331.61964408121077
4686.671359490999,1.0183,278.80692477974844
4686.711370078999,1.1079,235.5342062844795
4686.761383314004,1.0113,282.67996141516016
4686.801393902017,0.8918,363.5130334460158
4686.841404490035,0.9258,337.3033120456874
4686.881415078059,0.8669,384.6953075413557
4686.931428313098,0.906,352.207453737324
4686.971438901136,0.8464,403.5557699458375
4687.01144948918,0.9067,351.6638345122109
4687.061462724244,0.9508,319.7986581000412
4687.101473312302,0.9341,331.3356930813691
4687.141483900365,0.964,311.10065672703985
4687.191497135454,0.8932,362.37438848587914
4687.231507723531,0.8881,366.54827377276763
4687.271518311615,0.7997,452.0647235076191
4687.321531546728,0.773,483.833333092405
4687.361542134825,0.8094,441.2944072950233
4687.401552722928,0.8389,410.8038192097622
4687.4415633110375,0.8309,418.7524234328941
4687.491576546182,0.9271,336.3580280414339
4687.5315871343055,0.8828,370.96271707976916
4687.5715977224345,0.902,355.3381677889716
4687.6216109576035,0.9039,353.8458960822798
4687.661621545747,0.8463,403.65114490398514
4687.701632133896,0.8531,397.2418489736866
4687.751645369089,0.8793,373.92178012450046
4687.791655957251,0.698,593.3948968323723
4687.83166654542,0.8131,437.2873421966244
4687.871677133596,0.8385,411.19585385682876
4687.921690368821,0.9072,351.2763052596047
4687.96170095701,0.8897,365.2310899316339
4688.001711545205,0.9367,329.4988695754107
4688.0517247804555,0.8393,410.4123449450427
4688.091735368664,0.8918,363.5130334460158
4688.131745956877,0.8096,441.0764036613055
4688.181759192154,0.8216,428.2860987514962
4688.221769780381,0.919,342.3134226228483
4688.261780368614,0.8517,398.5488702648358
4688.311793603915,0.8872,367.29232336848366
4688.351804192163,0.8359,413.7578125273863
4688.391814780416,0.8312,418.450202775341
4688.431825368676,0.8064,444.58395132889507
4688.481838604009,0.8288,420.8771654816363
4688.521849192282,0.8311,418.55090663136457
4688.561859780562,0.8621,388.9910409774814
4688.61187301592,0.8056,445.46737564997386
4688.651883604212,0.8413,408.46334208220657
4688.6918941925105,0.9188,342.4624649853005
4688.741907427893,0.8904,364.6570535882583
4688.781918016207,0.8495,400.61583162964314
4688.821928604525,0.9128,346.97939252207783
4688.871941839931,0.8762,376.57233192393045
4688.911952428263,0.9485,321.3514845231599
4688.951963016601,0.8562,394.37051289590215
4688.991973604947,0.8917,363.5945705120434
4689.041986840385,0.8715,380.6449892435462
4689.081997428743,0.7696,488.11780545468963
4689.122008017109,0.7942,458.34768017553563
4689.1720212525715,0.8281,421.58900748051866
4689.21203184095,0.7885,464.99833713523117
4689.2520424293325,0.85,400.1446580621033
4689.302055664821,0.9078,350.81211513066944
4689.342066253219,0.8278,421.8946355727733
4689.382076841623,0.8287,420.9787467659042
4689.422087430032,0.8777,375.2862998391856
4689.472100665553,0.704,583.3233276899048
4689.5121112539755,0.7906,462.5313541197818
4689.5521218424055,0.7446,521.4451908689089
4689.602135077949,0.7421,524.9644120848541
4689.642145666393,0.9045,353.3766050132076
4689.682156254842,0.8366,413.06570410508516
4689.732169490412,0.8354,414.25324122887054
4689.772180078875,0.781,473.9720332142524
4689.812190667343,0.7999,451.8386914319379
4689.862203902939,0.8296,420.0658371721291
4689.902214491422,0.8473,402.69891435851264
4689.942225079908,0.8639,387.3717479520636
4689.9822356684035,0.8422,407.5908173883005
4690.032248904031,0.8385,411.19585385682876
4690.072259492539,0.9155,344.93578386006794
4690.112270081053,0.8833,370.54286277892675
4690.162283316705,0.8757,377.0024785583309
4690.202293905233,0.7982,453.76538345183667
4690.242304493766,0.7679,490.28141453036744
4690.2923177294415,0.8378,411.8832661292254
4690.33232831799,0.8221,427.7652918708025
4690.372338906543,0.893,362.536724235953
4690.412349495103,0.8065,444.4737080957654
4690.46236273081,0.7877,465.94333421711394
4690.502373319383,0.8154,434.82391030686136
4690.542383907962,0.9,356.91920153243063
4690.592397143694,0.9117,347.81718382751376
4690.632407732288,0.8673,384.34054572590236
4690.672418320887,0.8425,407.30059702105353
4690.722431556645,0.8764,376.4004793752072
4690.762442145258,0.9136,346.37198955248203
4690.802452733877,0.8356,414.05496302396426
4690.852465969658,0.8383,411.392081658039
4690.892476558291,0.8511,399.1109977010946
4690.932487146928,0.8607,390.2575211261224
4690.972497735574,0.8546,395.8485909672418
4691.022510971387,0.897,359.3106106103632
4691.062521560046,0.8503,399.86235280599124
4691.1025321487095,0.9135,346.4478276627944
4691.152545384548,1.009,283.97015821346764
4691.192555973226,0.883,370.7946897704027
4691.232566561909,0.9178,343.2091388978927
4691.282579797774,0.9191,342.2389379252067
4691.322590386471,0.9035,354.1592763431175
4691.362600975175,0.873,379.33805611853523
4691.412614211062,0.8681,383.63249272124284
4691.45262479978,0.9257,337.3761912001553
4691.492635388502,0.9383,328.3760983120816
4691.532645977231,0.8952,360.7570105257981
4691.582659213151,0.8165,433.6530994656571
4691.622669801894,1.0216,277.00861634572885
4691.662680390643,0.9239,338.692065327912
4691.712693626587,0.9529,318.3906688708364
4691.75270421535,0.9408,326.63322282751767
4691.792714804118,0.8519,398.3617583413648
4691.8427280400865,0.8177,432.38123632683954
4691.882738628869,0.8563,394.2784080203193
4691.922749217658,0.8801,373.24230931797433
4691.962759806453,0.9717,306.1897141897332
4692.012773042454,0.9283,335.4889807155506
4692.052783631261,0.934,331.4066466307805
4692.092794220075,0.897,359.3106106103632
4692.142807456102,0.827,422.71127051393404
4692.182818044929,0.8967,359.55107251418525
4692.222828633762,0.7571,504.3688506440016
4692.272841869813,0.7279,545.6463629046216
4692.31285245866,0.9066,351.74141731415864
4692.352863047514,0.8039,447.3534169897328
4692.402876283589,0.8544,396.0339348146889
4692.442886872456,0.773,483.833333092405
4692.482897461328,0.7776,478.1259064808408
4692.522908050209,0.8012,450.37360649158416
4692.572921286315,0.771,486.3467455122048
4692.612931875208,0.8409,408.8520303972925
4692.652942464107,0.751,512.5955907473543
4692.702955700238,0.7168,562.676388959991
4692.74296628915,0.6932,601.641154040393
4692.7829768780675,0.7182,560.4848599560863
4692.832990114225,0.8462,403.7465536770044
4692.873000703157,0.8429,406.9141184624087
4692.913011292096,0.7447,521.3051587807295
4692.963024528275,0.8208,429.1213702775681
4693.003035117228,0.787,466.7725717555992
4693.043045706185,0.7639,495.4293595134412
4693.08305629515,0.7543,508.12028122229435
4693.133069531362,0.7399,528.0908809281289
4693.173080120338,0.7359,533.8473737558207
4693.2130907093215,0.6707,642.6847413573564
4693.263103945559,0.707,578.3834275179977
4693.303114534556,0.7189,559.393893634248
4693.343125123559,0.776,480.0995897896047
4693.393138359821,0.7769,478.9878925361267
4693.433148948837,0.9042,353.61113377007297
4693.473159537861,0.6955,597.6685167484388
4693.51317012689,0.8137,436.6426934316872
4693.563183363184,0.8274,422.30265694694657
4693.603193952226,0.7232,552.7615942825738
4693.643204541274,0.7388,529.6645994793621
4693.6932177775925,0.8476,402.41390220158456
4693.733228366655,0.8025,448.91563581276444
4693.773238955723,0.7987,453.1974320518203
4693.823252192066,0.8101,440.53210080778285
4693.863262781148,0.8709,381.1696543115755
4693.903273370235,0.819,431.00968855059796
4693.953286606605,0.7048,581.999851087227
4693.993297195705,0.915,345.31286544632496
4694.033307784812,0.8748,377.77860197082697
4694.073318373924,0.8246,425.1754523664231
4694.123331610325,0.8782,374.85908617624204
4694.163342199452,0.8878,366.7960388944038
4694.203352788585,0.9031,354.4730731017642
4694.253366025008,0.8763,376.48639094121967
4694.293376614156,0.8002,451.4999610432298
4694.333387203308,0.7372,531.966232315739
4694.383400439758,0.8657,385.7625451177752
4694.4234110289235,0.9895,295.27278603308423
4694.463421618096,0.9513,319.46257665405057
4694.503432207273,0.9276,335.99551509096085
4694.553445443756,0.8305,419.1558938843549
4694.593456032946,0.8837,370.2074923301554
4694.633466622145,0.8538,396.59074806166115
4694.68347985865,0.7784,477.1436257077574
4694.723490447861,0.8565,394.0942950423303
4694.763501037079,0.9522,318.8589636734846
4694.813514273609,0.9746,304.3702432693408
4694.8535248628405,0.9302,334.11986142446506
4694.893535452076,0.909,349.8864909179784
4694.943548688633,0.7921,460.7812234920226
4694.983559277883,0.8496,400.52153036236
4695.023569867139,0.7976,454.4483355403303
4695.063580456403,0.8396,410.1191063551426
4695.1135936929895,0.9259,337.2304565034261
4695.153604282266,0.8359,413.7578125273863
4695.193614871549,0.8437,406.14280976451704
4695.24362810816,0.919,342.3134226228483
4695.283638697456,0.8778,375.2007987009237
4695.323649286758,0.8555,395.0161516493415
4695.373662523394,0.8208,429.1213702775681
4695.413673112709,0.8764,376.4004793752072
4695.4536837020305,0.8831,370.71071892315655
4695.50369693869,0.9135,346.4478276627944
4695.543707528026,0.9898,295.0938239758197
4695.583718117367,0.8767,376.14292104315996
4695.623728706715,0.976,303.4976771075686
4695.673741943408,0.8667,384.8728726733693
4695.713752532767,0.8022,449.2514615546065
4695.753763122134,0.8064,444.58395132889507
4695.803776358851,0.8605,390.43895165251917
4695.843786948231,0.8511,399.1109977010946
4695.883797537618,0.8376,412.07998625744415
4695.933810774361,0.8449,404.9899521666314
4695.97382136376,0.8518,398.4552978281323
4696.013831953165,0.942,325.8015672099726
4696.053842542578,0.8244,425.38177284698077
4696.103855779352,0.7692,488.6255996161592
4696.143866368778,0.8486,401.46604379016225
4696.183876958209,0.8261,423.63282218788646
4696.233890195007,0.7564,505.30280382932483
4696.273900784454,0.745,520.8854007953163
4696.313911373904,0.7515,511.91372197163
4696.363924610726,0.8701,381.87089682826644
4696.403935200192,0.9287,335.20004661802557
4696.443945789663,0.8029,448.46845359487855
4696.49395902651,0.854,396.4050132398432
4696.5339696159945,0.9024,355.023221849107
4696.573980205485,0.8628,388.3601115482702
4696.613990794981,0.839,410.70589814948084
4696.664004031861,0.9011,356.0483302631247
4696.704014621371,0.8593,391.5301964829239
4696.744025210887,0.8293,420.36981014455216
4696.79403844779,0.7797,475.553863453759
4696.834049037321,0.8141,436.2137192149503
4696.874059626856,0.7827,471.9153668168062
4696.924072863783,0.6761,632.4595287955882
4696.964083453333,0.8883,366.38323646680897
4697.004094042888,0.8039,447.3534169897328
4697.04410463245,0.9471,322.30222703626384
4697.09411786941,0.9779,302.31946910186696
4697.134128458984,0.8525,397.8012125038117
4697.174139048565,0.8013,450.2612029119448
4697.22415228555,0.8148,435.46453397906475
4697.264162875145,0.8131,437.2873421966244
4697.304173464746,0.9371,329.2176375233234
4697.354186701755,0.9129,346.9033798135137
4697.394197291369,0.925,337.88700728109524
4697.43420788099,0.8398,409.9237885257603
4697.484221118023,0.8464,403.5557699458375
4697.524231707656,0.8557,394.83152174297095
4697.564242297297,0.8377,411.98160858083395
4697.604252886942,0.8359,413.7578125273863
4697.654266124008,0.8362,413.4609817953993
4697.694276713668,0.7931,459.6199824140645
4697.734287303333,0.854,396.4050132398432
4697.784300540424,0.831,418.6516468447143
4697.824311130102,0.7672,491.1764956315057
4697.864321719787,0.7931,459.6199824140645
4697.9143349569,0.9057,352.4408193527846
4697.9543455466,0.9255,337.5220203865345
4697.994356136303,0.9254,337.59497043887166
4698.044369373442,0.9059,352.2852165156759
4698.084379963161,0.8794,373.8367448516051
4698.124390552886,0.8844,369.62168863161276
4698.164401142616,0.9167,344.033304165162
4698.214414379786,0.8376,412.07998625744415
4698.254424969529,0.7827,471.9153668168062
4698.294435559279,0.7714,485.84249866667733
4698.344448796476,0.7875,466.18003359987
4698.384459386239,0.7831,471.4333908346124
4698.424469976007,0.8627,388.4501503032809
4698.474483213227,0.8928,362.69916909472994
4698.514493803012,0.877,375.885626978599
4698.5545043928005,0.8695,382.3980994219625
4698.594514982594,0.7967,455.4756582601788
4698.644528219847,0.9095,349.50189506209955
4698.684538809654,0.8961,360.03272104846775
4698.724549399469,0.8609,390.07621703199914
4698.774562636747,0.8445,405.3736920219219
4698.814573226574,0.8402,409.5335712220698
4698.854583816408,0.8587,392.0775352889518
4698.904597053708,0.7833,471.1926796876259
4698.944607643556,0.7719,485.213292141394
4698.98461823341,0.8121,438.364933713722
4699.034631470735,0.8438,406.04655039921715
4699.074642060603,0.8594,391.4390847860015
4699.114652650474,0.8363,413.36210919757434
4699.154663240355,0.8206,429.33056995625464
4699.204676477712,0.8323,417.3448549470966
4699.244687067604,0.7815,473.36573787889546
4699.284697657503,0.8416,408.17218947595603
4699.3347108948865,0.7557,506.2393535573525
4699.374721484798,0.7949,457.54078194108865
4699.414732074715,0.8891,365.72420060322327
4699.4647453121215,0.8532,397.1487364317477
4699.504755902053,0.8182,431.8529442287666
4699.544766491992,0.8329,416.74378298371255
4699.584777081936,0.8571,393.542729210108
4699.634790319374,0.8861,368.20479797480266
4699.67480090933,0.8314,418.248904065311
4699.714811499293,0.8172,432.9104984194998
4699.764824736757,0.8231,426.72652398678406
4699.804835326733,0.8657,385.7625451177752
4699.844845916717,0.8952,360.7570105257981
4699.894859154204,0.836,413.65883344332394
4699.9348697442,0.8605,390.43895165251917
4699.974880334202,0.871,381.08213483153236
4700.024893571715,0.8465,403.4604287865835
4700.064904161731,0.8355,414.1540843276772
4700.104914751752,0.86,390.89308188168843
4700.144925341781,0.8495,400.61583162964314
4700.194938579323,0.8261,423.63282218788646
4700.234949169366,0.8739,378.55712452474404
4700.274959759414,0.8857,368.53745013822197
4700.324972996981,0.8624,388.7204545222739
4700.364983587042,0.8571,393.542729210108
4700.40499417711,0.8318,417.8467421641737
4700.455007414703,0.8259,423.8380206877561
4700.495018004783,0.8296,420.0658371721291
4700.53502859487,0.8161,434.07830112460465
4700.585041832486,0.7819,472.88153882336877
4700.625052422587,0.8074,443.48336157635737
4700.665063012692,0.7778,477.8800521119287
4700.705073602806,0.779,476.40890027312827
4700.755086840453,0.8684,383.3674772083195
4700.795097430579,0.9216,340.3846932620549
4700.835108020712,0.8516,398.64247566695286
4700.885121258384,0.8641,387.1924508937338
4700.925131848529,0.8931,362.4555427284364
4700.96514243868,0.8682,383.54412369167676
4701.0151556763785,0.8119,438.5809299625878
4701.055166266544,0.8461,403.84199628088214
4701.095176856714,0.9067,351.6638345122109
4701.13518744689,0.8254,424.3516696826741
4701.185200684621,0.8154,434.82391030686136
4701.225211274812,0.8171,433.01646744635326
4701.265221865008,0.8631,388.09018303397824
4701.315235102762,0.8266,423.1204774202833
4701.355245692972,0.8319,417.7462923202154
4701.395256283186,0.818,432.06414482041527
4701.445269520966,0.8335,416.14400860733906
4701.485280111196,0.8154,434.82391030686136
4701.525290701431,0.8788,374.3473920125568
4701.575303939234,0.7806,474.4579085548534
4701.615314529483,0.7688,489.134186585521
4701.655325119738,0.9354,330.41536674655254
4701.695335709999,0.8887,366.0534960634022
4701.745348947833,0.8503,399.86235280599124
4701.7853595381075,0.8166,433.5468966696427
4701.8253701283875,0.862,389.08129924962657
4701.875383366248,0.8409,408.8520303972925
4701.915393956542,0.8071,443.81310899318316
4701.955404546841,0.8256,424.14609809515906
4702.005417784725,0.8354,414.25324122887054
4702.045428375039,0.8172,432.9104984194998
4702.085438965359,0.7806,474.4579085548534
4702.125449555684,0.8473,402.69891435851264
4702.175462793599,0.8722,380.0342479812838
4702.215473383938,0.8601,390.80219247260544
4702.2554839742825,0.7895,463.8211281174397
4702.305497212223,0.8156,434.6106832034153
4702.345507802583,0.8581,392.62602262440606
4702.385518392945,0.8083,442.49632130880786
4702.43553163091,0.8688,383.0145501512574
4702.475542221289,0.8991,357.6341113270265
4702.515552811673,0.7916,461.3634950472919
4702.565566049662,0.7954,456.96572989346845
4702.605576640059,0.8259,423.8380206877561
4702.645587230463,0.8392,410.5101610338012
4702.685597820871,0.8676,384.0747963109866
4702.735611058893,0.8683,383.4557851920563
4702.775621649315,0.8443,405.56576650955463
4702.815632239744,0.7717,485.4648279916553
4702.865645477791,0.7145,566.3047636087914
4702.905656068233,0.7646,494.5226335166365
4702.94566665868,0.7898,463.46883706795387
4702.995679896751,0.8927,362.7804324704405
4703.035690487212,0.8317,417.94722824322696
4703.075701077681,0.8995,357.3161087073593
4703.1257143157745,0.9381,328.51613061250794
4703.165724906257,0.8525,397.8012125038117
4703.205735496744,0.8667,384.8728726733693
4703.245746087237,0.7855,468.55698036248793
4703.295759325362,0.8741,378.383911673434
4703.3357699158705,0.9443,324.21641368383456
4703.375780506384,0.8988,357.87289196691864
4703.425793744533,0.8552,395.29333942375285
4703.465804335059,0.8793,373.92178012450046
4703.505814925591,0.8182,431.8529442287666
4703.555828163767,0.8993,357.47505697556153
4703.595838754313,0.9402,327.0502452878476
4703.635849344865,0.9003,356.68137458240807
4703.675859935423,0.9046,353.2984806085624
4703.725873173629,0.8109,439.6633095825959
4703.765883764201,0.8905,364.57515888431914
4703.8058943547785,0.8313,418.34953525915074
4703.855907593009,0.806,445.02533467188385
4703.895918183601,0.86,390.89308188168843
4703.935928774198,0.8792,374.00684441468843
4703.985942012453,0.8589,391.89496156436985
4704.025952603063,0.8697,382.2222439817566
4704.065963193681,0.8951,360.8376220237798
4704.11597643196,0.9263,336.9392702525468
4704.155987022589,0.8549,395.57081905975514
4704.195997613226,0.8712,380.9071862753798
4704.236008203868,0.8569,393.7264557575096
4704.286021442179,0.8539,396.49786433725495
4704.3260320328345,0.7766,479.35802886771756
4704.3660426234965,0.8076,443.2637340880781
4704.416055861831,0.924,338.6187594033827
4704.456066452506,0.9158,344.7098313093706
4704.496077043189,0.8768,376.05712700977915
4704.546090281547,0.9029,354.63012789844856
4704.586100872242,0.8208,429.1213702775681
4704.626111462942,0.8655,385.94084976034804
4704.66612205365,0.7868,467.00990337928624
4704.71613529204,0.9421,325.73240598925685
4704.75614588276,0.8932,362.37438848587914
4704.796156473487,0.9049,353.0642627771468
4704.846169711904,0.8879,366.71342261541287
4704.886180302643,0.8006,451.0489127224941
4704.926190893389,0.9092,349.7325764334742
4704.976204131829,0.8686,383.1909527322905
4705.016214722587,0.8181,431.9585251626242
4705.056225313353,0.8239,425.89823155786814
4705.106238551818,0.8506,399.5803461974504
4705.146249142596,0.9421,325.73240598925685
4705.18625973338,0.8395,410.2168176223637
4705.22627032417,0.8278,421.8946355727733
4705.276283562668,0.8023,449.1394777819659
4705.316294153472,0.8512,399.01722723942726
4705.356304744281,0.8581,392.62602262440606
4705.406317982803,0.8486,401.46604379016225
4705.4463285736265,0.8808,372.64929047042546
4705.486339164455,0.8373,412.3753308055834
4705.536352403001,0.823,426.83023040974535
4705.576362993843,0.7319,539.6985057579242
4705.616373584693,0.7738,482.8334207620314
4705.666386823263,0.8209,429.0168277729154
4705.706397414126,0.7861,467.8419910700719
4705.746408004993,0.8493,400.8045341045935
4705.786418595868,0.8342,415.4459068622174
4705.83643183447,0.8605,390.43895165251917
4705.876442425357,0.9418,325.93995574881313
4705.916453016251,0.8785,374.60310804027154
4705.966466254877,0.7825,472.15663202945785
4706.006476845783,0.836,413.65883344332394
4706.046487436696,0.859,391.80372252029986
4706.096500675346,0.9026,354.8659058751616
4706.136511266273,0.8247,425.07234841121635
4706.176521857205,0.7818,473.00251891469935
4706.216532448144,0.8295,420.16712485172576
4706.266545686827,0.8193,430.6941043308434
4706.306556277779,0.8285,421.1820196932101
4706.346566868737,0.7816,473.24461841869095
4706.396580107443,0.843,406.8175847729804
4706.436590698416,0.8848,369.287567725764
4706.476601289393,0.797,455.132830633699
4706.526614528124,0.8215,428.3903742584138
4706.566625119115,0.802,449.4755547803638
4706.606635710112,0.7723,484.7108065683255
4706.656648948866,0.7874,466.2984509338723
4706.696659539877,0.8341,415.5455280857085
4706.736670130895,0.8734,378.9906773621214
4706.776680721917,0.9135,346.4478276627944
4706.826693960704,0.8996,357.2366743250036
4706.8667045517395,0.9427,325.31790075797767
4706.906715142782,0.9272,336.2854785317406
4706.956728381591,0.8338,415.84460684742317
4706.996738972649,0.7651,493.87649523404815
4707.036749563708,0.799,452.857172889725
4707.086762802545,0.89,364.9849084997934
4707.126773393619,0.7803,474.82280552302115
4707.1667839847005,0.8011,450.486052167262
4707.216797223559,0.7949,457.54078194108865
4707.256807814653,0.8475,402.50887262484224
4707.296818405754,0.9277,335.92308282969356
4707.336828996861,0.8337,415.9443715224135
4707.386842235751,0.8638,387.46144318753164
4707.426852826871,0.8738,378.64377555536606
4707.466863417997,0.8133,437.0723007419985
4707.516876656914,0.7943,458.23227837498166
4707.556887248053,0.8233,426.5192244971351
4707.596897839198,0.8288,420.8771654816363
4707.646911078138,0.9266,336.72112799334917
4707.686921669296,0.9039,353.8458960822798
4707.726932260461,0.8735,378.9039072305273
4707.766942851631,0.859,391.80372252029986
4707.8169560906035,0.7963,455.9333646361566
4707.8569666817875,0.7924,460.43238950633804
4707.896977272978,0.7126,569.3286535170392
4707.946990511973,0.7321,539.4036695063002
4707.987001103177,0.7585,502.5086955875508
4708.027011694387,0.7624,497.3807606672639
4708.077024933407,0.8593,391.5301964829239
4708.11703552463,0.7892,464.17382099384076
4708.157046115859,0.7199,557.840887395249
4708.207059354904,0.8558,394.739255327346
4708.247069946146,0.8619,389.17158893959385
4708.287080537394,0.8686,383.1909527322905
4708.32709112865,0.8651,386.2978301122107
4708.377104367726,0.7782,477.38891192012767
4708.417114958994,0.7887,464.7625370641563
4708.457125550267,0.8016,449.92424453922393
4708.507138789367,0.8529,397.428172321578
4708.547149380654,0.842,407.7844699966899
4708.5871599719485,0.8607,390.2575211261224
4708.637173211073,0.8149,435.3576650918949
4708.67718380238,0.7538,508.79458226539873
4708.717194393692,0.8101,440.53210080778285
4708.7572049850105,0.8214,428.4946878521565
4708.807218224167,0.783,471.5538155837761
4708.847228815499,0.8158,434.397612903625
4708.887239406837,0.8089,441.84012400735423
4708.937252646019,0.803,448.35676244404095
4708.977263237371,0.8307,418.9540858038108
4709.017273828728,0.5938,819.9248469523016
4709.067287067933,0.7866,467.24741605674336
4709.107297659304,0.8881,366.54827377276763
4709.14730825068,0.8282,421.48720524763405
4709.197321489911,0.747,518.099926084312
4709.237332081299,0.8406,409.143910840563
4709.277342672697,0.8346,415.04777999557
4709.317353264099,0.8174,432.69867703117603
4709.36736650336,0.8168,433.3346080862421
4709.407377094777,0.7945,458.00160548576275
4709.447387686198,0.834,415.6451851462773
4709.497400925483,0.8578,392.9006979951235
4709.537411516919,0.8178,432.2755003835661
4709.577422108359,0.8282,421.48720524763405
4709.627435347669,0.8677,383.9862744204821
4709.667445939125,0.8311,418.55090663136457
4709.707456530585,0.7403,527.5203581686625
4709.757469769918,0.8192,430.7992605481285
4709.797480361392,0.8559,394.64702124993266
4709.837490952873,0.8684,383.3674772083195
4709.877501544358,0.7636,495.8187199363599
4709.927514783723,0.7539,508.6596147197552
4709.967525375223,0.7765,479.4815029895566
4710.007535966728,0.8908,364.3296402316343
4710.057549206118,0.825,424.7632614675957
4710.097559797637,0.8694,382.48607265674514
4710.137570389162,0.7969,455.24706348999007
4710.187583628576,0.9358,330.13296076480304
4710.227594220114,0.7382,530.5259581364217
4710.267604811658,0.798,453.99286298943656
4710.307615403208,0.8313,418.34953525915074
4710.357628642654,0.8469,403.0794018192813
4710.397639234218,0.8241,425.69153526641156
4710.437649825788,0.8017,449.8120091337703
4710.487663065258,0.7642,495.0404575505269
4710.527673656841,0.8394,410.3145638134487
4710.567684248429,0.8929,362.6179330206436
4710.617697487924,0.8358,413.85682714084095
4710.657708079527,0.8508,399.3925074990931
4710.697718671134,0.8005,451.1616114163461
4710.737729262749,0.7878,465.82505212257064
4710.787742502275,0.8163,433.865622161884
4710.827753093902,0.7774,478.37195062516554
4710.867763685536,0.8496,400.52153036236
4710.917776925087,0.7759,480.2233505601124
4710.957787516734,0.8077,443.15398152017303
4710.9977981083875,0.8004,451.27435235367386
4711.047811347961,0.8146,435.6783898380099
4711.087821939629,0.8303,419.3578478149352
4711.1278325313015,0.8799,373.41200328490413
4711.177845770898,0.8589,391.89496156436985
4711.217856362584,0.8642,387.1028490420501
4711.257866954276,0.8906,364.4932917651591
4711.297877545974,0.9496,320.607420654587
4711.347890785604,0.8794,373.8367448516051
4711.387901377317,0.8536,396.77661345261845
4711.427911969034,0.8762,376.57233192393045
4711.477925208688,0.8481,401.93955388675425
4711.51793580042,0.7629,496.72901454198063
4711.557946392156,0.8035,447.79893207239616
4711.607959631835,0.8369,412.7696177083168
4711.647970223586,0.8752,377.433362628178
4711.687980815341,0.8621,388.9910409774814
4711.7379940550445,0.8369,412.7696177083168
4711.778004646813,0.7957,456.62121888802585
4711.8180152385885,0.8315,418.14830917634987
4711.85802583037,0.8256,424.14609809515906
4711.908039070106,0.8392,410.5101610338012
4711.9480496619,0.7721,484.9619517344263
4711.9880602537,0.7892,464.17382099384076
4712.03807349346,0.7711,486.22061023040726
4712.078084085273,0.8304,419.25685260960836
4712.118094677094,0.7676,490.66472087498744
4712.1681079168775,0.721,556.1400384765666
4712.208118508711,0.7885,464.99833713523117
4712.248129100551,0.7918,461.130454054699
4712.298142340357,0.7803,474.82280552302115
4712.3381529322105,0.8582,392.53452817318106
4712.378163524069,0.7172,562.0489280613258
4712.418174115935,0.7666,491.94566036506626
4712.468187355773,0.7495,514.6493913197835
4712.508197947651,0.7363,533.2674996382106
4712.548208539534,0.7605,499.8691306927488
4712.598221779398,0.8106,439.98880486450236
4712.638232371297,0.8038,447.46473340868806
4712.678242963199,0.8418,407.9782606488298
4712.728256203087,0.8598,391.07495584791343
4712.768266795005,0.8216,428.2860987514962
4712.808277386928,0.8623,388.8106186283673
4712.848287978856,0.8439,405.95032525131785
4712.8983012187755,0.8965,359.7115145788597
4712.938311810718,0.8409,408.8520303972925
4712.978322402665,0.7187,559.7052730410701
4713.02833564261,0.8676,384.0747963109866
4713.0683462345705,0.8087,442.0586941635877
4713.1083568265385,0.8035,447.79893207239616
4713.158370066507,0.9131,346.75142931164055
4713.198380658488,0.8933,362.2932614960732
4713.238391250475,0.8146,435.6783898380099
4713.278401842467,0.8282,421.48720524763405
4713.328415082467,0.8561,394.4626500493079
4713.368425674474,0.8865,367.8725959998561
4713.408436266484,0.9207,341.05048151059685
4713.458449506508,0.8629,388.27010409471967
4713.498460098534,0.8156,434.6106832034153
4713.538470690565,0.7661,492.58801195562086
4713.5884839306145,0.7958,456.5064684593437
4713.628494522659,0.8075,443.3735274334052
4713.66850511471,0.8287,420.9787467659042
4713.718518354781,0.9492,320.8776900485462
4713.758528946846,0.7609,499.34371385986293
4713.798539538916,0.6784,628.1783115325356
4713.838550130993,0.7457,519.9079349109935
4713.888563371096,0.7813,473.60811633469575
4713.928573963185,0.7006,588.9987742461052
4713.96858455528,0.7953,457.08065354099284
4714.018597795409,0.7828,471.79480355128266
4714.058608387517,0.8655,385.94084976034804
4714.098618979631,0.7843,469.99188486655464
4714.148632219784,0.8011,450.486052167262
4714.188642811913,0.7707,486.7254459956947
4714.228653404047,0.8036,447.68749092932813
4714.278666644223,0.8489,401.18233925562527
4714.3186772363715,0.8668,384.78407474353065
4714.358687828524,0.8371,412.57240360474185
4714.398698420684,0.8048,446.3534357431023
4714.4487116608925,0.7676,490.66472087498744
4714.488722253064,0.8323,417.3448549470966
4714.528732845243,0.85,400.1446580621033
4714.578746085476,0.8812,372.31105688886663
4714.618756677668,0.8651,386.2978301122107
4714.658767269866,0.8634,387.82053584140687
4714.708780510123,0.9499,320.4049426322535
4714.7487911023345,0.7866,467.24741605674336
4714.788801694553,0.7789,476.5312366117373
4714.828812286776,0.8332,416.4437338307311
4714.878825527064,0.7275,546.2465505261604
4714.9188361193,0.77,487.6108024541493
4714.958846711543,0.7933,459.38826101461547
4715.008859951854,0.8604,390.52971436455965
4715.04887054411,0.7793,476.0421737828503
4715.088881136374,0.7257,548.9596877284326
4715.13889437671,0.8426,407.2039257786087
4715.178904968984,0.8094,441.2944072950233
4715.218915561266,0.84,409.72861019233795
4715.268928801626,0.8755,377.17474359967304
4715.308939393922,0.8381,411.58844995631136
4715.348949986222,0.7947,457.7711067328756
4715.388960578529,0.8522,398.0813374260379
4715.438973818921,0.8598,391.07495584791343
4715.478984411241,0.8115,439.01340166255875
4715.518995003567,0.7748,481.58788330061316
4715.569008243983,0.8765,376.3145972124693
4715.609018836322,0.8986,358.03221193986695
4715.649029428668,0.8387,410.9997664186826
4715.699042669109,0.8478,402.22406216289943
4715.739053261468,0.8585,392.26023662782217
4715.779063853833,0.8325,417.1443532186936
4715.819074446204,0.7926,460.2000535399764
4715.869087686675,0.7794,475.9200257140625
4715.90909827906,0.7744,482.08551929041795
4715.949108871449,0.7972,454.90449387080906
4715.999122111945,0.9241,338.5454772755893
4716.039132704349,0.8604,390.52971436455965
4716.079143296757,0.8207,429.2259509991378
4716.1291565372785,0.7992,452.6305462918353
4716.1691671297,0.8072,443.70315233601195
4716.209177722129,0.8462,403.7465536770044
4716.259190962673,0.8651,386.2978301122107
4716.299201555115,0.8814,372.1421127573925
4716.339212147564,0.814,436.3209034846593
4716.379222740018,0.8754,377.2609204001495
4716.429235980592,0.8241,425.69153526641156
4716.46924657306,0.8733,379.0774773030593
4716.509257165533,0.9015,355.73243990679686
4716.559270406134,0.8324,417.24458601752815
4716.59928099862,0.799,452.857172889725
4716.639291591113,0.8614,389.62350916747425
4716.689304831738,0.8426,407.2039257786087
4716.7293154242425,0.8656,385.85168198985565
4716.769326016754,0.8005,451.1616114163461
4716.819339257403,0.8016,449.92424453922393
4716.859349849928,0.8641,387.1924508937338
4716.8993604424595,0.7533,509.4702264465061
4716.939371034996,0.7795,475.79792465236
4716.9893842756765,0.823,426.83023040974535
4717.0293948682265,0.859,391.80372252029986
4717.069405460783,0.8286,421.08036483050927
4717.119418701488,0.8866,367.789615752875
4717.159429294056,0.8648,386.56589051009865
4717.199439886632,0.8577,392.9923205074648
4717.249453127361,0.8057,445.35680368073406
4717.28946371995,0.7965,455.70442525122013
4717.329474312545,0.8868,367.62373946631044
4717.369484905146,0.8442,405.6618549499136
4717.419498145905,0.7974,454.67632889711433
4717.45950873852,0.8809,372.5646888775401
4717.499519331141,0.8458,404.1285272376806
4717.549532571924,0.7832,471.31301221041326
4717.589543164557,0.8464,403.5557699458375
4717.629553757198,0.8091,441.6217159147996
4717.679566998004,0.8246,425.1754523664231
4717.7195775906575,0.8972,359.1504366637626
4717.759588183317,0.8166,433.5468966696427
4717.809601424148,0.8698,382.1343617484273
4717.84961201682,0.8133,437.0723007419985
4717.8896226094985,0.8919,363.43152380427455
4717.929633202182,0.752,511.23321285247334
4717.9796464430465,0.852,398.26825178906466
4718.019657035744,0.8189,431.1149603734189
4718.059667628447,0.7585,502.5086955875508
4718.109680869335,0.7422,524.8229600936268
4718.149691462052,0.8639,387.3717479520636
4718.189702054774,0.8608,390.16685328237025
4718.239715295686,0.7683,489.7710376993085
4718.279725888422,0.823,426.83023040974535
4718.319736481165,0.9066,351.74141731415864
4718.359747073912,0.9011,356.0483302631247
4718.409760314856,0.779,476.40890027312827
4718.449770907617,0.7477,517.1302866645634
4718.489781500383,0.7598,500.79060769978645
4718.539794741352,0.8919,363.43152380427455
4718.579805334131,0.8458,404.1285272376806
4718.619815926917,0.758,503.17185359186317
4718.6698291679095,0.7337,537.0536527053882
4718.709839760711,0.7419,525.2474876819737
4718.749850353515,0.6884,610.0605074771732
4718.7998635945305,0.7587,502.243799422755
4718.83987418735,0.8133,437.0723007419985
4718.879884780175,0.8133,437.0723007419985
4718.919895373006,0.8846,369.454571522484
4718.969908614053,0.8773,375.62859682011265
4719.009919206897,0.885,369.1206771390352
4719.049929799747,0.8526,397.7079032339849
4719.099943040818,0.8362,413.4609817953993
4719.139953633681,0.8894,365.4775205206643
4719.179964226551,0.9044,353.4547553340306
4719.229977467647,0.8763,376.48639094121967
4719.2699880605305,0.8214,428.4946878521565
4719.309998653418,0.8133,437.0723007419985
4719.360011894539,0.8358,413.85682714084095
4719.400022487439,0.907,351.4312400544674
4719.440033080348,0.8596,391.2569567766175
4719.480043673261,0.8464,403.5557699458375
4719.530056914412,0.7983,453.6517077924659
4719.57006750734,0.832,417.6458786939325
4719.610078100274,0.8228,427.0377567037963
4719.660091341449,0.8559,394.64702124993266
4719.700101934395,0.8474,402.6038766718602
4719.740112527347,0.8406,409.143910840563
4719.790125768547,0.8265,423.2228719907713
4719.830136361513,0.7964,455.81887338362776
4719.870146954484,0.892,363.3500415745226
4719.9101575474615,0.8947,361.16033835746117
4719.960170788692,0.8192,430.7992605481285
4720.000181381683,0.9371,329.2176375233234
4720.040191974681,0.8355,414.1540843276772
4720.090205215935,0.9278,335.8506739877881
4720.130215808946,0.8329,416.74378298371255
4720.170226401961,0.8647,386.65530598275006
4720.220239643239,0.8729,379.4249754334868
4720.26025023627,0.8706,381.43239372573873
4720.300260829304,0.7803,474.82280552302115
4720.350274070608,0.8512,399.01722723942726
4720.390284663656,0.8516,398.64247566695286
4720.430295256711,0.8593,391.5301964829239
4720.470305849771,0.8501,400.0505231009781
4720.520319091106,0.795,457.42568472590847
4720.56032968418,0.8398,409.9237885257603
4720.600340277259,0.8194,430.58898661111954
4720.6503535186175,0.7979,454.10666691052114
4720.690364111712,0.7978,454.22051362838863
4720.730374704811,0.803,448.35676244404095
4720.7803879461935,0.8237,426.10507842924426
4720.820398539306,0.8347,414.9483376999618
4720.860409132424,0.85,400.1446580621033
4720.900419725549,0.8095,441.18538528019997
4720.950432966963,0.8171,433.01646744635326
4720.9904435601,0.8259,423.8380206877561
4721.030454153245,0.8841,369.8725769803957
4721.080467394682,0.7998,451.9516862739991
4721.120477987839,0.7728,484.08379650580343
4721.160488581002,0.8515,398.73611404997024
4721.210501822463,0.8403,409.43610395665985
4721.2505124156405,0.827,422.71127051393404
4721.290523008822,0.8578,392.9006979951235
4721.340536250308,0.8244,425.38177284698077
4721.380546843504,0.8235,426.31207602684054
4721.420557436704,0.8408,408.94928916450215
4721.460568029911,0.7836,470.8319584924338
4721.510581271429,0.8886,366.13588941953026
4721.5505918646495,0.785,469.1540575663904
4721.590602457877,0.8454,404.51104311697526
4721.640615699418,0.7882,465.35237385642904
4721.680626292657,0.8591,391.71251533525486
4721.720636885903,0.763,496.59881904720794
4721.770650127468,0.852,398.26825178906466
4721.810660720727,0.695,598.5287795467863
4721.850671313993,0.7663,492.33092043117495
4721.900684555583,0.9329,332.1886422195334
4721.940695148861,0.8129,437.5025423922834
4721.980705742145,0.8111,439.44651334940596
4722.020716335435,0.8596,391.2569567766175
4722.070729577056,0.8646,386.7447524826534
4722.110740170359,0.8752,377.433362628178
4722.150750763668,0.7992,452.6305462918353
4722.200764005314,0.8626,388.54022037426756
4722.240774598637,0.8458,404.1285272376806
4722.280785191966,0.7798,475.4319032686725
4722.330798433634,0.8406,409.143910840563
4722.3708090269765,0.7882,465.35237385642904
4722.410819620324,0.8671,384.51786526330267
4722.450830213678,0.9387,328.0963021815797
4722.500843455378,0.8202,429.7494285131867
4722.540854048745,0.8036,447.68749092932813
4722.580864642119,0.7995,452.2909252343796
4722.630877883844,0.7998,451.9516862739991
4722.67088847723,0.849,401.08783790344165
4722.710899070622,0.9005,356.52295531785745
4722.760912312369,0.8726,379.6859126993424
4722.800922905775,0.8448,405.085836030811
4722.8409334991875,0.9192,342.1644775358435
4722.890946740959,0.9064,351.896659960049
4722.9309573343835,0.7336,537.2000784209038
4722.970967927815,0.7511,512.4591080458799
4723.010978521251,0.7914,461.5967127420407
4723.060991763055,0.8037,447.57609138165816
4723.101002356505,0.7403,527.5203581686625
4723.141012949961,0.7878,465.82505212257064
4723.191026191789,0.7657,493.10279950348706
4723.231036785258,0.8192,430.7992605481285
4723.271047378734,0.9028,354.70869444156193
4723.321060620586,0.9149,345.3883559610459
4723.361071214074,0.8288,420.8771654816363
4723.401081807568,0.8825,371.21497227505716
4723.441092401068,0.8949,360.9989260981016
4723.491105642952,0.8931,362.4555427284364
4723.531116236466,0.8372,412.4738495505493
4723.571126829986,0.8172,432.9104984194998
4723.621140071892,0.8828,370.96271707976916
4723.661150665424,0.8977,358.7504700633474
4723.701161258964,0.823,426.83023040974535
4723.751174500895,0.8164,433.75934129002894
4723.7911850944465,0.8152,435.03729436786176
4723.831195688005,0.8175,432.59282463165295
4723.881208929961,0.7985,453.424484585544
4723.921219523531,0.8375,412.1783991758808
4723.961230117108,0.7879,465.7068150620816
4724.0012407106915,0.6901,607.0585542581215
4724.051253952677,0.7199,557.840887395249
4724.091264546274,0.7989,452.97055002040787
4724.131275139876,0.8074,443.48336157635737
4724.181288381886,0.8573,393.35913123256637
4724.221298975503,0.8757,377.0024785583309
4724.261309569123,0.7767,479.2346024345669
4724.311322811158,0.8204,429.53992265170535
4724.351333404793,0.7888,464.6447042832644
4724.3913439984335,0.8515,398.73611404997024
4724.441357240493,0.9054,352.6744169801913
4724.481367834146,0.8104,440.2060025716087
4724.521378427806,0.9334,331.8328469401524
4724.561389021471,0.9254,337.59497043887166
4724.611402263562,0.8764,376.4004793752072
4724.651412857241,0.8507,399.48641028792645
4724.691423450926,0.782,472.7606051408109
4724.741436693041,0.7282,545.1968711021096
4724.781447286738,0.7176,561.4225161344514
4724.821457880442,0.7772,478.61818474027064
4724.87147112258,0.7274,546.3967521613944
4724.911481716298,0.7664,492.20245013931407
4724.951492310021,0.8294,420.2684491699758
4724.99150290375,0.8087,442.0586941635877
4725.04151614592,0.7531,509.7408609967728
4725.081526739663,0.7836,470.8319584924338
4725.121537333411,0.7955,456.8508495833216
4725.171550575605,0.7879,465.7068150620816
4725.211561169365,0.7609,499.34371385986293
4725.251571763133,0.866,385.4953197493042
4725.301585005349,0.8678,383.89778313035384
4725.341595599131,0.8322,417.4451600247666
4725.381606192918,0.8803,373.07273099877597
4725.4316194351595,0.9009,356.20643325185415
4725.471630028959,0.7981,453.87910184368656
4725.511640622764,0.8583,392.4430656999408
4725.551651216577,0.7688,489.134186585521
4725.60166445885,0.7586,502.37622131587517
4725.641675052675,0.8912,364.00266763736255
4725.681685646506,0.8583,392.4430656999408
4725.731698888802,0.8,451.7257389602412
4725.771709482648,0.8575,393.1756617049501
4725.811720076497,0.8588,391.98623248230433
4725.861733318818,0.8578,392.9006979951235
4725.901743912681,0.7827,471.9153668168062
4725.941754506551,0.7879,465.7068150620816
4725.991767748895,0.8898,365.1490017868145
4726.031778342778,0.8999,356.99853004357976
4726.071788936666,0.8331,416.54371419983966
4726.11179953056,0.813,437.3949224420619
4726.161812772937,0.8525,397.8012125038117
4726.201823366844,0.8863,368.03864076456153
4726.241833960759,0.8447,405.1817539506646
4726.291847203159,0.7767,479.2346024345669
4726.331857797087,0.8764,376.4004793752072
4726.371868391018,0.8459,404.0329830452095
4726.421881633443,0.9004,356.60215175440686
4726.4618922273885,0.8544,396.0339348146889
4726.501902821341,0.8461,403.84199628088214
4726.541913415298,0.8663,385.22837195316214
4726.591926657754,0.8204,429.53992265170535
4726.631937251725,0.8121,438.364933713722
4726.671947845703,0.8235,426.31207602684054
4726.721961088181,0.8716,380.5576503916454
4726.76197168217,0.9193,342.0900414441824
4726.801982276167,0.8483,401.75004937259104
4726.85199551867,0.8185,431.5364335815739
4726.89200611268,0.8482,401.8447848732217
4726.932016706694,0.8729,379.4249754334868
4726.982029949223,0.8987,357.95253865753807
4727.022040543251,0.8647,386.65530598275006
4727.062051137285,0.7996,452.1778031540056
4727.102061731326,0.7264,547.9021819466773
4727.152074973886,0.769,488.87979389675104
4727.192085567939,0.787,466.7725717555992
4727.232096161998,0.8693,382.57407625326476
4727.28210940458,0.9114,348.04619899967116
4727.322119998654,0.8396,410.1191063551426
4727.362130592733,0.8338,415.84460684742317
4727.412143835339,0.8073,443.5932365371503
4727.452154429431,0.8959,360.1934856453203
4727.49216502353,0.8702,381.78313573507205
4727.532175617633,0.8442,405.6618549499136
4727.582188860271,0.8778,375.2007987009237
4727.622199454388,0.821,428.91232346656136
4727.66221004851,0.7746,481.8366049292615
4727.712223291172,0.8225,427.34933004109456
4727.752233885309,0.8653,386.119278053707
4727.79224447945,0.7772,478.61818474027064
4727.842257722136,0.8259,423.8380206877561
4727.882268316292,0.9702,307.1372283948316
4727.922278910453,0.8415,408.26920574619277
4727.972292153162,0.7993,452.5172967820403
4728.0123027473355,0.7855,468.55698036248793
4728.052313341517,0.7837,470.7118101400679
4728.092323935704,0.7572,504.23564016334336
4728.142337178444,0.8359,413.7578125273863
4728.182347772644,0.8401,409.63107329510376
4728.222358366849,0.843,406.8175847729804
4728.272371609614,0.861,389.9856123603325
4728.312382203832,0.8002,451.4999610432298
4728.352392798057,0.8381,411.58844995631136
4728.4024060408465,0.851,399.20480122123223
4728.442416635084,0.8641,387.1924508937338
4728.482427229327,0.8961,360.03272104846775
4728.5324404721405,0.944,324.42251596406606
4728.572451066398,0.8342,415.4459068622174
4728.612461660661,0.7965,455.70442525122013
4728.652472254929,0.8065,444.4737080957654
4728.7024854977735,0.8837,370.2074923301554
4728.742496092054,0.9129,346.9033798135137
4728.7825066863425,0.8754,377.2609204001495
4728.832519929211,0.817,433.122475387056
4728.872530523512,0.8024,449.027535874974
4728.912541117819,0.8068,444.1432243171478
4728.962554360712,0.8369,412.7696177083168
4729.002564955032,0.7875,466.18003359987
4729.042575549358,0.7524,510.68978208187417
4729.08258614369,0.7807,474.3363697014651
4729.132599386613,0.7776,478.1259064808408
4729.172609980958,0.7718,485.339035623451
4729.212620575309,0.8014,450.148841407334
4729.262633818255,0.8375,412.1783991758808
4729.302644412621,0.7765,479.4815029895566
4729.342655006991,0.7628,496.8592612443534
4729.392668249961,0.8729,379.4249754334868
4729.432678844345,0.7806,474.4579085548534
4729.472689438734,0.8348,414.8489311385008
4729.52270268173,0.8115,439.01340166255875
4729.562713276132,0.7608,499.4749903778572
4729.60272387054,0.7841,470.23167633479113
4729.6427344649555,0.7984,453.5380748441664
4729.692747707982,0.8277,421.996585460838
4729.732758302409,0.8529,397.428172321578
4729.7727688968425,0.815,435.2508355405041
4729.822782139893,0.8049,446.2425337294342
4729.86279273434,0.8085,442.2774265438796
4729.902803328791,0.7797,475.553863453759
4729.952816571867,0.8621,388.9910409774814
4729.992827166333,0.8154,434.82391030686136
4730.032837760805,0.7567,504.90222079463996
4730.072848355282,0.8782,374.85908617624204
4730.122861598386,0.825,424.7632614675957
4730.162872192878,0.8627,388.4501503032809
4730.2028827873755,0.8232,426.6228553553673
4730.252896030504,0.8206,429.33056995625464
4730.292906625014,0.8224,427.45326359950485
4730.33291721953,0.8578,392.9006979951235
4730.382930462683,0.851,399.20480122123223
4730.4229410572125,0.8306,419.0549716216079
4730.462951651748,0.8553,395.2009110901044
4730.512964894924,0.8726,379.6859126993424
4730.5529754894715,0.8416,408.17218947595603
4730.592986084027,0.8268,422.9157997279208
4730.632996678587,0.7977,454.3344031645
4730.683009921794,0.9006,356.44378526103884
4730.723020516367,0.9023,355.1019190676768
4730.763031110946,0.7817,473.12354543855207
4730.8130443541795,0.7715,485.71655948789953
4730.8530549487705,0.7804,474.7011264416762
4730.89306554337,0.7256,549.1110098781152
4730.943078786626,0.8153,434.9305827080413
4730.983089381238,0.8469,403.0794018192813
4731.023099975853,0.8289,420.7756209599577
4731.073113219134,0.8453,404.606756944395
4731.113123813764,0.863,388.18012792812203
4731.1531344084015,0.8323,417.3448549470966
4731.193145003043,0.8181,431.9585251626242
4731.243158246355,0.8562,394.37051289590215
4731.283168841011,0.8189,431.1149603734189
4731.323179435672,0.7799,475.3099899942965
4731.373192679006,0.7652,493.74741954695327
4731.413203273682,0.8039,447.3534169897328
4731.453213868362,0.8071,443.81310899318316
4731.503227111722,0.8326,417.04415653323616
4731.543237706414,0.7976,454.4483355403303
4731.5832483011145,0.7893,464.05621201655913
4731.623258895819,0.914,346.0688859916959
4731.67327213921,0.8164,433.75934129002894
4731.713282733928,0.9635,311.4236261667624
4731.753293328653,0.8505,399.67431524324286
4731.8033065720665,0.7868,467.00990337928624
4731.843317166805,0.7947,457.7711067328756
4731.883327761549,0.8137,436.6426934316872
4731.933341004985,0.8516,398.64247566695286
4731.973351599743,0.8725,379.77295160730455
4732.013362194506,0.8856,368.6206836163533
4732.063375437968,0.8065,444.4737080957654
4732.103386032743,0.7795,475.79792465236
4732.143396627524,0.7464,518.9332178381957
4732.183407222314,0.8051,446.02085366354004
4732.2334204658055,0.8853,368.87055330392127
4732.273431060607,0.7823,472.3980823085111
4732.313441655414,0.7596,501.05435487011033
4732.36345489893,0.8203,429.6446564273559
4732.40346549375,0.8497,400.42726238762964
4732.443476088576,0.8125,437.9334196320093
4732.493489332118,0.8094,441.2944072950233
4732.533499926957,0.8029,448.46845359487855
4732.573510521802,0.8364,413.263272061216
4732.613521116653,0.8148,435.46453397906475
4732.663534360226,0.9308,333.6892488571286
4732.703544955088,0.8893,365.5597194767218
4732.743555549958,0.8866,367.789615752875
4732.793568793554,0.8237,426.10507842924426
4732.833579388437,0.8334,416.24388105174955
4732.8735899833255,0.791,462.06367895299087
4732.9236032269455,0.7768,479.1112236655496
4732.963613821848,0.7931,459.6199824140645
4733.003624416757,0.8867,367.70666357924716
4733.053637660399,0.8793,373.92178012450046
4733.093648255322,0.7844,469.8720579091139
4733.133658850248,0.7257,548.9596877284326
4733.173669445181,0.8267,423.01812000532465
4733.223682688856,0.8348,414.8489311385008
4733.263693283801,0.8202,429.7494285131867
4733.303703878753,0.8557,394.83152174297095
4733.3537171224525,0.8784,374.6884049447725
4733.393727717416,0.855,395.47829339340143
4733.433738312389,0.8184,431.6418984571519
4733.483751556111,0.8178,432.2755003835661
4733.523762151095,0.8015,450.03652195675494
4733.563772746087,0.8001,451.6128288377278
4733.613785989833,0.7598,500.79060769978645
4733.6537965848365,0.795,457.42568472590847
4733.693807179844,0.7788,476.65362007824905
4733.73381777486,0.711,571.8939123448349
4733.783831018637,0.8456,404.3197173233628
4733.823841613666,0.7807,474.3363697014651
4733.8638522087,0.7804,474.7011264416762
4733.913865452502,0.7916,461.3634950472919
4733.953876047549,0.7823,472.3980823085111
4733.993886642602,0.8385,411.19585385682876
4734.043899886427,0.8007,450.93625625101583
4734.083910481495,0.7917,461.2469524743853
4734.123921076566,0.8658,385.6734391298324
4734.1639316716455,0.7679,490.28141453036744
4734.213944915501,0.73,542.511547436267
4734.253955510591,0.7895,463.8211281174397
4734.29396610569,0.8581,392.62602262440606
4734.34397934957,0.7887,464.7625370641563
4734.383989944681,0.7993,452.5172967820403
4734.424000539797,0.8189,431.1149603734189
4734.4740137837,0.8612,389.8044976944482
4734.51402437883,0.7918,461.130454054699
4734.554034973966,0.7721,484.9619517344263
4734.604048217892,0.7902,462.9997396782711
4734.64405881304,0.822,427.8693772214593
4734.684069408196,0.8127,437.71790148525434
4734.724080003356,0.8611,389.89503925270196
4734.774093247315,0.7867,467.1286370747861
4734.814103842488,0.7972,454.90449387080906
4734.854114437669,0.8757,377.0024785583309
4734.904127681651,0.8781,374.9444705297615
4734.944138276844,0.8121,438.364933713722
4734.984148872042,0.8145,435.78537684844906
4735.034162116049,0.8185,431.5364335815739
4735.07417271126,0.8356,414.05496302396426
4735.1141833064785,0.8497,400.42726238762964
4735.154193901701,0.7684,489.64356801402596
4735.204207145739,0.8697,382.2222439817566
4735.244217740975,0.9196,341.86687884973514
4735.284228336218,0.847,402.98422941516054
4735.334241580279,0.8507,399.48641028792645
4735.374252175534,0.8142,436.10657443586626
4735.414262770796,0.8386,411.09779260074134
4735.464276014882,0.8351,414.5509256878608
4735.504286610156,0.7704,487.1045889718499
4735.544297205436,0.8341,415.5455280857085
4735.5943104495445,0.8757,377.0024785583309
4735.634321044839,0.8471,402.88909071426514
4735.674331640139,0.7891,464.2914746864741
4735.714342235445,0.8078,443.0442697094994
4735.764355479583,0.8306,419.0549716216079
4735.804366074902,0.8622,388.9008141085838
4735.844376670227,0.8901,364.9029033327267
4735.894389914391,0.8225,427.34933004109456
4735.934400509728,0.8182,431.8529442287666
4735.974411105071,0.8551,395.3858001864611
4736.02442434926,0.8316,418.0477505748055
4736.064434944617,0.8014,450.148841407334
4736.104445539979,0.8065,444.4737080957654
4736.15445878419,0.7887,464.7625370641563
4736.194469379566,0.8208,429.1213702775681
4736.234479974948,0.8771,375.79992095403605
4736.274490570335,0.8577,392.9923205074648
4736.324503814577,0.7901,463.116947235207
4736.364514409979,0.8148,435.46453397906475
4736.404525005385,0.7427,524.1165569787131
4736.454538249652,0.7726,484.33445445363583
4736.494548845071,0.8277,421.996585460838
4736.534559440496,0.8648,386.56589051009865
4736.584572684787,0.8235,426.31207602684054
4736.624583280226,0.8422,407.5908173883005
4736.66459387567,0.8498,400.3330276897823
4736.704604471121,0.8478,402.22406216289943
4736.754617715442,0.7896,463.70365315033206
4736.794628310905,0.8107,439.88026628651954
4736.8346389063745,0.8255,424.2488652119326
4736.884652150719,0.8168,433.3346080862421
4736.924662746203,0.8938,361.88803491151344
4736.96467334169,0.8524,397.8945546154852
4737.01468658606,0.8107,439.88026628651954
4737.05469718156,0.8025,448.91563581276444
4737.094707777069,0.7836,470.8319584924338
4737.14472102146,0.8494,400.7101662051582
4737.1847316169815,0.8565,394.0942950423303
4737.224742212507,0.816,434.1846992537803
4737.26475280804,0.7681,490.0261264449731
4737.314766052464,0.7597,500.9224552470233
4737.35477664801,0.8046,446.5753638346016
4737.394787243561,0.8014,450.148841407334
4737.444800488009,0.7191,559.082773998532
4737.484811083573,0.7869,466.89121494722536
4737.524821679142,0.8183,431.7474019999146
4737.574834923615,0.8368,412.86827779148007
4737.614845519198,0.8136,436.75003585810725
4737.654856114787,0.7918,461.130454054699
4737.704869359282,0.8174,432.69867703117603
4737.744879954886,0.8253,424.4545115254893
4737.7848905504925,0.7512,512.3226798465763
4737.824901146108,0.843,406.8175847729804
4737.874914390634,0.7944,458.11692015237014
4737.91492498626,0.8336,416.04417210330803
4737.9549355818945,0.8247,425.07234841121635
4738.004948826444,0.8576,393.0839750724228
4738.044959422091,0.8955,360.5153380437239
4738.084970017742,0.7782,477.38891192012767
4738.134983262317,0.7754,480.8428728217629
4738.1749938579815,0.8486,401.46604379016225
4738.215004453653,0.8092,441.5125725923376
4738.255015049331,0.8608,390.16685328237025
4738.305028293935,0.8375,412.1783991758808
4738.345038889626,0.8055,445.5779888030852
4738.385049485322,0.8215,428.3903742584138
4738.435062729949,0.7986,453.31093699521784
4738.475073325659,0.7815,473.36573787889546
4738.515083921374,0.8471,402.88909071426514
4738.565097166026,0.7888,464.6447042832644
4738.605107761754,0.7373,531.8219411355904
4738.645118357488,0.8338,415.84460684742317
4738.695131602164,0.8061,444.9149272338332
4738.735142197911,0.7898,463.46883706795387
4738.775152793664,0.8281,421.58900748051866
4738.815163389424,0.7605,499.8691306927488
4738.86517663413,0.8765,376.3145972124693
4738.905187229903,0.7799,475.3099899942965
4738.94519782568,0.7778,477.8800521119287
4738.995211070412,0.8289,420.7756209599577
4739.035221666202,0.9017,355.5746523525442
4739.075232261999,0.8187,431.32561975641084
4739.125245506754,0.7973,454.79038992108514
4739.165256102565,0.7956,456.7360125887652
4739.205266698381,0.8615,389.53306216947766
4739.245277294202,0.8049,446.2425337294342
4739.2952905389875,0.8262,423.5302788153188
4739.335301134823,0.8243,425.48498940875186
4739.375311730664,0.8003,451.3871355555923
4739.425324975473,0.7967,455.4756582601788
4739.465335571326,0.8663,385.22837195316214
4739.505346167186,0.7899,463.35149590749927
4739.55535941202,0.8246,425.1754523664231
4739.5953700078935,0.7541,508.3898406909353
4739.6353806037705,0.7773,478.4950439241503
4739.6853938486265,0.8209,429.0168277729154
4739.725404444519,0.8402,409.5335712220698
4739.765415040416,0.8577,392.9923205074648
4739.80542563632,0.8852,368.9538996599955
4739.855438881208,0.8245,425.27859383894304
4739.895449477125,0.923,339.35289120385846
4739.9354600730485,0.8171,433.01646744635326
4739.98547331796,0.8462,403.7465536770044
4740.025483913895,0.7874,466.2984509338723
4740.065494509836,0.8022,449.2514615546065
4740.115507754772,0.8593,391.5301964829239
4740.155518350726,0.7205,556.9121859244975
4740.195528946687,0.7808,474.2148775428441
4740.245542191646,0.7413,526.0980896136716
4740.285552787619,0.7924,460.43238950633804
4740.3255633836,0.8342,415.4459068622174
4740.365573979585,0.7947,457.7711067328756
4740.415587224575,0.8066,444.3635058629813
4740.455597820573,0.8059,445.1357832121126
4740.495608416577,0.856,394.55481949562045
4740.545621661591,0.8464,403.5557699458375
4740.585632257609,0.7916,461.3634950472919
4740.625642853633,0.8194,430.58898661111954
4740.67565609867,0.8355,414.1540843276772
4740.715666694706,0.7915,461.480081795734
4740.755677290748,0.7792,476.16436888285597
4740.795687886796,0.8255,424.2488652119326
4740.845701131864,0.7941,458.4631255759843
4740.885711727926,0.7575,503.8363252119544
4740.925722323993,0.8091,441.6217159147996
4740.9757355690845,0.8237,426.10507842924426
4741.015746165165,0.7468,518.377466849247
4741.05575676125,0.8265,423.2228719907713
4741.105770006367,0.808,442.8249682791468
4741.145780602465,0.8484,401.65534736906295
4741.18579119857,0.8249,424.8662529799796
4741.23580444371,0.7891,464.2914746864741
4741.275815039829,0.7923,460.54862347453064
4741.315825635952,0.8116,438.9052237880792
4741.355836232082,0.7574,503.9693774751761
4741.405849477253,0.7495,514.6493913197835
4741.445860073395,0.7016,587.320957307783
4741.485870669545,0.7196,558.3061095130776
4741.535883914739,0.8255,424.2488652119326
4741.575894510901,0.8356,414.05496302396426
4741.615905107068,0.7755,480.71887249919916
4741.665918352286,0.7764,479.6050248246546
4741.705928948468,0.8552,395.29333942375285
4741.745939544654,0.8417,408.0752077823113
4741.785950140847,0.8017,449.8120091337703
4741.8359633860955,0.7738,482.8334207620314
4741.875973982301,0.795,457.42568472590847
4741.9159845785125,0.8398,409.9237885257603
4741.965997823785,0.8304,419.25685260960836
4742.0060084200095,0.8463,403.65114490398514
4742.04601901624,0.8961,360.03272104846775
4742.0960322615365,0.8004,451.27435235367386
4742.13604285778,0.7995,452.2909252343796
4742.17605345403,0.8278,421.8946355727733
4742.226066699349,0.7946,457.88633435323476
4742.266077295611,0.7413,526.0980896136716
4742.3060878918795,0.7758,480.347159191636
4742.346098488155,0.89,364.9849084997934
4742.396111733505,0.835,414.6502251495541
4742.436122329792,0.7372,531.966232315739
4742.4761329260855,0.8259,423.8380206877561
4742.52614617146,0.8353,414.352433744592
4742.566156767766,0.8311,418.55090663136457
4742.606167364077,0.7487,515.7498025060247
4742.656180609476,0.7493,514.9241637144565
4742.696191205802,0.8325,417.1443532186936
4742.736201802132,0.8275,422.2005961300531
4742.786215047555,0.7916,461.3634950472919
4742.826225643898,0.8059,445.1357832121126
4742.866236240248,0.7817,473.12354543855207
4742.906246836605,0.8288,420.8771654816363
4742.956260082056,0.7922,460.66490146234855
4742.996270678425,0.7975,454.5623107773677
4743.036281274802,0.8199,430.0639748186839
4743.086294520277,0.8072,443.70315233601195
4743.126305116665,0.8209,429.0168277729154
4743.16631571306,0.7605,499.8691306927488
4743.216328958559,0.7806,474.4579085548534
4743.256339554966,0.8279,421.7927226252598
4743.29635015138,0.7879,465.7068150620816
4743.336360747797,0.7323,539.1090747914117
4743.386373993328,0.783,471.5538155837761
4743.42638458976,0.814,436.3209034846593
4743.466395186198,0.8037,447.57609138165816
4743.516408431751,0.8112,439.3381753598861
4743.556419028202,0.8357,413.9558773006946
4743.596429624659,0.8039,447.3534169897328
4743.646442870237,0.8356,414.05496302396426
4743.686453466706,0.827,422.71127051393404
4743.726464063181,0.8375,412.1783991758808
4743.776477308783,0.7675,490.79258955163067
4743.816487905272,0.7866,467.24741605674336
4743.8564985017665,0.8718,380.383062843112
4743.896509098266,0.8483,401.75004937259104
4743.946522343898,0.7824,472.27733402385707
4743.986532940412,0.8197,430.2738642494767
4744.026543536932,0.8054,445.68864316052327
4744.076556782587,0.812,438.472911887787
4744.116567379119,0.8113,439.2298774287339
4744.1565779756575,0.7907,462.4143687850126
4744.206591221338,0.7849,469.2736099542099
4744.246601817889,0.8408,408.94928916450215
4744.286612414446,0.7323,539.1090747914117
4744.326623011008,0.7257,548.9596877284326
4744.376636256719,0.8062,444.80456087756886
4744.416646853296,0.8224,427.45326359950485
4744.456657449878,0.8309,418.7524234328941
4744.506670695612,0.806,445.02533467188385
4744.546681292206,0.8405,409.2412737824579
4744.586691888807,0.8326,417.04415653323616
4744.636705134566,0.8281,421.58900748051866
4744.67671573118,0.7649,494.1347984981876
4744.716726327799,0.7639,495.4293595134412
4744.76673957358,0.8087,442.0586941635877
4744.8067501702135,0.7445,521.5852793874324
4744.846760766853,0.773,483.833333092405
4744.886771363495,0.8139,436.4281272644023
4744.936784609308,0.8646,386.7447524826534
4744.9767952059665,0.774,482.5839270072359
4745.016805802628,0.837,412.6709929850358
4745.066819048465,0.8076,443.2637340880781
4745.106829645142,0.8031,448.24511301306075
4745.146840241824,0.827,422.71127051393404
4745.196853487684,0.838,411.68668683376393
4745.236864084379,0.9078,350.81211513066944
4745.276874681081,0.7511,512.4591080458799
4745.326887926964,0.7269,547.1486904199681
4745.366898523678,0.7704,487.1045889718499
4745.406909120397,0.8305,419.1558938843549
4745.446919717123,0.8289,420.7756209599577
4745.496932963038,0.8598,391.07495584791343
4745.536943559776,0.796,456.27709733118047
4745.576954156522,0.8415,408.26920574619277
4745.62696740246,0.8661,385.4063063282115
4745.666977999218,0.7917,461.2469524743853
4745.706988595981,0.7491,515.1991562202279
4745.757001841943,0.778,477.6343873233129
4745.797012438719,0.8422,407.5908173883005
4745.837023035501,0.7636,495.8187199363599
4745.87703363229,0.8189,431.1149603734189
4745.927046878282,0.8774,375.5429786840343
4745.9670574750835,0.896,360.11308989005107
4746.007068071891,0.7924,460.43238950633804
4746.057081317907,0.886,368.2879187787302
4746.097091914727,0.8668,384.78407474353065
4746.137102511554,0.7645,494.65201332813564
4746.187115757593,0.7926,460.2000535399764
4746.227126354433,0.828,421.69084660045286
4746.267136951277,0.7335,537.3465640282379
4746.307147548128,0.7751,481.2151617960182
4746.357160794199,0.7727,484.209101150327
4746.397171391062,0.805,446.1316730430905
4746.437181987932,0.8112,439.3381753598861
4746.487195234026,0.8319,417.7462923202154
4746.527205830908,0.7985,453.424484585544
4746.567216427798,0.8617,389.35226263133677
4746.617229673917,0.9107,348.58144815810556
4746.657240270818,0.849,401.08783790344165
4746.6972508677245,0.8262,423.5302788153188
4746.7472641138675,0.7826,472.03597630165524
4746.787274710789,0.733,538.0798915863331
4746.827285307713,0.8798,373.4968936691331
4746.867295904645,0.8329,416.74378298371255
4746.917309150818,0.7958,456.5064684593437
4746.957319747764,0.8227,427.1415766116616
4746.997330344713,0.7841,470.23167633479113
4747.047343590912,0.8038,447.46473340868806
4747.0873541878755,0.8413,408.46334208220657
4747.127364784845,0.8489,401.18233925562527
4747.177378031065,0.8406,409.143910840563
4747.217388628048,0.8247,425.07234841121635
4747.257399225035,0.7633,496.20853954017775
4747.307412471279,0.8233,426.5192244971351
4747.347423068282,0.8431,406.72108543102576
4747.387433665289,0.8504,399.76831744089105
4747.427444262303,0.7987,453.1974320518203
4747.477457508577,0.7994,452.40408976997537
4747.517468105602,0.7622,497.64181832345685
4747.557478702634,0.8126,437.82564066712183
4747.607491948934,0.854,396.4050132398432
4747.647502545979,0.8888,365.97113051621716
4747.687513143029,0.8421,407.6876264452225
4747.737526389351,0.7543,508.12028122229435
4747.777536986416,0.8276,422.0985723073092
4747.817547583485,0.7881,465.4704759518475
4747.867560829831,0.8588,391.98623248230433
4747.907571426914,0.6985,592.545674690552
4747.947582024002,0.797,455.132830633699
4747.987592621096,0.854,396.4050132398432
4748.037605867474,0.8714,380.7323581655973
4748.077616464581,0.8906,364.4932917651591
4748.117627061694,0.82,429.9590876901468
4748.167640308095,0.8148,435.46453397906475
4748.207650905221,0.8142,436.10657443586626
4748.2476615023525,0.9163,344.3337367923723
4748.297674748776,0.8033,448.0219392275829
4748.337685345922,0.8637,387.55116957976395
4748.3776959430725,0.8096,441.0764036613055
4748.417706540231,0.7686,489.38877788900965
4748.467719786685,0.7776,478.1259064808408
4748.507730383853,0.7246,550.6276788191052
4748.54774098103,0.8162,433.9719421003595
4748.597754227508,0.763,496.59881904720794
4748.637764824696,0.8373,412.3753308055834
4748.677775421892,0.8131,437.2873421966244
4748.727788668393,0.801,450.59853996000135
4748.7677992656,0.7672,491.1764956315057
4748.807809862814,0.7864,467.4851099721784
4748.847820460034,0.7137,567.5750370798214
4748.8978337065655,0.7725,484.45985644092684
4748.937844303798,0.7127,569.1688982446609
4748.977854901035,0.7366,532.8332138530338
4749.027868147593,0.8225,427.34933004109456
4749.067878744843,0.8078,443.0442697094994
4749.1078893421,0.7692,488.6255996161592
4749.15790258868,0.7637,495.6888821442492
4749.19791318595,0.7661,492.58801195562086
4749.237923783226,0.7668,491.68907149531714
4749.287937029828,0.863,388.18012792812203
4749.327947627118,0.8655,385.94084976034804
4749.367958224412,0.8497,400.42726238762964
4749.4079688217125,0.8004,451.27435235367386
4749.4579820683475,0.7668,491.68907149531714
4749.497992665661,0.7815,473.36573787889546
4749.538003262981,0.828,421.69084660045286
4749.588016509637,0.7009,588.4946750459588
4749.62802710697,0.8421,407.6876264452225
4749.6680377043085,0.8061,444.9149272338332
4749.718050950989,0.7768,479.1112236655496
4749.758061548341,0.7721,484.9619517344263
4749.798072145698,0.7339,536.760980819255
4749.848085392403,0.8019,449.58766427527826
4749.888095989772,0.7507,513.0053661552467
4749.928106587147,0.7677,490.53690216324526
4749.96811718453,0.8102,440.4233611458435
4750.018130431265,0.7572,504.23564016334336
4750.058141028659,0.8451,404.79828654082354
4750.098151626061,0.7851,469.03455085859446
4750.148164872819,0.7495,514.6493913197835
4750.188175470233,0.833,416.64373057840186
4750.228186067652,0.8132,437.17980163644233
4750.2781993144345,0.7588,502.1114298805809
4750.318209911868,0.8093,441.4034697257427
4750.358220509305,0.8468,403.1746079425487
4750.398231106749,0.7816,473.24461841869095
4750.448244353563,0.8231,426.72652398678406
4750.4882549510185,0.8004,451.27435235367386
4750.5282655484825,0.8107,439.88026628651954
4750.578278795319,0.8227,427.1415766116616
4750.618289392795,0.7776,478.1259064808408
4750.658299990276,0.7506,513.1420671559459
4750.708313237136,0.711,571.8939123448349
4750.748323834633,0.8007,450.93625625101583
4750.788334432133,0.7228,553.3735630475892
4750.838347679017,0.7559,505.9715024065221
4750.87835827653,0.742,525.10592127069
4750.91836887405,0.8207,429.2259509991378
4750.9583794715745,0.7654,493.48941993043076
4751.008392718489,0.7815,473.36573787889546
4751.048403316027,0.7375,531.5335348393091
4751.0884139135715,0.7195,558.4613128853201
4751.13842716051,0.7075,577.5662144652423
4751.178437758066,0.6473,689.9908646982539
4751.218448355629,0.7895,463.8211281174397
4751.26846160259,0.763,496.59881904720794
4751.308472200167,0.8088,441.949388817492
4751.348482797749,0.7395,528.662329734286
4751.388493395336,0.7396,528.5193806063005
4751.438506642328,0.7623,497.51126381085504
4751.478517239929,0.8155,434.71727714506716
4751.518527837536,0.8015,450.03652195675494
4751.56854108455,0.8771,375.79992095403605
4751.60855168217,0.8556,394.9238205119268
4751.648562279795,0.769,488.87979389675104
4751.698575526835,0.6454,694.0593813193516
4751.738586124472,0.7559,505.9715024065221
4751.778596722116,0.7645,494.65201332813564
4751.8286099691795,0.8155,434.71727714506716
4751.868620566836,0.8418,407.9782606488298
4751.908631164499,0.7133,568.2117771684865
4751.948641762167,0.7523,510.8255585128329
4751.998655009262,0.8699,382.0465098210231
4752.038665606943,0.7773,478.4950439241503
4752.078676204631,0.7915,461.480081795734
4752.128689451749,0.7793,476.0421737828503
4752.168700049448,0.7956,456.7360125887652
4752.2087106471545,0.7635,495.9486087485587
4752.258723894296,0.8406,409.143910840563
4752.298734492015,0.8384,411.29395020367974
4752.33874508974,0.8063,444.69423558271166
4752.388758336904,0.8538,396.59074806166115
4752.428768934642,0.8455,404.4153632486522
4752.468779532385,0.7726,484.33445445363583
4752.508790130136,0.8626,388.54022037426756
4752.558803377328,0.8311,418.55090663136457
4752.598813975093,0.7991,452.7438383206344
4752.638824572862,0.7924,460.43238950633804
4752.688837820079,0.7472,517.8226081538905
4752.728848417861,0.8523,397.98792958441965
4752.768859015647,0.8396,410.1191063551426
4752.818872262889,0.8126,437.82564066712183
4752.85888286069,0.8861,368.20479797480266
4752.898893458496,0.8061,444.9149272338332
4752.938904056307,0.7446,521.4451908689089
4752.98891730358,0.8266,423.1204774202833
4753.028927901404,0.7577,503.5703787080905
4753.068938499236,0.7326,538.6676350235855
4753.118951746532,0.7243,551.0839049281929
4753.158962344376,0.8042,447.01971685029633
4753.198972942225,0.8273,422.40475477587745
4753.248986189546,0.8835,370.3751206156509
4753.288996787408,0.8561,394.4626500493079
4753.329007385276,0.7596,501.05435487011033
4753.379020632618,0.7283,545.0471639228698
4753.419031230501,0.7792,476.16436888285597
4753.459041828388,0.8802,373.1575057089779
4753.499052426279,0.9031,354.4730731017642
4753.549065673654,0.855,395.47829339340143
4753.589076271559,0.8535,396.8695951497729
4753.6290868694705,0.8375,412.1783991758808
4753.6791001168685,0.7965,455.70442525122013
4753.719110714793,0.7754,480.8428728217629
4753.759121312724,0.7802,474.94453139495437
4753.809134560143,0.8253,424.4545115254893
4753.849145158087,0.7829,471.67428648147194
4753.889155756037,0.8124,438.0412383995059
4753.9291663539925,0.8152,435.03729436786176
4753.979179601442,0.8868,367.62373946631044
4754.01919019941,0.8639,387.3717479520636
4754.059200797383,0.8448,405.085836030811
4754.10921404486,0.8279,421.7927226252598
4754.149224642847,0.841,408.7548063219506
4754.189235240839,0.7707,486.7254459956947
4754.239248488338,0.7916,461.3634950472919
4754.279259086343,0.8867,367.70666357924716
4754.319269684354,0.7889,464.5269163084935
4754.369282931877,0.7719,485.213292141394
4754.4092935299,0.795,457.42568472590847
4754.44930412793,0.8318,417.8467421641737
4754.489314725966,0.8758,376.9163902905023
4754.539327973518,0.8505,399.67431524324286
4754.579338571568,0.796,456.27709733118047
4754.619349169623,0.8228,427.0377567037963
4754.6693624171985,0.8105,440.09738361958813
4754.7093730152665,0.8102,440.4233611458435
4754.749383613341,0.8111,439.44651334940596
4754.79939686094,0.78,475.18812360657535
4754.839407459027,0.8112,439.3381753598861
4754.8794180571185,0.8181,431.9585251626242
4754.929431304741,0.8643,387.01327828948627
4754.9694419028465,0.842,407.7844699966899
4755.009452500957,0.8594,391.4390847860015
4755.049463099074,0.8315,418.14830917634987
4755.099476346729,0.849,401.08783790344165
4755.139486944858,0.8316,418.0477505748055
4755.179497542994,0.8764,376.4004793752072
4755.229510790669,0.8174,432.69867703117603
4755.269521388818,0.7841,470.23167633479113
4755.309531986972,0.7974,454.67632889711433
4755.3595452346735,0.7973,454.79038992108514
4755.399555832841,0.878,375.0298840595174
4755.439566431014,0.8329,416.74378298371255
4755.479577029192,0.9025,354.94455078879923
4755.529590276925,0.8499,400.2388262531573
4755.5696008751165,0.8944,361.4026598051527
4755.609611473314,0.8567,393.9103109948455
4755.659624721068,0.7627,496.989559181184
4755.699635319279,0.7476,517.268639842969
4755.739645917495,0.7486,515.8876020147303
4755.789659165274,0.753,509.87625914585544
4755.829669763502,0.7966,455.5900202172828
4755.869680361739,0.8371,412.57240360474185
4755.919693609541,0.8675,384.16334881597766
4755.9597042077885,0.8617,389.35226263133677
4755.999714806042,0.8048,446.3534357431023
4756.039725404302,0.7408,526.8085039263896
4756.089738652135,0.7297,542.9577217471884
4756.129749250407,0.8956,360.4348345134604
4756.169759848684,0.8691,382.7501745874154
4756.219773096542,0.808,442.8249682791468
4756.259783694833,0.8208,429.1213702775681
4756.299794293129,0.7984,453.5380748441664
4756.34980754101,0.8013,450.2612029119448
4756.38981813932,0.766,492.716633240757
4756.429828737635,0.7916,461.3634950472919
4756.479841985537,0.8629,388.27010409471967
4756.519852583867,0.8204,429.53992265170535
4756.559863182201,0.758,503.17185359186317
4756.599873780542,0.8046,446.5753638346016
4756.649887028475,0.7919,461.01399976593194
4756.689897626828,0.8271,422.60906154145636
4756.7299082251875,0.8389,410.8038192097622
4756.779921473145,0.8435,406.33543121222993
4756.819932071517,0.7934,459.27246602306843
4756.859942669895,0.763,496.59881904720794
4756.909955917876,0.7989,452.97055002040787
4756.949966516265,0.855,395.47829339340143
4756.989977114662,0.8903,364.7389758893707
4757.029987713065,0.8277,421.996585460838
4757.080000961077,0.749,515.3367350882512
4757.120011559491,0.7566,505.03569552895124
4757.160022157912,0.7763,479.7285943975982
4757.210035405948,0.8132,437.17980163644233
4757.25004600438,0.8227,427.1415766116616
4757.290056602821,0.8539,396.49786433725495
4757.3400698508785,0.8172,432.9104984194998
4757.380080449331,0.7714,485.84249866667733
4757.42009104779,0.8391,410.60801209638885
4757.470104295872,0.7466,518.6552306875002
4757.510114894343,0.7576,503.7033256321959
4757.550125492821,0.8101,440.53210080778285
4757.590136091304,0.8464,403.5557699458375
4757.640149339416,0.8589,391.89496156436985
4757.680159937912,0.8303,419.3578478149352
4757.720170536413,0.8185,431.5364335815739
4757.770183784549,0.8231,426.72652398678406
4757.810194383064,0.7997,452.0647235076191
4757.850204981584,0.8541,396.31219475414656
4757.900218229743,0.9205,341.19869972308715
4757.940228828277,0.8458,404.1285272376806
4757.980239426817,0.8338,415.84460684742317
4758.020250025362,0.8038,447.46473340868806
4758.07026327355,0.8352,414.4516618918995
4758.110273872108,0.8768,376.05712700977915
4758.150284470671,0.8511,399.1109977010946
4758.200297718886,0.8392,410.5101610338012
4758.240308317462,0.7433,523.2707542351422
4758.280318916045,0.856,394.55481949562045
4758.330332164282,0.7596,501.05435487011033
4758.370342762876,0.8077,443.15398152017303
4758.410353361478,0.8458,404.1285272376806
4758.460366609737,0.7585,502.5086955875508
4758.500377208353,0.7186,559.8610602490293
4758.540387806973,0.7658,492.97402698836294
4758.580398405597,0.779,476.40890027312827
4758.630411653889,0.8326,417.04415653323616
4758.670422252527,0.8197,430.2738642494767
4758.710432851171,0.794,458.5786145982937
4758.760446099485,0.7568,504.76879896693794
4758.800456698143,0.8816,371.97328359287104
4758.840467296805,0.8589,391.89496156436985
4758.890480545144,0.8181,431.9585251626242
4758.930491143819,0.79,463.2341993041024
4758.970501742502,0.8255,424.2488652119326
4759.020514990862,0.8136,436.75003585810725
4759.060525589555,0.8166,433.5468966696427
4759.100536188257,0.8921,363.2685867444696
4759.140546786964,0.8191,430.90445528177577
4759.190560035354,0.887,367.4579753718979
4759.230570634073,0.8861,368.20479797480266
4759.270581232798,0.8091,441.6217159147996
4759.320594481213,0.8584,392.351635189785
4759.360605079952,0.7752,481.091017445403
4759.4006156786945,0.7928,459.9678933856983
4759.450628927134,0.8667,384.8728726733693
4759.4906395258895,0.8547,395.75596783147193
4759.530650124651,0.7862,467.72298531003395
4759.57066072342,0.7371,532.1105822263606
4759.620673971889,0.7781,477.51162596071083
4759.66068457067,0.8141,436.2137192149503
4759.7006951694575,0.7527,510.282777432773
4759.75070841795,0.7294,543.404446700971
4759.790719016749,0.7594,501.31831045356506
4759.830729615555,0.8026,448.8037775744839
4759.880742864069,0.7982,453.76538345183667
4759.920753462889,0.7895,463.8211281174397
4759.960764061713,0.7565,505.169223197848
4760.010777310252,0.7799,475.3099899942965
4760.050787909089,0.8141,436.2137192149503
4760.090798507932,0.8002,451.4999610432298
4760.130809106781,0.7311,540.8802714195657
4760.180822355351,0.8362,413.4609817953993
4760.220832954212,0.8001,451.6128288377278
4760.260843553079,0.8055,445.5779888030852
4760.310856801671,0.7883,465.23431670371804
4760.350867400553,0.7598,500.79060769978645
4760.39087799944,0.8289,420.7756209599577
4760.440891248055,0.7074,577.7295184576251
4760.480901846955,0.8294,420.2684491699758
4760.52091244586,0.8872,367.29232336848366
4760.560923044769,0.7524,510.68978208187417
4760.610936293417,0.7084,576.0995892273168
4760.65094689234,0.7431,523.5524608518273
4760.69095749127,0.7434,523.1299861813316
4760.74097073994,0.7858,468.19928099195016
4760.780981338881,0.8021,449.363487213775
4760.82099193783,0.8104,440.2060025716087
4760.871005186524,0.8605,390.43895165251917
4760.911015785485,0.7828,471.79480355128266
4760.951026384451,0.8141,436.2137192149503
4761.001039633167,0.8706,381.43239372573873
4761.041050232147,0.7364,533.1226787343948
4761.081060831133,0.7339,536.760980819255
4761.121071430124,0.7979,454.10666691052114
4761.171084678872,0.7995,452.2909252343796
4761.211095277877,0.7787,476.77605069687365
4761.251105876885,0.8053,445.799338742756
4761.301119125656,0.8011,450.486052167262
4761.341129724679,0.7796,475.67587057362607
4761.381140323709,0.8236,426.20855837811416
4761.431153572502,0.8208,429.1213702775681
4761.471164171543,0.7957,456.62121888802585
4761.511174770591,0.7376,531.38941965953
4761.5611880194065,0.7715,485.71655948789953
4761.6011986184685,0.7732,483.58306401218954
4761.641209217534,0.776,480.0995897896047
4761.681219816605,0.8659,385.58436401176135
4761.731233065453,0.8184,431.6418984571519
4761.771243664539,0.7326,538.6676350235855
4761.811254263629,0.844,405.8541343046034
4761.8612675125,0.9283,335.4889807155506
4761.901278111603,0.8257,424.04336831425906
4761.941288710712,0.807,443.92310652891683
4761.991301959607,0.8513,398.92348982069797
4762.031312558728,0.7711,486.22061023040726
4762.071323157857,0.7925,460.31619953555423
4762.11133375699,0.7955,456.8508495833216
4762.161347005916,0.782,472.7606051408109
4762.201357605061,0.8309,418.7524234328941
4762.241368204213,0.8257,424.04336831425906
4762.291381453161,0.7736,483.083108047604
4762.331392052327,0.6816,622.2937782249094
4762.371402651499,0.758,503.17185359186317
4762.42141590047,0.8329,416.74378298371255
4762.4614264996535,0.8154,434.82391030686136
4762.501437098842,0.8519,398.3617583413648
4762.551450347839,0.8483,401.75004937259104
4762.591460947041,0.7448,521.1651830925902
4762.631471546249,0.7469,518.2386685975474
4762.671482145463,0.8,451.7257389602412
4762.721495394489,0.7686,489.38877788900965
4762.761505993715,0.8282,421.48720524763405
4762.801516592947,0.7646,494.5226335166365
4762.851529841997,0.817,433.122475387056
4762.891540441242,0.7766,479.35802886771756
4762.931551040493,0.7267,547.4499003990677
4762.9815642895655,0.7564,505.30280382932483
4763.02157488883,0.8749,377.6922477405359
4763.0615854881,0.9125,347.20758060965335
4763.1015960873765,0.786,467.9610422549872
4763.151609336478,0.8208,429.1213702775681
4763.191619935767,0.8267,423.01812000532465
4763.231630535061,0.7411,526.3820827958859
4763.2816437841875,0.7533,509.4702264465061
4763.321654383495,0.7566,505.03569552895124
4763.361664982808,0.8008,450.82364198082246
4763.411678231957,0.7699,487.7374791228546
4763.451688831283,0.7503,513.5524981598213
4763.491699430614,0.7968,455.36133935828457
4763.541712679787,0.8043,446.90856644080526
4763.581723279132,0.843,406.8175847729804
4763.621733878483,0.8742,378.2973498255355
4763.6617444778385,0.8753,377.34712673848423
4763.711757727042,0.8547,395.75596783147193
4763.7517683264105,0.7888,464.6447042832644
4763.791778925786,0.7129,568.8495893589535
4763.841792175012,0.7891,464.2914746864741
4763.8818027744,0.7806,474.4579085548534
4763.921813373793,0.7994,452.40408976997537
4763.971826623043,0.8508,399.3925074990931
4764.01183722245,0.7362,533.4123795601772
4764.051847821861,0.7212,555.8316290731224
4764.101861071135,0.7527,510.282777432773
4764.141871670559,0.8144,435.89240327199514
4764.181882269991,0.8135,436.8574178723179
4764.2218928694265,0.794,458.5786145982937
4764.27190611873,0.7959,456.3917612809727
4764.3119167181785,0.8064,444.58395132889507
4764.351927317635,0.7545,507.85093608636345
4764.401940566961,0.826,423.7354028060189
4764.441951166429,0.8875,367.04405531299125
4764.481961765903,0.8721,380.1214067017559
4764.531975015253,0.819,431.00968855059796
4764.571985614739,0.7846,469.6325414307221
4764.611996214232,0.7185,560.0169125082753
4764.652006813731,0.7852,468.91508980755304
4764.7020200631105,0.79,463.2341993041024
4764.742030662621,0.8023,449.1394777819659
4764.782041262138,0.7642,495.0404575505269
4764.832054511543,0.7583,502.7738013770966
4764.8720651110725,0.8032,448.13350528116223
4764.9120757106075,0.8339,415.74487806111506
4764.9620889600355,0.8497,400.42726238762964
4765.002099559582,0.8174,432.69867703117603
4765.042110159138,0.7894,463.9386477319728
4765.092123408589,0.8387,410.9997664186826
4765.132134008155,0.7176,561.4225161344514
4765.172144607728,0.7452,520.6058437350598
4765.212155207306,0.7596,501.05435487011033
4765.262168456787,0.8149,435.3576650918949
4765.302179056379,0.8159,434.2911365070589
4765.342189655976,0.8107,439.88026628651954
4765.39220290548,0.8145,435.78537684844906
4765.432213505089,0.7806,474.4579085548534
4765.472224104706,0.8071,443.81310899318316
4765.522237354233,0.7998,451.9516862739991
4765.5622479538615,0.7293,543.5534775405988
4765.602258553496,0.7997,452.0647235076191
4765.642269153136,0.8423,407.4940428095435
4765.692282402693,0.7692,488.6255996161592
4765.732293002346,0.8275,422.2005961300531
4765.772303602004,0.8519,398.3617583413648
4765.822316851587,0.7645,494.65201332813564
4765.862327451258,0.7299,542.6602110799122
4765.902338050935,0.7363,533.2674996382106
4765.95235130054,0.7769,478.9878925361267
4765.992361900229,0.7901,463.116947235207
4766.032372499926,0.7711,486.22061023040726
4766.082385749554,0.799,452.857172889725
4766.122396349262,0.7787,476.77605069687365
4766.162406948977,0.7593,501.45036646884313
4766.202417548697,0.7611,499.08131604102687
4766.252430798356,0.8133,437.0723007419985
4766.292441398089,0.7543,508.12028122229435
4766.332451997828,0.7452,520.6058437350598
4766.38246524751,0.7852,468.91508980755304
4766.42247584726,0.8056,445.46737564997386
4766.462486447019,0.7042,582.9920356338506
4766.512499696724,0.814,436.3209034846593
4766.552510296493,0.7687,489.2614573975061
4766.59252089627,0.7758,480.347159191636
4766.642534145998,0.7609,499.34371385986293
4766.682544745788,0.7697,487.99098059745774
4766.722555345582,0.7686,489.38877788900965
4766.762565945382,0.7968,455.36133935828457
4766.812579195141,0.7962,456.0478990304708
4766.852589794954,0.7861,467.8419910700719
4766.892600394774,0.7805,474.57949412694126
4766.942613644554,0.713,568.6900356702099
4766.982624244387,0.8117,438.7970858930541
4767.022634844225,0.8464,403.5557699458375
4767.072648094029,0.787,466.7725717555992
4767.11265869388,0.8129,437.5025423922834
4767.152669293736,0.7589,501.97911266176146
4767.192679893598,0.8274,422.30265694694657
4767.242693143434,0.8685,383.27919972641274
4767.282703743308,0.7721,484.9619517344263
4767.32271434319,0.8092,441.5125725923376
4767.372727593048,0.8406,409.143910840563
4767.412738192941,0.801,450.59853996000135
4767.452748792841,0.7638,495.55909534550966
4767.502762042724,0.7523,510.8255585128329
4767.542772642634,0.8124,438.0412383995059
4767.582783242552,0.7912,461.8301073176351
4767.6327964924585,0.7737,482.9582402009633
4767.672807092388,0.8418,407.9782606488298
4767.712817692326,0.7299,542.6602110799122
4767.752828292268,0.7455,520.1869299354468
4767.802841542203,0.8455,404.4153632486522
4767.842852142158,0.7947,457.7711067328756
4767.882862742118,0.8687,383.10273621191516
4767.932875992078,0.81,440.6408807461073
4767.972886592051,0.7854,468.67630458273175
4768.012897192031,0.7808,474.2148775428441
4768.062910442011,0.8018,449.69981571943663
4768.102921042006,0.7757,480.47101570885735
4768.142931642003,0.8023,449.1394777819659
4768.182942242007,0.8333,416.3437894537924
4768.232955492018,0.8397,410.02142999514996
4768.272966092034,0.8471,402.88909071426514
4768.3129766920565,0.7629,496.72901454198063
4768.362989942094,0.8014,450.148841407334
4768.403000542128,0.8,451.7257389602412
4768.44301114217,0.7505,513.2788228041837
4768.493024392228,0.8375,412.1783991758808
4768.533034992282,0.8013,450.2612029119448
4768.573045592341,0.7965,455.70442525122013
4768.623058842424,0.8013,450.2612029119448
4768.663069442497,0.7968,455.36133935828457
4768.703080042573,0.763,496.59881904720794
4768.743090642657,0.8157,434.5041284626745
4768.793103892771,0.8214,428.4946878521565
4768.833114492867,0.8044,446.79745748209575
4768.87312509297,0.774,482.5839270072359
4768.923138343105,0.806,445.02533467188385
4768.96314894322,0.8348,414.8489311385008
4769.003159543341,0.787,466.7725717555992
4769.053172793501,0.7284,544.8975183979533
4769.093183393635,0.8183,431.7474019999146
4769.133193993774,0.8416,408.17218947595603
4769.183207243957,0.7537,508.92960353652444
4769.223217844109,0.77,487.6108024541493
4769.263228444265,0.7858,468.19928099195016
4769.3032390444305,0.7749,481.46359469880593
4769.353252294643,0.7726,484.33445445363583
4769.3932628948205,0.7958,456.5064684593437
4769.433273495003,0.7863,467.60402495176686
4769.483286745238,0.7947,457.7711067328756
4769.523297345433,0.7564,505.30280382932483
4769.563307945634,0.845,404.89410234200574
4769.613321195892,0.747,518.099926084312
4769.653331796107,0.7399,528.0908809281289
4769.693342396326,0.831,418.6516468447143
4769.733352996551,0.785,469.1540575663904
4769.78336624684,0.7274,546.3967521613944
4769.823376847079,0.7505,513.2788228041837
4769.863387447323,0.816,434.1846992537803
4769.913400697636,0.7945,458.00160548576275
4769.953411297893,0.7087,575.611955383178
4769.993421898153,0.7786,476.8985284918366
4770.043435148491,0.8204,429.53992265170535
4770.083445748766,0.794,458.5786145982937
4770.123456349046,0.7868,467.00990337928624
4770.173469599406,0.7236,552.1506401091976
4770.213480199701,0.7953,457.08065354099284
4770.253490799999,0.8149,435.3576650918949
4770.293501400304,0.8154,434.82391030686136
4770.3435146506945,0.8032,448.13350528116223
4770.383525251012,0.8312,418.450202775341
4770.423535851336,0.7605,499.8691306927488
4770.473549101747,0.7623,497.51126381085504
4770.513559702085,0.7404,527.3778719391178
4770.553570302427,0.798,453.99286298943656
4770.603583552864,0.7987,453.1974320518203
4770.643594153218,0.8786,374.51784025890504
4770.683604753579,0.7926,460.2000535399764
4770.733618004037,0.8034,447.9104148315731
4770.773628604412,0.8326,417.04415653323616
4770.813639204791,0.7907,462.4143687850126
4770.853649805177,0.8384,411.29395020367974
4770.903663055666,0.8062,444.80456087756886
4770.943673656064,0.7486,515.8876020147303
4770.983684256467,0.7598,500.79060769978645
4771.0336975069795,0.7597,500.9224552470233
4771.073708107397,0.7681,490.0261264449731
4771.113718707818,0.8558,394.739255327346
4771.163731958355,0.8233,426.5192244971351
4771.20374255879,0.7591,501.714635083913
4771.2437531592295,0.7659,492.8453049095649
4771.283763759678,0.7961,456.1624765882482
4771.3337770102435,0.7767,479.2346024345669
4771.3737876107025,0.7818,473.00251891469935
4771.413798211167,0.806,445.02533467188385
4771.463811461757,0.8267,423.01812000532465
4771.503822062235,0.7706,486.85177778786596
4771.543832662719,0.7901,463.116947235207
4771.593845913331,0.7982,453.76538345183667
4771.633856513828,0.8173,432.80456828745145
4771.6738671143285,0.7617,498.2953623659699
4771.723880364965,0.7216,555.2155794013985
4771.763890965482,0.7683,489.7710376993085
4771.8039015660015,0.7749,481.46359469880593
4771.843912166528,0.7802,474.94453139495437
4771.893925417193,0.8147,435.5714422213277
4771.933936017734,0.733,538.0798915863331
4771.973946618278,0.7025,585.8170441056333
4772.023959868967,0.7946,457.88633435323476
4772.063970469525,0.7515,511.91372197163
4772.103981070089,0.7213,555.677520566611
4772.153994320799,0.7372,531.966232315739
4772.194004921376,0.8521,398.17477815577246
4772.234015521959,0.7651,493.87649523404815
4772.274026122547,0.7963,455.9333646361566
4772.324039373289,0.7406,527.093072613979
4772.364049973889,0.759,501.8468477387238
4772.404060574496,0.7825,472.15663202945785
4772.454073825262,0.7846,469.6325414307221
4772.494084425881,0.7927,460.08395149741597
4772.534095026506,0.7951,457.3106309353915
4772.584108277295,0.8105,440.09738361958813
4772.624118877932,0.7155,564.7229097089746
4772.664129478575,0.808,442.8249682791468
4772.714142729389,0.7935,459.1567148075323
4772.754153330045,0.784,470.3516408923775
4772.794163930706,0.7674,490.9205082192203
4772.834174531374,0.7675,490.79258955163067
4772.884187782217,0.8015,450.03652195675494
4772.924198382897,0.7682,489.8985571676486
4772.964208983583,0.7922,460.66490146234855
4773.014222234449,0.693,601.9884712712892
4773.054232835147,0.7834,471.0723932427128
4773.094243435852,0.7614,498.6881069480014
4773.144256686742,0.818,432.06414482041527
4773.184267287459,0.7904,462.765458010181
4773.224277888182,0.6986,592.3760490343502
4773.274291139092,0.7262,548.204014430895
4773.314301739829,0.7932,459.5040998042505
4773.354312340572,0.8172,432.9104984194998
4773.394322941319,0.8324,417.24458601752815
4773.4443361922595,0.7621,497.7724242320329
4773.4843467930195,0.7858,468.19928099195016
4773.524357393787,0.7644,494.78144391989565
4773.574370644752,0.808,442.8249682791468
4773.614381245531,0.7717,485.4648279916553
4773.654391846315,0.8432,406.62462042025174
4773.7044050973045,0.8668,384.78407474353065
4773.744415698102,0.8384,411.29395020367974
4773.784426298903,0.7522,510.9613890990466
4773.824436899712,0.6938,600.6010039039409
4773.874450150732,0.6959,596.9816411744831
4773.914460751552,0.7568,504.76879896693794
4773.95447135238,0.8073,443.5932365371503
4774.004484603422,0.7674,490.9205082192203
4774.044495204262,0.7804,474.7011264416762
4774.084505805108,0.8308,418.853236413418
4774.134519056172,0.7679,490.28141453036744
4774.1745296570325,0.7748,481.58788330061316
4774.214540257896,0.7675,490.79258955163067
4774.264553508983,0.7741,482.45925264138384
4774.304564109861,0.8072,443.70315233601195
4774.3445747107435,0.8551,395.3858001864611
4774.384585311633,0.8312,418.450202775341
4774.434598562751,0.7755,480.71887249919916
4774.474609163652,0.7985,453.424484585544
4774.514619764559,0.809,441.73089971313294
4774.564633015699,0.778,477.6343873233129
4774.60464361662,0.8004,451.27435235367386
4774.644654217545,0.9119,347.6646326002037
4774.694667468711,0.7511,512.4591080458799
4774.734678069647,0.7751,481.2151617960182
4774.774688670592,0.7679,490.28141453036744
4774.814699271541,0.8143,435.9994691280097
4774.864712522735,0.7674,490.9205082192203
4774.904723123698,0.7536,509.06467856165114
4774.944733724667,0.8311,418.55090663136457
4774.994746975885,0.7679,490.28141453036744
4775.034757576866,0.775,481.3393542055494
4775.074768177852,0.7823,472.3980823085111
4775.124781429095,0.7217,555.0617270127668
4775.164792030094,0.7404,527.3778719391178
4775.2048026310995,0.7681,490.0261264449731
4775.254815882364,0.7802,474.94453139495437
4775.294826483381,0.7741,482.45925264138384
4775.334837084403,0.7728,484.08379650580343
4775.374847685433,0.756,505.83765654157565
4775.424860936729,0.6646,654.536569426445
4775.464871537771,0.7577,503.5703787080905
4775.504882138817,0.7294,543.404446700971
4775.554895390137,0.8061,444.9149272338332
4775.594905991196,0.8195,430.48390737016734
4775.634916592263,0.8106,439.98880486450236
4775.684929843605,0.8185,431.5364335815739
4775.724940444683,0.7991,452.7438383206344
4775.764951045768,0.8246,425.1754523664231
4775.81496429713,0.7681,490.0261264449731
4775.85497489823,0.8137,436.6426934316872
4775.8949854993325,0.7392,529.0915252631188
4775.934996100442,0.7837,470.7118101400679
4775.985009351835,0.7999,451.8386914319379
4776.025019952956,0.7749,481.46359469880593
4776.065030554085,0.7846,469.6325414307221
4776.115043805502,0.8164,433.75934129002894
4776.155054406642,0.814,436.3209034846593
4776.195065007788,0.7961,456.1624765882482
4776.245078259229,0.761,499.21248908998444
4776.285088860386,0.7055,580.8455003942528
4776.325099461552,0.8062,444.80456087756886
4776.365110062721,0.8213,428.59903955127504
4776.415123314192,0.7622,497.64181832345685
4776.455133915375,0.7045,582.495626481628
4776.495144516563,0.7443,521.8656258368311
4776.545157768058,0.7785,477.0210534873789
4776.585168369258,0.8164,433.75934129002894
4776.625178970465,0.7838,470.5917077715756
4776.675192221983,0.7997,452.0647235076191
4776.715202823203,0.7807,474.3363697014651
4776.755213424428,0.7763,479.7285943975982
4776.805226675969,0.7671,491.3045644283769
4776.845237277207,0.7357,534.1376655655886
4776.885247878451,0.7563,505.4364374513949
4776.9252584797005,0.6648,654.1428046075522
4776.97527173127,0.7979,454.10666691052114
4777.015282332533,0.8171,433.01646744635326
4777.055292933801,0.8284,421.283711371776
4777.105306185394,0.7965,455.70442525122013
4777.145316786676,0.8107,439.88026628651954
4777.1853273879615,0.7844,469.8720579091139
4777.235340639579,0.7468,518.377466849247
4777.275351240878,0.709,575.1249404064365
4777.315361842182,0.7418,525.3891113495644
4777.355372443494,0.7186,559.8610602490293
4777.4053856951405,0.7363,533.2674996382106
4777.445396296463,0.7748,481.58788330061316
4777.485406897793,0.8619,389.17158893959385
4777.535420149462,0.7778,477.8800521119287
4777.575430750805,0.7683,489.7710376993085
4777.615441352152,0.7243,551.0839049281929
4777.665454603845,0.7538,508.79458226539873
4777.705465205205,0.7306,541.6208471264353
4777.745475806572,0.7973,454.79038992108514
4777.795489058288,0.7786,476.8985284918366
4777.835499659666,0.7838,470.5917077715756
4777.875510261052,0.7643,494.9109253184944
4777.915520862442,0.7798,475.4319032686725
4777.965534114188,0.741,526.5241656273819
4778.00554471559,0.722,554.6005533498724
4778.045555316999,0.8506,399.5803461974504
4778.095568568768,0.8212,428.70342937433134
4778.135579170191,0.7354,534.57354744267
4778.1755897716175,0.7889,464.5269163084935
4778.225603023409,0.713,568.6900356702099
4778.26561362485,0.7853,468.7956743900119
4778.305624226295,0.8792,374.00684441468843
4778.35563747811,0.8374,412.27684735297896
4778.395648079569,0.7699,487.7374791228546
4778.435658681033,0.7449,521.0252637742069
4778.475669282503,0.7688,489.134186585521
4778.525682534348,0.7679,490.28141453036744
4778.56569313583,0.7697,487.99098059745774
4778.605703737319,0.8499,400.2388262531573
4778.655716989187,0.7901,463.116947235207
4778.695727590688,0.7814,473.48690384296043
4778.735738192195,0.7613,498.8191249971854
4778.785751444087,0.7556,506.3733588995043
4778.825762045606,0.7586,502.37622131587517
4778.865772647132,0.7887,464.7625370641563
4778.9057832486615,0.7773,478.4950439241503
4778.955796500583,0.8001,451.6128288377278
4778.995807102127,0.7615,498.55714051113813
4779.035817703676,0.777,478.864609021775
4779.0858309556215,0.7876,466.06166136858457
4779.125841557183,0.8199,430.0639748186839
4779.1658521587515,0.7355,534.4281942190397
4779.215865410719,0.7034,584.3188999702725
4779.2558760123,0.6953,598.0123991677021
4779.295886613887,0.7653,493.6183944545605
4779.345899865877,0.7536,509.06467856165114
4779.385910467476,0.7857,468.3184685902849
4779.425921069081,0.7321,539.4036695063002
4779.465931670691,0.7706,486.85177778786596
4779.515944922711,0.7734,483.3329890641662
4779.555955524335,0.7134,568.0524917306982
4779.595966125963,0.7337,537.0536527053882
4779.645979378009,0.6849,616.3115349548833
4779.685989979649,0.7078,577.0767177160104
4779.726000581296,0.7896,463.70365315033206
4779.776013833362,0.7291,543.8517232040838
4779.816024435023,0.7698,487.86420516207124
4779.85603503669,0.8404,409.33867148230803
4779.896045638361,0.7577,503.5703787080905
4779.946058890458,0.7423,524.68156526619
4779.986069492141,0.7382,530.5259581364217
4780.026080093831,0.7335,537.3465640282379
4780.076093345951,0.7071,578.2198462108579
4780.116103947654,0.7058,580.3518297506874
4780.156114549362,0.7911,461.94687099165174
4780.206127801504,0.749,515.3367350882512
4780.246138403226,0.7453,520.4661495932685
4780.286149004952,0.7291,543.8517232040838
4780.336162257119,0.7837,470.7118101400679
4780.376172858859,0.7177,561.266076780578
4780.416183460603,0.7403,527.5203581686625
4780.4561940623535,0.7329,538.2267372313776
4780.506207314551,0.7627,496.989559181184
4780.546217916314,0.7643,494.9109253184944
4780.586228518084,0.7563,505.4364374513949
4780.636241770303,0.7268,547.2992643270782
4780.676252372085,0.7855,468.55698036248793
4780.716262973872,0.793,459.7359088661623
4780.766276226115,0.7971,455.01864076782846
4780.806286827916,0.7575,503.8363252119544
4780.846297429722,0.7735,483.208024326988
4780.896310681987,0.7705,486.97815877140357
4780.936321283805,0.7984,453.5380748441664
4780.976331885631,0.8372,412.4738495505493
4781.016342487461,0.8276,422.0985723073092
4781.066355739756,0.7788,476.65362007824905
4781.106366341598,0.8461,403.84199628088214
4781.146376943448,0.7844,469.8720579091139
4781.196390195765,0.7248,550.3238427541322
4781.236400797626,0.6965,595.9535458696479
4781.276411399494,0.7342,536.3224213632878
4781.326424651835,0.7733,483.4580022842056
4781.366435253714,0.7743,482.21004880792077
4781.406445855601,0.7816,473.24461841869095
4781.446456457491,0.7969,455.24706348999007
4781.496469709863,0.7946,457.88633435323476
4781.536480311767,0.7357,534.1376655655886
4781.576490913676,0.742,525.10592127069
4781.626504166071,0.7416,525.6725305772102
4781.666514767993,0.7385,530.095016376714
4781.706525369921,0.7776,478.1259064808408
4781.756538622339,0.8125,437.9334196320093
4781.796549224279,0.7073,577.8928917198956
4781.836559826226,0.8168,433.3346080862421
4781.876570428178,0.78,475.18812360657535
4781.926583680625,0.7458,519.7685215609881
4781.96659428259,0.7606,499.73769876706064
4782.006604884561,0.8081,442.71537861914913
4782.056618137032,0.7737,482.9582402009633
4782.096628739015,0.7815,473.36573787889546
4782.1366393410035,0.6876,611.480901920196
4782.1866525934975,0.6774,630.0343524285962
4782.226663195499,0.6845,617.0320500292023
4782.266673797506,0.7338,536.9072868490463
4782.316687050023,0.7056,580.6808735468517
4782.356697652043,0.7935,459.1567148075323
4782.396708254068,0.6935,601.1207415050744
4782.4367188561,0.7611,499.08131604102687
4782.486732108646,0.7854,468.67630458273175
4782.52674271069,0.7033,584.4850764554867
4782.566753312739,0.7113,571.4116074044421
4782.616766565308,0.7917,461.2469524743853
4782.656777167372,0.7164,563.3049011738595
4782.69678776944,0.7305,541.7691447794164
4782.746801022033,0.7704,487.1045889718499
4782.786811624113,0.6816,622.2937782249094
4782.8268222262,0.7384,530.2386052697871
4782.876835478816,0.7894,463.9386477319728
4782.916846080915,0.7355,534.4281942190397
4782.95685668302,0.7648,494.2640261281968
4782.996867285131,0.804,447.2421421041198
4783.046880537778,0.8106,439.98880486450236
4783.086891139899,0.7439,522.4269972354069
4783.126901742028,0.8182,431.8529442287666
4783.176914994699,0.7685,489.51614808589073
4783.216925596839,0.7646,494.5226335166365
4783.256936198987,0.7893,464.05621201655913
4783.3069494516785,0.7515,511.91372197163
4783.346960053839,0.7784,477.1436257077574
4783.386970656004,0.784,470.3516408923775
4783.426981258175,0.7592,501.5824746697923
4783.476994510897,0.7482,516.4393526836762
4783.517005113081,0.7167,562.8334183609744
4783.5570157152715,0.7793,476.0421737828503
4783.607028968017,0.7629,496.72901454198063
4783.647039570219,0.8442,405.6618549499136
4783.687050172427,0.8155,434.71727714506716
4783.737063425194,0.8634,387.82053584140687
4783.777074027415,0.7848,469.3932080453367
4783.817084629641,0.696,596.8101072960479
4783.867097882433,0.6893,608.4684714446751
4783.907108484672,0.769,488.87979389675104
4783.947119086917,0.7522,510.9613890990466
4783.987129689167,0.731,541.0282649974905
4784.037142941987,0.7567,504.90222079463996
4784.077153544252,0.7838,470.5917077715756
4784.11716414652,0.7991,452.7438383206344
4784.167177399365,0.7724,484.5853071374135
4784.2071880016465,0.7371,532.1105822263606
4784.247198603934,0.7039,583.4890796245461
4784.2972118568005,0.7715,485.71655948789953
4784.3372224591,0.75,513.963421778741
4784.377233061406,0.7831,471.4333908346124
4784.417243663717,0.7761,479.9758768554471
4784.467256916615,0.7524,510.68978208187417
4784.507267518938,0.7211,555.9858016979161
4784.547278121268,0.7476,517.268639842969
4784.597291374188,0.7421,524.9644120848541
4784.6373019765315,0.7926,460.2000535399764
4784.677312578878,0.7699,487.7374791228546
4784.727325831822,0.8126,437.82564066712183
4784.767336434183,0.8408,408.94928916450215
4784.807347036549,0.7581,503.0391170126321
4784.857360289515,0.7689,489.00696542721124
4784.897370891894,0.7702,487.3575971257209
4784.937381494278,0.7757,480.47101570885735
4784.987394747266,0.7391,529.2347065923752
4785.027405349664,0.643,699.2502012575443
4785.067415952067,0.6706,642.8764299053668
4785.107426554477,0.7646,494.5226335166365
4785.157439807495,0.78,475.18812360657535
4785.197450409916,0.7617,498.2953623659699
4785.237461012344,0.7773,478.4950439241503
4785.287474265386,0.7757,480.47101570885735
4785.327484867825,0.6652,653.3563402103241
4785.367495470271,0.6635,656.7086446828016
4785.417508723336,0.702,586.651837315489
4785.457519325794,0.7385,530.095016376714
4785.497529928259,0.7888,464.6447042832644
4785.537540530727,0.7201,557.531062289959
4785.587553783823,0.769,488.87979389675104
4785.627564386305,0.7962,456.0478990304708
4785.667574988793,0.7868,467.00990337928624
4785.7175882419115,0.8229,426.93397464262205
4785.757598844411,0.6739,636.5956916613637
4785.797609446917,0.8079,442.9345986358793
4785.847622700058,0.8066,444.3635058629813
4785.887633302578,0.8433,406.5281897243751
4785.927643905103,0.7317,539.9935838104021
4785.967654507632,0.7268,547.2992643270782
4786.017667760802,0.7508,512.8687197729738
4786.057678363345,0.7568,504.76879896693794
4786.097688965894,0.758,503.17185359186317
4786.147702219088,0.775,481.3393542055494
4786.187712821649,0.8327,416.9439959438091
4786.2277234242165,0.7701,487.4841751303131
4786.277736677431,0.7044,582.6610257281817
4786.317747280011,0.8283,421.3854398839871
4786.357757882598,0.7586,502.37622131587517
4786.407771135837,0.7942,458.34768017553563
4786.447781738434,0.709,575.1249404064365
4786.487792341039,0.8074,443.48336157635737
4786.527802943648,0.7553,506.7756943309039
4786.577816196917,0.7477,517.1302866645634
4786.617826799539,0.7172,562.0489280613258
4786.657837402167,0.7404,527.3778719391178
4786.707850655459,0.7631,496.4686747331953
4786.7478612581,0.7811,473.8506809964937
4786.787871860745,0.7604,500.00061447551
4786.8378851140615,0.7939,458.6941472644437
4786.87789571672,0.8102,440.4233611458435
4786.917906319383,0.7832,471.31301221041326
4786.957916922053,0.77,487.6108024541493
4787.0079301754,0.791,462.06367895299087
4787.047940778082,0.7581,503.0391170126321
4787.08795138077,0.7828,471.79480355128266
4787.137964634139,0.7447,521.3051587807295
4787.17797523684,0.8227,427.1415766116616
4787.217985839547,0.7909,462.18053122405234
4787.267999092938,0.7724,484.5853071374135
4787.308009695657,0.7789,476.5312366117373
4787.348020298383,0.7832,471.31301221041326
4787.398033551795,0.7114,571.2509746680817
4787.4380441545345,0.7058,580.3518297506874
4787.478054757278,0.8291,420.57264213343007
4787.5180653600255,0.7443,521.8656258368311
4787.568078613471,0.724,551.5406982858923
4787.608089216233,0.7572,504.23564016334336
4787.648099819,0.7104,572.8603559527548
4787.698113072465,0.725,550.0202581046643
4787.738123675246,0.8294,420.2684491699758
4787.778134278031,0.8829,370.8786891516304
4787.828147531521,0.7763,479.7285943975982
4787.868158134319,0.7763,479.7285943975982
4787.9081687371245,0.727,546.9981786435367
4787.958181990636,0.7433,523.2707542351422
4787.998192593453,0.7932,459.5040998042505
4788.0382031962745,0.8098,440.85856153149695
4788.078213799103,0.744,522.286569497288
4788.128227052646,0.7497,514.3748388013616
4788.168237655486,0.7456,520.0474043591125
4788.208248258333,0.7235,552.3032836572671
4788.2582615119,0.791,462.06367895299087
4788.298272114758,0.8245,425.27859383894304
4788.338282717622,0.7362,533.4123795601772
4788.388295971211,0.7925,460.31619953555423
4788.428306574088,0.7178,561.1097028049044
4788.468317176971,0.7422,524.8229600936268
4788.50832777986,0.7439,522.4269972354069
4788.558341033478,0.7317,539.9935838104021
4788.598351636379,0.7533,509.4702264465061
4788.638362239286,0.8055,445.5779888030852
4788.688375492929,0.7828,471.79480355128266
4788.728386095848,0.7802,474.94453139495437
4788.768396698773,0.824,425.7948645987868
4788.818409952436,0.7953,457.08065354099284
4788.858420555375,0.722,554.6005533498724
4788.898431158319,0.743,523.6933994759037
4788.948444412004,0.8115,439.01340166255875
4788.988455014961,0.8576,393.0839750724228
4789.028465617922,0.7985,453.424484585544
4789.068476220889,0.7979,454.10666691052114
4789.1184894746075,0.7837,470.7118101400679
4789.158500077588,0.7238,551.8455427936423
4789.198510680573,0.8117,438.7970858930541
4789.248523934314,0.7634,496.0785486075805
4789.288534537312,0.6927,602.510011296249
4789.328545140316,0.7334,537.4931095600585
4789.37855839408,0.7436,522.8486204299231
4789.418568997096,0.7743,482.21004880792077
4789.458579600117,0.7897,463.5862228080365
4789.508592853905,0.8435,406.33543121222993
4789.5486034569385,0.7484,516.1633667633031
4789.5886140599805,0.7322,539.2563419732573
4789.628624663026,0.7246,550.6276788191052
4789.6786379168425,0.7644,494.78144391989565
4789.718648519901,0.833,416.64373057840186
4789.758659122965,0.7632,496.3385815731202
4789.808672376805,0.7371,532.1105822263606
4789.848682979881,0.8413,408.46334208220657
4789.888693582965,0.6812,623.0248123638698
4789.938706836827,0.7563,505.4364374513949
4789.978717439923,0.7862,467.72298531003395
4790.018728043024,0.791,462.06367895299087
4790.058738646129,0.8187,431.32561975641084
4790.108751900022,0.7208,556.4487046378581
4790.1487625031405,0.7629,496.72901454198063
4790.188773106265,0.7589,501.97911266176146
4790.23878636018,0.808,442.8249682791468
4790.278796963317,0.7422,524.8229600936268
4790.31880756646,0.7273,546.5470157566535
4790.3688208203985,0.7962,456.0478990304708
4790.408831423555,0.7623,497.51126381085504
4790.448842026716,0.7467,518.5163208692711
4790.498855280676,0.705,581.6696857126905
4790.538865883851,0.7008,588.6626361825253
4790.57887648703,0.7255,549.2623946049321
4790.618887090215,0.7133,568.2117771684865
4790.668900344206,0.8214,428.4946878521565
4790.708910947404,0.7745,481.9610380058335
4790.748921550608,0.7575,503.8363252119544
4790.798934804622,0.7698,487.86420516207124
4790.838945407839,0.7025,585.8170441056333
4790.878956011061,0.7533,509.4702264465061
4790.9289692650955,0.7684,489.64356801402596
4790.96897986833,0.7673,491.04847690381894
4791.008990471571,0.7997,452.0647235076191
4791.049001074818,0.7305,541.7691447794164
4791.099014328884,0.7213,555.677520566611
4791.139024932142,0.6918,604.0787044223932
4791.179035535406,0.7365,532.9779168166789
4791.229048789495,0.7948,457.655922602788
4791.269059392772,0.7566,505.03569552895124
4791.309069996056,0.7065,579.202376241746
4791.359083250167,0.6237,743.1954052268944
4791.399093853461,0.809,441.73089971313294
4791.439104456762,0.7208,556.4487046378581
4791.489117710897,0.7314,540.4366548443684
4791.52912831421,0.8212,428.70342937433134
4791.569138917529,0.7928,459.9678933856983
4791.609149520855,0.8019,449.58766427527826
4791.659162775019,0.6817,622.1112207296135
4791.699173378355,0.7423,524.68156526619
4791.739183981699,0.7525,510.55405977738525
4791.789197235886,0.7721,484.9619517344263
4791.8292078392415,0.7676,490.66472087498744
4791.869218442603,0.822,427.8693772214593
4791.919231696812,0.8781,374.9444705297615
4791.959242300187,0.8289,420.7756209599577
4791.999252903566,0.7816,473.24461841869095
4792.049266157799,0.7782,477.38891192012767
4792.089276761191,0.8464,403.5557699458375
4792.12928736459,0.8182,431.8529442287666
4792.169297967993,0.7937,458.92534361625445
4792.219311222257,0.7404,527.3778719391178
4792.2593218256725,0.6773,630.2204088091685
4792.299332429095,0.7742,482.3346265832634
4792.349345683379,0.7764,479.6050248246546
4792.389356286813,0.7701,487.4841751303131
4792.429366890254,0.6786,627.8080876502127
4792.479380144562,0.7126,569.3286535170392
4792.519390748015,0.6401,705.6005089466823
4792.559401351474,0.6795,626.146123681992
4792.599411954937,0.7192,558.9273115045497
4792.649425209276,0.7075,577.5662144652423
4792.689435812753,0.7955,456.8508495833216
4792.729446416235,0.8119,438.5809299625878
4792.779459670595,0.7477,517.1302866645634
4792.81947027409,0.821,428.91232346656136
4792.859480877591,0.8354,414.25324122887054
4792.909494131975,0.7921,460.7812234920226
4792.949504735487,0.8118,438.6889879577855
4792.989515339006,0.7835,470.9521528521513
4793.039528593413,0.6802,624.8580433749171
4793.079539196945,0.665,653.7493950112258
4793.119549800482,0.7403,527.5203581686625
4793.159560404024,0.7554,506.6415292580903
4793.209573658461,0.8041,447.13090873118983
4793.2495842620165,0.7338,536.9072868490463
4793.289594865577,0.7411,526.3820827958859
4793.339608120036,0.7385,530.095016376714
4793.379618723609,0.6751,634.3345902967448
4793.419629327189,0.6332,721.0621723027547
4793.469642581671,0.801,450.59853996000135
4793.509653185263,0.8312,418.450202775341
4793.549663788861,0.7838,470.5917077715756
4793.589674392463,0.7267,547.4499003990677
4793.639687646975,0.743,523.6933994759037
4793.679698250591,0.7997,452.0647235076191
4793.7197088542125,0.7332,537.78638052794
4793.769722108747,0.8431,406.72108543102576
4793.8097327123805,0.8546,395.8485909672418
4793.84974331602,0.8029,448.46845359487855
4793.899756570579,0.775,481.3393542055494
4793.93976717423,0.7867,467.1286370747861
4793.979777777889,0.8057,445.35680368073406
4794.029791032468,0.828,421.69084660045286
4794.069801636138,0.7981,453.87910184368656
4794.109812239815,0.7661,492.58801195562086
4794.1498228434975,0.7386,529.9514858016665
4794.199836098107,0.7662,492.45944102785484
4794.239846701801,0.7323,539.1090747914117
4794.279857305501,0.678,628.9197424326032
4794.329870560134,0.8043,446.90856644080526
4794.369881163847,0.797,455.132830633699
4794.409891767565,0.7618,498.1645506035074
4794.4599050222205,0.732,539.5510574235212
4794.499915625951,0.637,712.4849064115425
4794.539926229688,0.7746,481.8366049292615
4794.5899394843655,0.8611,389.89503925270196
4794.629950088115,0.8017,449.8120091337703
4794.669960691869,0.7443,521.8656258368311
4794.709971295631,0.8251,424.66030739981716
4794.759984550339,0.7781,477.51162596071083
4794.799995154112,0.7719,485.213292141394
4794.84000575789,0.8665,385.0505607727815
4794.8900190126205,0.8367,412.96697325143094
4794.930029616413,0.7104,572.8603559527548
4794.97004022021,0.6818,621.9287435557488
4795.020053474962,0.7465,518.7941963338347
4795.0600640787725,0.7717,485.4648279916553
4795.100074682588,0.8398,409.9237885257603
4795.140085286408,0.759,501.8468477387238
4795.190098541192,0.7325,538.8147213495004
4795.2301091450245,0.7857,468.3184685902849
4795.270119748864,0.7761,479.9758768554471
4795.320133003669,0.7065,579.202376241746
4795.360143607522,0.7333,537.6397150490552
4795.400154211379,0.7321,539.4036695063002
4795.450167466207,0.7649,494.1347984981876
4795.4901780700775,0.707,578.3834275179977
4795.530188673953,0.7093,574.6385432503095
4795.580201928805,0.7831,471.4333908346124
4795.620212532693,0.69,607.2345257549586
4795.660223136586,0.6467,691.2717860759395
4795.700233740486,0.7449,521.0252637742069
4795.750246995368,0.7678,490.4091333903758
4795.790257599278,0.6284,732.1198157953816
4795.830268203196,0.7553,506.7756943309039
4795.8802814581,0.7445,521.5852793874324
4795.920292062031,0.7258,548.8084281213995
4795.960302665967,0.7513,512.1863061204276
4796.010315920894,0.7588,502.1114298805809
4796.050326524843,0.7769,478.9878925361267
4796.090337128797,0.708,576.7507321821935
4796.130347732756,0.7547,507.58180505597517
4796.180360987713,0.6851,615.9517505868953
4796.220371591685,0.767,491.43268332054623
4796.260382195662,0.8025,448.91563581276444
4796.310395450642,0.7271,546.8477289636057
4796.350406054634,0.8757,377.0024785583309
4796.390416658628,0.8095,441.18538528019997
4796.440429913631,0.7219,554.7542140224181
4796.48044051764,0.7073,577.8928917198956
4796.520451121654,0.7929,459.85187918266257
4796.570464376679,0.8267,423.01812000532465
4796.610474980706,0.744,522.286569497288
4796.650485584739,0.7404,527.3778719391178
4796.690496188776,0.7305,541.7691447794164
4796.740509443831,0.7307,541.4726103550615
4796.7805200478815,0.8032,448.13350528116223
4796.820530651938,0.8268,422.9157997279208
4796.870543907015,0.8109,439.6633095825959
4796.910554511084,0.7497,514.3748388013616
4796.9505651151585,0.7081,576.587842987853
4797.000578370259,0.7595,501.1863065964756
4797.040588974346,0.7939,458.6941472644437
4797.0805995784385,0.7676,490.66472087498744
4797.130612833563,0.7077,577.2398141335484
4797.170623437668,0.7116,570.9299123324171
4797.210634041778,0.7376,531.38941965953
4797.250644645895,0.7592,501.5824746697923
4797.300657901048,0.8098,440.85856153149695
4797.340668505177,0.8161,434.07830112460465
4797.380679109311,0.7292,543.7025696970891
4797.430692364489,0.6536,676.7534536229182
4797.470702968635,0.7472,517.8226081538905
4797.510713572788,0.7379,530.9574256122071
4797.560726827987,0.7299,542.6602110799122
4797.6007374321525,0.7217,555.0617270127668
4797.640748036324,0.7533,509.4702264465061
4797.680758640499,0.7456,520.0474043591125
4797.730771895727,0.8307,418.9540858038108
4797.770782499917,0.8512,399.01722723942726
4797.810793104112,0.7605,499.8691306927488
4797.860806359363,0.7643,494.9109253184944
4797.900816963571,0.776,480.0995897896047
4797.940827567783,0.7397,528.3764894501705
4797.990840823057,0.705,581.6696857126905
4798.030851427281,0.7765,479.4815029895566
4798.070862031514,0.7971,455.01864076782846
4798.120875286811,0.7821,472.639717843292
4798.160885891054,0.7335,537.3465640282379
4798.200896495304,0.7783,477.26624517724434
4798.240907099558,0.7435,522.9892749231084
4798.290920354885,0.7577,503.5703787080905
4798.330930959153,0.7297,542.9577217471884
4798.370941563425,0.7186,559.8610602490293
4798.420954818775,0.7653,493.6183944545605
4798.460965423061,0.7371,532.1105822263606
4798.5009760273515,0.7971,455.01864076782846
4798.550989282724,0.7274,546.3967521613944
4798.590999887027,0.5998,803.6029562740723
4798.631010491337,0.7714,485.84249866667733
4798.671021095652,0.7808,474.2148775428441
4798.721034351054,0.6633,657.1047289044819
4798.761044955382,0.7128,569.0092102045392
4798.801055559715,0.7254,549.4138419433917
4798.851068815139,0.793,459.7359088661623
4798.891079419484,0.7613,498.8191249971854
4798.931090023837,0.7438,522.5674816165707
4798.981103279284,0.6748,634.8987349217019
4799.0211138836485,0.8095,441.18538528019997
4799.061124488017,0.8198,430.1689003322164
4799.111137743488,0.7668,491.68907149531714
4799.15114834787,0.7359,533.8473737558207
4799.191158952258,0.6927,602.510011296249
4799.231169556651,0.7388,529.6645994793621
4799.28118281215,0.7404,527.3778719391178
4799.321193416556,0.7894,463.9386477319728
4799.361204020968,0.7673,491.04847690381894
4799.411217276491,0.7383,530.382252512483
4799.451227880914,0.7156,564.56508895362
4799.491238485344,0.7312,540.7323385568712
4799.5412517408895,0.7403,527.5203581686625
4799.581262345331,0.7405,527.2354434312809
4799.621272949779,0.7187,559.7052730410701
4799.671286205346,0.7391,529.2347065923752
4799.711296809807,0.7579,503.30464271568883
4799.751307414274,0.7252,549.7169245933932
4799.791318018746,0.7001,589.8403801009807
4799.841331274344,0.7822,472.51887690709333
4799.881341878828,0.7908,462.2974278272503
4799.921352483318,0.7689,489.00696542721124
4799.971365738938,0.7314,540.4366548443684
4800.01137634344,0.6586,666.5168377011322
4800.051386947948,0.7361,533.5573185323677
4800.101400203591,0.8171,433.01646744635326
4800.141410808112,0.7649,494.1347984981876
4800.181421412639,0.725,550.0202581046643
4800.22143201717,0.7514,512.0499868384379
4800.271445272842,0.7438,522.5674816165707
4800.311455877387,0.7907,462.4143687850126
4800.351466481938,0.7217,555.0617270127668
4800.401479737632,0.7733,483.4580022842056
4800.441490342195,0.7175,561.5790209029744
4800.481500946763,0.7198,557.9958968039759
4800.53151420248,0.7112,571.5723079039365
4800.57152480706,0.8122,438.256995420743
4800.611535411647,0.7442,522.0058838284164
4800.661548667387,0.6527,678.6210715146401
4800.701559271987,0.7071,578.2198462108579
4800.741569876592,0.7076,577.4029797035925
4800.781580481201,0.722,554.6005533498724
4800.831593736972,0.723,553.0674517007861
4800.871604341595,0.7419,525.2474876819737
4800.9116149462225,0.7618,498.1645506035074
4800.961628202015,0.7084,576.0995892273168
4801.001638806656,0.7054,581.0101972607706
4801.041649411302,0.7323,539.1090747914117
4801.091662667119,0.768,490.15374555722576
4801.131673271778,0.7278,545.7963170401239
4801.171683876442,0.7615,498.55714051113813
4801.2216971322805,0.7455,520.1869299354468
4801.261707736958,0.7598,500.79060769978645
4801.30171834164,0.7491,515.1991562202279
4801.341728946328,0.78,475.18812360657535
4801.391742202197,0.7552,506.9099127036821
4801.431752806897,0.656,671.8106648756421
4801.471763411604,0.7362,533.4123795601772
4801.521776667495,0.6681,647.6966534597055
4801.561787272213,0.6637,656.3129184758362
4801.601797876938,0.7528,510.1472173351756
4801.651811132851,0.7715,485.71655948789953
4801.691821737589,0.7966,455.5900202172828
4801.7318323423315,0.7425,524.3989469795196
4801.771842947081,0.7711,486.22061023040726
4801.821856203022,0.6874,611.836775628501
4801.861866807783,0.7238,551.8455427936423
4801.901877412551,0.7689,489.00696542721124
4801.951890668516,0.8101,440.53210080778285
4801.991901273294,0.765,494.00562154230164
4802.031911878079,0.7535,509.19980736931626
4802.081925134068,0.7646,494.5226335166365
4802.1219357388645,0.771,486.3467455122048
4802.161946343667,0.7881,465.4704759518475
4802.211959599679,0.7652,493.74741954695327
4802.251970204495,0.718,560.7971508424808
4802.291980809316,0.7269,547.1486904199681
4802.331991414141,0.7512,512.3226798465763
4802.382004670182,0.8268,422.9157997279208
4802.42201527502,0.7023,586.1507474368608
4802.462025879866,0.7011,588.1589683581055
4802.51203913593,0.7207,556.6031340917713
4802.552049740787,0.686,614.3366132005814
4802.592060345649,0.6512,681.750992929264
4802.642073601735,0.7623,497.51126381085504
4802.682084206611,0.7504,513.4156331290918
4802.722094811492,0.8054,445.68864316052327
4802.762105416378,0.7723,484.7108065683255
4802.812118672494,0.701,588.3267857848203
4802.852129277392,0.7276,546.0964108168914
4802.892139882298,0.7043,582.8264954322478
4802.942153138436,0.7033,584.4850764554867
4802.982163743353,0.8049,446.2425337294342
4803.022174348276,0.7698,487.86420516207124
4803.072187604435,0.7897,463.5862228080365
4803.112198209373,0.7789,476.5312366117373
4803.152208814313,0.7363,533.2674996382106
4803.202222070496,0.7188,559.5495508482004
4803.2422326754495,0.8201,429.85423892788424
4803.282243280409,0.7405,527.2354434312809
4803.322253885373,0.7934,459.27246602306843
4803.372267141586,0.7616,498.4262256594902
4803.412277746564,0.7246,550.6276788191052
4803.452288351546,0.7564,505.30280382932483
4803.502301607782,0.7224,553.9865486520204
4803.542312212778,0.7519,511.36920607735226
4803.582322817778,0.7054,581.0101972607706
4803.632336074037,0.7687,489.2614573975061
4803.672346679051,0.8722,380.0342479812838
4803.712357284068,0.7961,456.1624765882482
4803.76237054035,0.711,571.8939123448349
4803.802381145382,0.7169,562.5194252661756
4803.842391750419,0.7152,565.1967692391636
4803.882402355462,0.745,520.8854007953163
4803.932415611772,0.7338,536.9072868490463
4803.972426216828,0.6975,594.2459459102523
4804.012436821889,0.7389,529.5212436690165
4804.062450078222,0.7477,517.1302866645634
4804.102460683296,0.7425,524.3989469795196
4804.142471288374,0.698,593.3948968323723
4804.19248454473,0.6762,632.272480044359
4804.232495149822,0.6984,592.7153732151202
4804.27250575492,0.7409,526.6663059938603
4804.312516360022,0.6076,783.1030885190164
4804.362529616407,0.7119,570.4488261009657
4804.402540221522,0.6833,619.2011925648817
4804.442550826644,0.7092,574.8006070534752
4804.492564083052,0.726,548.5060963974607
4804.532574688184,0.6868,612.906262767875
4804.572585293323,0.675,634.5225549302711
4804.622598549754,0.7384,530.2386052697871
4804.662609154905,0.7397,528.3764894501705
4804.702619760062,0.7097,573.9909729579846
4804.7526330165165,0.6574,668.952338070334
4804.792643621685,0.7205,556.9121859244975
4804.8326542268605,0.6984,592.7153732151202
4804.872664832041,0.6986,592.3760490343502
4804.922678088524,0.6889,609.1752727069477
4804.962688693718,0.7724,484.5853071374135
4805.002699298917,0.8323,417.3448549470966
4805.052712555422,0.759,501.8468477387238
4805.092723160633,0.7726,484.33445445363583
4805.13273376585,0.7503,513.5524981598213
4805.182747022379,0.763,496.59881904720794
4805.222757627608,0.7939,458.6941472644437
4805.262768232843,0.8164,433.75934129002894
4805.302778838083,0.7657,493.10279950348706
4805.352792094642,0.7435,522.9892749231084
4805.392802699894,0.7566,505.03569552895124
4805.432813305152,0.6935,601.1207415050744
4805.482826561733,0.7042,582.9920356338506
4805.522837167005,0.7499,514.1005059246564
4805.562847772281,0.7887,464.7625370641563
4805.612861028884,0.7208,556.4487046378581
4805.6528716341745,0.6986,592.3760490343502
4805.692882239468,0.8268,422.9157997279208
4805.742895496094,0.6967,595.611437558327
4805.782906101401,0.6627,658.2951339810023
4805.822916706713,0.6587,666.3144799562906
4805.862927312032,0.728,545.496470559077
4805.912940568687,0.7238,551.8455427936423
4805.952951174019,0.7939,458.6941472644437
4805.992961779355,0.772,485.08759752015624
4806.042975036034,0.7521,511.09727386931894
4806.082985641383,0.7042,582.9920356338506
4806.122996246737,0.7196,558.3061095130776
4806.173009503439,0.7687,489.2614573975061
4806.213020108805,0.7433,523.2707542351422
4806.253030714178,0.7086,575.77443118309
4806.303043970902,0.7236,552.1506401091976
4806.343054576286,0.7241,551.3883707476699
4806.383065181677,0.7336,537.2000784209038
4806.423075787073,0.7402,527.6629021511097
4806.473089043827,0.6864,613.6208128320485
4806.513099649236,0.6602,663.2901394830026
4806.55311025465,0.7218,554.9079385649156
4806.603123511425,0.7651,493.87649523404815
4806.643134116853,0.748,516.7155600124288
4806.683144722284,0.7201,557.531062289959
4806.7331579790825,0.7567,504.90222079463996
4806.773168584527,0.7421,524.9644120848541
4806.813179189979,0.7317,539.9935838104021
4806.8531897954335,0.7091,574.9627394259551
4806.903203052262,0.7246,550.6276788191052
4806.943213657732,0.8149,435.3576650918949
4806.983224263206,0.7378,531.1013650777377
4807.033237520054,0.6493,685.7467424959774
4807.073248125541,0.6926,602.6840085926665
4807.113258731034,0.7902,462.9997396782711
4807.163271987907,0.658,667.7329222729719
4807.203282593412,0.6838,618.2959952772544
4807.243293198921,0.7685,489.51614808589073
4807.293306455817,0.6763,632.0855142598512
4807.3333170613405,0.7357,534.1376655655886
4807.373327666868,0.8354,414.25324122887054
4807.413338272402,0.7933,459.38826101461547
4807.463351529328,0.742,525.10592127069
4807.503362134874,0.7015,587.4884161764209
4807.543372740427,0.7402,527.6629021511097
4807.593385997374,0.7214,555.5234761428325
4807.633396602938,0.7293,543.5534775405988
4807.673407208508,0.698,593.3948968323723
4807.723420465479,0.76,500.5270687232401
4807.763431071063,0.744,522.286569497288
4807.803441676649,0.753,509.87625914585544
4807.843452282243,0.7036,583.9867595366695
4807.893465539244,0.6944,599.5635488403033
4807.93347614485,0.661,661.6855700394424
4807.97348675046,0.7109,572.0548163625589
4808.023500007484,0.696,596.8101072960479
4808.0635106131085,0.6948,598.8734047983107
4808.103521218737,0.7075,577.5662144652423
4808.153534475782,0.7011,588.1589683581055
4808.193545081425,0.7365,532.9779168166789
4808.233555687073,0.7678,490.4091333903758
4808.28356894414,0.7434,523.1299861813316
4808.3235795498,0.6596,664.4973999038551
4808.363590155467,0.7297,542.9577217471884
4808.4036007611385,0.7201,557.531062289959
4808.4536140182345,0.7237,551.9980598329773
4808.4936246239195,0.7094,574.476547977797
4808.533635229609,0.7033,584.4850764554867
4808.583648486728,0.6701,643.8361602639467
4808.62365909243,0.7293,543.5534775405988
4808.663669698138,0.6731,638.109815688169
4808.71368295528,0.7247,550.4757293423337
4808.753693561001,0.781,473.9720332142524
4808.793704166725,0.7363,533.2674996382106
4808.843717423892,0.7512,512.3226798465763
4808.883728029628,0.7066,579.0384474074723
4808.923738635373,0.6779,629.1053052595406
4808.963749241122,0.7432,523.4115791151106
4809.013762498315,0.7544,507.9855818769451
4809.053773104078,0.7002,589.6719146858385
4809.0937837098445,0.6528,678.4131768901287
4809.143796967062,0.675,634.5225549302711
4809.183807572842,0.6589,665.9100408342807
4809.223818178628,0.7146,566.1462793246201
4809.273831435867,0.7239,551.6930889562524
4809.313842041664,0.7631,496.4686747331953
4809.353852647468,0.6736,637.1628560074801
4809.393863253277,0.7107,572.3768281835593
4809.443876510547,0.7253,549.5653519280268
4809.483887116367,0.7674,490.9205082192203
4809.523897722194,0.7706,486.85177778786596
4809.573910979486,0.8014,450.148841407334
4809.613921585326,0.7485,516.0254567573154
4809.6539321911705,0.7569,504.6354300178873
4809.703945448484,0.7453,520.4661495932685
4809.743956054342,0.7096,574.1527628702271
4809.783966660205,0.6674,649.0560323759554
4809.833979917541,0.7176,561.4225161344514
4809.873990523417,0.7342,536.3224213632878
4809.914001129298,0.7712,486.09452401251286
4809.954011735184,0.7555,506.5074174570235
4810.0040249925505,0.7648,494.2640261281968
4810.04403559845,0.7364,533.1226787343948
4810.084046204354,0.7407,526.9507594560588
4810.134059461743,0.7729,483.95854049488423
4810.17407006766,0.7536,509.06467856165114
4810.214080673583,0.7356,534.2829002707546
4810.264093930996,0.7206,556.7576278420851
4810.304104536931,0.7125,569.4884760594213
4810.3441151428715,0.7249,550.1720190198008
4810.384125748817,0.7475,517.4070485513736
4810.434139006258,0.7148,565.829510279259
4810.474149612217,0.6788,627.4381909648197
4810.514160218182,0.7299,542.6602110799122
4810.564173475645,0.6948,598.8734047983107
4810.604184081621,0.6414,702.7431667119068
4810.644194687604,0.7084,576.0995892273168
4810.69420794509,0.7716,485.59066927135126
4810.734218551085,0.7018,586.9862542967413
4810.774229157085,0.7187,559.7052730410701
4810.824242414594,0.6726,639.0588880142762
4810.864253020606,0.7268,547.2992643270782
4810.904263626624,0.6791,626.8839585879632
4810.944274232648,0.6775,629.8483784284111
4810.994287490186,0.6985,592.545674690552
4811.034298096222,0.7355,534.4281942190397
4811.074308702264,0.7295,543.2554771445868
4811.1243219598255,0.7115,571.0904096567622
4811.164332565879,0.6403,705.1597847805825
4811.204343171939,0.6599,663.8933580656603
4811.254356429523,0.6965,595.9535458696479
4811.294367035595,0.7295,543.2554771445868
4811.334377641673,0.7662,492.45944102785484
4811.3843908992785,0.7245,550.7796912191699
4811.424401505369,0.7388,529.6645994793621
4811.464412111465,0.7346,535.7385110184634
4811.504422717567,0.7496,514.5120875907069
4811.554435975201,0.8041,447.13090873118983
4811.594446581315,0.7124,569.6483659095805
4811.634457187435,0.708,576.7507321821935
4811.684470445092,0.6535,676.9605857413667
4811.724481051224,0.7498,514.2376449224406
4811.764491657363,0.7905,462.64838385401436
4811.814504915043,0.6916,604.4281348306171
4811.854515521192,0.6769,630.9654591091286
4811.8945261273475,0.6711,641.9188438725886
4811.934536733509,0.7668,491.68907149531714
4811.984549991218,0.7314,540.4366548443684
4812.024560597392,0.692,603.7295769442896
4812.06457120357,0.6596,664.4973999038551
4812.114584461303,0.6715,641.1543146705434
4812.154595067495,0.7206,556.7576278420851
4812.1946056736915,0.6882,610.4151417501049
4812.244618931446,0.7043,582.8264954322478
4812.284629537656,0.7205,556.9121859244975
4812.32464014387,0.6975,594.2459459102523
4812.374653401647,0.7444,521.7254243666249
4812.414664007874,0.7506,513.1420671559459
4812.454674614109,0.7258,548.8084281213995
4812.4946852203475,0.6871,612.371168980984
4812.544698478154,0.6689,646.1483003645354
4812.584709084405,0.6711,641.9188438725886
4812.6247196906625,0.7072,578.0563342912365
4812.674732948491,0.7248,550.3238427541322
4812.7147435547595,0.6879,610.9476732442587
4812.754754161035,0.7072,578.0563342912365
4812.8047674188865,0.7339,536.760980819255
4812.8447780251745,0.7217,555.0617270127668
4812.884788631467,0.6355,715.8522925868757
4812.924799237765,0.7162,563.6195522581019
4812.974812495645,0.7359,533.8473737558207
4813.014823101957,0.7347,535.5926824293123
4813.054833708272,0.6782,628.5488629978042
4813.104846966176,0.7,590.0089177206403
4813.144857572504,0.6735,637.3520792330735
4813.184868178839,0.7133,568.2117771684865
4813.234881436764,0.7392,529.0915252631188
4813.274892043111,0.6994,591.021662046566
4813.314902649464,0.675,634.5225549302711
4813.364915907413,0.727,546.9981786435367
4813.404926513777,0.7055,580.8455003942528
4813.444937120148,0.6519,680.2876741839065
4813.4849477265225,0.7234,552.4559905121739
4813.534960984501,0.7767,479.2346024345669
4813.574971590888,0.7242,551.236106306718
4813.614982197283,0.6919,603.9041028389668
4813.664995455282,0.7858,468.19928099195016
4813.7050060616875,0.7292,543.7025696970891
4813.745016668101,0.7352,534.8644318449782
4813.795029926123,0.725,550.0202581046643
4813.835040532547,0.7273,546.5470157566535
4813.875051138977,0.7664,492.20245013931407
4813.925064397022,0.7273,546.5470157566535
4813.965075003465,0.714,567.098184135251
4814.005085609913,0.739,529.3779460505178
4814.045096216365,0.729,544.0009380952481
4814.09510947444,0.7404,527.3778719391178
4814.135120080907,0.7554,506.6415292580903
4814.1751306873775,0.6696,644.798041355506
4814.225143945474,0.7134,568.0524917306982
4814.265154551959,0.7499,514.1005059246564
4814.305165158449,0.7286,544.598412175712
4814.3551784165675,0.6846,616.8518028531264
4814.395189023069,0.6666,650.6148551304568
4814.435199629577,0.664,655.7199994995949
4814.475210236089,0.6508,682.5892958873517
4814.525223494237,0.6673,649.2505786647529
4814.5652341007635,0.697,595.0988271683487
4814.605244707294,0.6703,643.4520103918944
4814.655257965465,0.7191,559.082773998532
4814.695268572009,0.6558,672.2204923117782
4814.735279178558,0.6454,694.0593813193516
4814.785292436751,0.6619,659.8873792379434
4814.825303043311,0.6927,602.510011296249
4814.86531364988,0.7204,557.0668083747313
4814.905324256452,0.6998,590.3462097386151
4814.955337514673,0.7103,573.0216680390777
4814.995348121259,0.7023,586.1507474368608
4815.03535872785,0.7289,544.1502144042702
4815.085371986095,0.6724,639.4391098933926
4815.125382592698,0.6199,752.3349244481767
4815.165393199305,0.7143,566.6219318863544
4815.215406457573,0.7576,503.7033256321959
4815.255417064195,0.7567,504.90222079463996
4815.295427670821,0.8015,450.03652195675494
4815.345440929111,0.6899,607.4105737776664
4815.385451535751,0.6852,615.7719765340862
4815.425462142394,0.6747,635.0869503787114
4815.465472749044,0.7222,554.2934234731497
4815.5154860073635,0.6996,590.6837910702656
4815.555496614026,0.7196,558.3061095130776
4815.595507220693,0.6322,723.3450932456564
4815.645520479036,0.7268,547.2992643270782
4815.685531085716,0.7139,567.2570683229466
4815.725541692403,0.7071,578.2198462108579
4815.775554950767,0.7286,544.598412175712
4815.815565557466,0.7094,574.476547977797
4815.855576164168,0.7687,489.2614573975061
4815.905589422556,0.7488,515.6120582016955
4815.945600029272,0.7201,557.531062289959
4815.985610635994,0.6496,685.1135029572015
4816.02562124272,0.6586,666.5168377011322
4816.075634501136,0.7198,557.9958968039759
4816.115645107877,0.73,542.511547436267
4816.155655714622,0.6748,634.8987349217019
4816.205668973061,0.7056,580.6808735468517
4816.245679579819,0.7013,587.823548844076
4816.285690186582,0.73,542.511547436267
4816.335703445042,0.7621,497.7724242320329
4816.375714051817,0.6836,618.6578358492776
4816.415724658598,0.6908,605.8288927835748
4816.465737917084,0.6957,597.324930864314
4816.505748523877,0.6975,594.2459459102523
4816.545759130676,0.7046,582.3302976525912
4816.5857697374795,0.7314,540.4366548443684
4816.635782995993,0.7167,562.8334183609744
4816.67579360281,0.6474,689.7777239785446
4816.715804209633,0.7399,528.0908809281289
4816.765817468168,0.7185,560.0169125082753
4816.805828075003,0.6731,638.109815688169
4816.845838681843,0.6298,728.8685395058228
4816.895851940401,0.6568,670.1750972713235
4816.935862547254,0.7091,574.9627394259551
4816.975873154112,0.7781,477.51162596071083
4817.015883760977,0.7732,483.58306401218954
4817.0658970195645,0.716,563.9344670528927
4817.10590762644,0.6566,670.583428763112
4817.145918233323,0.6849,616.3115349548833
4817.195931491932,0.7575,503.8363252119544
4817.235942098826,0.756,505.83765654157565
4817.275952705726,0.7354,534.57354744267
4817.325965964357,0.6785,627.9931586676453
4817.36597657127,0.7466,518.6552306875002
4817.405987178188,0.6933,601.4676081304826
4817.445997785112,0.686,614.3366132005814
4817.496011043772,0.6779,629.1053052595406
4817.536021650708,0.7407,526.9507594560588
4817.57603225765,0.7485,516.0254567573154
4817.626045516333,0.7222,554.2934234731497
4817.6660561232875,0.717,562.3625272428744
4817.706066730246,0.6974,594.4163754193104
4817.7560799889525,0.6815,622.4764160887837
4817.7960905959235,0.7125,569.4884760594213
4817.836101202901,0.7601,500.3953772391646
4817.886114461631,0.689,608.9984569793749
4817.9261250686195,0.6998,590.3462097386151
4817.966135675614,0.7371,532.1105822263606
4818.016148934365,0.7349,535.301203820433
4818.056159541374,0.7094,574.476547977797
4818.096170148386,0.7543,508.12028122229435
4818.136180755405,0.65,684.2705470859006
4818.186194014185,0.7216,555.2155794013985
4818.226204621216,0.74,527.9481634995956
4818.266215228252,0.7209,556.2943394446727
4818.316228487055,0.7065,579.202376241746
4818.356239094104,0.7076,577.4029797035925
4818.396249701159,0.7275,546.2465505261604
4818.446262959984,0.69,607.2345257549586
4818.486273567051,0.6964,596.1247105675654
4818.526284174123,0.7641,495.17004064260607
4818.566294781201,0.6451,694.705066970318
4818.616308040056,0.7072,578.0563342912365
4818.656318647145,0.7105,572.6991119736131
4818.696329254241,0.7427,524.1165569787131
4818.746342513118,0.7954,456.96572989346845
4818.7863531202265,0.696,596.8101072960479
4818.826363727339,0.6755,633.583566356049
4818.876376986239,0.6877,611.3030814884736
4818.916387593365,0.6884,610.0605074771732
4818.956398200496,0.6992,591.3598229989648
4818.996408807633,0.6905,606.3554326430326
4819.046422066563,0.6888,609.352165450333
4819.086432673712,0.6669,650.0296391674648
4819.126443280867,0.6596,664.4973999038551
4819.176456539819,0.6994,591.021662046566
4819.2164671469845,0.6858,614.694983160747
4819.256477754158,0.7754,480.8428728217629
4819.306491013132,0.7002,589.6719146858385
4819.346501620317,0.6735,637.3520792330735
4819.386512227507,0.6639,655.9175498522434
4819.436525486504,0.6524,679.2453290801851
4819.476536093707,0.6877,611.3030814884736
4819.516546700916,0.7318,539.8460145425349
4819.55655730813,0.6886,609.706182163511
4819.606570567156,0.6538,676.3394744806377
4819.646581174382,0.6265,736.5671732500487
4819.686591781614,0.6771,630.5927689061626
4819.736605040663,0.736,533.7023165868767
4819.7766156479065,0.7715,485.71655948789953
4819.816626255157,0.7097,573.9909729579846
4819.866639514226,0.7182,560.4848599560863
4819.906650121489,0.6782,628.5488629978042
4819.946660728757,0.7143,566.6219318863544
4819.996673987849,0.6772,630.406547618791
4820.036684595129,0.6754,633.7711972510602
4820.076695202415,0.7263,548.053067020667
4820.116705809707,0.7406,527.093072613979
4820.1667190688295,0.6375,711.3677230643727
4820.206729676132,0.6155,763.1297262704591
4820.246740283442,0.6159,762.1388112798326
4820.296753542587,0.7329,538.2267372313776
4820.336764149907,0.708,576.7507321821935
4820.376774757234,0.6842,617.5732658336137
4820.426788016401,0.6973,594.5868782575602
4820.466798623741,0.6806,624.1237812461402
4820.506809231086,0.6682,647.5028051452749
4820.556822490275,0.6195,753.3067747710862
4820.596833097632,0.7292,543.7025696970891
4820.636843704995,0.6531,677.7900658889022
4820.676854312364,0.7013,587.823548844076
4820.726867571581,0.766,492.716633240757
4820.7668781789625,0.729,544.0009380952481
4820.80688878635,0.734,536.6147345834135
4820.85690204559,0.6852,615.7719765340862
4820.896912652989,0.7023,586.1507474368608
4820.936923260393,0.664,655.7199994995949
4820.9869365196555,0.6315,724.9495948933943
4821.026947127072,0.6899,607.4105737776664
4821.066957734495,0.6515,681.1232787477865
4821.106968341923,0.6552,673.4522272177527
4821.156981601214,0.671,642.1101898398226
4821.1969922086555,0.6747,635.0869503787114
4821.2370028161,0.7434,523.1299861813316
4821.287016075415,0.7213,555.677520566611
4821.327026682872,0.657,669.7671386276779
4821.367037290336,0.681,623.390812589412
4821.417050549673,0.7133,568.2117771684865
4821.457061157149,0.6348,717.4319148192683
4821.497071764629,0.7134,568.0524917306982
4821.537082372116,0.7347,535.5926824293123
4821.587095631483,0.6014,799.3327459792637
4821.627106238981,0.7156,564.56508895362
4821.667116846487,0.6823,621.0175608601566
4821.717130105876,0.7221,554.4469565119006
4821.757140713393,0.6716,640.9633957822765
4821.797151320915,0.6922,603.38075204625
4821.847164580326,0.6834,619.0199941499989
4821.8871751878605,0.68,625.2256604426146
4821.927185795401,0.6712,641.7275834229772
4821.977199054834,0.7066,579.0384474074723
4822.017209662388,0.6481,688.2885003796387
4822.057220269946,0.7244,550.9317665772754
4822.09723087751,0.7126,569.3286535170392
4822.147244136972,0.665,653.7493950112258
4822.187254744549,0.603,795.0964822351367
4822.227265352131,0.6476,689.3517387121756
4822.277278611616,0.6881,610.5925748585596
4822.31728921921,0.7173,561.8922268298978
4822.357299826808,0.7073,577.8928917198956
4822.407313086317,0.6361,714.5024792458639
4822.4473236939275,0.6293,730.0272188886959
4822.487334301546,0.7109,572.0548163625589
4822.537347561075,0.7451,520.7455941256749
4822.577358168705,0.734,536.6147345834135
4822.617368776341,0.6925,602.8580812723076
4822.657379383982,0.6745,635.463632463358
4822.70739264354,0.6627,658.2951339810023
4822.747403251193,0.6776,629.6624867599862
4822.787413858851,0.6982,593.0549890363588
4822.837427118433,0.662,659.6880328505885
4822.877437726104,0.6801,625.0418113687874
4822.917448333781,0.6777,629.4766773747305
4822.9674615933845,0.6635,656.7086446828016
4823.007472201074,0.6648,654.1428046075522
4823.047482808768,0.6718,640.5818137446965
4823.087493416468,0.7662,492.45944102785484
4823.137506676101,0.6948,598.8734047983107
4823.177517283813,0.6493,685.7467424959774
4823.217527891531,0.6957,597.324930864314
4823.267541151186,0.6931,601.8147750728738
4823.307551758916,0.6673,649.2505786647529
4823.347562366651,0.6915,604.6029637430549
4823.397575626329,0.7202,557.3762465216774
4823.437586234077,0.7019,586.8190100727662
4823.477596841831,0.6328,721.9740419966378
4823.52761010153,0.607,784.6519956028682
4823.5676207092965,0.6884,610.0605074771732
4823.607631317068,0.6159,762.1388112798326
4823.647641924845,0.6298,728.8685395058228
4823.697655184574,0.6543,675.3061869663853
4823.737665792363,0.7273,546.5470157566535
4823.777676400157,0.7143,566.6219318863544
4823.827689659908,0.6342,718.7900418850741
4823.867700267715,0.6761,632.4595287955882
4823.907710875529,0.6984,592.7153732151202
4823.957724135303,0.7077,577.2398141335484
4823.997734743126,0.6899,607.4105737776664
4824.037745350957,0.6767,631.3384798083769
4824.077755958793,0.6542,675.5126549479436
4824.127769218597,0.6779,629.1053052595406
4824.1677798264445,0.6938,600.6010039039409
4824.207790434298,0.6776,629.6624867599862
4824.257803694123,0.6692,645.5690990774075
4824.297814301989,0.5853,843.9123927519214
4824.337824909861,0.7119,570.4488261009657
4824.3878381697095,0.6859,614.5157589946202
4824.427848777593,0.6627,658.2951339810023
4824.467859385482,0.6832,619.3824705515196
4824.517872645353,0.7268,547.2992643270782
4824.557883253255,0.6834,619.0199941499989
4824.5978938611615,0.6648,654.1428046075522
4824.637904469075,0.7185,560.0169125082753
4824.687917728973,0.7392,529.0915252631188
4824.727928336898,0.6858,614.694983160747
4824.7679389448285,0.6816,622.2937782249094
4824.81795220475,0.6762,632.272480044359
4824.857962812694,0.7144,566.4633144502781
4824.897973420642,0.6719,640.3911504938945
4824.947986680586,0.7127,569.1688982446609
4824.987997288547,0.6656,652.5712932894335
4825.028007896513,0.6962,596.4672612596452
4825.078021156478,0.7212,555.8316290731224
4825.118031764458,0.662,659.6880328505885
4825.158042372443,0.7538,508.79458226539873
4825.198052980433,0.6811,623.2077721742236
4825.248066240426,0.6433,698.5981701037441
4825.288076848428,0.6744,635.6520991903208
4825.328087456436,0.6813,622.8419331110301
4825.378100716453,0.6714,641.3453188728503
4825.418111324474,0.7229,553.2204756155501
4825.458121932498,0.7456,520.0474043591125
4825.508135192539,0.6926,602.6840085926665
4825.548145800577,0.6352,716.5286340958262
4825.588156408619,0.6207,750.3968574039867
4825.628167016668,0.6682,647.5028051452749
4825.678180276737,0.6912,605.1279058401817
4825.718190884799,0.7028,585.3170231789231
4825.758201492865,0.5975,809.8015874581513
4825.808214752955,0.6299,728.6371346711887
4825.8482253610355,0.5906,828.8339668139778
4825.88823596912,0.6808,623.7571354237488
4825.938249229233,0.6906,606.1798431109926
4825.9782598373295,0.6427,699.9031456898168
4826.018270445432,0.6288,731.1886633911978
4826.068283705567,0.5685,894.5269529765903
4826.108294313682,0.662,659.6880328505885
4826.148304921802,0.6735,637.3520792330735
4826.188315529927,0.7007,588.8306692355532
4826.238328790093,0.6622,659.2896109742472
4826.27833939823,0.6954,597.8404208698562
4826.318350006374,0.6986,592.3760490343502
4826.368363266562,0.6756,633.3960187721971
4826.408373874718,0.6651,653.5528232880181
4826.448384482878,0.681,623.390812589412
4826.498397743087,0.6707,642.6847413573564
4826.538408351261,0.6986,592.3760490343502
4826.57841895944,0.6913,604.9528492039219
4826.618429567625,0.6481,688.2885003796387
4826.668442827862,0.6137,767.6128473915765
4826.708453436059,0.6522,679.6619794537387
4826.748464044263,0.7225,553.8332067990581
4826.798477304522,0.6912,605.1279058401817
4826.838487912738,0.6396,706.7041287128925
4826.878498520957,0.7141,566.9393666915018
4826.92851178124,0.5642,908.2140028764599
4826.968522389473,0.6715,641.1543146705434
4827.008532997711,0.6864,613.6208128320485
4827.058546258017,0.6661,651.5919727791234
4827.098556866266,0.7267,547.4499003990677
4827.1385674745225,0.694,600.2548865570799
4827.178578082785,0.6304,727.4817618578921
4827.228591343118,0.7262,548.204014430895
4827.268601951392,0.6981,593.2249064166059
4827.308612559671,0.6767,631.3384798083769
4827.3586258200285,0.6869,612.7278202706603
4827.39863642832,0.6736,637.1628560074801
4827.438647036617,0.6629,657.8979731206109
4827.4886602969955,0.6961,596.6386473385911
4827.528670905305,0.6608,662.0861661062779
4827.56868151362,0.5877,837.0338807493611
4827.618694774021,0.6664,651.0054382695965
4827.658705382349,0.6362,714.277881571414
4827.69871599068,0.6751,634.3345902967448
4827.738726599018,0.6808,623.7571354237488
4827.7887398594485,0.6262,737.2730906251375
4827.828750467799,0.6061,786.983986821472
4827.868761076156,0.5314,1023.7906573345717
4827.918774336607,0.7218,554.9079385649156
4827.958784944975,0.7342,536.3224213632878
4827.998795553349,0.7113,571.4116074044421
4828.048808813824,0.6478,688.9261479368654
4828.088819422211,0.7267,547.4499003990677
4828.128830030601,0.7419,525.2474876819737
4828.168840638998,0.7219,554.7542140224181
4828.218853899502,0.7085,575.9369757848523
4828.258864507912,0.6996,590.6837910702656
4828.298875116327,0.6607,662.2866005754047
4828.348888376852,0.6696,644.798041355506
4828.38889898528,0.6925,602.8580812723076
4828.428909593712,0.772,485.08759752015624
4828.47892285426,0.7063,579.5304428203157
4828.518933462706,0.6563,671.1966260854363
4828.5589440711565,0.6486,687.227720018474
4828.608957331727,0.6922,603.38075204625
4828.648967940189,0.7033,584.4850764554867
4828.688978548657,0.6999,590.1775275860857
4828.728989157131,0.6855,615.2331263490358
4828.779002417731,0.7259,548.6572310225546
4828.8190130262155,0.6907,606.0043298392249
4828.859023634708,0.6347,717.6580018845583
4828.909036895331,0.5903,829.6766330942643
4828.949047503834,0.7046,582.3302976525912
4828.989058112343,0.6164,760.9028793087314
4829.039071372987,0.7136,567.7341217238884
4829.079081981508,0.6313,725.409004543698
4829.119092590036,0.6501,684.06005120324
4829.159103198569,0.7425,524.3989469795196
4829.209116459241,0.7168,562.676388959991
4829.249127067786,0.725,550.0202581046643
4829.289137676336,0.6969,595.2696237444045
4829.339150937032,0.7259,548.6572310225546
4829.379161545595,0.6946,599.2183277817971
4829.419172154162,0.7391,529.2347065923752
4829.4691854148805,0.6752,634.146709172002
4829.50919602346,0.6283,732.3528818187253
4829.549206632047,0.7219,554.7542140224181
4829.599219892787,0.6389,708.253551520595
4829.639230501385,0.727,546.9981786435367
4829.67924110999,0.6663,651.2008617465156
4829.719251718598,0.6866,613.2633816940041
4829.769264979368,0.7316,540.1412135945972
4829.809275587989,0.7683,489.7710376993085
4829.849286196615,0.6784,628.1783115325356
4829.899299457407,0.6778,629.2909502240884
4829.939310066045,0.702,586.651837315489
4829.979320674691,0.7057,580.516316678882
4830.029333935505,0.6959,596.9816411744831
4830.069344544162,0.67,644.0283642181697
4830.109355152824,0.6993,591.1907062550191
4830.15936841366,0.681,623.390812589412
4830.199379022335,0.6358,715.1769082386386
4830.239389631015,0.6165,760.6560537016675
4830.279400239701,0.6842,617.5732658336137
4830.329413500564,0.6698,644.4130304198706
4830.3694241092635,0.6669,650.0296391674648
4830.409434717967,0.6696,644.798041355506
4830.459447978854,0.6779,629.1053052595406
4830.499458587569,0.6771,630.5927689061626
4830.53946919629,0.6999,590.1775275860857
4830.5894824572,0.6915,604.6029637430549
4830.629493065933,0.627,735.3928952398893
4830.669503674672,0.6209,749.9135107826837
4830.709514283417,0.6969,595.2696237444045
4830.7595275443555,0.6562,671.4012121097472
4830.799538153112,0.6337,719.9247625343668
4830.839548761874,0.6188,755.012049962311
4830.889562022835,0.6775,629.8483784284111
4830.9295726316095,0.6392,707.5888898441284
4830.9695832403895,0.6331,721.2899776984669
4831.019596501372,0.6766,631.525114216237
4831.0596071101645,0.6679,648.0846113327488
4831.099617718963,0.6522,679.6619794537387
4831.149630979968,0.6698,644.4130304198706
4831.189641588778,0.6854,615.4126644610616
4831.229652197592,0.7356,534.2829002707546
4831.269662806414,0.6992,591.3598229989648
4831.319676067448,0.7015,587.4884161764209
4831.359686676281,0.6146,765.3663631413497
4831.399697285121,0.5753,873.5054899972929
4831.449710546177,0.5857,842.7600993858415
4831.489721155027,0.615,764.3710900098708
4831.529731763885,0.6209,749.9135107826837
4831.579745024962,0.5985,807.0977488259105
4831.619755633832,0.6077,782.8453832801216
4831.659766242706,0.604,792.4658962232834
4831.699776851586,0.6042,791.9413457926105
4831.749790112693,0.63,728.4058400204123
4831.7898007215845,0.736,533.7023165868767
4831.829811330482,0.7033,584.4850764554867
4831.879824591612,0.6707,642.6847413573564
4831.919835200521,0.657,669.7671386276779
4831.959845809438,0.7023,586.1507474368608
4832.009859070588,0.6567,670.379216382811
4832.049869679516,0.6379,710.4758671943621
4832.089880288449,0.6462,692.3419472531975
4832.139893549624,0.7314,540.4366548443684
4832.179904158569,0.6974,594.4163754193104
4832.219914767519,0.7346,535.7385110184634
4832.2599253764765,0.6572,669.3595523783823
4832.309938637679,0.6817,622.1112207296135
4832.349949246648,0.6892,608.6450563928917
4832.389959855621,0.6518,680.496431108002
4832.439973116848,0.592,824.9184480914474
4832.479983725833,0.5653,904.6829162212146
4832.519994334825,0.6207,750.3968574039867
4832.570007596073,0.5877,837.0338807493611
4832.610018205077,0.6679,648.0846113327488
4832.650028814086,0.6455,693.8443528004103
4832.700042075356,0.6755,633.583566356049
4832.740052684378,0.6705,643.0682042263329
4832.780063293405,0.5644,907.570451156009
4832.820073902437,0.6786,627.8080876502127
4832.8700871637375,0.7667,491.8173408302307
4832.910097772781,0.7448,521.1651830925902
4832.950108381832,0.7536,509.06467856165114
4833.000121643152,0.689,608.9984569793749
4833.040132252215,0.6436,697.9470505259974
4833.080142861283,0.6037,793.2536995876713
4833.1301561226255,0.6298,728.8685395058228
4833.170166731707,0.696,596.8101072960479
4833.210177340792,0.6784,628.1783115325356
4833.250187949884,0.7145,566.3047636087914
4833.300201211256,0.7063,579.5304428203157
4833.3402118203585,0.5802,858.8136742062403
4833.380222429469,0.6414,702.7431667119068
4833.430235690863,0.6066,785.6871547273503
4833.470246299984,0.6083,781.3018198757754
4833.5102569091105,0.6492,685.9580174500106
4833.560270170528,0.6331,721.2899776984669
4833.600280779668,0.6186,755.5003350452662
4833.640291388811,0.7625,497.2503088657376
4833.69030465025,0.6601,663.4911209634267
4833.730315259407,0.6086,780.5317495786442
4833.77032586857,0.7283,545.0471639228698
4833.810336477737,0.6191,754.2805094345049
4833.860349739205,0.5884,835.0434857973024
4833.900360348384,0.7029,585.1504917933166
4833.94037095757,0.5955,815.2501858887127
4833.99038421906,0.5944,818.270386028729
4834.030394828258,0.6143,766.1140942213356
4834.070405437461,0.6656,652.5712932894335
4834.1204186989735,0.6208,750.1551256994276
4834.160429308188,0.6483,687.8638937032126
4834.200439917408,0.648,688.5009511656647
4834.250453178943,0.7107,572.3768281835593
4834.290463788176,0.6965,595.9535458696479
4834.330474397414,0.638,710.2531652903355
4834.37048500666,0.6507,682.7991132216392
4834.420498268222,0.6271,735.1583766341422
4834.460508877478,0.63,728.4058400204123
4834.500519486741,0.6375,711.3677230643727
4834.550532748325,0.5414,986.3198863269058
4834.5905433576,0.67,644.0283642181697
4834.630553966878,0.648,688.5009511656647
4834.680567228486,0.7107,572.3768281835593
4834.720577837778,0.6252,739.6334922222974
4834.760588447076,0.603,795.0964822351367
4834.800599056378,0.6617,660.2863431839876
4834.850612318015,0.639,708.0318936099794
4834.89062292733,0.7329,538.2267372313776
4834.93063353665,0.6696,644.798041355506
4834.980646798308,0.631,726.0989382651799
4835.020657407642,0.6297,729.1000545943117
4835.060668016979,0.6239,742.7189986915627
4835.11068127866,0.6315,724.9495948933943
4835.15069188801,0.6527,678.6210715146401
4835.190702497366,0.5411,987.4138705996381
4835.240715759069,0.5895,831.9300361639516
4835.280726368437,0.6269,735.6275260821667
4835.320736977811,0.6917,604.2533817383419
4835.36074758719,0.664,655.7199994995949
4835.410760848922,0.6165,760.6560537016675
4835.450771458313,0.6749,634.7106031220786
4835.490782067711,0.6437,697.7302129455305
4835.5407953294625,0.6236,743.4337804040489
4835.580805938872,0.6119,772.1355900261239
4835.6208165482885,0.577,868.3659086503775
4835.670829810062,0.6903,606.7068406647063
4835.710840419489,0.6597,664.2959610591738
4835.750851028922,0.6395,706.9251633580468
4835.790861638359,0.6578,668.1390234690116
4835.840874900164,0.655,673.8635579144659
4835.880885509614,0.6873,612.014828995434
4835.920896119069,0.6365,713.6047235851054
4835.970909380896,0.6214,748.7071853856321
4836.0109199903645,0.6155,763.1297262704591
4836.050930599838,0.5896,831.6478590693039
4836.100943861687,0.6381,710.0305680802928
4836.140954471171,0.677,630.7790727200181
4836.180965080663,0.6542,675.5126549479436
4836.2309783425335,0.5834,849.418192534278
4836.2709889520365,0.6397,706.4831977180535
4836.310999561546,0.6231,744.6273783283174
4836.351010171059,0.5818,854.0965546658855
4836.40102343296,0.596,813.8828925131941
4836.441034042486,0.6279,733.2862597263814
4836.481044652018,0.6357,715.40193011505
4836.5310579139405,0.6335,720.3794032719695
4836.571068523483,0.5944,818.270386028729
4836.611079133032,0.603,795.0964822351367
4836.6610923949775,0.6963,596.2959490167723
4836.701103004539,0.691,605.4782471441702
4836.741113614105,0.6493,685.7467424959774
4836.791126876071,0.616,761.8913841005054
4836.83113748565,0.5915,826.313656388315
4836.871148095236,0.6046,790.8938061765934
4836.911158704826,0.5919,825.1972069149367
4836.961171966822,0.606,787.2437385114481
4837.001182576423,0.6743,635.8406497733218
4837.041193186031,0.5946,817.7200117311346
4837.091206448049,0.6448,695.3516540656999
4837.131217057669,0.6022,797.2103933291692
4837.171227667294,0.6629,657.8979731206109
4837.221240929334,0.6771,630.5927689061626
4837.261251538972,0.5624,914.036899073097
4837.301262148616,0.6554,673.0412730245237
4837.3412727582645,0.5833,849.7094627374298
4837.391286020332,0.5697,890.7625157656285
4837.431296629993,0.6444,696.2151753419286
4837.47130723966,0.6206,750.6387059716412
4837.521320501752,0.6869,612.7278202706603
4837.561331111429,0.5391,994.7538344584949
4837.601341721113,0.6694,645.183397437129
4837.651354983227,0.6145,765.6154851569615
4837.691365592923,0.6458,693.1998664706099
4837.731376202625,0.6487,687.015858236084
4837.781389464759,0.5786,863.5699804495599
4837.821400074473,0.6297,729.1000545943117
4837.861410684193,0.5913,826.8727309722584
4837.901421293917,0.6256,738.6879732261573
4837.951434556082,0.658,667.7329222729719
4837.991445165819,0.6791,626.8839585879632
4838.031455775561,0.6721,640.0100792748294
4838.081469037746,0.666,651.7876604405599
4838.1214796475015,0.6085,780.7883131291383
4838.161490257262,0.6013,799.5986358457099
4838.211503519468,0.613,769.3669580288118
4838.2515141292415,0.6393,707.3675438587414
4838.29152473902,0.6745,635.463632463358
4838.3315353488015,0.7124,569.6483659095805
4838.381548611039,0.6935,601.1207415050744
4838.421559220835,0.6191,754.2805094345049
4838.461569830637,0.5755,872.8984684920326
4838.511583092895,0.6047,790.632246030097
4838.551593702709,0.6284,732.1198157953816
4838.591604312528,0.5886,834.4761054383803
4838.641617574808,0.5991,805.4819406178253
4838.68162818464,0.6241,742.243050091914
4838.721638794475,0.6164,760.9028793087314
4838.771652056779,0.603,795.0964822351367
4838.811662666628,0.6491,686.1693900581354
4838.851673276481,0.5737,878.3845391396067
4838.891683886341,0.5505,953.9808839038454
4838.941697148673,0.6418,701.8674757413701
4838.981707758544,0.6419,701.6488087491907
4839.021718368422,0.5952,816.0722164045283
4839.071731630776,0.6099,777.2078990831097
4839.111742240665,0.6343,718.5634197035315
4839.15175285056,0.5968,811.7023669564071
4839.201766112937,0.6736,637.1628560074801
4839.2417767228435,0.6037,793.2536995876713
4839.281787332756,0.6807,623.9404179377121
4839.331800595153,0.5698,890.4498857943179
4839.371811205079,0.5777,866.2627865627442
4839.411821815009,0.6068,785.1693192758423
4839.451832424945,0.6066,785.6871547273503
4839.501845687371,0.6567,670.379216382811
4839.541856297319,0.656,671.8106648756421
4839.5818669072705,0.6061,786.983986821472
4839.631880169721,0.6106,775.4269204101753
4839.671890779686,0.6516,680.9142333309185
4839.711901389657,0.5977,809.259733854835
4839.761914652128,0.6015,799.0669887149733
4839.801925262112,0.6111,774.1585381050282
4839.8419358721,0.5945,817.9951294467905
4839.881946482094,0.6196,753.0636357235045
4839.931959744595,0.6704,643.2600643714358
4839.9719703546,0.686,614.3366132005814
4840.011980964612,0.6159,762.1388112798326
4840.061994227134,0.6125,770.6235779932622
4840.102004837158,0.565,905.6438948004754
4840.142015447187,0.5625,913.7119376413864
4840.192028709732,0.663,657.6995274597556
4840.232039319773,0.6345,718.1104967476238
4840.272049929819,0.6393,707.3675438587414
4840.322063192387,0.6603,663.0892493092375
4840.362073802446,0.6446,695.7832137606149
4840.402084412511,0.6193,753.7934062559386
4840.44209502258,0.5872,838.4599516292591
4840.492108285176,0.5594,923.8669261966144
4840.532118895257,0.6448,695.3516540656999
4840.572129505345,0.6511,681.9604238306555
4840.622142767963,0.527,1040.95754683844
4840.662153378062,0.5442,976.1964539858154
4840.702163988168,0.6787,627.6230984320038
4840.752177250807,0.5064,1127.3708142954247
4840.792187860924,0.6323,723.116313631574
4840.832198471046,0.6536,676.7534536229182
4840.872209081176,0.6055,788.544427984591
4840.922222343844,0.6042,791.9413457926105
4840.962232953984,0.581,856.4502430676222
4841.00224356413,0.6139,767.11277470308
4841.052256826821,0.6576,668.5454952511192
4841.092267436979,0.6209,749.9135107826837
4841.132278047141,0.5886,834.4761054383803
4841.182291309855,0.5777,866.2627865627442
4841.22230192003,0.5947,817.4450327883667
4841.262312530212,0.6318,724.2612982811278
4841.312325792946,0.6186,755.5003350452662
4841.352336403139,0.6261,737.5086219431684
4841.392347013338,0.6521,679.8704484156627
4841.432357623542,0.665,653.7493950112258
4841.482370886305,0.6063,786.4648689668426
4841.522381496522,0.6,803.0673111517001
4841.562392106744,0.6803,624.6743564133342
4841.6124053695285,0.6545,674.8935348798766
4841.652415979763,0.6128,769.8692369136453
4841.692426590003,0.623,744.8664428369326
4841.742439852809,0.6328,721.9740419966378
4841.782450463063,0.6073,783.8769682037192
4841.82246107332,0.6447,695.5673837085246
4841.872474336149,0.6055,788.544427984591
4841.912484946418,0.6232,744.3884288926855
4841.952495556693,0.567,899.266151960014
4841.992506166974,0.5568,932.5151227406278
4842.042519429831,0.5044,1136.3288130531637
4842.082530040122,0.5836,848.8361012460364
4842.122540650421,0.5855,843.3359508618738
4842.172553913301,0.603,795.0964822351367
4842.212564523611,0.6157,762.634027363741
4842.252575133927,0.5862,841.3230484709244
4842.3025883968285,0.6149,764.6197262111475
4842.3425990071555,0.6062,786.7243636682012
4842.38260961749,0.6328,721.9740419966378
4842.422620227828,0.6416,702.3051164987137
4842.472633490759,0.5806,857.6307374381572
4842.51264410111,0.5948,817.1701925251707
4842.552654711466,0.6565,670.7877344690592
4842.602667974419,0.6587,666.3144799562906
4842.642678584788,0.6809,623.5739336567905
4842.6826891951605,0.6129,769.6180360079319
4842.7327024581355,0.5975,809.8015874581513
4842.7727130685225,0.6699,644.2206542530074
4842.812723678913,0.6723,639.6293480950037
4842.862736941912,0.5812,855.8609096808132
4842.902747552314,0.599,805.7509048352673
4842.942758162723,0.689,608.9984569793749
4842.982768773139,0.6336,720.1520290868782
4843.032782036164,0.5534,944.0087451844009
4843.072792646591,0.5729,880.8394074760904
4843.112803257022,0.5812,855.8609096808132
4843.162816520072,0.565,905.6438948004754
4843.202827130514,0.568,896.1025147628064
4843.242837740966,0.5699,890.1374203792418
4843.292851004034,0.6312,725.638873148831
4843.332861614495,0.6643,655.1278836330523
4843.372872224963,0.6299,728.6371346711887
4843.412882835436,0.5799,859.7024836607255
4843.462896098534,0.5655,904.0431133298256
4843.502906709019,0.5959,814.1560758717126
4843.542917319509,0.5995,804.4074293517499
4843.59293058263,0.6099,777.2078990831097
4843.632941193133,0.6417,702.0862449699632
4843.672951803641,0.6428,699.685395965089
4843.722965066783,0.6305,727.2510170783952
4843.762975677304,0.549,959.2010062757732
4843.802986287828,0.5651,905.3233985480716
4843.852999550994,0.6146,765.3663631413497
4843.8930101615315,0.6302,727.9435809907236
4843.933020772075,0.5873,838.1744460472299
4843.973031382624,0.5314,1023.7906573345717
4844.023044645816,0.5751,874.1131449151711
4844.063055256378,0.6443,696.431306995942
4844.103065866943,0.6345,718.1104967476238
4844.153079130159,0.55,955.7161798592889
4844.193089740737,0.5788,862.9732843273061
4844.233100351322,0.5938,819.9248469523016
4844.283113614559,0.5947,817.4450327883667
4844.323124225155,0.5452,972.61868655293
4844.363134835757,0.6126,770.3720078259533
4844.413148099015,0.5921,824.6398304948517
4844.45315870963,0.5669,899.5834368002857
4844.493169320249,0.5411,987.4138705996381
4844.533179930872,0.571,886.7111285733788
4844.58319319416,0.6037,793.2536995876713
4844.623203804798,0.6397,706.4831977180535
4844.663214415439,0.5762,870.7788686561303
4844.713227678749,0.5791,862.0793990584727
4844.753238289403,0.5823,852.6304231216357
4844.793248900063,0.5591,924.8586412410796
4844.843262163395,0.5829,850.8760430078672
4844.883272774066,0.5642,908.2140028764599
4844.9232833847445,0.6225,746.0634940633661
4844.963293995427,0.6486,687.227720018474
4845.013307258788,0.6082,781.5587632383928
4845.053317869482,0.5737,878.3845391396067
4845.093328480183,0.6374,711.5909494243178
4845.1433417435655,0.6127,770.1205608262111
4845.183352354278,0.5488,959.900258491044
4845.2233629649945,0.6093,778.7393403332908
4845.273376228401,0.56,921.8882754476978
4845.3133868391305,0.623,744.8664428369326
4845.353397449866,0.6001,802.799689401315
4845.403410713293,0.564,908.8582393465673
4845.443421324041,0.5831,850.2924527753522
4845.483431934793,0.5661,902.1277716702432
4845.523442545551,0.5482,962.0026090347152
4845.573455809008,0.5899,830.8021886388194
4845.613466419777,0.6126,770.3720078259533
4845.653477030554,0.5942,818.8213161654254
4845.703490294032,0.5969,811.4304175464016
4845.7435009048195,0.604,792.4658962232834
4845.783511515613,0.5792,861.7817459192861
4845.833524779113,0.5825,852.0450273547261
4845.873535389918,0.5988,806.2892375805699
4845.91354600073,0.6043,791.6792658621162
4845.953556611546,0.5812,855.8609096808132
4846.0035698750735,0.5497,956.7596310862313
4846.043580485902,0.5707,887.643607248187
4846.083591096736,0.6023,796.9456937145474
4846.133604360287,0.5677,897.0498507226079
4846.173614971132,0.5339,1014.2252725605806
4846.213625581985,0.5568,932.5151227406278
4846.263638845558,0.5582,927.8433861762255
4846.30364945642,0.5346,1011.5709831528128
4846.34366006729,0.5841,847.3834880978656
4846.393673330884,0.58,859.4060605954186
4846.433683941766,0.6597,664.2959610591738
4846.473694552652,0.5798,859.9990601141571
4846.513705163545,0.5694,891.701394173166
4846.563718427168,0.5469,966.5814624379425
4846.603729038073,0.5563,934.192154046051
4846.643739648982,0.5253,1047.7060255187653
4846.693752912627,0.505,1133.6302351868142
4846.733763523549,0.5575,930.1748550754526
4846.773774134476,0.5829,850.8760430078672
4846.8237873981425,0.579,862.377206435135
4846.8637980090825,0.6457,693.4145954379046
4846.903808620028,0.5571,931.5110706472582
4846.953821883716,0.5628,912.738092451234
4846.9938324946725,0.5444,975.4793229458008
4847.033843105635,0.5449,973.689948776789
4847.0738537166035,0.6389,708.253551520595
4847.1238669803215,0.6014,799.3327459792637
4847.163877591302,0.6364,713.829003807555
4847.203888202288,0.5894,832.2123568964784
4847.253901466025,0.5521,948.4595836731199
4847.293912077024,0.5785,863.8685606141713
4847.333922688026,0.6095,778.2283573661558
4847.383935951788,0.5954,815.5240580011773
4847.4239465628025,0.56,921.8882754476978
4847.4639571738235,0.5337,1014.9855599190778
4847.50396778485,0.5754,873.2019001231242
4847.55398104864,0.6564,670.9921335575276
4847.593991659678,0.6203,751.3649536068889
4847.634002270723,0.5472,965.5219068074904
4847.6840155345335,0.5373,1001.430003511728
4847.724026145589,0.5359,1006.6691552055291
4847.764036756651,0.5526,946.7440049917923
4847.814050020485,0.6082,781.5587632383928
4847.854060631558,0.5891,833.0601818968005
4847.8940712426365,0.6171,759.177619023529
4847.944084506493,0.6221,747.023213911963
4847.984095117583,0.5455,971.549191275167
4848.02410572868,0.5871,838.7456031128776
4848.064116339781,0.5921,824.6398304948517
4848.114129603666,0.5636,910.1487704246412
4848.1541402147795,0.6391,707.8103397395244
4848.1941508259,0.5351,1009.6814363650979
4848.244164089806,0.6346,717.8841958382136
4848.284174700938,0.5897,831.3658255151122
4848.324185312074,0.5852,844.2008353544602
4848.3741985760025,0.6095,778.2283573661558
4848.414209187152,0.5676,897.3659632283603
4848.4542197983055,0.5131,1098.120943626918
4848.504233062255,0.5443,975.8377896513149
4848.54424367342,0.5419,984.5006151710747
4848.584254284593,0.5696,891.0753104087428
4848.624264895772,0.6429,699.4677478420647
4848.6742781597495,0.5548,939.2504814212201
4848.714288770939,0.6057,788.0237656505963
4848.7542993821335,0.5497,956.7596310862313
4848.804312646134,0.5623,914.3620338943231
4848.844323257343,0.5496,957.107827931717
4848.884333868554,0.5513,951.2142247701548
4848.934347132577,0.5682,895.4717909125881
4848.974357743802,0.5806,857.6307374381572
4849.014368355031,0.6255,738.9241829271591
4849.054378966267,0.5895,831.9300361639516
4849.104392230318,0.6057,788.0237656505963
4849.144402841566,0.6424,700.5570051069575
4849.184413452817,0.5593,924.1973205700936
4849.234426716892,0.5025,1144.9381749250872
4849.274437328158,0.562,915.3384799294006
4849.314447939427,0.5528,946.0590766056902
4849.364461203523,0.563,912.0897270150829
4849.404471814805,0.4909,1199.687304841341
4849.444482426093,0.5615,916.9693693148593
4849.494495690211,0.6025,796.4166898318714
4849.534506301511,0.596,813.8828925131941
4849.574516912816,0.5688,893.5836096404148
4849.614527524127,0.5798,859.9990601141571
4849.6645407882725,0.5553,937.5598170338845
4849.704551399595,0.5171,1081.1977704242731
4849.744562010924,0.516,1085.8124329091997
4849.794575275092,0.5255,1046.9086861015426
4849.834585886431,0.5747,875.3303585166126
4849.874596497779,0.5668,899.9008895898883
4849.924609761967,0.5229,1057.345574680509
4849.964620373326,0.5656,903.7234663721557
4850.004630984688,0.5882,835.6114450163224
4850.044641596058,0.567,899.266151960014
4850.094654860277,0.5421,983.7743158232903
4850.134665471657,0.6306,727.0203820639397
4850.174676083043,0.511,1107.1651233425318
4850.224689347285,0.5682,895.4717909125881
4850.264699958682,0.5992,805.2131110505792
4850.304710570087,0.6182,756.4783273216167
4850.354723834349,0.5585,926.8468677925679
4850.394734445765,0.5677,897.0498507226079
4850.434745057186,0.5423,983.0488199024703
4850.474755668613,0.4529,1409.448908149971
4850.524768932904,0.4825,1241.82231935959
4850.564779544342,0.5145,1092.1529176514475
4850.604790155787,0.5328,1018.4174548617103
4850.6548034201,0.6319,724.0320838978145
4850.694814031557,0.5749,874.7214341272412
4850.734824643018,0.6093,778.7393403332908
4850.784837907353,0.5991,805.4819406178253
4850.824848518827,0.4986,1162.919375341307
4850.864859130306,0.5687,893.8978915471496
4850.914872394663,0.5896,831.6478590693039
4850.954883006155,0.5231,1056.5372080787329
4850.9948936176515,0.5552,937.8975845275681
4851.044906882029,0.5386,996.6016133613656
4851.084917493538,0.505,1133.6302351868142
4851.124928105053,0.5424,982.6863728569127
4851.164938716573,0.5619,915.6643095435448
4851.21495198098,0.5471,965.8748983562648
4851.254962592511,0.5483,961.6517379317046
4851.294973204049,0.5264,1043.3318982471792
4851.344986468478,0.5489,959.5505368399215
4851.384997080027,0.5896,831.6478590693039
4851.425007691581,0.5493,958.1535597139342
4851.475020956033,0.537,1002.5492301783919
4851.515031567599,0.5425,982.3241262240581
4851.555042179171,0.5066,1126.480845046997
4851.595052790749,0.523,1056.941275457291
4851.645066055229,0.5516,950.1798297393217
4851.6850766668185,0.5272,1040.1678972763223
4851.725087278414,0.5105,1109.334966925046
4851.775100542915,0.5453,972.2619919916748
4851.815111154523,0.53,1029.2064960351493
4851.855121766135,0.5335,1015.7467024923076
4851.905135030659,0.4745,1284.0491055741813
4851.945145642283,0.4555,1393.4045592447553
4851.985156253914,0.5833,849.7094627374298
4852.02516686555,0.5678,896.7339052214935
4852.075180130102,0.5048,1134.5286920479655
4852.115190741749,0.5179,1077.8601048578444
4852.155201353403,0.5022,1146.3064877930408
4852.205214617977,0.527,1040.95754683844
4852.245225229642,0.526,1044.91931515572
4852.285235841312,0.564,908.8582393465673
4852.335249105907,0.5722,882.995869052762
4852.375259717591,0.5572,931.1767469535738
4852.415270329278,0.5925,823.5267704709485
4852.465283593895,0.5715,885.1602594732032
4852.505294205595,0.5737,878.3845391396067
4852.5453048173,0.494,1184.6777739077975
4852.585315429012,0.5302,1028.4301773335642
4852.635328693659,0.5316,1023.0204570745707
4852.6753393053805,0.4898,1205.0818952309385
4852.715349917109,0.5615,916.9693693148593
4852.7653631817775,0.5923,824.0830186008885
4852.805373793518,0.5011,1151.3446781773798
4852.845384405263,0.5515,950.5244405286498
4852.895397669954,0.5233,1055.7297681468283
4852.935408281713,0.5059,1129.6003570808423
4852.975418893476,0.4979,1166.1915752182533
4853.025432158187,0.5142,1093.427677733282
4853.065442769964,0.5525,947.086748148104
4853.105453381743,0.5938,819.9248469523016
4853.145463993531,0.5504,954.3275647951424
4853.19547725827,0.5343,1012.7072583672283
4853.235487870069,0.4946,1181.8052543419155
4853.275498481872,0.4815,1246.9858054242095
4853.325511746635,0.5229,1057.345574680509
4853.36552235845,0.5188,1074.123671554756
4853.405532970271,0.4823,1242.852447680331
4853.455546235056,0.5467,967.2888021099142
4853.4955568468895,0.5509,952.5960477185802
4853.535567458728,0.5376,1000.3126500240918
4853.585580723534,0.5298,1029.9836940841376
4853.625591335386,0.48,1254.7916280163665
4853.665601947242,0.5485,960.9505713600305
4853.7056125591025,0.5634,910.7950669813674
4853.755625823937,0.491,1199.1986845992885
4853.795636435811,0.4924,1192.3892286643404
4853.835647047688,0.559,925.1895677923665
4853.885660312546,0.5689,893.2694934501849
4853.925670924437,0.5224,1059.3705546815588
4853.965681536333,0.4672,1324.489041445465
4854.015694801213,0.5534,944.0087451844009
4854.05570541312,0.4967,1171.833280629954
4854.095716025035,0.5112,1106.2989681181334
4854.135726636954,0.5089,1116.3214974014788
4854.185739901861,0.462,1354.4721058573127
4854.225750513792,0.5038,1139.0370382446706
4854.265761125729,0.4734,1290.0233008687312
4854.315774390659,0.5702,889.2010103172494
4854.355785002606,0.5117,1104.1380216524603
4854.395795614561,0.5798,859.9990601141571
4854.445808879512,0.605,789.8483436347323
4854.485819491478,0.5326,1019.1824618149067
4854.52583010345,0.4848,1230.0673265185683
4854.565840715427,0.5073,1123.3742374910528
4854.615853980406,0.5562,934.5281031485418
4854.655864592396,0.533,1017.653308916373
4854.69587520439,0.5121,1102.4138198988185
4854.7458884693915,0.5175,1079.5270027665938
4854.785899081398,0.4852,1228.0400260102974
4854.825909693411,0.5292,1032.3205776137543
4854.875922958434,0.5124,1101.123317616596
4854.915933570458,0.4392,1498.7502073260982
4854.955944182488,0.5325,1019.5652885737366
4855.005957447531,0.4945,1182.283281585165
4855.045968059572,0.4866,1220.9838021218188
4855.085978671619,0.5143,1093.0025098353296
4855.125989283673,0.4763,1274.3622853968914
4855.176002548745,0.4706,1305.419829329377
4855.216013160811,0.5066,1126.480845046997
4855.256023772879,0.5209,1065.4805209713943
4855.306037037974,0.5143,1093.0025098353296
4855.346047650057,0.5746,875.6350591791781
4855.386058262144,0.4854,1227.0282546863336
4855.4360715272605,0.4877,1215.4822036644475
4855.47608213936,0.4933,1188.042303138004
4855.516092751465,0.4998,1157.341843564654
4855.566106016603,0.533,1017.653308916373
4855.606116628721,0.4971,1169.948171867344
4855.646127240842,0.5501,955.3687420933069
4855.68613785297,0.5382,998.0835458867516
4855.736151118139,0.5186,1074.9523092095471
4855.776161730277,0.5487,960.2501713684544
4855.816172342423,0.4854,1227.0282546863336
4855.866185607611,0.4842,1233.1177029905946
4855.906196219768,0.5417,985.2277191325676
4855.946206831931,0.4547,1398.3119787078176
4855.996220097143,0.4662,1330.1771869205538
4856.0362307093155,0.4896,1206.0666383427674
4856.076241321497,0.4895,1206.559462599234
4856.116251933682,0.4949,1180.372910830912
4856.166265198921,0.4574,1381.8524638327276
4856.206275811119,0.4933,1188.042303138004
4856.246286423322,0.4647,1338.7783563677644
4856.296299688583,0.531,1025.333669517437
4856.336310300798,0.5437,977.9927451833511
4856.376320913018,0.4478,1441.73611845734
4856.4263341783,0.4758,1277.0420441053695
4856.466344790533,0.4852,1228.0400260102974
4856.50635540277,0.4695,1311.5439652910325
4856.556368668075,0.5303,1028.0423473235555
4856.596379280325,0.5447,974.4051071521571
4856.63638989258,0.4605,1363.3103803563604
4856.676400504841,0.4575,1381.2484426646706
4856.726413770175,0.4773,1269.0280107221095
4856.7664243824465,0.4654,1334.7541274581438
4856.806434994725,0.472,1297.6873145201898
4856.8564482600805,0.4506,1423.874113005976
4856.89645887237,0.4926,1191.4211858314457
4856.936469484665,0.4974,1168.5373238552181
4856.986482750043,0.4672,1324.489041445465
4857.026493362349,0.4685,1317.1488356714751
4857.066503974663,0.4294,1567.9412784612027
4857.106514586981,0.5056,1130.9412588786308
4857.156527852387,0.5047,1134.978321071157
4857.1965384647165,0.5382,998.0835458867516
4857.236549077052,0.4981,1165.255253108732
4857.28656234248,0.5531,945.0330768258165
4857.3265729548275,0.4155,1674.602557050219
4857.366583567181,0.4222,1621.875007339633
4857.41659683263,0.4546,1398.9272284649592
4857.456607444994,0.5154,1088.341984352576
4857.496618057366,0.4958,1176.0914696061323
4857.546631322835,0.5122,1101.983400510904
4857.586641935217,0.4743,1285.132231968681
4857.626652547606,0.488,1213.988220750769
4857.66666316,0.4661,1330.748015937813
4857.716676425498,0.5124,1101.123317616596
4857.756687037903,0.4834,1237.202553692489
4857.796697650315,0.4961,1174.66949802874
4857.8467109158355,0.5037,1139.4893502730479
4857.886721528259,0.4816,1246.468009014783
4857.926732140687,0.5242,1052.1077180940194
4857.976745406229,0.4995,1158.7324586700959
4858.016756018669,0.4447,1461.9067946844727
4858.056766631115,0.454,1402.627268670195
4858.10677989668,0.4483,1438.5219116668125
4858.146790509137,0.468,1319.9647536701873
4858.1868011216,0.5191,1072.8825104416908
4858.226811734069,0.432,1549.1247495008993
4858.2768249996625,0.5278,1037.8043322130668
4858.316835612142,0.5117,1104.1380216524603
4858.356846224628,0.4497,1429.579099387816
4858.406859490244,0.4358,1522.227108619736
4858.446870102742,0.4303,1561.389253707658
4858.486880715244,0.4844,1232.0996513040652
4858.536893980881,0.4444,1463.8812280045527
4858.576904593397,0.4549,1397.0826962129347
4858.616915205918,0.5256,1046.5103576757897
4858.656925818443,0.5099,1111.9472096394588
4858.706939084108,0.4769,1271.1576941715373
4858.746949696647,0.4666,1327.8975398032023
4858.786960309189,0.4925,1191.9050598305041
4858.8369735748765,0.5307,1026.493219028348
4858.876984187433,0.4554,1394.016572633305
4858.916994799994,0.4633,1346.881604827103
4858.9670080657015,0.4357,1522.925937309937
4859.007018678275,0.4555,1393.4045592447553
4859.047029290853,0.4443,1464.5402613930946
4859.097042556584,0.4263,1590.8278812283436
4859.137053169175,0.4779,1265.8435066897616
4859.177063781769,0.4806,1251.6605275052295
4859.217074394371,0.4629,1349.2103334936057
4859.2670876601305,0.4226,1618.8061884029125
4859.307098272743,0.4859,1224.5042900542148
4859.347108885362,0.5183,1076.1970647566852
4859.397122151141,0.4306,1559.2143697525619
4859.437132763773,0.4961,1174.66949802874
4859.477143376409,0.4486,1436.5985442525905
4859.527156642211,0.3905,1895.8832778453223
4859.567167254859,0.4502,1426.4054386376931
4859.607177867512,0.4915,1196.7600553451705
4859.64718848017,0.4886,1211.008506420665
4859.697201746001,0.4598,1367.4645413584933
4859.737212358673,0.4807,1251.139816986078
4859.777222971349,0.4907,1200.6654416612967
4859.827236237201,0.4603,1364.4953498075456
4859.86724684989,0.4514,1418.8316345875842
4859.9072574625825,0.4117,1705.6583826132187
4859.957270728457,0.4481,1439.8063032998894
4859.997281341164,0.4749,1281.886956678959
4860.037291953874,0.3954,1849.1850345668029
4860.087305219769,0.4805,1252.1815631629565
4860.127315832494,0.4459,1454.0488728554749
4860.167326445222,0.4416,1482.5037492707816
4860.207337057956,0.483,1239.2525947513288
4860.257350323879,0.4611,1359.7647188516887
4860.2973609366245,0.4292,1569.402884184187
4860.337371549376,0.4319,1549.8421843239007
4860.387384815323,0.4367,1515.959238053088
4860.427395428084,0.4247,1602.8368907779036
4860.467406040854,0.494,1184.6777739077975
4860.517419306822,0.5294,1031.5407335411048
4860.557429919602,0.4386,1502.8535504792496
4860.597440532389,0.4011,1797.0013660383067
4860.647453798378,0.4679,1320.5290208144695
4860.687464411176,0.4638,1343.9791626095569
4860.7274750239785,0.4371,1513.1859374282647
4860.767485636787,0.4499,1428.308365297216
4860.817498902806,0.4314,1553.4368452752667
4860.857509515627,0.4113,1708.977582477601
4860.897520128453,0.4338,1536.2956437622538
4860.947533394493,0.4511,1420.719420370574
4860.98754400733,0.4357,1522.925937309937
4861.027554620174,0.4784,1263.1989009937358
4861.077567886236,0.4588,1373.4320732525046
4861.117578499091,0.443,1473.1483497254892
4861.157589111952,0.3811,1990.562050095863
4861.197599724818,0.4642,1341.6639584422499
4861.247612990907,0.4415,1483.1753996828347
4861.287623603786,0.4465,1450.143649143505
4861.32763421667,0.4178,1656.2158879625474
4861.377647482782,0.4341,1534.1729606223234
4861.417658095677,0.4115,1707.3167726335496
4861.457668708577,0.4061,1753.0236649565852
4861.50768197471,0.3605,2224.5539831644073
4861.547692587624,0.4411,1485.866570888651
4861.587703200543,0.4416,1482.5037492707816
4861.637716466697,0.448,1440.4491442737306
4861.677727079627,0.4307,1558.4904181662673
4861.717737692564,0.3555,2287.5692145900125
4861.757748305504,0.3749,2056.9450930434
4861.807761571688,0.4622,1353.3001663266134
4861.847772184641,0.4206,1634.2379632338043
4861.887782797599,0.3731,2076.8401477231337
4861.937796063806,0.3854,1946.3916031652084
4861.977806676775,0.3411,2484.791263895161
4862.017817289751,0.3618,2208.596455973193
4862.067830555978,0.4451,1459.2804246569701
4862.107841168967,0.41,1719.8321560505697
4862.14785178196,0.403,1780.0969215763266
4862.187862394958,0.4371,1513.1859374282647
4862.237875661214,0.4445,1463.222639356914
4862.277886274224,0.3525,2326.6721423670965
4862.317896887241,0.3772,2031.9369406159624
4862.367910153517,0.406,1753.8873276342824
4862.407920766546,0.3609,2219.625604012873
4862.44793137958,0.3591,2241.933196628479
4862.497944645878,0.3706,2104.954550021356
4862.537955258924,0.4133,1692.4778146489757
4862.577965871974,0.3838,1962.6537697623492
4862.627979138294,0.414,1686.7593121064167
4862.667989751357,0.4351,1527.1290331077084
4862.708000364425,0.4369,1514.5716355911854
4862.748010977499,0.3754,2051.469414339503
4862.798024243847,0.4389,1500.7997753484194
4862.838034856933,0.4354,1525.0253131963445
4862.878045470024,0.3697,2115.2156260278402
4862.928058736393,0.3513,2342.5945288240523
4862.968069349497,0.369,2123.24842456157
4863.008079962605,0.3815,1986.3900694030717
4863.058093228999,0.3275,2695.4460012946774
4863.098103842117,0.3708,2102.684451642622
4863.138114455243,0.3844,1956.5316565127814
4863.188127721658,0.4015,1793.4225829730103
4863.2281383347945,0.3619,2207.3760717699083
4863.268148947937,0.3846,1954.4973165716415
4863.308159561086,0.3513,2342.5945288240523
4863.3581728275285,0.416,1670.5794989620401
4863.398183440689,0.4046,1766.0459254537939
4863.438194053854,0.3679,2135.964154461207
4863.488207320319,0.3877,1923.3665303242196
4863.528217933496,0.3289,2672.547968166297
4863.568228546678,0.3413,2481.879976522736
4863.618241813166,0.3474,2395.4867237269227
4863.65825242636,0.3958,1845.4493176117253
4863.69826303956,0.3954,1849.1850345668029
4863.738273652766,0.3145,2922.885719105435
4863.78828691928,0.2874,3500.091089022771
4863.828297532497,0.3001,3210.118108804225
4863.86830814572,0.3138,2935.9405025202814
4863.918321412258,0.3662,2155.841584654657
4863.9583320254915,0.3429,2458.7727621239756
4863.998342638732,0.3539,2308.3003484036926
4864.04835590529,0.3577,2259.516869812723
4864.088366518541,0.3429,2458.7727621239756
4864.128377131799,0.38,2002.1030062043053
4864.178390398378,0.4039,1772.1726911885942
4864.218401011648,0.392,1881.401764078275
4864.258411624923,0.3784,2019.069860062979
4864.298422238203,0.3618,2208.596455973193
4864.348435504812,0.3185,2849.9306776761846
4864.388446118103,0.3829,1971.8909580718366
4864.428456731403,0.3577,2259.516869812723
4864.478469998031,0.3485,2380.3884782952873
4864.51848061134,0.3536,2312.2187980892577
4864.558491224655,0.3994,1812.3313413040241
4864.608504491308,0.4173,1660.187141582695
4864.648515104634,0.4143,1684.3173938709692
4864.688525717967,0.3587,2246.936100385294
4864.7385389846395,0.3942,1860.4604983014183
4864.778549597984,0.3592,2240.6850814370446
4864.8185602113335,0.3375,2538.08269948162
4864.858570824688,0.3357,2565.3736336334237
4864.9085840913895,0.3183,2853.513231340545
4864.948594704757,0.3566,2273.478143025435
4864.98860531813,0.3475,2394.1082286720193
4865.038618584853,0.4156,1673.7967836813048
4865.078629198236,0.4036,1774.8082119032342
4865.118639811627,0.3934,1868.0348650838
4865.168653078372,0.4214,1628.0388826597073
4865.208663691773,0.3918,1883.3230271248522
4865.24867430518,0.4686,1316.5867334586662
4865.2886849185925,0.4049,1763.4298909054348
4865.338698185365,0.4347,1529.9407710965204
4865.3787087987885,0.4304,1560.6637870540155
4865.418719412219,0.395,1852.9321062520214
4865.468732679014,0.4175,1658.5969279133433
4865.508743292455,0.4417,1481.8325549869999
4865.548753905902,0.492,1194.328857142734
4865.598767172719,0.416,1670.5794989620401
4865.638777786177,0.4496,1430.2151024583052
4865.678788399641,0.4178,1656.2158879625474
4865.728801666479,0.4746,1283.5080557959977
4865.768812279956,0.4913,1197.7346136264155
4865.808822893439,0.4874,1216.978946109564
4865.848833506925,0.4046,1766.0459254537939
4865.898846773792,0.5094,1114.1311333513215
4865.93885738729,0.4829,1239.7659011673725
4865.978868000794,0.4354,1525.0253131963445
4866.028881267684,0.4661,1330.748015937813
4866.068891881199,0.4547,1398.3119787078176
4866.1089024947205,0.4805,1252.1815631629565
4866.158915761631,0.4733,1290.5684759603728
4866.198926375166,0.4937,1186.1179626597789
4866.238936988703,0.4004,1803.290064204663
4866.278947602248,0.4236,1611.172139282459
4866.328960869187,0.4196,1642.0367307992838
4866.3689714827415,0.434,1534.8800325913983
4866.4089820963045,0.4337,1537.0041838663208
4866.458995363264,0.4056,1757.3483687292749
4866.499005976838,0.4584,1375.8300284063523
4866.539016590416,0.5503,954.674434698847
4866.589029857396,0.4594,1369.8468781255021
4866.629040470989,0.4207,1633.4611437181522
4866.669051084586,0.4061,1753.0236649565852
4866.719064351587,0.3676,2139.451907329717
4866.759074965196,0.4303,1561.389253707658
4866.79908557881,0.4277,1580.430365499174
4866.839096192428,0.4389,1500.7997753484194
4866.88910945946,0.4506,1423.874113005976
4866.92912007309,0.5517,949.8354063229852
4866.969130686727,0.5502,955.0214937523848
4867.01914395378,0.4201,1638.1303855085825
4867.059154567428,0.4211,1630.3593978874933
4867.099165181082,0.4553,1394.6289893246785
4867.149178448157,0.3725,2083.536009799758
4867.189189061822,0.4099,1720.6714035480557
4867.229199675492,0.4525,1411.9418473790408
4867.27921294259,0.5027,1144.027326991516
4867.319223556272,0.4031,1779.2138296856015
4867.35923416996,0.4201,1638.1303855085825
4867.3992447836545,0.49,1204.098357678442
4867.449258050779,0.4348,1529.2371090371641
4867.489268664484,0.491,1199.1986845992885
4867.529279278196,0.5109,1107.5985824579054
4867.579292545342,0.515,1090.0332659471562
4867.619303159064,0.4719,1298.2373556560365
4867.659313772792,0.4125,1699.0489269663897
4867.70932703996,0.4733,1290.5684759603728
4867.7493376537,0.4845,1231.5910981741854
4867.789348267446,0.4387,1502.1684906020266
4867.829358881197,0.4569,1384.8785210407952
4867.879372148393,0.5043,1136.7795127253044
4867.919382762155,0.5237,1054.1176626319718
4867.959393375924,0.497,1170.419022377767
4868.009406643141,0.5028,1143.5723105688867
4868.0494172569215,0.4478,1441.73611845734
4868.089427870706,0.4703,1307.085787325682
4868.139441137946,0.4897,1205.5741159688387
4868.179451751743,0.504,1138.133221752814
4868.219462365545,0.4892,1208.0397491327385
4868.269475632807,0.5135,1096.41081142621
4868.3094862466205,0.49,1204.098357678442
4868.349496860442,0.5504,954.3275647951424
4868.389507474267,0.4068,1746.9958489516641
4868.439520741557,0.5164,1084.1309614911586
4868.479531355393,0.5073,1123.3742374910528
4868.519541969235,0.5118,1103.706592189154
4868.569555236548,0.4859,1224.5042900542148
4868.609565850403,0.4195,1642.819676462769
4868.649576464261,0.4458,1454.701276935136
4868.699589731595,0.5555,936.8848292015006
4868.739600345466,0.4783,1263.727158702424
4868.779610959344,0.4505,1424.5063123330797
4868.819621573226,0.4285,1574.5346310958837
4868.8696348405865,0.4361,1520.1335061818775
4868.9096454544815,0.4427,1475.1456085913833
4868.949656068381,0.4367,1515.959238053088
4868.999669335764,0.4139,1687.5744650418892
4869.039679949676,0.3892,1908.5695990068446
4869.079690563593,0.4117,1705.6583826132187
4869.129703830997,0.4702,1307.6418153985974
4869.169714444926,0.4071,1744.42201274975
4869.20972505886,0.4564,1387.9145290853123
4869.259738326285,0.5146,1091.7284929802274
4869.2997489402305,0.4873,1217.4784746619107
4869.339759554184,0.4795,1257.40986206684
4869.379770168141,0.449,1434.040049041376
4869.429783435595,0.4703,1307.085787325682
4869.4697940495635,0.4736,1288.933986517818
4869.509804663538,0.4358,1522.227108619736
4869.559817931014,0.452,1415.0673333557056
4869.599828545,0.3863,1937.3328027186367
4869.639839158991,0.4627,1350.3769632851308
4869.689852426488,0.5554,937.2222319689786
4869.729863040491,0.5465,967.996918507741
4869.769873654502,0.4111,1710.6408168554801
4869.81988692202,0.4472,1445.6074066477165
4869.85989753604,0.545,973.3326648013146
4869.899908150067,0.4248,1602.0823500713632
4869.939918764098,0.5075,1122.4889955834328
4869.989932031646,0.4956,1177.040885588521
4870.029942645689,0.4669,1326.1916480662221
4870.069953259737,0.4201,1638.1303855085825
4870.119966527306,0.4633,1346.881604827103
4870.159977141367,0.4971,1169.948171867344
4870.199987755433,0.5703,888.8892019734462
4870.250001023023,0.465,1337.0514613804712
4870.290011637101,0.546,969.7706151488244
4870.330022251184,0.5168,1082.4533928998014
4870.370032865273,0.5401,991.0736600528377
4870.420046132892,0.4452,1458.6249380185345
4870.4600567469915,0.4889,1209.5227615076494
4870.500067361098,0.433,1541.9777178498093
4870.550080628738,0.4833,1237.7145867934864
4870.590091242856,0.4711,1302.6503020308103
4870.630101856978,0.4404,1490.5937772474354
4870.68011512464,0.429,1570.8665345826798
4870.720125738775,0.4651,1336.4765721742015
4870.760136352915,0.5806,857.6307374381572
4870.810149620599,0.5542,941.2853220288995
4870.8501602347515,0.5269,1041.3527088624144
4870.890170848908,0.5171,1081.1977704242731
4870.930181463073,0.5292,1032.3205776137543
4870.980194730783,0.4804,1252.7029242300089
4871.020205344958,0.495,1179.8960416199466
4871.06021595914,0.4619,1355.0586465771494
4871.1102292268715,0.507,1124.7040651593343
4871.150239841064,0.4794,1257.9344921806353
4871.190250455262,0.4983,1164.320058190439
4871.240263723016,0.4362,1519.4365984447224
4871.280274337226,0.5073,1123.3742374910528
4871.320284951441,0.5197,1070.4066333116107
4871.3602955656615,0.5017,1148.592466289756
4871.410308833444,0.5096,1113.2567924412976
4871.4503194476765,0.4579,1378.836314022018
4871.4903300619135,0.4505,1424.5063123330797
4871.540343329718,0.4893,1207.5460177470795
4871.580353943968,0.5468,966.9350352542177
4871.620364558223,0.471,1303.203501954943
4871.670377826048,0.4184,1651.4691640622464
4871.710388440314,0.474,1286.7594929894713
4871.7503990545865,0.532,1021.4826616739743
4871.800412322434,0.5587,926.1834138344685
4871.840422936717,0.5507,953.2880886093942
4871.880433551008,0.5174,1079.9443314245786
4871.920444165302,0.4938,1185.6376080789441
4871.970457433177,0.4823,1242.852447680331
4872.010468047483,0.4592,1371.040381788672
4872.050478661796,0.4528,1410.0715236233611
4872.100491929693,0.4909,1199.687304841341
4872.140502544016,0.5712,886.0902922006809
4872.180513158344,0.5636,910.1487704246412
4872.230526426264,0.466,1331.3192124802038
4872.270537040605,0.5301,1028.818226848869
4872.310547654952,0.5482,962.0026090347152
4872.360560922892,0.4803,1253.2246109774198
4872.40057153725,0.4722,1296.5882804242879
4872.440582151614,0.52,1069.1719073828979
4872.480592765983,0.5264,1043.3318982471792
4872.530606033951,0.5433,979.4333503196378
4872.570616648331,0.5026,1144.4826150381696
4872.610627262718,0.4382,1505.5984816322243
4872.660640530709,0.4772,1269.559929547299
4872.700651145106,0.5858,842.4723948011446
4872.740661759509,0.5981,808.1776569158159
4872.790675027522,0.5254,1047.3072419914602
4872.830685641938,0.516,1085.8124329091997
4872.870696256357,0.5458,970.4814590597539
4872.9107068707835,0.5043,1136.7795127253044
4872.9607201388235,0.4609,1360.9450675530516
4873.000730753261,0.4343,1532.7602816650608
4873.040741367704,0.5139,1094.7046709668641
4873.090754635766,0.4619,1355.0586465771494
4873.130765250221,0.4605,1363.3103803563604
4873.170775864682,0.4254,1597.5662745536467
4873.220789132763,0.4334,1539.1327476777224
4873.260799747235,0.4482,1439.163892558862
4873.300810361713,0.4746,1283.5080557959977
4873.350823629818,0.4803,1253.2246109774198
4873.390834244307,0.5014,1149.9673371989336
4873.430844858803,0.4692,1313.2216640887073
4873.470855473302,0.4594,1369.8468781255021
4873.520868741434,0.4924,1192.3892286643404
4873.560879355948,0.5252,1048.1050368568463
4873.600889970464,0.4935,1187.0795479941883
4873.650903238619,0.4636,1345.1390126207348
4873.690913853149,0.5208,1065.8897301754669
4873.7309244676835,0.5301,1028.818226848869
4873.780937735859,0.4883,1212.4969905890612
4873.820948350405,0.4986,1162.919375341307
4873.860958964958,0.5388,995.8618844842383
4873.900969579515,0.5415,985.9556288967036
4873.950982847719,0.4878,1214.9839030805012
4873.990993462288,0.5495,957.4562148925224
4874.031004076863,0.5677,897.0498507226079
4874.081017345088,0.5168,1082.4533928998014
4874.1210279596735,0.5345,1011.9495289780806
4874.161038574266,0.4916,1196.2732221879248
4874.2110518425125,0.4315,1552.7169132976246
4874.251062457116,0.5012,1150.8852897006611
4874.291073071726,0.5196,1070.8186839566488
4874.341086339994,0.4711,1302.6503020308103
4874.381096954616,0.5626,913.3871494759253
4874.421107569241,0.5511,951.9047601364792
4874.461118183873,0.55,955.7161798592889
4874.511131452169,0.5399,991.8080593044529
4874.551142066811,0.5739,877.7724255631703
4874.591152681461,0.5352,1009.3041623655902
4874.641165949779,0.5137,1095.5572430058462
4874.68117656444,0.4806,1251.6605275052295
4874.721187179105,0.4643,1341.0860921545136
4874.771200447445,0.5044,1136.3288130531637
4874.811211062123,0.487,1218.9789070642205
4874.851221676806,0.4763,1274.3622853968914
4874.901234945167,0.541,987.7789365158359
4874.941245559862,0.5337,1014.9855599190778
4874.981256174564,0.4663,1329.6067251131915
4875.021266789268,0.4942,1183.719104817181
4875.0712800576575,0.5879,836.4644709309891
4875.111290672375,0.5799,859.7024836607255
4875.151301287097,0.527,1040.95754683844
4875.201314555508,0.4827,1240.7934712287347
4875.241325170244,0.5303,1028.0423473235555
4875.281335784984,0.5087,1117.1994519900566
4875.331349053416,0.5085,1118.078442714925
4875.371359668169,0.4883,1212.4969905890612
4875.411370282925,0.512,1102.8444915097286
4875.451380897688,0.575,874.4172101792738
4875.501394166148,0.5266,1042.5395459557474
4875.541404780924,0.4816,1246.468009014783
4875.5814153957035,0.4894,1207.052588985
4875.6314286641855,0.5158,1086.6546359625945
4875.671439278977,0.522,1060.9947300268248
4875.7114498937735,0.5205,1067.1187732348485
4875.761463162277,0.4964,1173.2501037782763
4875.801473777085,0.4707,1304.8652177344577
4875.841484391899,0.4755,1278.6539585648195
4875.891497660425,0.4859,1224.5042900542148
4875.931508275252,0.5388,995.8618844842383
4875.971518890083,0.5588,925.8519539618302
4876.011529504919,0.5462,969.06055195462
4876.061542773473,0.6037,793.2536995876713
4876.101553388321,0.5629,912.4138233460192
4876.141564003174,0.4653,1335.3279055315045
4876.19157727175,0.536,1006.2935681265214
4876.231587886616,0.5562,934.5281031485418
4876.2715985014875,0.5538,942.6455582990859
4876.321611770083,0.5298,1029.9836940841376
4876.361622384967,0.48,1254.7916280163665
4876.401632999855,0.5165,1083.7112039255624
4876.4416436147485,0.5496,957.107827931717
4876.491656883373,0.4608,1361.535818327995
4876.531667498279,0.5967,811.9744531043418
4876.571678113189,0.5602,921.230137592458
4876.621691381835,0.5419,984.5006151710747
4876.661701996758,0.5732,879.9176272606666
4876.701712611685,0.544,976.9143761231155
4876.751725880353,0.5576,929.841250420356
4876.791736495294,0.5416,985.5915732149108
4876.831747110237,0.4629,1349.2103334936057
4876.8817603789275,0.5312,1024.5617277118085
4876.921770993884,0.5637,909.8258800835991
4876.961781608847,0.549,959.2010062757732
4877.001792223814,0.641,703.6204975504025
4877.05180549253,0.6045,791.1554961401357
4877.09181610751,0.5671,898.9490349506214
4877.131826722496,0.5162,1084.971208590703
4877.181839991234,0.5183,1076.1970647566852
4877.22185060623,0.5258,1045.7143825247074
4877.261861221234,0.5788,862.9732843273061
4877.311874489993,0.5949,816.8954908483091
4877.351885105007,0.5731,880.2247264963586
4877.391895720026,0.5783,864.4661856855795
4877.441908988808,0.5171,1081.1977704242731
4877.481919603838,0.6407,704.279574306805
4877.521930218874,0.5249,1049.3034394721037
4877.561940833917,0.5358,1007.0449525988851
4877.6119541027265,0.5314,1023.7906573345717
4877.65196471778,0.4632,1347.4632214442033
4877.691975332838,0.515,1090.0332659471562
4877.7419886016705,0.584,847.6737122714302
4877.781999216741,0.5825,852.0450273547261
4877.822009831817,0.5168,1082.4533928998014
4877.87202310067,0.5082,1119.398875126603
4877.912033715757,0.5414,986.3198863269058
4877.952044330851,0.5718,884.2316902091655
4877.992054945948,0.5137,1095.5572430058462
4878.04206821483,0.523,1056.941275457291
4878.082078829942,0.5409,988.1442049273115
4878.122089445056,0.5505,953.9808839038454
4878.172102713959,0.62,752.0922557259087
4878.212113329087,0.6129,769.6180360079319
4878.2521239442185,0.5492,958.5025178517768
4878.3021372131425,0.5102,1110.6399362763898
4878.342147828287,0.4907,1200.6654416612967
4878.382158443438,0.5223,1059.7762487041543
4878.432171712381,0.5692,892.3281380141717
4878.472182327544,0.5462,969.06055195462
4878.512192942712,0.5105,1109.334966925046
4878.552203557883,0.5676,897.3659632283603
4878.602216826857,0.6328,721.9740419966378
4878.642227442041,0.6297,729.1000545943117
4878.682238057232,0.5236,1054.5203426585674
4878.732251326226,0.5284,1035.44881407101
4878.772261941427,0.5677,897.0498507226079
4878.812272556634,0.517,1081.6160683907385
4878.86228582565,0.5616,916.6428429267476
4878.9022964408705,0.5765,869.8728314068702
4878.942307056092,0.5627,913.0625344535569
4878.9823176713235,0.5763,870.4766990191899
4879.032330940367,0.5106,1108.9004882081576
4879.072341555609,0.576,871.3836801375554
4879.112352170855,0.5321,1021.0987546052461
4879.162365439921,0.5708,887.3326176553029
4879.202376055179,0.7052,581.3398012100361
4879.242386670443,0.6226,745.8238530801342
4879.292399939529,0.5879,836.4644709309891
4879.332410554805,0.5649,905.9645612727683
4879.3724211700855,0.5728,881.1469894447869
4879.422434439195,0.4904,1202.1348913872491
4879.462445054488,0.5129,1098.977510522758
4879.502455669786,0.5563,934.192154046051
4879.542466285089,0.5405,989.6073065238375
4879.592479554225,0.5389,995.4923288563936
4879.632490169541,0.5756,872.5951949940606
4879.672500784861,0.5571,931.5110706472582
4879.722514054019,0.5201,1068.7608067996052
4879.762524669351,0.5659,902.7655420124664
4879.802535284689,0.5592,924.5278922093041
4879.8525485538685,0.553,945.3748912249587
4879.892559169217,0.571,886.7111285733788
4879.932569784572,0.5716,884.850573929856
4879.982583053774,0.5848,845.3560858403341
4880.02259366914,0.5846,845.9346005467964
4880.0626042845115,0.5792,861.7817459192861
4880.10261489989,0.6104,775.9351462853406
4880.1526281691185,0.587,839.0314005975151
4880.192638784507,0.6195,753.3067747710862
4880.232649399902,0.6179,757.2130682927277
4880.282662669153,0.5303,1028.0423473235555
4880.32267328456,0.5643,907.892141483197
4880.36268389997,0.5736,878.6908360626231
4880.412697169243,0.569,892.9555428599733
4880.452707784666,0.5244,1051.3053496105772
4880.492718400095,0.4944,1182.7615989222363
4880.532729015528,0.5705,888.2660771105999
4880.582742284829,0.5885,834.759723309508
4880.6227529002745,0.5688,893.5836096404148
4880.662763515725,0.5242,1052.1077180940194
4880.712776785047,0.5206,1066.7088561259247
4880.752787400509,0.6471,690.4174426158895
4880.7927980159775,0.5619,915.6643095435448
4880.842811285321,0.5681,895.7870695703058
4880.882821900801,0.5172,1080.7797150661127
4880.922832516286,0.6109,774.665517312568
4880.972845785649,0.5612,917.9499959999262
4881.012856401147,0.5186,1074.9523092095471
4881.05286701665,0.542,984.1373649946917
4881.092877632158,0.5738,878.0784023436545
4881.14289090155,0.5356,1007.7971789570017
4881.182901517071,0.4973,1169.007322834423
4881.2229121325945,0.5498,956.4116242177621
4881.272925402009,0.5761,871.0811956591552
4881.312936017545,0.5493,958.1535597139342
4881.352946633087,0.5642,908.2140028764599
4881.4029599025225,0.5803,858.5177106711278
4881.442970518076,0.5919,825.1972069149367
4881.482981133637,0.549,959.2010062757732
4881.532994403093,0.5636,910.1487704246412
4881.573005018664,0.6177,757.7034904574894
4881.613015634241,0.5897,831.3658255151122
4881.653026249823,0.6326,722.4306256377422
4881.703039519306,0.6331,721.2899776984669
4881.7430501349,0.6113,773.6520564228666
4881.783060750499,0.5906,828.8339668139778
4881.833074020006,0.5781,865.0644311279364
4881.873084635617,0.5842,847.0934129480099
4881.913095251231,0.6036,793.5165617796466
4881.963108520759,0.6062,786.7243636682012
4882.003119136387,0.5652,905.0030723951014
4882.04312975202,0.5731,880.2247264963586
4882.083140367658,0.6206,750.6387059716412
4882.133153637214,0.577,868.3659086503775
4882.173164252864,0.6294,729.7952620837082
4882.21317486852,0.6012,799.8646584025433
4882.263188138096,0.5803,858.5177106711278
4882.303198753763,0.5811,856.1555003117027
4882.3432093694355,0.5542,941.2853220288995
4882.393222639034,0.6142,766.3635814286002
4882.433233254718,0.6286,731.6540173969266
4882.473243870408,0.6152,763.8741812970206
4882.523257140028,0.5968,811.7023669564071
4882.56326775573,0.6154,763.3777569785374
4882.603278371435,0.627,735.3928952398893
4882.643288987149,0.5926,823.2488575796826
4882.6933022567955,0.5638,909.5031615381224
4882.73331287252,0.5506,953.6343918876548
4882.773323488249,0.57,889.8251194049326
4882.823336757919,0.5705,888.2660771105999
4882.86334737366,0.5787,863.271555056255
4882.903357989406,0.5743,876.550116367386
4882.9533712590965,0.5551,938.2355345814976
4882.993381874855,0.5223,1059.7762487041543
4883.033392490619,0.5175,1079.5270027665938
4883.073403106387,0.5389,995.4923288563936
4883.123416376106,0.6113,773.6520564228666
4883.163426991887,0.6087,780.2753124658304
4883.203437607673,0.5526,946.7440049917923
4883.253450877412,0.5731,880.2247264963586
4883.29346149321,0.5108,1108.0322961743132
4883.333472109013,0.5929,822.4159624611646
4883.383485378775,0.6238,742.9571446805613
4883.423495994589,0.5377,999.9406144011457
4883.463506610409,0.5578,929.1745792937329
4883.513519880191,0.5912,827.1524810615109
4883.553530496023,0.6226,745.8238530801342
4883.593541111861,0.6268,735.8622692326047
4883.633551727704,0.6471,690.4174426158895
4883.683564997513,0.6021,797.4752248427224
4883.723575613368,0.6093,778.7393403332908
4883.763586229227,0.5693,892.014683526121
4883.81359949906,0.5259,1045.316735453755
4883.853610114931,0.5772,867.7642357742964
4883.893620730807,0.5561,934.8642335019064
4883.943634000661,0.4941,1184.198293845316
4883.98364461655,0.5465,967.996918507741
4884.023655232444,0.5758,871.989121958122
4884.073668502319,0.5861,841.6101644530995
4884.113679118224,0.5935,820.7539596979565
4884.153689734135,0.5501,955.3687420933069
4884.193700350052,0.5826,851.7525555247356
4884.243713619954,0.5828,851.1680634545913
4884.283724235882,0.5765,869.8728314068702
4884.323734851816,0.5475,964.4640924319102
4884.37374812174,0.5532,944.6914477753112
4884.4137587376845,0.5977,809.259733854835
4884.453769353636,0.63,728.4058400204123
4884.503782623581,0.5515,950.5244405286498
4884.543793239544,0.6063,786.4648689668426
4884.583803855511,0.5738,878.0784023436545
4884.6238144714835,0.5694,891.701394173166
4884.673827741458,0.5761,871.0811956591552
4884.713838357443,0.5752,873.8092382245923
4884.753848973432,0.6227,745.5843275399836
4884.803862243427,0.6081,781.8158333716397
4884.843872859428,0.5695,891.3882698393311
4884.883883475435,0.6274,734.4554935206304
4884.9338967454505,0.6275,734.2214231458377
4884.97390736147,0.6308,726.5594410517728
4885.013917977494,0.5746,875.6350591791781
4885.063931247532,0.5264,1043.3318982471792
4885.103941863568,0.6195,753.3067747710862
4885.143952479608,0.5619,915.6643095435448
4885.183963095656,0.5922,824.3613540297664
4885.233976365721,0.6322,723.3450932456564
4885.273986981779,0.6084,781.0450032004477
4885.313997597842,0.6329,721.7459124771361
4885.364010867931,0.6195,753.3067747710862
4885.404021484006,0.5903,829.6766330942643
4885.444032100086,0.6235,743.6722702855706
4885.494045370195,0.5457,970.8371741417066
4885.534055986286,0.5324,1019.9483310699773
4885.574066602384,0.5898,831.0839354040365
4885.614077218487,0.5472,965.5219068074904
4885.6640904886235,0.5733,879.6106887114819
4885.704101104739,0.5858,842.4723948011446
4885.744111720858,0.6303,727.7126164720951
4885.794124991015,0.6713,641.536408440036
4885.834135607148,0.6054,788.8049526793899
4885.874146223286,0.6078,782.5878052295855
4885.924159493464,0.5954,815.5240580011773
4885.9641701096125,0.5829,850.8760430078672
4886.004180725768,0.6187,755.2561333130311
4886.054193995967,0.6475,689.564682003514
4886.094204612134,0.5469,966.5814624379425
4886.134215228305,0.5477,963.7598483284637
4886.174225844482,0.609,779.5067589231495
4886.22423911471,0.5973,810.3439854546449
4886.264249730898,0.5883,835.3273930001004
4886.304260347092,0.6396,706.7041287128925
4886.354273617341,0.6295,729.5634158131186
4886.394284233546,0.6064,786.2055026326718
4886.434294849757,0.646,692.7707076549699
4886.484308120029,0.6538,676.3394744806377
4886.52431873625,0.5932,821.5843306851584
4886.564329352479,0.5973,810.3439854546449
4886.614342622772,0.6254,739.1605059451775
4886.654353239011,0.5805,857.9262423924343
4886.694363855256,0.5665,900.8542568407601
4886.734374471506,0.5715,885.1602594732032
4886.784387741825,0.6233,744.1495944561955
4886.824398358088,0.5964,812.7915328929626
4886.864408974357,0.6039,792.7283668959464
4886.914422244698,0.5792,861.7817459192861
4886.954432860977,0.6253,739.3969423527063
4886.994443477261,0.5147,1091.304315666272
4887.044456747623,0.5728,881.1469894447869
4887.084467363919,0.561,918.6046213023113
4887.124477980221,0.5744,876.244937993695
4887.164488596528,0.6224,746.3032505638777
4887.214501866918,0.6654,652.9636397783464
4887.254512483237,0.6125,770.6235779932622
4887.294523099561,0.5428,981.2385873251068
4887.344536369972,0.5697,890.7625157656285
4887.384546986309,0.553,945.3748912249587
4887.424557602649,0.5905,829.114712874488
4887.474570873082,0.6231,744.6273783283174
4887.514581489433,0.626,737.7442661444679
4887.554592105792,0.5715,885.1602594732032
4887.594602722155,0.6415,702.5240903914139
4887.644615992616,0.5688,893.5836096404148
4887.684626608992,0.572,883.6134555525691
4887.724637225371,0.59,830.5205851222854
4887.774650495855,0.5369,1002.9227227197055
4887.814661112246,0.5777,866.2627865627442
4887.854671728644,0.5851,844.489425863387
4887.904684999147,0.6206,750.6387059716412
4887.944695615556,0.6213,748.948217490381
4887.984706231971,0.6047,790.632246030097
4888.034719502497,0.5901,830.2391247573415
4888.074730118923,0.6251,739.8701556265604
4888.114740735355,0.5862,841.3230484709244
4888.154751351791,0.6206,750.6387059716412
4888.204764622345,0.6094,778.4837859621957
4888.2447752387925,0.5544,940.6063077141164
4888.284785855247,0.5596,923.2066687400835
4888.3347991258215,0.5765,869.8728314068702
4888.374809742287,0.5742,876.855454200019
4888.414820358757,0.5771,868.064994018979
4888.464833629353,0.5967,811.9744531043418
4888.504844245835,0.5787,863.271555056255
4888.5448548623235,0.578,865.3637867565812
4888.59486813294,0.5907,828.5533633242247
4888.634878749441,0.5572,931.1767469535738
4888.674889365945,0.5303,1028.0423473235555
4888.714899982456,0.5862,841.3230484709244
4888.764913253099,0.6919,603.9041028389668
4888.804923869621,0.6169,759.669951298655
4888.844934486148,0.6228,745.344917368776
4888.894947756814,0.6337,719.9247625343668
4888.934958373354,0.573,880.5319865307403
4888.974968989897,0.5791,862.0793990584727
4889.0249822605865,0.6387,708.6971797229679
4889.064992877142,0.6035,793.7795546510921
4889.1050034937025,0.5666,900.5362994914126
4889.155016764412,0.5878,836.7491031867839
4889.195027380985,0.5888,833.9093031531961
4889.235037997563,0.598,808.4479725942798
4889.275048614146,0.5673,898.3153039511918
4889.325061884883,0.541,987.7789365158359
4889.3650725014795,0.6116,772.8932653364081
4889.405083118079,0.5693,892.014683526121
4889.455096388838,0.5939,819.6487552069756
4889.495107005449,0.6465,691.6995525982916
4889.535117622067,0.6365,713.6047235851054
4889.585130892848,0.6276,733.9874646502768
4889.625141509477,0.6248,740.5808277743513
4889.665152126111,0.6132,768.865170529644
4889.705162742751,0.6033,794.305932779008
4889.7551760135575,0.6089,779.7628172210473
4889.795186630209,0.5913,826.8727309722584
4889.835197246867,0.6505,683.2190382199622
4889.885210517697,0.6691,645.7620796111703
4889.925221134365,0.6015,799.0669887149733
4889.965231751038,0.5887,834.1926320856663
4890.0152450218875,0.5886,834.4761054383803
4890.055255638574,0.615,764.3710900098708
4890.0952662552645,0.6407,704.279574306805
4890.135276871963,0.6194,753.5500315898734
4890.185290142839,0.6399,706.0416464201871
4890.225300759547,0.6185,755.7446552355829
4890.26531137626,0.6472,690.2041042236754
4890.315324647159,0.5552,937.8975845275681
4890.355335263885,0.5934,821.0306100967493
4890.3953458806145,0.608,782.0730303589246
4890.445359151536,0.6321,723.5739814488929
4890.485369768277,0.6312,725.638873148831
4890.525380385025,0.6516,680.9142333309185
4890.575393655967,0.6497,684.9026180185402
4890.615404272726,0.6251,739.8701556265604
4890.655414889489,0.6716,640.9633957822765
4890.695425506259,0.6209,749.9135107826837
4890.7454387772295,0.6229,745.1056224924322
4890.785449394009,0.6396,706.7041287128925
4890.8254600107975,0.6046,790.8938061765934
4890.875473281788,0.6068,785.1693192758423
4890.915483898586,0.5965,812.5190359808184
4890.9554945153905,0.6174,758.4400175225566
4891.005507786402,0.653,677.9976741357431
4891.045518403218,0.6869,612.7278202706603
4891.085529020039,0.5804,858.221900101657
4891.135542291072,0.659,665.707959345291
4891.175552907905,0.6025,796.4166898318714
4891.215563524742,0.5948,817.1701925251707
4891.255574141585,0.587,839.0314005975151
4891.305587412645,0.6244,741.5299845386543
4891.3455980295,0.5349,1010.4366192470118
4891.38560864636,0.5744,876.244937993695
4891.435621917442,0.578,865.3637867565812
4891.475632534314,0.5933,821.307400394369
4891.515643151191,0.6183,756.2336512970369
4891.565656422296,0.6103,776.1894466112977
4891.605667039184,0.597,811.1586047827166
4891.645677656079,0.5702,889.2010103172494
4891.685688272977,0.5814,855.272184375535
4891.735701544109,0.6245,741.292524353726
4891.77571216102,0.5895,831.9300361639516
4891.815722777936,0.6267,736.0971247628914
4891.86573604909,0.6154,763.3777569785374
4891.905746666018,0.552,948.8032589544008
4891.945757282951,0.632,723.8029783100167
4891.995770554125,0.6797,625.7776946210587
4892.035781171069,0.606,787.2437385114481
4892.07579178802,0.5667,900.218510447377
4892.125805059216,0.6211,749.4306310118251
4892.165815676178,0.6624,658.8915499322572
4892.205826293145,0.6464,691.9135847722836
4892.245836910118,0.6025,796.4166898318714
4892.29585018134,0.6761,632.4595287955882
4892.335860798325,0.6924,603.0322293787243
4892.375871415314,0.6218,747.7442195924232
4892.425884686558,0.6463,692.1277163034166
4892.4658953035605,0.6464,691.9135847722836
4892.505905920567,0.6482,688.0761479123739
4892.55591919183,0.5692,892.3281380141717
4892.595929808849,0.5851,844.489425863387
4892.635940425875,0.561,918.6046213023113
4892.675951042904,0.6268,735.8622692326047
4892.725964314196,0.6258,738.2158934855183
4892.765974931236,0.5949,816.8954908483091
4892.8059855482825,0.6291,730.4914643830227
4892.855998819597,0.6333,720.8344748118506
4892.896009436655,0.5816,854.6840663155068
4892.936020053717,0.5984,807.3675228358783
4892.9860333250535,0.6414,702.7431667119068
4893.026043942128,0.6349,717.205934575007
4893.066054559208,0.6245,741.292524353726
4893.116067830565,0.5976,809.5305926528923
4893.156078447657,0.6167,760.1627626507766
4893.196089064753,0.6184,755.9890939606099
4893.246102336131,0.572,883.6134555525691
4893.28611295324,0.5456,971.1930848323617
4893.326123570354,0.6443,696.431306995942
4893.366134187472,0.6182,756.4783273216167
4893.416147458879,0.5495,957.4562148925224
4893.456158076011,0.5978,808.989010972982
4893.496168693147,0.6533,677.3751353638443
4893.546181964574,0.6033,794.305932779008
4893.586192581722,0.5823,852.6304231216357
4893.626203198875,0.678,628.9197424326032
4893.676216470323,0.6531,677.7900658889022
4893.716227087489,0.6102,776.4438719720362
4893.756237704659,0.6301,728.1746554835524
4893.796248321833,0.6151,764.1225750647731
4893.84626159331,0.5969,811.4304175464016
4893.886272210498,0.5452,972.61868655293
4893.92628282769,0.6342,718.7900418850741
4893.9762960991875,0.6512,681.750992929264
4894.016306716391,0.5835,849.1270720713545
4894.0563173335995,0.5906,828.8339668139778
4894.106330605118,0.6536,676.7534536229182
4894.146341222341,0.6504,683.4291460030462
4894.186351839566,0.572,883.6134555525691
4894.226362456798,0.6121,771.6310919482589
4894.276375728345,0.6189,754.7680849166017
4894.316386345588,0.608,782.0730303589246
4894.356396962836,0.5827,851.4602342591339
4894.406410234405,0.6267,736.0971247628914
4894.446420851665,0.5877,837.0338807493611
4894.486431468929,0.5722,882.995869052762
4894.536444740519,0.6373,711.8142808730074
4894.576455357796,0.6636,656.5107368544537
4894.616465975079,0.6032,794.5693182089655
4894.666479246689,0.6099,777.2078990831097
4894.706489863983,0.6866,613.2633816940041
4894.746500481282,0.6344,718.3369046802311
4894.786511098587,0.6467,691.2717860759395
4894.836524370226,0.6465,691.6995525982916
4894.876534987542,0.5786,863.5699804495599
4894.916545604863,0.6065,785.946264581036
4894.966558876523,0.6635,656.7086446828016
4895.006569493857,0.6343,718.5634197035315
4895.046580111195,0.6028,795.6241710628333
4895.096593382875,0.6277,733.7536179626593
4895.136604000226,0.6269,735.6275260821667
4895.176614617581,0.6696,644.798041355506
4895.216625234942,0.6256,738.6879732261573
4895.26663850665,0.6544,675.0998136296423
4895.306649124022,0.6509,682.3795752503578
4895.346659741399,0.6072,784.13518303426
4895.39667301313,0.5913,826.8727309722584
4895.436683630519,0.6385,709.1412248684735
4895.476694247914,0.6144,765.8647288238841
4895.526707519664,0.6108,774.919193692016
4895.566718137072,0.6426,700.1209970794974
4895.606728754484,0.6811,623.2077721742236
4895.656742026255,0.6318,724.2612982811278
4895.696752643678,0.6537,676.5464165553914
4895.736763261107,0.6804,624.4907504364043
4895.776773878541,0.5961,813.6098466282465
4895.82678715034,0.6502,683.8496524350234
4895.866797767787,0.6256,738.6879732261573
4895.906808385237,0.644,697.0803061611653
4895.956821657059,0.6344,718.3369046802311
4895.996832274521,0.5776,866.5627644971851
4896.036842891987,0.6555,672.8359369731382
4896.086856163831,0.5865,840.4625815219822
4896.126866781311,0.5318,1022.2511256231152
4896.166877398795,0.691,605.4782471441702
4896.216890670658,0.6338,719.697603546512
4896.256901288156,0.6333,720.8344748118506
4896.296911905657,0.6388,708.4753135365233
4896.336922523164,0.6359,714.951992512799
4896.386935795055,0.6657,652.3752526407202
4896.426946412574,0.6625,658.6926545879957
4896.466957030097,0.6288,731.1886633911978
4896.516970302009,0.6346,717.8841958382136
4896.556980919545,0.5835,849.1270720713545
4896.596991537086,0.5314,1023.7906573345717
4896.64700480902,0.5455,971.549191275167
4896.6870154265725,0.5963,813.0641669102398
4896.727026044129,0.5795,860.8897108621433
4896.767036661694,0.53,1029.2064960351493
4896.817049933654,0.616,761.8913841005054
4896.857060551229,0.5838,848.2546080981634
4896.897071168809,0.6274,734.4554935206304
4896.947084440791,0.6339,719.4705520554444
4896.987095058384,0.6264,736.8023663505807
4897.027105675979,0.6268,735.8622692326047
4897.077118947984,0.5849,845.0670510050529
4897.117129565592,0.659,665.707959345291
4897.157140183206,0.6676,648.6672020355408
4897.2071534552315,0.6654,652.9636397783464
4897.247164072857,0.6479,688.7135003311564
4897.2871746904875,0.5891,833.0601818968005
4897.327185308123,0.6069,784.9105935092001
4897.377198580176,0.5715,885.1602594732032
4897.4172091978235,0.6147,765.1173626978928
4897.4572198154765,0.5826,851.7525555247356
4897.507233087551,0.5832,850.0008827835214
4897.547243705216,0.601,800.3971019406689
4897.587254322886,0.6475,689.564682003514
4897.637267594981,0.7278,545.7963170401239
4897.677278212663,0.6164,760.9028793087314
4897.7172888303485,0.6081,781.8158333716397
4897.767302102465,0.617,759.4237253152888
4897.807312720162,0.6953,598.0123991677021
4897.847323337867,0.6446,695.7832137606149
4897.887333955578,0.6386,708.9191501451829
4897.93734722772,0.627,735.3928952398893
4897.9773578454415,0.631,726.0989382651799
4898.017368463166,0.6089,779.7628172210473
4898.067381735332,0.6454,694.0593813193516
4898.107392353069,0.6549,674.0693645953709
4898.147402970812,0.6746,635.2752495427153
4898.197416242999,0.617,759.4237253152888
4898.237426860754,0.6044,791.4173160066457
4898.277437478514,0.6224,746.3032505638777
4898.317448096278,0.5791,862.0793990584727
4898.3674613684925,0.57,889.8251194049326
4898.407471986269,0.6706,642.8764299053668
4898.4474826040505,0.6337,719.9247625343668
4898.497495876285,0.6215,748.4662696182887
4898.53750649408,0.6112,773.9052351139741
4898.577517111879,0.6244,741.5299845386543
4898.627530384135,0.659,665.707959345291
4898.667541001945,0.6454,694.0593813193516
4898.707551619762,0.6276,733.9874646502768
4898.757564892038,0.6063,786.4648689668426
4898.797575509866,0.655,673.8635579144659
4898.837586127699,0.6442,696.6475393088004
4898.877596745537,0.6828,620.1083791480912
4898.927610017843,0.707,578.3834275179977
4898.967620635692,0.6565,670.7877344690592
4899.007631253547,0.6297,729.1000545943117
4899.057644525872,0.6846,616.8518028531264
4899.097655143739,0.6729,638.4891907494994
4899.137665761612,0.6354,716.0776333160646
4899.187679033959,0.6427,699.9031456898168
4899.227689651842,0.6107,775.1729946973358
4899.26770026973,0.595,816.6209276646224
4899.307710887625,0.6311,725.8688510328986
4899.35772416,0.5964,812.7915328929626
4899.3977347779055,0.5995,804.4074293517499
4899.437745395817,0.5763,870.4766990191899
4899.487758668213,0.564,908.8582393465673
4899.5277692861355,0.592,824.9184480914474
4899.567779904064,0.6667,650.4196953627262
4899.617793176481,0.6989,591.8676088589573
4899.657803794421,0.712,570.2885991443889
4899.697814412366,0.6101,776.6984224495395
4899.747827684805,0.6296,729.3316800067075
4899.787838302761,0.66,663.6921938058515
4899.827848920721,0.6477,689.13889404359
4899.867859538688,0.6667,650.4196953627262
4899.917872811156,0.7065,579.202376241746
4899.957883429134,0.6666,650.6148551304568
4899.9978940471165,0.6753,633.958911506582
4900.047907319605,0.6315,724.9495948933943
4900.087917937601,0.606,787.2437385114481
4900.127928555602,0.5944,818.270386028729
4900.177941828109,0.6204,751.1227539976607
4900.217952446123,0.6389,708.253551520595
4900.257963064139,0.6585,666.7192876431501
4900.307976336668,0.6548,674.2752655747248
4900.347986954698,0.648,688.5009511656647
4900.387997572733,0.6,803.0673111517001
4900.428008190774,0.5686,894.2123392869777
4900.47802146333,0.6248,740.5808277743513
4900.5180320813815,0.6274,734.4554935206304
4900.5580426994375,0.7294,543.404446700971
4900.608055972017,0.6236,743.4337804040489
4900.648066590084,0.6262,737.2730906251375
4900.688077208159,0.698,593.3948968323723
4900.738090480759,0.6411,703.4010108793157
4900.778101098843,0.5341,1013.465839136078
4900.818111716933,0.6118,772.388024622837
4900.858122335029,0.6465,691.6995525982916
4900.908135607657,0.6428,699.685395965089
4900.948146225764,0.6407,704.279574306805
4900.988156843877,0.6132,768.865170529644
4901.038170116524,0.6052,789.3263895510153
4901.07818073465,0.6276,733.9874646502768
4901.118191352779,0.6294,729.7952620837082
4901.168204625448,0.5977,809.259733854835
4901.2082152435905,0.6567,670.379216382811
4901.248225861736,0.623,744.8664428369326
4901.298239134427,0.591,827.7124073147276
4901.3382497525845,0.6254,739.1605059451775
4901.378260370749,0.5913,826.8727309722584
4901.418270988916,0.6302,727.9435809907236
4901.468284261635,0.6272,734.9239701933515
4901.508294879815,0.579,862.377206435135
4901.548305498,0.7022,586.3177060382059
4901.59831877074,0.6301,728.1746554835524
4901.638329388937,0.6572,669.3595523783823
4901.678340007139,0.6775,629.8483784284111
4901.728353279899,0.6303,727.7126164720951
4901.768363898113,0.6489,686.5924284774734
4901.808374516331,0.5942,818.8213161654254
4901.848385134555,0.6296,729.3316800067075
4901.898398407344,0.602,797.7401883428549
4901.938409025581,0.6446,695.7832137606149
4901.978419643822,0.6962,596.4672612596452
4902.028432916632,0.6231,744.6273783283174
4902.068443534884,0.6108,774.919193692016
4902.108454153143,0.6777,629.4766773747305
4902.158467425974,0.6668,650.2246233926143
4902.1984780442435,0.6863,613.7996455942813
4902.238488662519,0.6301,728.1746554835524
4902.288501935369,0.6548,674.2752655747248
4902.328512553657,0.684,617.9344720623712
4902.368523171949,0.6109,774.665517312568
4902.408533790244,0.5866,840.1760525378279
4902.458547063125,0.7112,571.5723079039365
4902.498557681433,0.7468,518.377466849247
4902.538568299748,0.7422,524.8229600936268
4902.588581572648,0.6421,701.2117812193483
4902.628592190973,0.5704,888.5775576095506
4902.6686028093045,0.6304,727.4817618578921
4902.718616082226,0.7382,530.5259581364217
4902.758626700568,0.6305,727.2510170783952
4902.798637318916,0.6663,651.2008617465156
4902.848650591858,0.6569,669.9710713718611
4902.888661210217,0.7143,566.6219318863544
4902.928671828583,0.6766,631.525114216237
4902.968682446953,0.687,612.5494556901486
4903.018695719921,0.7232,552.7615942825738
4903.058706338303,0.6234,743.910874945065
4903.09871695669,0.6583,667.1244643428258
4903.148730229681,0.6522,679.6619794537387
4903.18874084808,0.7059,580.1874127226391
4903.228751466482,0.7638,495.55909534550966
4903.278764739496,0.6546,674.6873506592942
4903.318775357911,0.6026,796.1523853888858
4903.358785976331,0.6489,686.5924284774734
4903.398796594758,0.6366,713.3805490470355
4903.4488098677975,0.6193,753.7934062559386
4903.488820486235,0.6077,782.8453832801216
4903.528831104678,0.651,682.1699512512471
4903.578844377738,0.6832,619.3824705515196
4903.618854996192,0.6668,650.2246233926143
4903.658865614652,0.6593,665.1022664963425
4903.708878887733,0.6859,614.5157589946202
4903.748889506205,0.5557,936.21057003402
4903.788900124681,0.6622,659.2896109742472
4903.838913397784,0.6633,657.1047289044819
4903.878924016271,0.6619,659.8873792379434
4903.918934634766,0.6732,637.9202549412356
4903.958945253265,0.6524,679.2453290801851
4904.008958526395,0.6704,643.2600643714358
4904.048969144905,0.7077,577.2398141335484
4904.088979763419,0.7193,558.7719138450472
4904.138993036572,0.6815,622.4764160887837
4904.179003655099,0.6101,776.6984224495395
4904.219014273631,0.5946,817.7200117311346
4904.269027546803,0.6744,635.6520991903208
4904.309038165347,0.6972,594.7574544670757
4904.349048783895,0.6817,622.1112207296135
4904.3890594024515,0.5982,807.9074767903269
4904.439072675651,0.6285,731.8868610117088
4904.479083294216,0.6719,640.3911504938945
4904.519093912787,0.6467,691.2717860759395
4904.569107186008,0.5929,822.4159624611646
4904.609117804591,0.5857,842.7600993858415
4904.64912842318,0.631,726.0989382651799
4904.699141696421,0.5927,822.9710853442174
4904.739152315023,0.6699,644.2206542530074
4904.779162933626,0.6299,728.6371346711887
4904.829176206891,0.6434,698.3810290422228
4904.869186825506,0.5882,835.6114450163224
4904.909197444129,0.67,644.0283642181697
4904.949208062756,0.6867,613.084783227182
4904.999221336046,0.6377,710.9215853470773
4905.039231954685,0.5818,854.0965546658855
4905.079242573329,0.6644,654.9306898956894
4905.129255846641,0.663,657.6995274597556
4905.169266465296,0.6157,762.634027363741
4905.209277083958,0.6418,701.8674757413701
4905.25929035729,0.7331,537.933106029447
4905.299300975962,0.722,554.6005533498724
4905.33931159464,0.6843,617.3927814732383
4905.389324867994,0.663,657.6995274597556
4905.429335486683,0.6552,673.4522272177527
4905.469346105378,0.6199,752.3349244481767
4905.509356724077,0.6608,662.0861661062779
4905.559369997458,0.7145,566.3047636087914
4905.599380616169,0.7108,572.2157882960579
4905.639391234887,0.7615,498.55714051113813
4905.68940450829,0.6817,622.1112207296135
4905.729415127017,0.6608,662.0861661062779
4905.76942574575,0.6089,779.7628172210473
4905.819439019174,0.5874,837.8890862674442
4905.859449637919,0.5761,871.0811956591552
4905.899460256668,0.6808,623.7571354237488
4905.939470875424,0.6326,722.4306256377422
4905.989484148877,0.654,675.925875077079
4906.029494767642,0.7122,569.9683476844574
4906.069505386415,0.7091,574.9627394259551
4906.119518659888,0.6527,678.6210715146401
4906.159529278671,0.6546,674.6873506592942
4906.1995398974595,0.6754,633.7711972510602
4906.249553170953,0.6935,601.1207415050744
4906.2895637897545,0.6234,743.910874945065
4906.329574408561,0.7365,532.9779168166789
4906.379587682075,0.6769,630.9654591091286
4906.419598300891,0.6341,719.0167712924612
4906.459608919715,0.7185,560.0169125082753
4906.499619538542,0.7756,480.5949201364739
4906.549632812084,0.6723,639.6293480950037
4906.589643430923,0.6602,663.2901394830026
4906.629654049769,0.5911,827.43237314363
4906.679667323332,0.6428,699.685395965089
4906.719677942188,0.5897,831.3658255151122
4906.75968856105,0.6825,620.6536483856491
4906.809701834633,0.6699,644.2206542530074
4906.849712453506,0.6268,735.8622692326047
4906.889723072386,0.6596,664.4973999038551
4906.92973369127,0.6622,659.2896109742472
4906.97974696488,0.745,520.8854007953163
4907.019757583775,0.7361,533.5573185323677
4907.0597682026755,0.7029,585.1504917933166
4907.109781476309,0.7257,548.9596877284326
4907.149792095221,0.7326,538.6676350235855
4907.189802714138,0.6367,713.156480126956
4907.239815987792,0.6951,598.3565784634387
4907.27982660672,0.6632,657.3029054058125
4907.319837225654,0.5988,806.2892375805699
4907.369850499329,0.6442,696.6475393088004
4907.409861118276,0.6772,630.406547618791
4907.449871737225,0.6883,610.2377859712859
4907.4898823561825,0.6857,614.8742857446832
4907.539895629884,0.658,667.7329222729719
4907.579906248851,0.6837,618.4768758704139
4907.619916867824,0.6775,629.8483784284111
4907.669930141548,0.6676,648.6672020355408
4907.709940760533,0.6697,644.6054927702075
4907.749951379523,0.6755,633.583566356049
4907.799964653266,0.6543,675.3061869663853
4907.839975272269,0.7206,556.7576278420851
4907.879985891274,0.6898,607.5866983706243
4907.92999916504,0.6588,666.1122143526507
4907.970009784058,0.6593,665.1022664963425
4908.010020403081,0.5694,891.701394173166
4908.05003102211,0.6452,694.4897383422962
4908.100044295902,0.6853,615.5922811741157
4908.140054914944,0.6975,594.2459459102523
4908.1800655339875,0.6832,619.3824705515196
4908.230078807802,0.6559,672.0155317313674
4908.270089426858,0.6597,664.2959610591738
4908.310100045921,0.5948,817.1701925251707
4908.360113319756,0.6088,780.0190017076309
4908.40012393883,0.6953,598.0123991677021
4908.440134557908,0.7235,552.3032836572671
4908.480145176993,0.7284,544.8975183979533
4908.530158450855,0.6613,661.0853572926214
4908.570169069952,0.6139,767.11277470308
4908.610179689052,0.6578,668.1390234690116
4908.660192962936,0.6615,660.6856690562464
4908.700203582048,0.6316,724.7200537099399
4908.740214201166,0.6837,618.4768758704139
4908.790227475071,0.6653,653.159945724851
4908.8302380942005,0.6787,627.6230984320038
4908.870248713335,0.6695,644.9906762272917
4908.92026198726,0.7184,560.1728298550307
4908.960272606406,0.7003,589.5035214339747
4909.000283225558,0.6754,633.7711972510602
4909.040293844714,0.6434,698.3810290422228
4909.090307118668,0.6178,757.458219838685
4909.130317737836,0.6381,710.0305680802928
4909.17032835701,0.5331,1017.2715584179348
4909.220341630984,0.6975,594.2459459102523
4909.260352250168,0.705,581.6696857126905
4909.300362869359,0.6472,690.2041042236754
4909.350376143352,0.6829,619.9267824081132
4909.390386762555,0.7127,569.1688982446609
4909.430397381762,0.6271,735.1583766341422
4909.470408000975,0.6725,639.2489565499707
4909.520421274996,0.628,733.052748035427
4909.5604318942205,0.6503,683.6393507215204
4909.600442513448,0.7464,518.9332178381957
4909.650455787492,0.7419,525.2474876819737
4909.690466406733,0.7118,570.6091205925186
4909.730477025979,0.6865,613.4420582137967
4909.780490300042,0.7743,482.21004880792077
4909.820500919301,0.7376,531.38941965953
4909.860511538563,0.7758,480.347159191636
4909.910524812649,0.6198,752.5777106379697
4909.950535431923,0.5971,810.8869285738198
4909.990546051202,0.6802,624.8580433749171
4910.0305566704865,0.6885,609.8833062228697
4910.0805699446,0.6664,651.0054382695965
4910.120580563896,0.6958,597.1532490163954
4910.1605911831975,0.6922,603.38075204625
4910.210604457332,0.72,557.6859425692005
4910.250615076644,0.735,535.1555537359236
4910.290625695962,0.6811,623.2077721742236
4910.340638970119,0.6282,732.5860591525764
4910.380649589447,0.6606,662.4871260751106
4910.4206602087825,0.6924,603.0322293787243
4910.470673482959,0.693,601.9884712712892
4910.510684102305,0.6896,607.9391774449658
4910.550694721655,0.6585,666.7192876431501
4910.590705341014,0.5858,842.4723948011446
4910.640718615216,0.661,661.6855700394424
4910.680729234585,0.6329,721.7459124771361
4910.720739853959,0.6609,661.8858226126403
4910.770753128182,0.71,573.506013324888
4910.810763747568,0.6517,680.7052841373392
4910.850774366958,0.6582,667.3271912126454
4910.900787641204,0.6914,604.7778685195234
4910.940798260606,0.6608,662.0861661062779
4910.980808880014,0.6872,612.1929600978425
4911.020819499426,0.7176,561.4225161344514
4911.070832773699,0.7165,563.1476744311907
4911.110843393123,0.6829,619.9267824081132
4911.150854012552,0.7274,546.3967521613944
4911.200867286846,0.6896,607.9391774449658
4911.240877906286,0.6497,684.9026180185402
4911.280888525734,0.671,642.1101898398226
4911.330901800047,0.6899,607.4105737776664
4911.370912419505,0.7801,475.06630408146947
4911.410923038969,0.6516,680.9142333309185
4911.460936313303,0.6953,598.0123991677021
4911.500946932778,0.5682,895.4717909125881
4911.540957552258,0.609,779.5067589231495
4911.580968171743,0.6596,664.4973999038551
4911.6309814461065,0.7319,539.6985057579242
4911.670992065602,0.6724,639.4391098933926
4911.711002685103,0.6885,609.8833062228697
4911.761015959488,0.754,508.52470087109424
4911.801026579001,0.7166,562.990513505806
4911.841037198518,0.7662,492.45944102785484
4911.891050472924,0.6044,791.4173160066457
4911.931061092454,0.6976,594.0755896883427
4911.971071711989,0.7885,464.99833713523117
4912.021084986415,0.7026,585.6502992945852
4912.061095605961,0.6531,677.7900658889022
4912.101106225512,0.6489,686.5924284774734
4912.141116845071,0.663,657.6995274597556
4912.191130119523,0.7812,473.7293753779267
4912.231140739093,0.7462,519.211428540778
4912.271151358665,0.5919,825.1972069149367
4912.32116463314,0.6434,698.3810290422228
4912.361175252726,0.6375,711.3677230643727
4912.401185872316,0.6076,783.1030885190164
4912.451199146811,0.6181,756.7231221111637
4912.491209766414,0.6523,679.4536063615044
4912.53122038602,0.6951,598.3565784634387
4912.571231005634,0.6881,610.5925748585596
4912.621244280157,0.7065,579.202376241746
4912.661254899781,0.6655,652.7674223175982
4912.70126551941,0.7441,522.1461983717667
4912.751278793954,0.8093,441.4034697257427
4912.791289413594,0.6417,702.0862449699632
4912.83130003324,0.6375,711.3677230643727
4912.881313307805,0.7051,581.5047083722945
4912.921323927463,0.7054,581.0101972607706
4912.961334547127,0.6508,682.5892958873517
4913.011347821712,0.6144,765.8647288238841
4913.051358441386,0.6361,714.5024792458639
4913.091369061065,0.6867,613.084783227182
4913.13137968075,0.6811,623.2077721742236
4913.181392955363,0.6015,799.0669887149733
4913.221403575059,0.5852,844.2008353544602
4913.261414194761,0.6213,748.948217490381
4913.311427469394,0.6802,624.8580433749171
4913.351438089107,0.6862,613.9785565460501
4913.391448708828,0.6889,609.1752727069477
4913.4414619834815,0.6966,595.7824548806738
4913.48147260321,0.6765,631.7118313947957
4913.521483222945,0.6743,635.8406497733218
4913.561493842686,0.7005,589.1669512552736
4913.611507117368,0.7338,536.9072868490463
4913.65151773712,0.7057,580.516316678882
4913.691528356877,0.6523,679.4536063615044
4913.741541631581,0.6303,727.7126164720951
4913.781552251349,0.6087,780.2753124658304
4913.821562871122,0.6571,669.5632989820714
4913.871576145847,0.6721,640.0100792748294
4913.911586765633,0.6326,722.4306256377422
4913.951597385423,0.6421,701.2117812193483
4914.001610660168,0.6623,659.0905353761983
4914.04162127997,0.6543,675.3061869663853
4914.081631899778,0.5999,803.3350667461971
4914.12164251959,0.6015,799.0669887149733
4914.171655794362,0.6526,678.8290617154155
4914.211666414186,0.6465,691.6995525982916
4914.251677034014,0.6317,724.4906215288528
4914.301690308808,0.6449,695.1360247698663
4914.3417009286495,0.6774,630.0343524285962
4914.381711548494,0.6652,653.3563402103241
4914.431724823309,0.6489,686.5924284774734
4914.471735443167,0.6402,705.3800952324849
4914.511746063029,0.6361,714.5024792458639
4914.561759337864,0.6627,658.2951339810023
4914.601769957738,0.6666,650.6148551304568
4914.641780577617,0.6842,617.5732658336137
4914.681791197502,0.7194,558.6165809839778
4914.731804472365,0.7224,553.9865486520204
4914.771815092261,0.6977,593.9053067115681
4914.811825712162,0.6791,626.8839585879632
4914.861838987045,0.6974,594.4163754193104
4914.9018496069575,0.6518,680.496431108002
4914.941860226876,0.6259,737.980023301183
4914.991873501781,0.6768,631.1519281223005
4915.03188412171,0.7011,588.1589683581055
4915.071894741645,0.7042,582.9920356338506
4915.111905361585,0.6959,596.9816411744831
4915.161918636517,0.7031,584.8176421642879
4915.201929256469,0.6681,647.6966534597055
4915.241939876426,0.6823,621.0175608601566
4915.291953151377,0.7312,540.7323385568712
4915.331963771347,0.7167,562.8334183609744
4915.371974391319,0.6901,607.0585542581215
4915.421987666295,0.7014,587.655946674899
4915.461998286278,0.7325,538.8147213495004
4915.502008906268,0.702,586.651837315489
4915.552022181264,0.6956,597.4966867607984
4915.592032801264,0.7052,581.3398012100361
4915.632043421271,0.6413,702.9623455240848
4915.672054041283,0.6304,727.4817618578921
4915.722067316306,0.7249,550.1720190198008
4915.76207793633,0.7494,514.786750017918
4915.802088556357,0.682,621.5640299838967
4915.8521018313995,0.6283,732.3528818187253
4915.892112451441,0.5969,811.4304175464016
4915.932123071486,0.6514,681.3324204470346
4915.982136346549,0.6417,702.0862449699632
4916.022146966607,0.5984,807.3675228358783
4916.062157586669,0.6615,660.6856690562464
4916.102168206737,0.677,630.7790727200181
4916.152181481827,0.6338,719.697603546512
4916.192192101907,0.6268,735.8622692326047
4916.232202721991,0.5899,830.8021886388194
4916.282215997103,0.5673,898.3153039511918
4916.322226617197,0.5932,821.5843306851584
4916.362237237298,0.7187,559.7052730410701
4916.4122505124315,0.744,522.286569497288
4916.452261132545,0.7329,538.2267372313776
4916.4922717526615,0.6579,667.9359265758965
4916.5422850278155,0.6254,739.1605059451775
4916.582295647945,0.6834,619.0199941499989
4916.622306268078,0.6715,641.1543146705434
4916.662316888218,0.6403,705.1597847805825
4916.712330163399,0.6719,640.3911504938945
4916.75234078355,0.6797,625.7776946210587
4916.792351403707,0.6531,677.7900658889022
4916.842364678909,0.6525,679.0371475510505
4916.882375299077,0.6643,655.1278836330523
4916.922385919249,0.5896,831.6478590693039
4916.972399194472,0.6657,652.3752526407202
4917.012409814657,0.6954,597.8404208698562
4917.052420434845,0.7415,525.8143261990887
4917.10243371009,0.6264,736.8023663505807
4917.142444330291,0.6035,793.7795546510921
4917.182454950496,0.7125,569.4884760594213
4917.222465570709,0.7272,546.6973413460216
4917.272478845979,0.6999,590.1775275860857
4917.3124894662005,0.6438,697.5134763997344
4917.35250008643,0.6041,792.2035558842641
4917.4025133617215,0.6191,754.2805094345049
4917.442523981962,0.7206,556.7576278420851
4917.482534602205,0.6747,635.0869503787114
4917.53254787752,0.6702,643.6440423389662
4917.572558497775,0.673,638.2994609408445
4917.612569118037,0.6433,698.5981701037441
4917.652579738304,0.7009,588.4946750459588
4917.702593013644,0.6742,636.0292842621162
4917.742603633922,0.677,630.7790727200181
4917.782614254206,0.7201,557.531062289959
4917.832627529567,0.5719,883.9224918045992
4917.872638149862,0.5943,818.5457815704233
4917.912648770162,0.6311,725.8688510328986
4917.962662045545,0.7132,568.3711296126045
4918.002672665856,0.6107,775.1729946973358
4918.042683286173,0.6707,642.6847413573564
4918.092696561576,0.6773,630.2204088091685
4918.132707181903,0.7395,528.662329734286
4918.1727178022375,0.6715,641.1543146705434
4918.212728422576,0.7112,571.5723079039365
4918.262741698007,0.6622,659.2896109742472
4918.302752318356,0.6739,636.5956916613637
4918.342762938712,0.6615,660.6856690562464
4918.392776214163,0.6513,681.5416584877997
4918.43278683453,0.6806,624.1237812461402
4918.472797454901,0.7357,534.1376655655886
4918.522810730374,0.6826,620.4718120900734
4918.562821350757,0.6577,668.3422130086332
4918.602831971145,0.6576,668.5454952511192
4918.64284259154,0.692,603.7295769442896
4918.692855867039,0.6659,651.983436269316
4918.732866487444,0.6224,746.3032505638777
4918.772877107855,0.6682,647.5028051452749
4918.822890383374,0.6795,626.146123681992
4918.862901003797,0.673,638.2994609408445
4918.902911624224,0.6529,678.2053777833316
4918.952924899765,0.6751,634.3345902967448
4918.992935520204,0.6613,661.0853572926214
4919.032946140648,0.6528,678.4131768901287
4919.08295941621,0.612,771.8832791615481
4919.122970036666,0.6295,729.5634158131186
4919.162980657125,0.589,833.3430781567247
4919.202991277592,0.6589,665.9100408342807
4919.25300455318,0.6797,625.7776946210587
4919.293015173659,0.6479,688.7135003311564
4919.33302579414,0.5968,811.7023669564071
4919.383039069751,0.6012,799.8646584025433
4919.4230496902455,0.7048,581.999851087227
4919.4630603107435,0.6269,735.6275260821667
4919.513073586375,0.6612,661.2853374343779
4919.5530842068865,0.6755,633.583566356049
4919.593094827403,0.6205,750.880671477732
4919.643108103053,0.6653,653.159945724851
4919.68311872358,0.6444,696.2151753419286
4919.723129344114,0.6423,700.7751618714815
4919.763139964651,0.6262,737.2730906251375
4919.8131532403295,0.68,625.2256604426146
4919.853163860877,0.6706,642.8764299053668
4919.893174481433,0.6003,802.2648470761867
4919.943187757132,0.6091,779.2508267310756
4919.9831983776985,0.6092,778.9950205620313
4920.023208998269,0.6227,745.5843275399836
4920.073222273991,0.6587,666.3144799562906
4920.113232894573,0.6726,639.0588880142762
4920.15324351516,0.6725,639.2489565499707
4920.193254135754,0.6291,730.4914643830227
4920.243267411501,0.729,544.0009380952481
4920.283278032106,0.7057,580.516316678882
4920.323288652715,0.6573,669.1558987599942
4920.373301928485,0.682,621.5640299838967
4920.413312549105,0.6948,598.8734047983107
4920.453323169731,0.7096,574.1527628702271
4920.503336445521,0.723,553.0674517007861
4920.543347066159,0.743,523.6933994759037
4920.583357686802,0.7237,551.9980598329773
4920.633370962612,0.7181,560.6409727829575
4920.673381583266,0.7991,452.7438383206344
4920.713392203927,0.7461,519.350617798941
4920.75340282459,0.697,595.0988271683487
4920.803416100428,0.6861,614.1575457329429
4920.843426721105,0.6525,679.0371475510505
4920.883437341787,0.6927,602.510011296249
4920.933450617645,0.5846,845.9346005467964
4920.973461238338,0.7202,557.3762465216774
4921.013471859036,0.6644,654.9306898956894
4921.063485134915,0.7399,528.0908809281289
4921.103495755624,0.7116,570.9299123324171
4921.143506376339,0.6184,755.9890939606099
4921.183516997058,0.6323,723.116313631574
4921.233530272966,0.5989,806.0200037928441
4921.273540893697,0.6096,777.9730544626485
4921.313551514432,0.6612,661.2853374343779
4921.36356479036,0.6987,592.2064962048013
4921.40357541111,0.7127,569.1688982446609
4921.443586031861,0.6345,718.1104967476238
4921.493599307811,0.6656,652.5712932894335
4921.533609928575,0.6727,638.8689042358845
4921.573620549345,0.6572,669.3595523783823
4921.623633825315,0.667,649.8347426346616
4921.663644446095,0.663,657.6995274597556
4921.703655066881,0.6674,649.0560323759554
4921.743665687673,0.6951,598.3565784634387
4921.793678963671,0.6785,627.9931586676453
4921.833689584473,0.6707,642.6847413573564
4921.873700205281,0.6921,603.5551266946204
4921.923713481299,0.7637,495.6888821442492
4921.963724102119,0.7416,525.6725305772102
4922.003734722944,0.6931,601.8147750728738
4922.053747998982,0.6302,727.9435809907236
4922.093758619818,0.7088,575.449548346292
4922.13376924066,0.7049,581.8347332710499
4922.183782516719,0.6505,683.2190382199622
4922.223793137571,0.6845,617.0320500292023
4922.263803758429,0.6221,747.023213911963
4922.303814379293,0.6969,595.2696237444045
4922.353827655378,0.5692,892.3281380141717
4922.393838276254,0.6586,666.5168377011322
4922.433848897133,0.6252,739.6334922222974
4922.483862173241,0.6507,682.7991132216392
4922.523872794132,0.7342,536.3224213632878
4922.563883415028,0.7408,526.8085039263896
4922.613896691156,0.6229,745.1056224924322
4922.653907312065,0.6251,739.8701556265604
4922.6939179329775,0.6843,617.3927814732383
4922.7339285538965,0.6882,610.4151417501049
4922.783941830051,0.623,744.8664428369326
4922.823952450982,0.5668,899.9008895898883
4922.863963071916,0.6341,719.0167712924612
4922.913976348093,0.6894,608.291963333658
4922.953986969038,0.6311,725.8688510328986
4922.993997589991,0.6205,750.880671477732
4923.044010866188,0.6271,735.1583766341422
4923.0840214871505,0.6692,645.5690990774075
4923.124032108119,0.7412,526.2400574683247
4923.164042729091,0.6519,680.2876741839065
4923.214056005316,0.5885,834.759723309508
4923.254066626301,0.6277,733.7536179626593
4923.29407724729,0.6856,615.0536667921834
4923.344090523537,0.7245,550.7796912191699
4923.384101144538,0.6874,611.836775628501
4923.424111765544,0.6356,715.627058208842
4923.474125041809,0.6949,598.7010549774751
4923.514135662827,0.663,657.6995274597556
4923.554146283852,0.6698,644.4130304198706
4923.604159560137,0.6689,646.1483003645354
4923.644170181174,0.6798,625.5936020209932
4923.684180802214,0.6886,609.706182163511
4923.724191423258,0.7004,589.3352003041799
4923.774204699571,0.6672,649.4452124358237
4923.814215320627,0.6371,712.2612593005679
4923.854225941689,0.6613,661.0853572926214
4923.904239218024,0.6578,668.1390234690116
4923.944249839096,0.7029,585.1504917933166
4923.984260460175,0.6959,596.9816411744831
4924.034273736531,0.7087,575.611955383178
4924.074284357621,0.7587,502.243799422755
4924.1142949787145,0.6775,629.8483784284111
4924.164308255091,0.6632,657.3029054058125
4924.204318876198,0.6093,778.7393403332908
4924.24432949731,0.7341,536.4685481089433
4924.284340118426,0.6144,765.8647288238841
4924.334353394829,0.6918,604.0787044223932
4924.374364015958,0.7019,586.8190100727662
4924.414374637091,0.6656,652.5712932894335
4924.464387913516,0.6509,682.3795752503578
4924.50439853466,0.6807,623.9404179377121
4924.544409155809,0.6462,692.3419472531975
4924.594422432256,0.6619,659.8873792379434
4924.634433053416,0.7246,550.6276788191052
4924.674443674583,0.7034,584.3188999702725
4924.714454295755,0.6739,636.5956916613637
4924.764467572227,0.6337,719.9247625343668
4924.80447819341,0.6898,607.5866983706243
4924.844488814599,0.7301,542.3629448746349
4924.8945020910905,0.7287,544.4489514107562
4924.9345127122915,0.7015,587.4884161764209
4924.974523333497,0.7841,470.23167633479113
4925.024536610009,0.7072,578.0563342912365
4925.064547231224,0.7236,552.1506401091976
4925.104557852446,0.7264,547.9021819466773
4925.154571128981,0.6895,608.1155320152683
4925.194581750215,0.6906,606.1798431109926
4925.234592371453,0.6526,678.8290617154155
4925.274602992695,0.6257,738.4518767697364
4925.324616269257,0.661,661.6855700394424
4925.364626890512,0.7089,575.2872100336347
4925.404637511772,0.6946,599.2183277817971
4925.454650788355,0.6342,718.7900418850741
4925.494661409626,0.6476,689.3517387121756
4925.534672030902,0.6825,620.6536483856491
4925.584685307505,0.689,608.9984569793749
4925.624695928794,0.6115,773.1460716152984
4925.6647065500865,0.6994,591.021662046566
4925.704717171386,0.693,601.9884712712892
4925.754730448016,0.6573,669.1558987599942
4925.794741069325,0.6376,711.1446017272496
4925.8347516906415,0.7435,522.9892749231084
4925.884764967291,0.7686,489.38877788900965
4925.924775588618,0.7246,550.6276788191052
4925.964786209949,0.7109,572.0548163625589
4926.014799486621,0.7429,523.8343950179717
4926.054810107964,0.656,671.8106648756421
4926.094820729312,0.639,708.0318936099794
4926.144834006004,0.6527,678.6210715146401
4926.184844627363,0.6939,600.4279078205617
4926.224855248729,0.6827,620.2900556931551
4926.274868525442,0.6386,708.9191501451829
4926.314879146817,0.6211,749.4306310118251
4926.3548897681985,0.6985,592.545674690552
4926.394900389586,0.6396,706.7041287128925
4926.444913666326,0.6808,623.7571354237488
4926.4849242877235,0.6978,593.7350969379453
4926.524934909128,0.7517,511.64135536774825
4926.574948185888,0.7755,480.71887249919916
4926.614958807303,0.7225,553.8332067990581
4926.654969428722,0.6895,608.1155320152683
4926.704982705504,0.6687,646.5348677109287
4926.744993326935,0.6468,691.0580516048033
4926.785003948372,0.6549,674.0693645953709
4926.825014569813,0.6978,593.7350969379453
4926.875027846623,0.714,567.098184135251
4926.915038468075,0.7161,563.776976673265
4926.955049089534,0.6508,682.5892958873517
4927.005062366364,0.6866,613.2633816940041
4927.045072987833,0.7284,544.8975183979533
4927.085083609308,0.6769,630.9654591091286
4927.135096886157,0.711,571.8939123448349
4927.175107507645,0.6443,696.431306995942
4927.215118129136,0.6376,711.1446017272496
4927.255128750631,0.7087,575.611955383178
4927.305142027509,0.6462,692.3419472531975
4927.345152649017,0.6626,658.4938492890261
4927.38516327053,0.711,571.8939123448349
4927.4351765474285,0.7039,583.4890796245461
4927.475187168953,0.7106,572.5379360633173
4927.515197790482,0.6415,702.5240903914139
4927.5652110674,0.6256,738.6879732261573
4927.605221688942,0.6721,640.0100792748294
4927.6452323104895,0.6798,625.5936020209932
4927.695245587428,0.6952,598.1844516846587
4927.735256208985,0.7185,560.0169125082753
4927.775266830548,0.751,512.5955907473543
4927.815277452116,0.7011,588.1589683581055
4927.865290729083,0.6745,635.463632463358
4927.905301350662,0.6617,660.2863431839876
4927.945311972246,0.6352,716.5286340958262
4927.995325249234,0.6443,696.431306995942
4928.03533587083,0.6883,610.2377859712859
4928.07534649243,0.6897,607.762899578243
4928.12535976944,0.702,586.651837315489
4928.165370391052,0.6897,607.762899578243
4928.20538101267,0.6607,662.2866005754047
4928.255394289699,0.6856,615.0536667921834
4928.295404911328,0.7075,577.5662144652423
4928.3354155329625,0.7114,571.2509746680817
4928.375426154603,0.7782,477.38891192012767
4928.425439431659,0.593,822.1386116240142
4928.465450053308,0.6643,655.1278836330523
4928.5054606749645,0.6733,637.7307786498443
4928.555473952041,0.6674,649.0560323759554
4928.59548457371,0.6865,613.4420582137967
4928.635495195382,0.7293,543.5534775405988
4928.685508472479,0.6942,599.9090683173816
4928.725519094163,0.6428,699.685395965089
4928.765529715852,0.6657,652.3752526407202
4928.805540337546,0.6852,615.7719765340862
4928.8555536146705,0.7094,574.476547977797
4928.895564236377,0.6845,617.0320500292023
4928.9355748580865,0.7235,552.3032836572671
4928.985588135232,0.7171,562.2056948534589
4929.025598756955,0.6525,679.0371475510505
4929.065609378681,0.6066,785.6871547273503
4929.115622655847,0.644,697.0803061611653
4929.155633277586,0.6331,721.2899776984669
4929.195643899329,0.6519,680.2876741839065
4929.245657176518,0.6861,614.1575457329429
4929.285667798273,0.6987,592.2064962048013
4929.325678420033,0.6177,757.7034904574894
4929.365689041799,0.6266,736.3320927447719
4929.415702319013,0.7307,541.4726103550615
4929.45571294079,0.7123,569.8083231053171
4929.4957235625725,0.7016,587.320957307783
4929.545736839807,0.6113,773.6520564228666
4929.5857474616005,0.7027,585.483625665852
4929.6257580834,0.6749,634.7106031220786
4929.675771360655,0.65,684.2705470859006
4929.715781982465,0.6609,661.8858226126403
4929.755792604279,0.6762,632.272480044359
4929.7958032261,0.6896,607.9391774449658
4929.8458165033835,0.6962,596.4672612596452
4929.885827125215,0.718,560.7971508424808
4929.925837747051,0.727,546.9981786435367
4929.975851024355,0.6638,656.1151894930518
4930.015861646203,0.6972,594.7574544670757
4930.055872268056,0.7418,525.3891113495644
4930.10588554538,0.6873,612.014828995434
4930.145896167246,0.6904,606.5310984795309
4930.1859067891155,0.681,623.390812589412
4930.2359200664605,0.6403,705.1597847805825
4930.275930688342,0.6033,794.305932779008
4930.315941310227,0.6463,692.1277163034166
4930.35595193212,0.6634,656.9066420148181
4930.405965209492,0.6837,618.4768758704139
4930.445975831393,0.669,645.9551466896271
4930.485986453303,0.6648,654.1428046075522
4930.535999730695,0.6751,634.3345902967448
4930.5760103526145,0.6543,675.3061869663853
4930.61602097454,0.7164,563.3049011738595
4930.6660342519535,0.6924,603.0322293787243
4930.706044873889,0.6462,692.3419472531975
4930.74605549583,0.6351,716.75429428049
4930.796068773266,0.6778,629.2909502240884
4930.836079395218,0.6818,621.9287435557488
4930.876090017176,0.7512,512.3226798465763
4930.916100639138,0.7501,513.8263924554461
4930.9661139166,0.6548,674.2752655747248
4931.006124538574,0.6857,614.8742857446832
4931.046135160554,0.678,628.9197424326032
4931.096148438035,0.6437,697.7302129455305
4931.136159060025,0.6575,668.7488702528714
4931.176169682021,0.7104,572.8603559527548
4931.226182959524,0.7334,537.4931095600585
4931.266193581532,0.7082,576.4250227898966
4931.306204203545,0.7092,574.8006070534752
4931.346214825562,0.6631,657.50117157287
4931.396228103093,0.722,554.6005533498724
4931.436238725121,0.6262,737.2730906251375
4931.476249347155,0.6043,791.6792658621162
4931.526262624705,0.769,488.87979389675104
4931.566273246751,0.7323,539.1090747914117
4931.606283868801,0.6662,651.3963732320731
4931.656297146372,0.6531,677.7900658889022
4931.696307768434,0.7028,585.3170231789231
4931.736318390502,0.6672,649.4452124358237
4931.786331668093,0.5827,851.4602342591339
4931.826342290172,0.6653,653.159945724851
4931.866352912257,0.6693,645.3762050366205
4931.906363534345,0.7282,545.1968711021096
4931.956376811963,0.726,548.5060963974607
4931.996387434065,0.6312,725.638873148831
4932.03639805617,0.7094,574.476547977797
4932.086411333808,0.6753,633.958911506582
4932.126421955925,0.6545,674.8935348798766
4932.166432578048,0.6805,624.3072253965278
4932.216445855707,0.6643,655.1278836330523
4932.256456477841,0.6631,657.50117157287
4932.29646709998,0.7225,553.8332067990581
4932.336477722123,0.6994,591.021662046566
4932.386490999811,0.6392,707.5888898441284
4932.426501621966,0.6788,627.4381909648197
4932.466512244126,0.665,653.7493950112258
4932.516525521834,0.6734,637.5413867638321
4932.556536144006,0.6712,641.7275834229772
4932.596546766182,0.6224,746.3032505638777
4932.6465600439105,0.6734,637.5413867638321
4932.686570666099,0.6505,683.2190382199622
4932.726581288292,0.7136,567.7341217238884
4932.776594566041,0.7449,521.0252637742069
4932.816605188245,0.6689,646.1483003645354
4932.856615810456,0.6038,792.9909679886022
4932.896626432671,0.708,576.7507321821935
4932.946639710445,0.6466,691.485619719981
4932.986650332672,0.6286,731.6540173969266
4933.026660954904,0.7058,580.3518297506874
4933.076674232701,0.6906,606.1798431109926
4933.116684854945,0.6617,660.2863431839876
4933.1566954771915,0.6742,636.0292842621162
4933.206708755008,0.5923,824.0830186008885
4933.246719377269,0.7061,579.8587882086066
4933.286729999532,0.6931,601.8147750728738
4933.336743277371,0.697,595.0988271683487
4933.376753899646,0.6938,600.6010039039409
4933.416764521928,0.7131,568.5305491006408
4933.456775144214,0.6984,592.7153732151202
4933.506788422079,0.6972,594.7574544670757
4933.546799044376,0.6299,728.6371346711887
4933.586809666679,0.6503,683.6393507215204
4933.636822944564,0.7936,459.041007345944
4933.6768335668785,0.7366,532.8332138530338
4933.716844189198,0.6759,632.8338753946324
4933.766857467104,0.6825,620.6536483856491
4933.806868089435,0.6313,725.409004543698
4933.846878711771,0.6611,661.4854083316768
4933.886889334111,0.7063,579.5304428203157
4933.936902612045,0.7277,545.9463329995503
4933.976913234396,0.6455,693.8443528004103
4934.016923856754,0.6853,615.5922811741157
4934.066937134708,0.6885,609.8833062228697
4934.106947757076,0.6839,618.1151940233715
4934.146958379451,0.6619,659.8873792379434
4934.196971657425,0.7078,577.0767177160104
4934.23698227981,0.753,509.87625914585544
4934.2769929022,0.7156,564.56508895362
4934.327006180196,0.6466,691.485619719981
4934.367016802597,0.7188,559.5495508482004
4934.407027425004,0.7202,557.3762465216774
4934.447038047416,0.676,632.646660562635
4934.497051325438,0.6547,674.4812609101456
4934.537061947863,0.7042,582.9920356338506
4934.57707257029,0.7105,572.6991119736131
4934.627085848332,0.6548,674.2752655747248
4934.667096470773,0.6467,691.2717860759395
4934.707107093218,0.6316,724.7200537099399
4934.757120371281,0.6477,689.13889404359
4934.797130993738,0.5757,872.2920795193461
4934.8371416162,0.6571,669.5632989820714
4934.877152238667,0.6476,689.3517387121756
4934.927165516757,0.6377,710.9215853470773
4934.967176139235,0.6592,665.3040722321056
4935.007186761718,0.6302,727.9435809907236
4935.057200039829,0.6503,683.6393507215204
4935.097210662323,0.6458,693.1998664706099
4935.137221284822,0.6857,614.8742857446832
4935.187234562955,0.6459,692.9852372302136
4935.227245185466,0.6371,712.2612593005679
4935.267255807982,0.6553,673.2467030869291
4935.317269086134,0.6852,615.7719765340862
4935.357279708661,0.671,642.1101898398226
4935.397290331194,0.6988,592.0370161602216
4935.437300953732,0.699,591.6982742593842
4935.48731423191,0.6603,663.0892493092375
4935.527324854459,0.7222,554.2934234731497
4935.567335477013,0.6689,646.1483003645354
4935.617348755214,0.666,651.7876604405599
4935.657359377779,0.6648,654.1428046075522
4935.697370000351,0.6743,635.8406497733218
4935.747383278571,0.6585,666.7192876431501
4935.787393901153,0.6891,608.8217182229125
4935.82740452374,0.7071,578.2198462108579
4935.877417801981,0.6189,754.7680849166017
4935.91742842458,0.7062,579.6945806435051
4935.9574390471835,0.7318,539.8460145425349
4935.997449669791,0.6962,596.4672612596452
4936.0474629480605,0.7367,532.6885698114517
4936.087473570681,0.7178,561.1097028049044
4936.1274841933055,0.6598,664.0946137982786
4936.1774974715945,0.7719,485.213292141394
4936.217508094232,0.7114,571.2509746680817
4936.257518716873,0.6685,646.9217820651822
4936.307531995183,0.7741,482.45925264138384
4936.347542617837,0.7207,556.6031340917713
4936.387553240494,0.6925,602.8580812723076
4936.427563863158,0.6298,728.8685395058228
4936.477577141493,0.7303,542.0659228635996
4936.517587764169,0.7066,579.0384474074723
4936.557598386849,0.6817,622.1112207296135
4936.607611665204,0.6793,626.5148782098049
4936.647622287896,0.6558,672.2204923117782
4936.687632910593,0.6394,707.1463017183638
4936.737646188969,0.6682,647.5028051452749
4936.777656811678,0.6187,755.2561333130311
4936.8176674343895,0.662,659.6880328505885
4936.867680712789,0.7325,538.8147213495004
4936.907691335512,0.6432,698.815412451461
4936.947701958242,0.6991,591.5290123199081
4936.987712580975,0.7026,585.6502992945852
4937.037725859402,0.6585,666.7192876431501
4937.077736482146,0.6455,693.8443528004103
4937.117747104899,0.6436,697.9470505259974
4937.167760383342,0.7397,528.3764894501705
4937.207771006106,0.6841,617.753829347894
4937.247781628873,0.7323,539.1090747914117
4937.29779490734,0.6515,681.1232787477865
4937.337805530118,0.6786,627.8080876502127
4937.377816152901,0.6922,603.38075204625
4937.417826775691,0.6033,794.305932779008
4937.467840054184,0.6679,648.0846113327488
4937.507850676984,0.6306,727.0203820639397
4937.54786129979,0.6547,674.4812609101456
4937.597874578303,0.6711,641.9188438725886
4937.63788520112,0.6809,623.5739336567905
4937.677895823941,0.7171,562.2056948534589
4937.7279091024775,0.6632,657.3029054058125
4937.767919725309,0.7212,555.8316290731224
4937.807930348149,0.7225,553.8332067990581
4937.857943626702,0.6502,683.8496524350234
4937.897954249553,0.6653,653.159945724851
4937.937964872408,0.7007,588.8306692355532
4937.977975495268,0.7246,550.6276788191052
4938.027988773849,0.6896,607.9391774449658
4938.06799939672,0.6766,631.525114216237
4938.108010019596,0.7078,577.0767177160104
4938.158023298199,0.6635,656.7086446828016
4938.198033921087,0.7229,553.2204756155501
4938.238044543979,0.6763,632.0855142598512
4938.288057822602,0.6693,645.3762050366205
4938.328068445507,0.699,591.6982742593842
4938.368079068416,0.6522,679.6619794537387
4938.418092347059,0.633,721.5178910671789
4938.45810296998,0.6073,783.8769682037192
4938.4981135929065,0.6349,717.205934575007
4938.538124215837,0.6827,620.2900556931551
4938.5881374945075,0.6992,591.3598229989648
4938.62814811745,0.7175,561.5790209029744
4938.668158740397,0.7087,575.611955383178
4938.718172019088,0.6922,603.38075204625
4938.758182642046,0.6808,623.7571354237488
4938.798193265011,0.7413,526.0980896136716
4938.848206543722,0.6903,606.7068406647063
4938.888217166697,0.6922,603.38075204625
4938.928227789677,0.6984,592.7153732151202
4938.968238412664,0.7228,553.3735630475892
4939.018251691403,0.6525,679.0371475510505
4939.058262314398,0.6714,641.3453188728503
4939.098272937401,0.6818,621.9287435557488
4939.14828621616,0.6517,680.7052841373392
4939.188296839172,0.6531,677.7900658889022
4939.228307462191,0.6409,703.8400869692434
4939.27832074097,0.5985,807.0977488259105
4939.318331363999,0.6635,656.7086446828016
4939.358341987035,0.6725,639.2489565499707
4939.408355265835,0.661,661.6855700394424
4939.44836588888,0.6886,609.706182163511
4939.488376511931,0.7739,482.7086497057897
4939.5283871349875,0.6792,626.6993776436024
4939.578400413816,0.6352,716.5286340958262
4939.618411036882,0.6959,596.9816411744831
4939.658421659956,0.6818,621.9287435557488
4939.708434938803,0.6767,631.3384798083769
4939.748445561887,0.6411,703.4010108793157
4939.788456184976,0.6706,642.8764299053668
4939.838469463844,0.7422,524.8229600936268
4939.878480086945,0.7119,570.4488261009657
4939.91849071005,0.6839,618.1151940233715
4939.958501333162,0.7439,522.4269972354069
4940.008514612057,0.7296,543.1065688378502
4940.048525235178,0.7201,557.531062289959
4940.0885358583055,0.7247,550.4757293423337
4940.138549137222,0.6708,642.493138531159
4940.17855976036,0.7369,532.3994583665544
4940.218570383503,0.6744,635.6520991903208
4940.2685836624405,0.6843,617.3927814732383
4940.308594285596,0.7223,554.1399541982909
4940.348604908756,0.6881,610.5925748585596
4940.398618187713,0.7081,576.587842987853
4940.4386288108835,0.7092,574.8006070534752
4940.47863943406,0.7536,509.06467856165114
4940.518650057241,0.6783,628.3635462931535
4940.568663336225,0.6864,613.6208128320485
4940.6086739594175,0.6995,590.8526903321301
4940.648684582616,0.6609,661.8858226126403
4940.69869786162,0.6736,637.1628560074801
4940.738708484829,0.7117,570.769482657007
4940.778719108043,0.6871,612.371168980984
4940.828732387068,0.6386,708.9191501451829
4940.868743010294,0.6397,706.4831977180535
4940.908753633525,0.7004,589.3352003041799
4940.95876691257,0.7408,526.8085039263896
4940.998777535811,0.7018,586.9862542967413
4941.038788159059,0.7335,537.3465640282379
4941.078798782311,0.7205,556.9121859244975
4941.1288120613835,0.7436,522.8486204299231
4941.168822684648,0.7311,540.8802714195657
4941.208833307916,0.7026,585.6502992945852
4941.258846587009,0.7661,492.58801195562086
4941.298857210289,0.6596,664.4973999038551
4941.338867833574,0.6571,669.5632989820714
4941.388881112688,0.6683,647.3090438427495
4941.4288917359845,0.6388,708.4753135365233
4941.468902359286,0.6316,724.7200537099399
4941.508912982593,0.79,463.2341993041024
4941.558926261733,0.7011,588.1589683581055
4941.5989368850505,0.7415,525.8143261990887
4941.638947508374,0.7244,550.9317665772754
4941.6889607875355,0.6521,679.8704484156627
4941.72897141087,0.6677,648.4729178792016
4941.768982034209,0.7068,578.7107984519232
4941.81899531339,0.6519,680.2876741839065
4941.859005936741,0.7049,581.8347332710499
4941.899016560097,0.7028,585.3170231789231
4941.9490298392975,0.632,723.8029783100167
4941.989040462666,0.7389,529.5212436690165
4942.029051086039,0.7523,510.8255585128329
4942.069061709416,0.6945,599.3909010302123
4942.1190749886455,0.6331,721.2899776984669
4942.159085612033,0.6628,658.0965086096188
4942.199096235427,0.6772,630.406547618791
4942.249109514676,0.7474,517.5455128194983
4942.289120138082,0.6961,596.6386473385911
4942.329130761492,0.7954,456.96572989346845
4942.379144040761,0.6918,604.0787044223932
4942.419154664182,0.6761,632.4595287955882
4942.459165287609,0.6684,647.1153695000615
4942.499175911042,0.6493,685.7467424959774
4942.549189190338,0.7208,556.4487046378581
4942.589199813782,0.6645,654.7335851780115
4942.6292104372305,0.6891,608.8217182229125
4942.679223716546,0.7435,522.9892749231084
4942.719234340007,0.7672,491.1764956315057
4942.75924496347,0.6957,597.324930864314
4942.809258242809,0.682,621.5640299838967
4942.8492688662855,0.6745,635.463632463358
4942.8892794897665,0.6747,635.0869503787114
4942.939292769124,0.6932,601.641154040393
4942.979303392617,0.6753,633.958911506582
4943.019314016114,0.6309,726.3291349150084
4943.059324639616,0.6276,733.9874646502768
4943.109337919,0.6338,719.697603546512
4943.149348542515,0.6342,718.7900418850741
4943.189359166035,0.6521,679.8704484156627
4943.239372445439,0.7554,506.6415292580903
4943.279383068969,0.5553,937.5598170338845
4943.319393692504,0.7059,580.1874127226391
4943.36940697193,0.7407,526.9507594560588
4943.409417595478,0.7098,573.8292514220257
4943.44942821903,0.7391,529.2347065923752
4943.499441498476,0.6359,714.951992512799
4943.539452122039,0.6708,642.493138531159
4943.579462745606,0.6776,629.6624867599862
4943.61947336918,0.6685,646.9217820651822
4943.669486648653,0.7005,589.1669512552736
4943.709497272239,0.5897,831.3658255151122
4943.749507895827,0.7241,551.3883707476699
4943.799521175322,0.6581,667.530010503965
4943.8395317989225,0.7133,568.2117771684865
4943.879542422528,0.7027,585.483625665852
4943.929555702043,0.715,565.513007016525
4943.96956632566,0.765,494.00562154230164
4944.009576949283,0.7324,538.9618679278045
4944.049587572909,0.6873,612.014828995434
4944.099600852453,0.7143,566.6219318863544
4944.13961147609,0.6485,687.4396798168036
4944.179622099734,0.6848,616.4915453620733
4944.229635379295,0.7959,456.3917612809727
4944.269646002951,0.7703,487.2310684147638
4944.309656626611,0.7444,521.7254243666249
4944.359669906193,0.6524,679.2453290801851
4944.399680529866,0.6618,660.0868159975315
4944.439691153542,0.6933,601.4676081304826
4944.489704433145,0.6972,594.7574544670757
4944.529715056832,0.7546,507.7163438221625
4944.569725680525,0.7311,540.8802714195657
4944.609736304224,0.6827,620.2900556931551
4944.659749583852,0.7179,560.953394171005
4944.699760207562,0.7147,565.9878615605166
4944.7397708312765,0.6719,640.3911504938945
4944.789784110926,0.6436,697.9470505259974
4944.829794734653,0.7097,573.9909729579846
4944.869805358383,0.6735,637.3520792330735
4944.919818638054,0.7017,587.1535700281567
4944.959829261797,0.6663,651.2008617465156
4944.999839885544,0.6939,600.4279078205617
4945.049853165235,0.8179,432.1698032210789
4945.089863788994,0.679,627.0686210909093
4945.129874412757,0.7657,493.10279950348706
4945.1698850365265,0.736,533.7023165868767
4945.219898316243,0.7232,552.7615942825738
4945.259908940025,0.6891,608.8217182229125
4945.299919563809,0.6525,679.0371475510505
4945.349932843547,0.7197,558.1509708312783
4945.389943467344,0.7348,535.4469133741027
4945.429954091145,0.6793,626.5148782098049
4945.479967370904,0.7686,489.38877788900965
4945.519977994716,0.709,575.1249404064365
4945.559988618535,0.6693,645.3762050366205
4945.599999242358,0.6566,670.583428763112
4945.650012522144,0.6632,657.3029054058125
4945.690023145978,0.6759,632.8338753946324
4945.730033769817,0.6574,668.952338070334
4945.780047049622,0.7167,562.8334183609744
4945.820057673473,0.7265,547.7513591746072
4945.860068297328,0.6794,626.3304602385851
4945.910081577155,0.6807,623.9404179377121
4945.950092201022,0.6135,768.1134092276328
4945.990102824894,0.6295,729.5634158131186
4946.040116104741,0.6731,638.109815688169
4946.080126728624,0.6663,651.2008617465156
4946.120137352513,0.7264,547.9021819466773
4946.160147976407,0.7011,588.1589683581055
4946.210161256281,0.7555,506.5074174570235
4946.250171880185,0.7023,586.1507474368608
4946.290182504095,0.6788,627.4381909648197
4946.34019578399,0.7152,565.1967692391636
4946.38020640791,0.6399,706.0416464201871
4946.420217031838,0.6865,613.4420582137967
4946.470230311752,0.7026,585.6502992945852
4946.51024093569,0.6786,627.8080876502127
4946.550251559632,0.7757,480.47101570885735
4946.590262183579,0.685,616.131603378498
4946.640275463521,0.7046,582.3302976525912
4946.68028608748,0.6462,692.3419472531975
4946.7202967114445,0.6426,700.1209970794974
4946.770309991406,0.6814,622.6591343684183
4946.810320615381,0.6508,682.5892958873517
4946.850331239361,0.707,578.3834275179977
4946.900344519345,0.6977,593.9053067115681
4946.940355143336,0.6202,751.6072703809402
4946.980365767333,0.6799,625.4095906441034
4947.030379047335,0.6593,665.1022664963425
4947.070389671343,0.7363,533.2674996382106
4947.110400295357,0.6258,738.2158934855183
4947.150410919376,0.751,512.5955907473543
4947.200424199405,0.6953,598.0123991677021
4947.240434823435,0.6903,606.7068406647063
4947.280445447468,0.673,638.2994609408445
4947.330458727518,0.6945,599.3909010302123
4947.370469351565,0.6767,631.3384798083769
4947.410479975615,0.6314,725.1792451482754
4947.460493255687,0.6779,629.1053052595406
4947.500503879749,0.7036,583.9867595366695
4947.540514503816,0.6655,652.7674223175982
4947.5905277839065,0.7602,500.2637377214068
4947.630538407985,0.748,516.7155600124288
4947.670549032069,0.7422,524.8229600936268
4947.710559656158,0.6954,597.8404208698562
4947.760572936276,0.6545,674.8935348798766
4947.800583560374,0.7257,548.9596877284326
4947.84059418448,0.715,565.513007016525
4947.890607464619,0.728,545.496470559077
4947.930618088734,0.7248,550.3238427541322
4947.970628712856,0.6799,625.4095906441034
4948.020641993015,0.6756,633.3960187721971
4948.060652617148,0.6824,620.8355646267197
4948.100663241286,0.6446,695.7832137606149
4948.140673865429,0.7032,584.6513238400457
4948.190687145615,0.6967,595.611437558327
4948.230697769769,0.6795,626.146123681992
4948.270708393928,0.6652,653.3563402103241
4948.320721674133,0.6808,623.7571354237488
4948.360732298303,0.753,509.87625914585544
4948.400742922479,0.6273,734.6896758460007
4948.450756202705,0.672,640.2005723541556
4948.490766826891,0.674,636.4068051562897
4948.530777451083,0.723,553.0674517007861
4948.58079073133,0.6525,679.0371475510505
4948.620801355533,0.69,607.2345257549586
4948.660811979742,0.7257,548.9596877284326
4948.700822603954,0.7668,491.68907149531714
4948.750835884228,0.7558,506.10540140240613
4948.790846508453,0.74,527.9481634995956
4948.8308571326825,0.7091,574.9627394259551
4948.880870412977,0.72,557.6859425692005
4948.920881037217,0.7096,574.1527628702271
4948.960891661464,0.7064,579.3663746995495
4949.010904941778,0.6615,660.6856690562464
4949.050915566036,0.6605,662.6877426605283
4949.090926190298,0.6377,710.9215853470773
4949.130936814565,0.6923,603.2064529555
4949.180950094906,0.699,591.6982742593842
4949.220960719184,0.6103,776.1894466112977
4949.260971343468,0.6413,702.9623455240848
4949.310984623829,0.73,542.511547436267
4949.350995248125,0.7382,530.5259581364217
4949.391005872425,0.6791,626.8839585879632
4949.441019152808,0.6705,643.0682042263329
4949.481029777117,0.6633,657.1047289044819
4949.521040401434,0.7157,564.407334347284
4949.571053681835,0.8033,448.0219392275829
4949.611064306164,0.6466,691.485619719981
4949.651074930497,0.6389,708.253551520595
4949.691085554835,0.6461,692.5562776831812
4949.741098835263,0.6583,667.1244643428258
4949.781109459613,0.6802,624.8580433749171
4949.821120083966,0.6629,657.8979731206109
4949.871133364417,0.6651,653.5528232880181
4949.911143988781,0.7044,582.6610257281817
4949.9511546131525,0.7555,506.5074174570235
4950.001167893622,0.7129,568.8495893589535
4950.041178518004,0.6692,645.5690990774075
4950.081189142391,0.6525,679.0371475510505
4950.13120242288,0.7028,585.3170231789231
4950.171213047279,0.7187,559.7052730410701
4950.211223671682,0.6794,626.3304602385851
4950.251234296089,0.6814,622.6591343684183
4950.301247576607,0.7692,488.6255996161592
4950.341258201026,0.7637,495.6888821442492
4950.381268825451,0.6345,718.1104967476238
4950.431282105988,0.6391,707.8103397395244
4950.4712927304245,0.6438,697.5134763997344
4950.511303354864,0.7812,473.7293753779267
4950.561316635422,0.7744,482.08551929041795
4950.601327259876,0.6766,631.525114216237
4950.641337884331,0.6975,594.2459459102523
4950.681348508794,0.7465,518.7941963338347
4950.731361789378,0.6922,603.38075204625
4950.771372413852,0.6987,592.2064962048013
4950.81138303833,0.638,710.2531652903355
4950.861396318935,0.7228,553.3735630475892
4950.901406943424,0.6859,614.5157589946202
4950.941417567919,0.6357,715.40193011505
4950.991430848544,0.7773,478.4950439241503
4951.03144147305,0.732,539.5510574235212
4951.071452097561,0.8055,445.5779888030852
4951.121465378207,0.7069,578.5470782519216
4951.16147600273,0.6723,639.6293480950037
4951.2014866272575,0.7429,523.8343950179717
4951.24149725179,0.6821,621.3817934917876
4951.291510532462,0.7691,488.7526719683311
4951.331521157005,0.6277,733.7536179626593
4951.371531781554,0.6728,638.6790051644089
4951.421545062247,0.7046,582.3302976525912
4951.461555686807,0.7067,578.8745881573237
4951.501566311372,0.7065,579.202376241746
4951.551579592086,0.6758,633.0211733407488
4951.591590216663,0.6481,688.2885003796387
4951.631600841243,0.7175,561.5790209029744
4951.671611465829,0.6947,599.0458290521292
4951.72162474657,0.717,562.3625272428744
4951.761635371167,0.7109,572.0548163625589
4951.801645995771,0.6678,648.2787209956921
4951.851659276531,0.635,716.9800610844911
4951.891669901144,0.6418,701.8674757413701
4951.931680525764,0.722,554.6005533498724
4951.981693806544,0.6762,632.272480044359
4952.021704431175,0.6136,767.8630671262991
4952.06171505581,0.6513,681.5416584877997
4952.11172833661,0.6526,678.8290617154155
4952.151738961257,0.6602,663.2901394830026
4952.191749585909,0.6972,594.7574544670757
4952.231760210566,0.7273,546.5470157566535
4952.281773491393,0.7453,520.4661495932685
4952.321784116061,0.6745,635.463632463358
4952.361794740734,0.6372,712.0377174764154
4952.411808021582,0.743,523.6933994759037
4952.451818646267,0.7824,472.27733402385707
4952.491829270956,0.7704,487.1045889718499
4952.541842551825,0.7335,537.3465640282379
4952.581853176525,0.6785,627.9931586676453
4952.621863801231,0.7051,581.5047083722945
4952.671877082121,0.7103,573.0216680390777
4952.711887706837,0.7314,540.4366548443684
4952.751898331559,0.7233,552.6087607089306
4952.791908956286,0.6908,605.8288927835748
4952.841922237201,0.6127,770.1205608262111
4952.881932861939,0.6522,679.6619794537387
4952.921943486683,0.6896,607.9391774449658
4952.971956767618,0.7326,538.6676350235855
4953.011967392373,0.6586,666.5168377011322
4953.0519780171335,0.7349,535.301203820433
4953.101991298089,0.733,538.0798915863331
4953.14200192286,0.6795,626.146123681992
4953.182012547637,0.6746,635.2752495427153
4953.222023172417,0.6707,642.6847413573564
4953.2720364534,0.7151,565.3548549607349
4953.312047078192,0.7618,498.1645506035074
4953.3520577029885,0.7218,554.9079385649156
4953.402070983992,0.7618,498.1645506035074
4953.4420816088,0.6232,744.3884288926855
4953.482092233615,0.6985,592.545674690552
4953.532105514638,0.6426,700.1209970794974
4953.572116139461,0.6951,598.3565784634387
4953.612126764292,0.7191,559.082773998532
4953.662140045336,0.7779,477.7571960322688
4953.702150670177,0.7436,522.8486204299231
4953.742161295023,0.6852,615.7719765340862
4953.782171919875,0.7031,584.8176421642879
4953.832185200945,0.6229,745.1056224924322
4953.8721958258075,0.6223,746.5431226559259
4953.912206450674,0.6092,778.9950205620313
4953.962219731765,0.6784,628.1783115325356
4954.002230356644,0.6442,696.6475393088004
4954.042240981527,0.575,874.4172101792738
4954.092254262639,0.6765,631.7118313947957
4954.132264887535,0.7205,556.9121859244975
4954.172275512435,0.7201,557.531062289959
4954.212286137339,0.6909,605.65353189992
4954.262299418478,0.6393,707.3675438587414
4954.302310043394,0.6597,664.2959610591738
4954.342320668315,0.6507,682.7991132216392
4954.392333949473,0.6792,626.6993776436024
4954.432344574406,0.6664,651.0054382695965
4954.472355199343,0.6413,702.9623455240848
4954.522368480521,0.6693,645.3762050366205
4954.56237910547,0.7309,541.1763193238759
4954.602389730426,0.7846,469.6325414307221
4954.652403011624,0.5472,965.5219068074904
4954.69241363659,0.6563,671.1966260854363
4954.73242426156,0.6631,657.50117157287
4954.772434886534,0.6537,676.5464165553914
4954.822448167759,0.6454,694.0593813193516
4954.862458792745,0.6544,675.0998136296423
4954.902469417738,0.663,657.6995274597556
4954.952482698983,0.656,671.8106648756421
4954.992493323985,0.6916,604.4281348306171
4955.032503948993,0.701,588.3267857848203
4955.08251723026,0.6866,613.2633816940041
4955.122527855277,0.6438,697.5134763997344
4955.162538480302,0.6545,674.8935348798766
4955.21255176159,0.6542,675.5126549479436
4955.252562386625,0.7112,571.5723079039365
4955.292573011665,0.6701,643.8361602639467
4955.33258363671,0.6601,663.4911209634267
4955.382596918024,0.7321,539.4036695063002
4955.42260754308,0.7513,512.1863061204276
4955.462618168142,0.678,628.9197424326032
4955.5126314494755,0.6109,774.665517312568
4955.552642074548,0.6535,676.9605857413667
4955.592652699626,0.6803,624.6743564133342
4955.64266598098,0.6474,689.7777239785446
4955.682676606069,0.6366,713.3805490470355
4955.722687231164,0.6679,648.0846113327488
4955.762697856262,0.6974,594.4163754193104
4955.812711137643,0.6949,598.7010549774751
4955.8527217627525,0.6233,744.1495944561955
4955.892732387869,0.6695,644.9906762272917
4955.94274566927,0.6826,620.4718120900734
4955.9827562943965,0.6823,621.0175608601566
4956.022766919527,0.6966,595.7824548806738
4956.072780200949,0.7133,568.2117771684865
4956.1127908260905,0.6528,678.4131768901287
4956.15280145124,0.6577,668.3422130086332
4956.192812076392,0.6322,723.3450932456564
4956.24282535784,0.6065,785.946264581036
4956.282835983004,0.6774,630.0343524285962
4956.322846608173,0.738,530.8135446546107
4956.372859889642,0.6798,625.5936020209932
4956.412870514821,0.6925,602.8580812723076
4956.452881140008,0.6961,596.6386473385911
4956.5028944214955,0.711,571.8939123448349
4956.542905046692,0.7465,518.7941963338347
4956.582915671894,0.7217,555.0617270127668
4956.632928953403,0.6771,630.5927689061626
4956.672939578617,0.6574,668.952338070334
4956.712950203834,0.6944,599.5635488403033
4956.762963485363,0.7239,551.6930889562524
4956.802974110593,0.6702,643.6440423389662
4956.842984735827,0.647,690.6308799360243
4956.882995361066,0.7014,587.655946674899
4956.933008642622,0.6459,692.9852372302136
4956.973019267872,0.6236,743.4337804040489
4957.013029893127,0.7297,542.9577217471884
4957.063043174704,0.778,477.6343873233129
4957.103053799971,0.725,550.0202581046643
4957.143064425241,0.6816,622.2937782249094
4957.193077706839,0.6594,664.9005525668248
4957.233088332121,0.7352,534.8644318449782
4957.27309895741,0.7425,524.3989469795196
4957.313109582702,0.7236,552.1506401091976
4957.363122864324,0.6538,676.3394744806377
4957.40313348963,0.6814,622.6591343684183
4957.443144114939,0.6918,604.0787044223932
4957.493157396581,0.7106,572.5379360633173
4957.5331680219015,0.743,523.6933994759037
4957.573178647228,0.7402,527.6629021511097
4957.623191928891,0.7724,484.5853071374135
4957.663202554228,0.6487,687.015858236084
4957.7032131795695,0.6582,667.3271912126454
4957.753226461254,0.7151,565.3548549607349
4957.7932370866065,0.6631,657.50117157287
4957.833247711964,0.61,776.9530981258581
4957.873258337327,0.6751,634.3345902967448
4957.923271619038,0.6546,674.6873506592942
4957.963282244412,0.6327,722.2022796940374
4958.003292869791,0.7073,577.8928917198956
4958.0533061515225,0.6959,596.9816411744831
4958.093316776913,0.6923,603.2064529555
4958.133327402307,0.6798,625.5936020209932
4958.183340684059,0.6806,624.1237812461402
4958.223351309465,0.7758,480.347159191636
4958.263361934878,0.6804,624.4907504364043
4958.3033725602945,0.726,548.5060963974607
4958.353385842072,0.64,705.8210259877183
4958.3933964675,0.6864,613.6208128320485
4958.433407092933,0.6821,621.3817934917876
4958.4834203747305,0.6726,639.0588880142762
4958.523431000174,0.684,617.9344720623712
4958.563441625623,0.6678,648.2787209956921
4958.613454907441,0.682,621.5640299838967
4958.653465532903,0.7168,562.676388959991
4958.693476158368,0.6845,617.0320500292023
4958.733486783839,0.7154,564.8807966503365
4958.783500065683,0.6616,660.4859608519869
4958.823510691165,0.7003,589.5035214339747
4958.86352131665,0.6639,655.9175498522434
4958.913534598516,0.715,565.513007016525
4958.953545224015,0.7902,462.9997396782711
4958.993555849517,0.6445,695.9991442842926
4959.043569131402,0.7242,551.236106306718
4959.083579756916,0.728,545.496470559077
4959.123590382435,0.6952,598.1844516846587
4959.173603664342,0.7107,572.3768281835593
4959.213614289872,0.7188,559.5495508482004
4959.253624915406,0.6913,604.9528492039219
4959.303638197333,0.6652,653.3563402103241
4959.34364882288,0.6754,633.7711972510602
4959.38365944843,0.7339,536.760980819255
4959.423670073987,0.7153,565.0387498147195
4959.47368335594,0.7115,571.0904096567622
4959.5136939815075,0.6975,594.2459459102523
4959.553704607081,0.6609,661.8858226126403
4959.603717889055,0.6668,650.2246233926143
4959.643728514638,0.698,593.3948968323723
4959.683739140227,0.6898,607.5866983706243
4959.73375242222,0.6717,640.7725621572486
4959.7737630478205,0.6831,619.5638281565105
4959.813773673425,0.7259,548.6572310225546
4959.853784299035,0.7271,546.8477289636057
4959.903797581056,0.7347,535.5926824293123
4959.943808206676,0.721,556.1400384765666
4959.983818832303,0.6879,610.9476732442587
4960.033832114342,0.7163,563.4621937705692
4960.073842739979,0.7039,583.4890796245461
4960.113853365623,0.6342,718.7900418850741
4960.163866647684,0.6317,724.4906215288528
4960.203877273338,0.6509,682.3795752503578
4960.243887898997,0.6835,618.8388752603074
4960.28389852466,0.723,553.0674517007861
4960.333911806746,0.6445,695.9991442842926
4960.373922432421,0.6766,631.525114216237
4960.413933058101,0.7669,491.56085233414376
4960.463946340208,0.7553,506.7756943309039
4960.5039569659,0.6851,615.9517505868953
4960.543967591596,0.7055,580.8455003942528
4960.593980873724,0.7165,563.1476744311907
4960.633991499431,0.6961,596.6386473385911
4960.6740021251435,0.7347,535.5926824293123
4960.7240154072915,0.735,535.1555537359236
4960.764026033015,0.7254,549.4138419433917
4960.804036658744,0.7109,572.0548163625589
4960.844047284478,0.7869,466.89121494722536
4960.894060566651,0.6795,626.146123681992
4960.934071192397,0.64,705.8210259877183
4960.974081818147,0.7064,579.3663746995495
4961.024095100341,0.7259,548.6572310225546
4961.064105726103,0.6166,760.4093481749757
4961.104116351868,0.6281,732.8193478678273
4961.154129634084,0.6154,763.3777569785374
4961.1941402598595,0.737,532.2549908993327
4961.2341508856425,0.6995,590.8526903321301
4961.284164167877,0.6889,609.1752727069477
4961.32417479367,0.6587,666.3144799562906
4961.364185419469,0.6657,652.3752526407202
4961.404196045273,0.6676,648.6672020355408
4961.454209327534,0.7498,514.2376449224406
4961.494219953348,0.7386,529.9514858016665
4961.534230579168,0.7392,529.0915252631188
4961.584243861451,0.7543,508.12028122229435
4961.62425448728,0.7125,569.4884760594213
4961.664265113117,0.6249,740.3438233298323
4961.714278395418,0.5856,843.0479513725145
4961.754289021266,0.6708,642.493138531159
4961.794299647118,0.7276,546.0964108168914
4961.844312929439,0.7036,583.9867595366695
4961.884323555304,0.7163,563.4621937705692
4961.9243341811725,0.7438,522.5674816165707
4961.964344807045,0.6906,606.1798431109926
4962.014358089395,0.6318,724.2612982811278
4962.0543687152785,0.6284,732.1198157953816
4962.094379341168,0.6264,736.8023663505807
4962.144392623537,0.609,779.5067589231495
4962.184403249438,0.6787,627.6230984320038
4962.224413875344,0.6553,673.2467030869291
4962.274427157733,0.6502,683.8496524350234
4962.31443778365,0.6737,636.9737170370005
4962.354448409573,0.6833,619.2011925648817
4962.394459035499,0.7502,513.6894179255427
4962.444472317914,0.689,608.9984569793749
4962.484482943852,0.7235,552.3032836572671
4962.524493569795,0.6776,629.6624867599862
4962.574506852231,0.7323,539.1090747914117
4962.614517478184,0.6869,612.7278202706603
4962.654528104144,0.6279,733.2862597263814
4962.7045413866,0.6473,689.9908646982539
4962.74455201257,0.7031,584.8176421642879
4962.784562638546,0.6766,631.525114216237
4962.824573264526,0.6743,635.8406497733218
4962.87458654701,0.7109,572.0548163625589
4962.914597173002,0.6921,603.5551266946204
4962.954607798997,0.7048,581.999851087227
4963.004621081501,0.6754,633.7711972510602
4963.044631707508,0.6708,642.493138531159
4963.0846423335215,0.6593,665.1022664963425
4963.134655616044,0.6846,616.8518028531264
4963.174666242068,0.6749,634.7106031220786
4963.214676868097,0.6651,653.5528232880181
4963.264690150641,0.6919,603.9041028389668
4963.304700776681,0.6885,609.8833062228697
4963.344711402726,0.721,556.1400384765666
4963.384722028777,0.772,485.08759752015624
4963.434735311347,0.7377,531.2453630829293
4963.4747459374075,0.7166,562.990513505806
4963.514756563475,0.712,570.2885991443889
4963.564769846064,0.7013,587.823548844076
4963.604780472142,0.697,595.0988271683487
4963.644791098224,0.6659,651.983436269316
4963.694804380835,0.6924,603.0322293787243
4963.734815006927,0.6277,733.7536179626593
4963.774825633027,0.565,905.6438948004754
4963.824838915658,0.7645,494.65201332813564
4963.864849541767,0.7408,526.8085039263896
4963.904860167883,0.7373,531.8219411355904
4963.944870794002,0.6845,617.0320500292023
4963.994884076657,0.6679,648.0846113327488
4964.03489470279,0.6879,610.9476732442587
4964.0749053289255,0.6887,609.5291352542652
4964.124918611603,0.7167,562.8334183609744
4964.164929237751,0.6769,630.9654591091286
4964.204939863902,0.6678,648.2787209956921
4964.254953146599,0.6548,674.2752655747248
4964.294963772763,0.655,673.8635579144659
4964.334974398931,0.7142,566.7806159543204
4964.374985025106,0.6888,609.352165450333
4964.424998307829,0.6436,697.9470505259974
4964.465008934014,0.5847,845.6452689870861
4964.505019560203,0.6468,691.0580516048033
4964.555032842947,0.7074,577.7295184576251
4964.595043469149,0.6754,633.7711972510602
4964.635054095354,0.6894,608.291963333658
4964.685067378118,0.6947,599.0458290521292
4964.725078004336,0.7358,533.9924900713379
4964.765088630557,0.6977,593.9053067115681
4964.815101913341,0.7086,575.77443118309
4964.855112539574,0.6965,595.9535458696479
4964.895123165812,0.6592,665.3040722321056
4964.935133792055,0.7145,566.3047636087914
4964.985147074866,0.7407,526.9507594560588
4965.025157701121,0.6857,614.8742857446832
4965.06516832738,0.6814,622.6591343684183
4965.11518161021,0.6841,617.753829347894
4965.1551922364815,0.66,663.6921938058515
4965.195202862757,0.6572,669.3595523783823
4965.245216145607,0.6483,687.8638937032126
4965.2852267718945,0.6692,645.5690990774075
4965.325237398185,0.6704,643.2600643714358
4965.365248024482,0.7141,566.9393666915018
4965.41526130736,0.7514,512.0499868384379
4965.455271933668,0.7834,471.0723932427128
4965.495282559979,0.7114,571.2509746680817
4965.545295842879,0.71,573.506013324888
4965.585306469202,0.6977,593.9053067115681
4965.625317095531,0.6604,662.888450386832
4965.675330378448,0.6796,625.9618684921099
4965.715341004789,0.7271,546.8477289636057
4965.7553516311345,0.6798,625.5936020209932
4965.805364914073,0.6451,694.705066970318
4965.845375540429,0.6555,672.8359369731382
4965.885386166789,0.6375,711.3677230643727
4965.925396793156,0.6806,624.1237812461402
4965.975410076121,0.71,573.506013324888
4966.015420702498,0.6549,674.0693645953709
4966.05543132888,0.7153,565.0387498147195
4966.105444611866,0.7216,555.2155794013985
4966.145455238259,0.6846,616.8518028531264
4966.185465864657,0.6552,673.4522272177527
4966.235479147663,0.6721,640.0100792748294
4966.275489774072,0.66,663.6921938058515
4966.315500400486,0.7067,578.8745881573237
4966.365513683511,0.6899,607.4105737776664
4966.4055243099365,0.7238,551.8455427936423
4966.445534936369,0.7199,557.840887395249
4966.485545562805,0.6978,593.7350969379453
4966.535558845854,0.7461,519.350617798941
4966.575569472301,0.7266,547.6005986701613
4966.615580098754,0.707,578.3834275179977
4966.6655933818265,0.6685,646.9217820651822
4966.705604008288,0.6557,672.4255466740544
4966.745614634757,0.7015,587.4884161764209
4966.79562791785,0.7123,569.8083231053171
4966.835638544328,0.6782,628.5488629978042
4966.875649170813,0.6409,703.8400869692434
4966.915659797301,0.6356,715.627058208842
4966.965673080421,0.6366,713.3805490470355
4967.00568370692,0.6088,780.0190017076309
4967.045694333427,0.6744,635.6520991903208
4967.095707616564,0.6883,610.2377859712859
4967.13571824308,0.6641,655.5225383813304
4967.175728869603,0.716,563.9344670528927
4967.225742152762,0.6526,678.8290617154155
4967.265752779294,0.7259,548.6572310225546
4967.3057634058305,0.6598,664.0946137982786
4967.35577668901,0.7933,459.38826101461547
4967.395787315559,0.717,562.3625272428744
4967.435797942113,0.7028,585.3170231789231
4967.475808568672,0.678,628.9197424326032
4967.525821851877,0.648,688.5009511656647
4967.565832478446,0.6585,666.7192876431501
4967.6058431050205,0.7537,508.92960353652444
4967.655856388247,0.7125,569.4884760594213
4967.695867014832,0.6962,596.4672612596452
4967.735877641424,0.7281,545.3466399695463
4967.785890924669,0.7513,512.1863061204276
4967.825901551271,0.7554,506.6415292580903
4967.865912177878,0.7054,581.0101972607706
4967.90592280449,0.6547,674.4812609101456
4967.955936087763,0.6988,592.0370161602216
4967.995946714385,0.6417,702.0862449699632
4968.035957341013,0.7073,577.8928917198956
4968.085970624305,0.6835,618.8388752603074
4968.125981250946,0.7023,586.1507474368608
4968.16599187759,0.6664,651.0054382695965
4968.216005160903,0.6855,615.2331263490358
4968.256015787558,0.722,554.6005533498724
4968.2960264142175,0.6806,624.1237812461402
4968.346039697551,0.6372,712.0377174764154
4968.386050324223,0.6211,749.4306310118251
4968.426060950899,0.6571,669.5632989820714
4968.466071577581,0.6356,715.627058208842
4968.516084860939,0.6066,785.6871547273503
4968.556095487631,0.6437,697.7302129455305
4968.596106114329,0.6601,663.4911209634267
4968.646119397708,0.7088,575.449548346292
4968.686130024418,0.7091,574.9627394259551
4968.726140651131,0.6251,739.8701556265604
4968.77615393453,0.6932,601.641154040393
4968.816164561256,0.6746,635.2752495427153
4968.856175187986,0.6862,613.9785565460501
4968.906188471405,0.7214,555.5234761428325
4968.946199098145,0.7099,573.667598223826
4968.986209724892,0.663,657.6995274597556
4969.026220351643,0.6752,634.146709172002
4969.076233635088,0.6646,654.536569426445
4969.116244261851,0.6133,768.6144608494056
4969.156254888619,0.6723,639.6293480950037
4969.2062681720845,0.7164,563.3049011738595
4969.246278798862,0.6621,659.4887767808736
4969.286289425645,0.7619,498.0337903450503
4969.336302709131,0.6906,606.1798431109926
4969.376313335926,0.595,816.6209276646224
4969.416323962725,0.6519,680.2876741839065
4969.456334589529,0.637,712.4849064115425
4969.506347873043,0.6103,776.1894466112977
4969.546358499856,0.6745,635.463632463358
4969.586369126678,0.7313,540.5844663762005
4969.636382410209,0.742,525.10592127069
4969.676393037042,0.7088,575.449548346292
4969.716403663879,0.7323,539.1090747914117
4969.766416947431,0.6994,591.021662046566
4969.806427574279,0.7701,487.4841751303131
4969.846438201131,0.7537,508.92960353652444
4969.896451484704,0.7069,578.5470782519216
4969.936462111568,0.7416,525.6725305772102
4969.976472738437,0.7816,473.24461841869095
4970.016483365311,0.7117,570.769482657007
4970.066496648909,0.6661,651.5919727791234
4970.106507275796,0.6774,630.0343524285962
4970.146517902685,0.7117,570.769482657007
4970.196531186304,0.7143,566.6219318863544
4970.236541813206,0.7192,558.9273115045497
4970.276552440112,0.76,500.5270687232401
4970.32656572375,0.6741,636.2180027064959
4970.366576350667,0.6174,758.4400175225566
4970.40658697759,0.6348,717.4319148192683
4970.446597604517,0.6613,661.0853572926214
4970.496610888181,0.6514,681.3324204470346
4970.53662151512,0.6778,629.2909502240884
4970.576632142063,0.6992,591.3598229989648
4970.626645425749,0.716,563.9344670528927
4970.666656052704,0.6955,597.6685167484388
4970.706666679663,0.6434,698.3810290422228
4970.756679963368,0.6382,709.8080754986214
4970.796690590339,0.6924,603.0322293787243
4970.836701217314,0.6451,694.705066970318
4970.886714501041,0.6731,638.109815688169
4970.926725128026,0.7117,570.769482657007
4970.966735755018,0.6867,613.084783227182
4971.006746382014,0.6887,609.5291352542652
4971.056759665767,0.6977,593.9053067115681
4971.096770292775,0.6837,618.4768758704139
4971.136780919787,0.7255,549.2623946049321
4971.186794203561,0.7194,558.6165809839778
4971.226804830583,0.7074,577.7295184576251
4971.266815457612,0.6878,611.1253386115255
4971.316828741405,0.7227,553.5267140320612
4971.3568393684445,0.7455,520.1869299354468
4971.39684999549,0.661,661.6855700394424
4971.446863279302,0.6511,681.9604238306555
4971.486873906358,0.665,653.7493950112258
4971.5268845334185,0.6705,643.0682042263329
4971.566895160484,0.7186,559.8610602490293
4971.616908444322,0.7043,582.8264954322478
4971.6569190714,0.7071,578.2198462108579
4971.696929698482,0.7199,557.840887395249
4971.746942982341,0.681,623.390812589412
4971.786953609435,0.6579,667.9359265758965
4971.826964236531,0.7078,577.0767177160104
4971.876977520411,0.6719,640.3911504938945
4971.91698814752,0.6419,701.6488087491907
4971.9569987746345,0.6312,725.638873148831
4971.9970094017535,0.6303,727.7126164720951
4972.04702268566,0.6923,603.2064529555
4972.087033312789,0.654,675.925875077079
4972.127043939924,0.645,694.9204957587982
4972.177057223849,0.6713,641.536408440036
4972.217067850996,0.6898,607.5866983706243
4972.257078478147,0.669,645.9551466896271
4972.307091762094,0.6995,590.8526903321301
4972.347102389255,0.6391,707.8103397395244
4972.3871130164225,0.6331,721.2899776984669
4972.437126300389,0.6661,651.5919727791234
4972.477136927567,0.6288,731.1886633911978
4972.51714755475,0.7146,566.1462793246201
4972.557158181939,0.7118,570.6091205925186
4972.607171465931,0.6841,617.753829347894
4972.647182093129,0.6594,664.9005525668248
4972.687192720335,0.6777,629.4766773747305
4972.737206004347,0.7226,553.6799286041487
4972.7772166315635,0.6936,600.947420703005
4972.817227258783,0.6417,702.0862449699632
4972.867240542814,0.6965,595.9535458696479
4972.907251170046,0.7402,527.6629021511097
4972.947261797283,0.686,614.3366132005814
4972.987272424524,0.6171,759.177619023529
4973.037285708583,0.6408,704.0597791999802
4973.077296335835,0.651,682.1699512512471
4973.117306963092,0.691,605.4782471441702
4973.167320247172,0.684,617.9344720623712
4973.20733087444,0.6703,643.4520103918944
4973.247341501714,0.6817,622.1112207296135
4973.297354785814,0.6943,599.7362712550296
4973.337365413097,0.6519,680.2876741839065
4973.377376040387,0.6818,621.9287435557488
4973.427389324506,0.6932,601.641154040393
4973.467399951806,0.68,625.2256604426146
4973.507410579113,0.744,522.286569497288
4973.547421206423,0.7472,517.8226081538905
4973.59743449057,0.6935,601.1207415050744
4973.637445117891,0.6772,630.406547618791
4973.677455745218,0.6728,638.6790051644089
4973.727469029383,0.7208,556.4487046378581
4973.767479656721,0.7254,549.4138419433917
4973.807490284064,0.7027,585.483625665852
4973.85750356825,0.6801,625.0418113687874
4973.897514195603,0.7133,568.2117771684865
4973.937524822962,0.7029,585.1504917933166
4973.987538107167,0.641,703.6204975504025
4974.027548734537,0.6232,744.3884288926855
4974.0675593619135,0.6139,767.11277470308
4974.107569989293,0.6615,660.6856690562464
4974.157583273525,0.6841,617.753829347894
4974.197593900915,0.6248,740.5808277743513
4974.237604528311,0.6659,651.983436269316
4974.287617812563,0.6539,676.1326273405534
4974.327628439969,0.685,616.131603378498
4974.367639067382,0.7074,577.7295184576251
4974.4176523516535,0.6573,669.1558987599942
4974.457662979077,0.663,657.6995274597556
4974.497673606505,0.6639,655.9175498522434
4974.537684233938,0.6874,611.836775628501
4974.587697518236,0.7421,524.9644120848541
4974.627708145681,0.6518,680.496431108002
4974.66771877313,0.6479,688.7135003311564
4974.717732057447,0.7163,563.4621937705692
4974.757742684908,0.6711,641.9188438725886
4974.797753312372,0.6989,591.8676088589573
4974.847766596713,0.7296,543.1065688378502
4974.887777224188,0.6632,657.3029054058125
4974.927787851669,0.6307,726.789856744917
4974.977801136029,0.6916,604.4281348306171
4975.0178117635205,0.6098,777.4628254034792
4975.057822391018,0.6592,665.3040722321056
4975.09783301852,0.6843,617.3927814732383
4975.147846302904,0.6673,649.2505786647529
4975.187856930418,0.7046,582.3302976525912
4975.227867557936,0.7355,534.4281942190397
4975.277880842341,0.7594,501.31831045356506
4975.31789146987,0.6832,619.3824705515196
4975.357902097404,0.7492,515.0616324387647
4975.407915381829,0.7435,522.9892749231084
4975.447926009375,0.7331,537.933106029447
4975.487936636925,0.6696,644.798041355506
4975.53794992137,0.7429,523.8343950179717
4975.577960548931,0.6726,639.0588880142762
4975.617971176497,0.5699,890.1374203792418
4975.657981804069,0.6392,707.5888898441284
4975.70799508854,0.7241,551.3883707476699
4975.748005716121,0.6495,685.324485309649
4975.7880163437085,0.6283,732.3528818187253
4975.838029628201,0.6679,648.0846113327488
4975.878040255799,0.6735,637.3520792330735
4975.918050883402,0.7269,547.1486904199681
4975.968064167914,0.7446,521.4451908689089
4976.008074795528,0.6717,640.7725621572486
4976.048085423148,0.629,730.72375321308
4976.088096050773,0.6779,629.1053052595406
4976.138109335309,0.692,603.7295769442896
4976.178119962946,0.6251,739.8701556265604
4976.218130590587,0.7389,529.5212436690165
4976.268143875143,0.6737,636.9737170370005
4976.308154502795,0.6665,650.810102748502
4976.348165130451,0.5785,863.8685606141713
4976.398178415029,0.5915,826.313656388315
4976.438189042697,0.7125,569.4884760594213
4976.478199670369,0.6941,600.0819400703809
4976.528212954967,0.7235,552.3032836572671
4976.568223582651,0.6787,627.6230984320038
4976.608234210339,0.718,560.7971508424808
4976.648244838033,0.6595,664.6989303878743
4976.698258122657,0.6402,705.3800952324849
4976.7382687503605,0.7096,574.1527628702271
4976.778279378071,0.7096,574.1527628702271
4976.828292662714,0.6663,651.2008617465156
4976.868303290435,0.6182,756.4783273216167
4976.908313918161,0.6504,683.4291460030462
4976.958327202823,0.7217,555.0617270127668
4976.9983378305615,0.7049,581.8347332710499
4977.038348458302,0.655,673.8635579144659
4977.078359086048,0.6483,687.8638937032126
4977.128372370739,0.6608,662.0861661062779
4977.168382998497,0.67,644.0283642181697
4977.20839362626,0.6664,651.0054382695965
4977.258406910971,0.6338,719.697603546512
4977.298417538743,0.7441,522.1461983717667
4977.338428166522,0.6735,637.3520792330735
4977.388441451252,0.6746,635.2752495427153
4977.428452079042,0.6214,748.7071853856321
4977.468462706837,0.675,634.5225549302711
4977.518475991587,0.7359,533.8473737558207
4977.558486619392,0.6525,679.0371475510505
4977.598497247203,0.6941,600.0819400703809
4977.63850787502,0.7462,519.211428540778
4977.688521159795,0.7909,462.18053122405234
4977.728531787622,0.7092,574.8006070534752
4977.768542415453,0.713,568.6900356702099
4977.818555700251,0.7135,567.8932732616775
4977.858566328093,0.6334,720.6068851576168
4977.89857695594,0.6479,688.7135003311564
4977.948590240758,0.6748,634.8987349217019
4977.988600868615,0.6637,656.3129184758362
4978.028611496479,0.697,595.0988271683487
4978.078624781316,0.6845,617.0320500292023
4978.11863540919,0.6812,623.0248123638698
4978.158646037071,0.6575,668.7488702528714
4978.198656664955,0.6265,736.5671732500487
4978.248669949817,0.6553,673.2467030869291
4978.2886805777125,0.6877,611.3030814884736
4978.328691205613,0.6829,619.9267824081132
4978.378704490496,0.7447,521.3051587807295
4978.418715118408,0.7231,552.9144912681639
4978.4587257463245,0.6962,596.4672612596452
4978.508739031227,0.6755,633.583566356049
4978.548749659155,0.6034,794.0426782886432
4978.588760287088,0.7206,556.7576278420851
4978.628770915026,0.6523,679.4536063615044
4978.678784199956,0.6272,734.9239701933515
4978.718794827903,0.6038,792.9909679886022
4978.758805455857,0.6575,668.7488702528714
4978.808818740806,0.7027,585.483625665852
4978.8488293687715,0.6739,636.5956916613637
4978.888839996741,0.7678,490.4091333903758
4978.93885328171,0.7066,579.0384474074723
4978.97886390969,0.7323,539.1090747914117
4979.018874537676,0.6409,703.8400869692434
4979.068887822665,0.6754,633.7711972510602
4979.1088984506605,0.6488,686.8040944092098
4979.148909078664,0.729,544.0009380952481
4979.188919706669,0.691,605.4782471441702
4979.238932991686,0.6979,593.564960325521
4979.278943619703,0.6901,607.0585542581215
4979.318954247725,0.7066,579.0384474074723
4979.36896753276,0.6853,615.5922811741157
4979.4089781607945,0.6435,698.1639892039425
4979.448988788833,0.718,560.7971508424808
4979.499002073887,0.6915,604.6029637430549
4979.539012701937,0.7015,587.4884161764209
4979.579023329992,0.6774,630.0343524285962
4979.61903395805,0.7053,581.174964186118
4979.669047243132,0.6718,640.5818137446965
4979.709057871203,0.6842,617.5732658336137
4979.749068499279,0.6633,657.1047289044819
4979.799081784379,0.6715,641.1543146705434
4979.839092412467,0.6516,680.9142333309185
4979.879103040558,0.7035,584.1527943440936
4979.929116325679,0.6986,592.3760490343502
4979.9691269537825,0.6696,644.798041355506
4980.00913758189,0.6655,652.7674223175982
4980.059150867031,0.7371,532.1105822263606
4980.09916149515,0.6694,645.183397437129
4980.139172123274,0.7347,535.5926824293123
4980.179182751402,0.6676,648.6672020355408
4980.229196036569,0.664,655.7199994995949
4980.269206664709,0.6772,630.406547618791
4980.309217292853,0.6544,675.0998136296423
4980.359230578041,0.7043,582.8264954322478
4980.399241206197,0.6967,595.611437558327
4980.4392518343575,0.8046,446.5753638346016
4980.489265119564,0.7054,581.0101972607706
4980.529275747736,0.7234,552.4559905121739
4980.569286375912,0.6608,662.0861661062779
4980.61929966114,0.6671,649.6399337416271
4980.659310289327,0.6682,647.5028051452749
4980.69932091752,0.692,603.7295769442896
4980.739331545717,0.7126,569.3286535170392
4980.78934483097,0.7092,574.8006070534752
4980.829355459178,0.7197,558.1509708312783
4980.869366087391,0.725,550.0202581046643
4980.919379372665,0.6133,768.6144608494056
4980.9593900008895,0.6631,657.50117157287
4980.99940062912,0.783,471.5538155837761
4981.049413914413,0.7324,538.9618679278045
4981.089424542653,0.6286,731.6540173969266
4981.129435170898,0.6759,632.8338753946324
4981.169445799148,0.723,553.0674517007861
4981.219459084468,0.676,632.646660562635
4981.25946971273,0.707,578.3834275179977
4981.2994803409965,0.6524,679.2453290801851
4981.349493626337,0.706,580.0230655551363
4981.389504254614,0.6788,627.4381909648197
4981.429514882895,0.6709,642.3016213756698
4981.4795281682555,0.699,591.6982742593842
4981.519538796549,0.7337,537.0536527053882
4981.559549424846,0.74,527.9481634995956
4981.609562710227,0.686,614.3366132005814
4981.649573338535,0.6124,770.875271408593
4981.68958396685,0.6569,669.9710713718611
4981.729594595169,0.6307,726.789856744917
4981.779607880575,0.582,853.5096485932619
4981.819618508905,0.7549,507.3128879042633
4981.8596291372405,0.78,475.18812360657535
4981.9096424226655,0.6453,694.2745098126518
4981.949653051012,0.6945,599.3909010302123
4981.989663679364,0.7724,484.5853071374135
4982.039676964808,0.6814,622.6591343684183
4982.079687593171,0.6599,663.8933580656603
4982.119698221537,0.7052,581.3398012100361
4982.159708849909,0.6707,642.6847413573564
4982.2097221353815,0.7009,588.4946750459588
4982.249732763764,0.6724,639.4391098933926
4982.289743392153,0.6461,692.5562776831812
4982.339756677644,0.6961,596.6386473385911
4982.379767306043,0.7694,488.37160353747333
4982.419777934448,0.7574,503.9693774751761
4982.469791219959,0.7481,516.5774286572067
4982.509801848375,0.741,526.5241656273819
4982.549812476794,0.7257,548.9596877284326
4982.599825762326,0.6663,651.2008617465156
4982.6398363907565,0.6941,600.0819400703809
4982.6798470191925,0.6567,670.379216382811
4982.719857647633,0.7251,549.8685599740711
4982.769870933192,0.6853,615.5922811741157
4982.809881561642,0.7026,585.6502992945852
4982.849892190099,0.7679,490.28141453036744
4982.899905475678,0.689,608.9984569793749
4982.939916104145,0.6872,612.1929600978425
4982.979926732618,0.7349,535.301203820433
4983.029940018216,0.7332,537.78638052794
4983.0699506467,0.7244,550.9317665772754
4983.109961275189,0.725,550.0202581046643
4983.1599745608055,0.7025,585.8170441056333
4983.199985189306,0.6788,627.4381909648197
4983.239995817811,0.6303,727.7126164720951
4983.280006446319,0.6596,664.4973999038551
4983.330019731964,0.6528,678.4131768901287
4983.370030360484,0.607,784.6519956028682
4983.410040989011,0.6321,723.5739814488929
4983.460054274673,0.621,749.6720125785359
4983.50006490321,0.6886,609.706182163511
4983.540075531751,0.6327,722.2022796940374
4983.590088817435,0.6442,696.6475393088004
4983.630099445987,0.7648,494.2640261281968
4983.670110074545,0.8353,414.352433744592
4983.710120703107,0.6624,658.8915499322572
4983.760133988817,0.6724,639.4391098933926
4983.800144617389,0.7027,585.483625665852
4983.840155245968,0.7168,562.676388959991
4983.890168531699,0.6806,624.1237812461402
4983.930179160288,0.7004,589.3352003041799
4983.970189788882,0.6938,600.6010039039409
4984.020203074631,0.7199,557.840887395249
4984.060213703237,0.6628,658.0965086096188
4984.100224331847,0.6571,669.5632989820714
4984.150237617617,0.678,628.9197424326032
4984.190248246239,0.7572,504.23564016334336
4984.2302588748635,0.7052,581.3398012100361
4984.270269503495,0.6696,644.798041355506
4984.320282789292,0.6541,675.7192176321994
4984.360293417933,0.6777,629.4766773747305
4984.40030404658,0.7281,545.3466399695463
4984.450317332396,0.7423,524.68156526619
4984.490327961054,0.7156,564.56508895362
4984.530338589717,0.7268,547.2992643270782
4984.580351875553,0.6651,653.5528232880181
4984.620362504225,0.6795,626.146123681992
4984.660373132907,0.7543,508.12028122229435
4984.70038376159,0.6926,602.6840085926665
4984.750397047452,0.6945,599.3909010302123
4984.790407676146,0.6886,609.706182163511
4984.830418304845,0.7143,566.6219318863544
4984.880431590726,0.7286,544.598412175712
4984.920442219439,0.6633,657.1047289044819
4984.960452848154,0.6475,689.564682003514
4985.0104661340565,0.6821,621.3817934917876
4985.050476762783,0.7214,555.5234761428325
4985.090487391513,0.6809,623.5739336567905
4985.140500677436,0.6798,625.5936020209932
4985.180511306178,0.691,605.4782471441702
4985.220521934926,0.6586,666.5168377011322
4985.260532563678,0.6316,724.7200537099399
4985.310545849627,0.6755,633.583566356049
4985.35055647839,0.6911,605.3030384722662
4985.390567107157,0.713,568.6900356702099
4985.440580393126,0.6062,786.7243636682012
4985.480591021905,0.6566,670.583428763112
4985.520601650689,0.805,446.1316730430905
4985.570614936677,0.6575,668.7488702528714
4985.610625565472,0.6706,642.8764299053668
4985.650636194273,0.6365,713.6047235851054
4985.70064948028,0.6971,594.9281040899605
4985.740660109092,0.7369,532.3994583665544
4985.780670737908,0.7739,482.7086497057897
4985.820681366728,0.757,504.5021139195488
4985.870694652761,0.6889,609.1752727069477
4985.910705281594,0.638,710.2531652903355
4985.950715910431,0.6665,650.810102748502
4986.000729196484,0.7015,587.4884161764209
4986.040739825333,0.7171,562.2056948534589
4986.080750454185,0.7066,579.0384474074723
4986.130763740259,0.6701,643.8361602639467
4986.170774369122,0.7349,535.301203820433
4986.210784997992,0.6424,700.5570051069575
4986.2507956268655,0.5913,826.8727309722584
4986.300808912964,0.696,596.8101072960479
4986.34081954185,0.6839,618.1151940233715
4986.3808301707395,0.7332,537.78638052794
4986.430843456859,0.6816,622.2937782249094
4986.470854085759,0.6883,610.2377859712859
4986.510864714664,0.7097,573.9909729579846
4986.560878000804,0.6866,613.2633816940041
4986.600888629721,0.6425,700.3389501974284
4986.640899258644,0.679,627.0686210909093
4986.690912544802,0.6608,662.0861661062779
4986.7309231737345,0.6606,662.4871260751106
4986.7709338026725,0.7264,547.9021819466773
4986.810944431615,0.7609,499.34371385986293
4986.8609577178,0.7331,537.933106029447
4986.900968346754,0.7581,503.0391170126321
4986.940978975712,0.6577,668.3422130086332
4986.990992261917,0.6854,615.4126644610616
4987.031002890887,0.6928,602.3360893395346
4987.071013519861,0.7505,513.2788228041837
4987.121026806086,0.6345,718.1104967476238
4987.161037435071,0.6808,623.7571354237488
4987.201048064061,0.6596,664.4973999038551
4987.241058693056,0.628,733.052748035427
4987.291071979306,0.6645,654.7335851780115
4987.3310826083125,0.6991,591.5290123199081
4987.371093237323,0.7107,572.3768281835593
4987.421106523595,0.6871,612.371168980984
4987.461117152617,0.6914,604.7778685195234
4987.501127781644,0.6385,709.1412248684735
4987.551141067935,0.6822,621.1996371328656
4987.591151696972,0.6842,617.5732658336137
4987.631162326015,0.7719,485.213292141394
4987.681175612326,0.7307,541.4726103550615
4987.7211862413815,0.6906,606.1798431109926
4987.761196870439,0.6104,775.9351462853406
4987.801207499503,0.681,623.390812589412
4987.851220785838,0.7231,552.9144912681639
4987.891231414914,0.7402,527.6629021511097
4987.931242043994,0.7231,552.9144912681639
4987.98125533035,0.6684,647.1153695000615
4988.021265959442,0.6964,596.1247105675654
4988.061276588537,0.7557,506.2393535573525
4988.111289874913,0.6653,653.159945724851
4988.151300504019,0.6296,729.3316800067075
4988.191311133131,0.7002,589.6719146858385
4988.241324419527,0.7228,553.3735630475892
4988.281335048649,0.6732,637.9202549412356
4988.321345677778,0.6628,658.0965086096188
4988.361356306909,0.7038,583.654902217105
4988.411369593332,0.76,500.5270687232401
4988.4513802224765,0.7033,584.4850764554867
4988.491390851624,0.6739,636.5956916613637
4988.541404138065,0.6969,595.2696237444045
4988.581414767224,0.7359,533.8473737558207
4988.621425396388,0.6667,650.4196953627262
4988.67143868285,0.7264,547.9021819466773
4988.711449312025,0.7769,478.9878925361267
4988.751459941205,0.7467,518.5163208692711
4988.79147057039,0.7043,582.8264954322478
4988.841483856878,0.6469,690.8444162452548
4988.881494486073,0.6676,648.6672020355408
4988.921505115274,0.7052,581.3398012100361
4988.971518401782,0.6074,783.6188808969594
4989.011529030994,0.679,627.0686210909093
4989.051539660211,0.6954,597.8404208698562
4989.101552946739,0.5926,823.2488575796826
4989.141563575967,0.6945,599.3909010302123
4989.181574205199,0.744,522.286569497288
4989.231587491748,0.6782,628.5488629978042
4989.271598120991,0.6638,656.1151894930518
4989.3116087502385,0.71,573.506013324888
4989.351619379493,0.7239,551.6930889562524
4989.401632666066,0.7016,587.320957307783
4989.44164329533,0.7065,579.202376241746
4989.4816539245985,0.7479,516.8537467789647
4989.531667211194,0.6791,626.8839585879632
4989.571677840473,0.6908,605.8288927835748
4989.611688469759,0.7055,580.8455003942528
4989.661701756372,0.6772,630.406547618791
4989.7017123856685,0.6531,677.7900658889022
4989.741723014969,0.662,659.6880328505885
4989.791736301601,0.6643,655.1278836330523
4989.831746930914,0.6829,619.9267824081132
4989.871757560231,0.7015,587.4884161764209
4989.911768189554,0.7056,580.6808735468517
4989.961781476212,0.6428,699.685395965089
4990.001792105545,0.6912,605.1279058401817
4990.041802734882,0.6296,729.3316800067075
4990.091816021562,0.6317,724.4906215288528
4990.131826650911,0.6374,711.5909494243178
4990.171837280264,0.693,601.9884712712892
4990.221850566963,0.7617,498.2953623659699
4990.261861196327,0.7157,564.407334347284
4990.301871825697,0.7527,510.282777432773
4990.341882455071,0.7497,514.3748388013616
4990.391895741796,0.7439,522.4269972354069
4990.431906371182,0.7201,557.531062289959
4990.471917000572,0.6913,604.9528492039219
4990.521930287317,0.6501,684.06005120324
4990.561940916719,0.6486,687.227720018474
4990.601951546125,0.6918,604.0787044223932
4990.651964832889,0.698,593.3948968323723
4990.691975462306,0.7162,563.6195522581019
4990.731986091729,0.7208,556.4487046378581
4990.781999378513,0.6617,660.2863431839876
4990.822010007946,0.6589,665.9100408342807
4990.862020637384,0.758,503.17185359186317
4990.902031266826,0.6918,604.0787044223932
4990.952044553638,0.6615,660.6856690562464
4990.992055183092,0.6377,710.9215853470773
4991.03206581255,0.6644,654.9306898956894
4991.08207909938,0.6891,608.8217182229125
4991.1220897288495,0.7234,552.4559905121739
4991.162100358324,0.7639,495.4293595134412
4991.212113645174,0.6923,603.2064529555
4991.25212427466,0.7038,583.654902217105
4991.292134904151,0.6514,681.3324204470346
4991.332145533645,0.7505,513.2788228041837
4991.382158820521,0.6983,592.885144649798
4991.422169450028,0.6333,720.8344748118506
4991.4621800795385,0.6413,702.9623455240848
4991.512193366435,0.6646,654.536569426445
4991.552203995957,0.6957,597.324930864314
4991.592214625484,0.6553,673.2467030869291
4991.642227912401,0.6882,610.4151417501049
4991.682238541938,0.7271,546.8477289636057
4991.722249171481,0.6614,660.8854678515246
4991.772262458418,0.6827,620.2900556931551
4991.812273087971,0.7076,577.4029797035925
4991.852283717529,0.7175,561.5790209029744
4991.8922943470925,0.6941,600.0819400703809
4991.942307634055,0.6057,788.0237656505963
4991.98231826363,0.5935,820.7539596979565
4992.022328893209,0.6678,648.2787209956921
4992.07234218019,0.731,541.0282649974905
4992.112352809781,0.7411,526.3820827958859
4992.152363439377,0.6684,647.1153695000615
4992.202376726378,0.6816,622.2937782249094
4992.242387355985,0.6942,599.9090683173816
4992.282397985596,0.6734,637.5413867638321
4992.332411272616,0.6977,593.9053067115681
4992.372421902238,0.7079,576.9136904119069
4992.412432531866,0.7268,547.2992643270782
4992.452443161498,0.7155,564.7229097089746
4992.502456448546,0.6798,625.5936020209932
4992.542467078188,0.6851,615.9517505868953
4992.582477707836,0.6364,713.829003807555
4992.632490994903,0.8045,446.6863899535596
4992.672501624561,0.7206,556.7576278420851
4992.712512254224,0.6926,602.6840085926665
4992.762525541312,0.6823,621.0175608601566
4992.802536170987,0.6823,621.0175608601566
4992.842546800666,0.7074,577.7295184576251
4992.882557430351,0.7437,522.7080226712467
4992.932570717464,0.6558,672.2204923117782
4992.972581347159,0.7209,556.2943394446727
4993.012591976859,0.6809,623.5739336567905
4993.062605263992,0.661,661.6855700394424
4993.102615893703,0.6145,765.6154851569615
4993.1426265234195,0.7498,514.2376449224406
4993.192639810571,0.7438,522.5674816165707
4993.232650440299,0.6609,661.8858226126403
4993.27266107003,0.6859,614.5157589946202
4993.322674357202,0.6808,623.7571354237488
4993.362684986946,0.6917,604.2533817383419
4993.4026956166945,0.6729,638.4891907494994
4993.442706246447,0.7029,585.1504917933166
4993.492719533644,0.7211,555.9858016979161
4993.532730163408,0.6823,621.0175608601566
4993.572740793178,0.6352,716.5286340958262
4993.622754080394,0.6696,644.798041355506
4993.662764710174,0.7309,541.1763193238759
4993.702775339959,0.7394,528.805336865491
4993.7527886271955,0.7074,577.7295184576251
4993.792799256992,0.6973,594.5868782575602
4993.832809886792,0.7537,508.92960353652444
4993.872820516598,0.7792,476.16436888285597
4993.92283380386,0.7416,525.6725305772102
4993.962844433677,0.6201,751.8497043953985
4994.002855063498,0.6651,653.5528232880181
4994.052868350781,0.7375,531.5335348393091
4994.092878980614,0.693,601.9884712712892
4994.132889610451,0.6565,670.7877344690592
4994.182902897754,0.6976,594.0755896883427
4994.222913527602,0.6436,697.9470505259974
4994.262924157455,0.5934,821.0306100967493
4994.312937444777,0.6891,608.8217182229125
4994.352948074641,0.703,584.9840314685797
4994.39295870451,0.6929,602.1622426790339
4994.4329693343825,0.5933,821.307400394369
4994.482982621733,0.7085,575.9369757848523
4994.522993251617,0.7381,530.6697221732434
4994.563003881506,0.6057,788.0237656505963
4994.613017168875,0.6803,624.6743564133342
4994.653027798775,0.5669,899.5834368002857
4994.693038428681,0.7098,573.8292514220257
4994.743051716068,0.6697,644.6054927702075
4994.783062345985,0.6465,691.6995525982916
4994.823072975906,0.6904,606.5310984795309
4994.873086263314,0.7264,547.9021819466773
4994.913096893247,0.7435,522.9892749231084
4994.953107523182,0.7966,455.5900202172828
4994.993118153126,0.6934,601.2941372998102
4995.043131440558,0.6781,628.7342616948285
4995.083142070511,0.7502,513.6894179255427
4995.123152700468,0.7431,523.5524608518273
4995.173165987923,0.7376,531.38941965953
4995.213176617891,0.7196,558.3061095130776
4995.253187247864,0.6855,615.2331263490358
4995.303200535338,0.6304,727.4817618578921
4995.343211165323,0.6447,695.5673837085246
4995.383221795312,0.6782,628.5488629978042
4995.423232425306,0.6562,671.4012121097472
4995.473245712805,0.6944,599.5635488403033
4995.51325634281,0.6712,641.7275834229772
4995.553266972821,0.7197,558.1509708312783
4995.6032802603395,0.7072,578.0563342912365
4995.643290890361,0.7737,482.9582402009633
4995.683301520387,0.7105,572.6991119736131
4995.733314807926,0.6923,603.2064529555
4995.773325437962,0.7072,578.0563342912365
4995.813336068003,0.6966,595.7824548806738
4995.85334669805,0.6957,597.324930864314
4995.903359985615,0.6771,630.5927689061626
4995.943370615673,0.6715,641.1543146705434
4995.983381245736,0.7119,570.4488261009657
4996.03339453332,0.7167,562.8334183609744
4996.073405163392,0.6401,705.6005089466823
4996.113415793471,0.6793,626.5148782098049
4996.163429081076,0.7231,552.9144912681639
4996.203439711165,0.6709,642.3016213756698
4996.243450341259,0.6339,719.4705520554444
4996.293463628883,0.6564,670.9921335575276
4996.333474258987,0.6673,649.2505786647529
4996.373484889098,0.6298,728.8685395058228
4996.413495519213,0.6428,699.685395965089
4996.463508806862,0.6451,694.705066970318
4996.5035194369875,0.6665,650.810102748502
4996.543530067118,0.7075,577.5662144652423
4996.593543354788,0.6747,635.0869503787114
4996.63355398493,0.6243,741.7675588412288
4996.6735646150755,0.6118,772.388024622837
4996.723577902765,0.6788,627.4381909648197
4996.763588532923,0.6945,599.3909010302123
4996.803599163085,0.7398,528.2336562345538
4996.853612450795,0.7472,517.8226081538905
4996.893623080968,0.6886,609.706182163511
4996.933633711145,0.7046,582.3302976525912
4996.9736443413285,0.702,586.651837315489
4997.023657629064,0.6913,604.9528492039219
4997.063668259257,0.7238,551.8455427936423
4997.103678889456,0.6849,616.3115349548833
4997.153692177211,0.6062,786.7243636682012
4997.193702807421,0.6453,694.2745098126518
4997.233713437635,0.7027,585.483625665852
4997.28372672541,0.7191,559.082773998532
4997.323737355636,0.6671,649.6399337416271
4997.363747985865,0.6717,640.7725621572486
4997.4037586161,0.6668,650.2246233926143
4997.453771903902,0.7101,573.3444966867418
4997.493782534148,0.7036,583.9867595366695
4997.533793164398,0.646,692.7707076549699
4997.583806452219,0.6644,654.9306898956894
4997.62381708248,0.6809,623.5739336567905
4997.663827712748,0.7013,587.823548844076
4997.713841000587,0.658,667.7329222729719
4997.753851630865,0.6691,645.7620796111703
4997.793862261147,0.6913,604.9528492039219
4997.843875549007,0.6664,651.0054382695965
4997.883886179301,0.6814,622.6591343684183
4997.9238968096,0.6552,673.4522272177527
4997.963907439902,0.6385,709.1412248684735
4998.013920727788,0.6911,605.3030384722662
4998.053931358101,0.6962,596.4672612596452
4998.093941988421,0.7635,495.9486087485587
4998.143955276327,0.7132,568.3711296126045
4998.183965906656,0.6297,729.1000545943117
4998.223976536991,0.68,625.2256604426146
4998.273989824917,0.674,636.4068051562897
4998.314000455263,0.689,608.9984569793749
4998.354011085613,0.6713,641.536408440036
4998.394021715969,0.6039,792.7283668959464
4998.444035003919,0.5732,879.9176272606666
4998.484045634286,0.6613,661.0853572926214
4998.524056264658,0.7109,572.0548163625589
4998.574069552627,0.6068,785.1693192758423
4998.6140801830115,0.6368,712.932516758529
4998.6540908133975,0.651,682.1699512512471
4998.704104101388,0.6259,737.980023301183
4998.744114731787,0.6627,658.2951339810023
4998.78412536219,0.7124,569.6483659095805
4998.834138650198,0.7295,543.2554771445868
4998.874149280612,0.7291,543.8517232040838
4998.914159911033,0.735,535.1555537359236
4998.954170541456,0.7063,579.5304428203157
4999.004183829491,0.6668,650.2246233926143
4999.044194459924,0.6761,632.4595287955882
4999.084205090364,0.688,610.7700853416127
4999.13421837842,0.6286,731.6540173969266
4999.1742290088705,0.6511,681.9604238306555
4999.214239639326,0.6359,714.951992512799
4999.264252927402,0.6242,742.0052473345843
4999.304263557867,0.6272,734.9239701933515
4999.344274188338,0.6063,786.4648689668426
4999.394287476433,0.6517,680.7052841373392
4999.434298106916,0.6746,635.2752495427153
4999.474308737403,0.7195,558.4613128853201
4999.514319367893,0.6707,642.6847413573564
4999.564332656016,0.6977,593.9053067115681
4999.604343286518,0.7149,565.6712254436518
4999.644353917025,0.6591,665.5059698298343
4999.694367205166,0.6999,590.1775275860857
4999.734377835684,0.7722,484.836354758909
4999.774388466207,0.6641,655.5225383813304
4999.824401754368,0.6625,658.6926545879957
4999.864412384902,0.6725,639.2489565499707
4999.9044230154395,0.6977,593.9053067115681
4999.944433645984,0.6446,695.7832137606149
4999.994446934171,0.6213,748.948217490381
5000.034457564726,0.7068,578.7107984519232
5000.074468195285,0.7419,525.2474876819737
5000.12448148349,0.7176,561.4225161344514
5000.164492114061,0.7071,578.2198462108579
5000.204502744637,0.7004,589.3352003041799
5000.254516032862,0.7031,584.8176421642879
5000.294526663448,0.6826,620.4718120900734
5000.334537294039,0.6371,712.2612593005679
5000.384550582286,0.627,735.3928952398893
5000.424561212887,0.6526,678.8290617154155
5000.464571843493,0.647,690.6308799360243
5000.5045824741055,0.685,616.131603378498
5000.554595762377,0.6876,611.480901920196
5000.594606393,0.7125,569.4884760594213
5000.634617023627,0.7461,519.350617798941
5000.684630311918,0.7263,548.053067020667
5000.724640942556,0.7083,576.2622715493626
5000.7646515732,0.6426,700.1209970794974
5000.814664861511,0.6466,691.485619719981
5000.854675492165,0.6885,609.8833062228697
5000.894686122823,0.7189,559.393893634248
5000.934696753488,0.7008,588.6626361825253
5000.984710041825,0.6174,758.4400175225566
5001.024720672499,0.6974,594.4163754193104
5001.064731303179,0.736,533.7023165868767
5001.114744591536,0.6205,750.880671477732
5001.154755222226,0.6919,603.9041028389668
5001.194765852922,0.685,616.131603378498
5001.244779141298,0.6791,626.8839585879632
5001.284789772004,0.7394,528.805336865491
5001.324800402714,0.6506,683.0090273126756
5001.37481369111,0.6489,686.5924284774734
5001.414824321832,0.7394,528.805336865491
5001.454834952559,0.7096,574.1527628702271
5001.494845583291,0.7586,502.37622131587517
5001.544858871713,0.6119,772.1355900261239
5001.584869502455,0.6911,605.3030384722662
5001.624880133202,0.7254,549.4138419433917
5001.674893421644,0.6903,606.7068406647063
5001.714904052403,0.7039,583.4890796245461
5001.754914683165,0.7283,545.0471639228698
5001.804927971627,0.783,471.5538155837761
5001.844938602401,0.7373,531.8219411355904
5001.88494923318,0.6344,718.3369046802311
5001.934962521662,0.63,728.4058400204123
5001.974973152451,0.668,647.8905888381482
5002.014983783245,0.689,608.9984569793749
5002.054994414045,0.7106,572.5379360633173
5002.105007702551,0.6831,619.5638281565105
5002.145018333362,0.692,603.7295769442896
5002.185028964177,0.7334,537.4931095600585
5002.235042252704,0.6076,783.1030885190164
5002.27505288353,0.66,663.6921938058515
5002.315063514361,0.6529,678.2053777833316
5002.365076802908,0.6698,644.4130304198706
5002.40508743375,0.6423,700.7751618714815
5002.445098064596,0.6983,592.885144649798
5002.485108695448,0.7079,576.9136904119069
5002.53512198402,0.6789,627.2533652004975
5002.575132614882,0.688,610.7700853416127
5002.615143245749,0.6479,688.7135003311564
5002.665156534342,0.6556,672.6306948754187
5002.70516716522,0.6718,640.5818137446965
5002.745177796103,0.6674,649.0560323759554
5002.795191084712,0.7022,586.3177060382059
5002.8352017156085,0.6922,603.38075204625
5002.8752123465065,0.638,710.2531652903355
5002.925225635137,0.676,632.646660562635
5002.965236266048,0.6862,613.9785565460501
5003.005246896962,0.6969,595.2696237444045
5003.045257527881,0.7431,523.5524608518273
5003.095270816538,0.7445,521.5852793874324
5003.135281447469,0.7439,522.4269972354069
5003.175292078403,0.6931,601.8147750728738
5003.22530536708,0.6512,681.750992929264
5003.265315998027,0.7053,581.174964186118
5003.305326628978,0.7146,566.1462793246201
5003.3553399176735,0.6561,671.6058916874662
5003.395350548635,0.6548,674.2752655747248
5003.435361179602,0.6702,643.6440423389662
5003.475371810574,0.7103,573.0216680390777
5003.525385099296,0.6742,636.0292842621162
5003.565395730278,0.6348,717.4319148192683
5003.605406361266,0.6331,721.2899776984669
5003.655419650007,0.6539,676.1326273405534
5003.695430281006,0.5979,808.718423916412
5003.735440912008,0.6769,630.9654591091286
5003.78545420077,0.6809,623.5739336567905
5003.825464831784,0.6668,650.2246233926143
5003.865475462803,0.7533,509.4702264465061
5003.915488751583,0.7826,472.03597630165524
5003.955499382613,0.7359,533.8473737558207
5003.995510013648,0.7097,573.9909729579846
5004.0355206446875,0.6624,658.8915499322572
5004.085533933493,0.6218,747.7442195924232
5004.125544564543,0.7187,559.7052730410701
5004.1655551956,0.7089,575.2872100336347
5004.215568484425,0.6765,631.7118313947957
5004.255579115491,0.6757,633.2085544501898
5004.295589746562,0.6557,672.4255466740544
5004.345603035407,0.6639,655.9175498522434
5004.38561366649,0.6789,627.2533652004975
5004.425624297576,0.6559,672.0155317313674
5004.475637586442,0.671,642.1101898398226
5004.515648217538,0.7012,587.9912227248393
5004.5556588486415,0.707,578.3834275179977
5004.59566947975,0.6799,625.4095906441034
5004.64568276864,0.6722,639.8196712053036
5004.685693399758,0.6217,747.9847867964511
5004.725704030881,0.6764,631.8986313930046
5004.775717319792,0.7564,505.30280382932483
5004.815727950926,0.7237,551.9980598329773
5004.855738582065,0.6745,635.463632463358
5004.905751870994,0.7084,576.0995892273168
5004.945762502144,0.7706,486.85177778786596
5004.9857731332995,0.6978,593.7350969379453
5005.025783764459,0.6656,652.5712932894335
5005.075797053414,0.6676,648.6672020355408
5005.115807684584,0.7306,541.6208471264353
5005.15581831576,0.6944,599.5635488403033
5005.205831604736,0.6346,717.8841958382136
5005.245842235921,0.6192,754.0368988454171
5005.285852867111,0.6138,767.3627499437274
5005.335866156107,0.6763,632.0855142598512
5005.375876787308,0.6663,651.2008617465156
5005.415887418517,0.7254,549.4138419433917
5005.465900707531,0.7083,576.2622715493626
5005.505911338748,0.6318,724.2612982811278
5005.545921969969,0.6251,739.8701556265604
5005.585932601197,0.6426,700.1209970794974
5005.635945890238,0.7253,549.5653519280268
5005.675956521477,0.7135,567.8932732616775
5005.715967152718,0.6648,654.1428046075522
5005.765980441779,0.6685,646.9217820651822
5005.805991073032,0.6863,613.7996455942813
5005.846001704291,0.7055,580.8455003942528
5005.896014993371,0.6979,593.564960325521
5005.936025624642,0.6679,648.0846113327488
5005.976036255915,0.658,667.7329222729719
5006.0160468871945,0.6315,724.9495948933943
5006.0660601763,0.6123,771.1270881524673
5006.106070807589,0.6697,644.6054927702075
5006.146081438884,0.5513,951.2142247701548
5006.1960947280095,0.7067,578.8745881573237
5006.236105359315,0.7482,516.4393526836762
5006.276115990626,0.7469,518.2386685975474
5006.326129279771,0.7078,577.0767177160104
5006.366139911092,0.686,614.3366132005814
5006.406150542419,0.6896,607.9391774449658
5006.456163831583,0.6374,711.5909494243178
5006.49617446292,0.6509,682.3795752503578
5006.536185094263,0.6174,758.4400175225566
5006.576195725609,0.6076,783.1030885190164
5006.626209014799,0.6468,691.0580516048033
5006.6662196461575,0.7322,539.2563419732573
5006.706230277519,0.6906,606.1798431109926
5006.756243566728,0.6582,667.3271912126454
5006.796254198102,0.7204,557.0668083747313
5006.83626482948,0.6769,630.9654591091286
5006.88627811871,0.6106,775.4269204101753
5006.926288750099,0.6475,689.564682003514
5006.966299381493,0.7114,571.2509746680817
5007.016312670742,0.6654,652.9636397783464
5007.056323302148,0.6232,744.3884288926855
5007.096333933556,0.6414,702.7431667119068
5007.13634456497,0.7125,569.4884760594213
5007.186357854245,0.6959,596.9816411744831
5007.226368485671,0.6764,631.8986313930046
5007.2663791171,0.6899,607.4105737776664
5007.316392406396,0.7364,533.1226787343948
5007.356403037837,0.6875,611.6587999518189
5007.396413669283,0.6403,705.1597847805825
5007.446426958597,0.6711,641.9188438725886
5007.486437590052,0.6668,650.2246233926143
5007.526448221514,0.6851,615.9517505868953
5007.566458852981,0.6924,603.0322293787243
5007.616472142321,0.6642,655.3251664437145
5007.656482773798,0.6956,597.4966867607984
5007.696493405281,0.7035,584.1527943440936
5007.746506694641,0.6622,659.2896109742472
5007.786517326133,0.6968,595.4404938603224
5007.826527957631,0.6835,618.8388752603074
5007.876541247009,0.7229,553.2204756155501
5007.916551878519,0.6976,594.0755896883427
5007.956562510032,0.6769,630.9654591091286
5008.00657579943,0.6149,764.6197262111475
5008.046586430954,0.6816,622.2937782249094
5008.086597062484,0.6531,677.7900658889022
5008.126607694017,0.7156,564.56508895362
5008.176620983441,0.6744,635.6520991903208
5008.216631614987,0.6861,614.1575457329429
5008.256642246535,0.6764,631.8986313930046
5008.30665553598,0.6731,638.109815688169
5008.346666167539,0.6751,634.3345902967448
5008.386676799107,0.6536,676.7534536229182
5008.436690088569,0.6711,641.9188438725886
5008.476700720146,0.6646,654.536569426445
5008.516711351726,0.6779,629.1053052595406
5008.5667246412095,0.7259,548.6572310225546
5008.606735272802,0.7408,526.8085039263896
5008.646745904399,0.671,642.1101898398226
5008.686756536,0.6879,610.9476732442587
5008.736769825508,0.7256,549.1110098781152
5008.776780457121,0.6875,611.6587999518189
5008.816791088739,0.6581,667.530010503965
5008.866804378267,0.686,614.3366132005814
5008.906815009895,0.6306,727.0203820639397
5008.9468256415275,0.6905,606.3554326430326
5008.996838931075,0.6198,752.5777106379697
5009.03684956272,0.5736,878.6908360626231
5009.076860194369,0.6748,634.8987349217019
5009.116870826022,0.6642,655.3251664437145
5009.166884115595,0.6745,635.463632463358
5009.206894747262,0.661,661.6855700394424
5009.246905378928,0.6538,676.3394744806377
5009.296918668521,0.7058,580.3518297506874
5009.336929300201,0.7294,543.404446700971
5009.376939931886,0.6824,620.8355646267197
5009.426953221499,0.7169,562.5194252661756
5009.466963853195,0.6718,640.5818137446965
5009.506974484895,0.6786,627.8080876502127
5009.556987774529,0.6284,732.1198157953816
5009.59699840624,0.7096,574.1527628702271
5009.637009037956,0.6931,601.8147750728738
5009.677019669676,0.6718,640.5818137446965
5009.727032959335,0.7021,586.484735984197
5009.767043591067,0.7382,530.5259581364217
5009.807054222803,0.6769,630.9654591091286
5009.857067512481,0.6767,631.3384798083769
5009.8970781442285,0.6606,662.4871260751106
5009.937088775981,0.6809,623.5739336567905
5009.987102065678,0.6575,668.7488702528714
5010.027112697441,0.671,642.1101898398226
5010.06712332921,0.6366,713.3805490470355
5010.107133960983,0.652,680.079013306097
5010.157147250706,0.695,598.5287795467863
5010.197157882489,0.7019,586.8190100727662
5010.237168514278,0.6897,607.762899578243
5010.28718180402,0.6401,705.6005089466823
5010.32719243582,0.5638,909.5031615381224
5010.367203067623,0.707,578.3834275179977
5010.417216357386,0.6222,746.7831104138288
5010.4572269892005,0.5652,905.0030723951014
5010.497237621021,0.6365,713.6047235851054
5010.547250910801,0.6453,694.2745098126518
5010.587261542632,0.6665,650.810102748502
5010.627272174467,0.6882,610.4151417501049
5010.667282806308,0.7138,567.4160192919933
5010.717296096116,0.6462,692.3419472531975
5010.757306727966,0.6642,655.3251664437145
5010.797317359823,0.6539,676.1326273405534
5010.847330649651,0.6407,704.279574306805
5010.887341281517,0.6331,721.2899776984669
5010.927351913388,0.6293,730.0272188886959
5010.9773652032345,0.6357,715.40193011505
5011.017375835117,0.6406,704.4994723539604
5011.057386467004,0.6422,700.9934205544466
5011.10739975687,0.6709,642.3016213756698
5011.1474103887695,0.6687,646.5348677109287
5011.187421020671,0.7499,514.1005059246564
5011.22743165258,0.6764,631.8986313930046
5011.277444942471,0.6506,683.0090273126756
5011.31745557439,0.6903,606.7068406647063
5011.357466206313,0.6899,607.4105737776664
5011.4074794962235,0.6663,651.2008617465156
5011.447490128159,0.6901,607.0585542581215
5011.487500760099,0.6871,612.371168980984
5011.537514050029,0.6824,620.8355646267197
5011.577524681979,0.6639,655.9175498522434
5011.617535313934,0.6889,609.1752727069477
5011.657545945894,0.6193,753.7934062559386
5011.70755923585,0.6838,618.2959952772544
5011.74756986782,0.7457,519.9079349109935
5011.787580499796,0.6896,607.9391774449658
5011.837593789771,0.6927,602.510011296249
5011.877604421757,0.6617,660.2863431839876
5011.917615053749,0.6954,597.8404208698562
5011.967628343743,0.6254,739.1605059451775
5012.007638975746,0.7251,549.8685599740711
5012.047649607752,0.7388,529.6645994793621
5012.097662897766,0.6859,614.5157589946202
5012.137673529784,0.7475,517.4070485513736
5012.177684161807,0.7271,546.8477289636057
5012.217694793833,0.723,553.0674517007861
5012.267708083874,0.6969,595.2696237444045
5012.307718715912,0.6948,598.8734047983107
5012.347729347955,0.719,559.238301363066
5012.397742638014,0.6884,610.0605074771732
5012.437753270067,0.655,673.8635579144659
5012.477763902126,0.6254,739.1605059451775
5012.527777192207,0.6853,615.5922811741157
5012.567787824276,0.7007,588.8306692355532
5012.60779845635,0.6315,724.9495948933943
5012.647809088428,0.639,708.0318936099794
5012.697822378534,0.622,747.2634332247658
5012.737833010623,0.686,614.3366132005814
5012.777843642718,0.6773,630.2204088091685
5012.827856932843,0.6998,590.3462097386151
5012.867867564947,0.7327,538.5206089171686
5012.907878197058,0.704,583.3233276899048
5012.957891487202,0.7158,564.2496458530042
5012.997902119323,0.716,563.9344670528927
5013.03791275145,0.7115,571.0904096567622
5013.087926041612,0.6671,649.6399337416271
5013.127936673749,0.679,627.0686210909093
5013.167947305891,0.7044,582.6610257281817
5013.207957938038,0.6717,640.7725621572486
5013.257971228227,0.6907,606.0043298392249
5013.2979818603835,0.7417,525.5307923043429
5013.337992492545,0.7229,553.2204756155501
5013.388005782755,0.6701,643.8361602639467
5013.428016414927,0.6774,630.0343524285962
5013.468027047105,0.6966,595.7824548806738
5013.518040337333,0.6834,619.0199941499989
5013.558050969521,0.6725,639.2489565499707
5013.598061601714,0.6722,639.8196712053036
5013.648074891964,0.6511,681.9604238306555
5013.688085524167,0.6143,766.1140942213356
5013.728096156375,0.6402,705.3800952324849
5013.768106788589,0.701,588.3267857848203
5013.818120078863,0.6446,695.7832137606149
5013.858130711086,0.6632,657.3029054058125
5013.898141343316,0.6876,611.480901920196
5013.94815463361,0.6513,681.5416584877997
5013.98816526585,0.6528,678.4131768901287
5014.028175898094,0.6668,650.2246233926143
5014.078189188407,0.6868,612.906262767875
5014.118199820663,0.6944,599.5635488403033
5014.158210452923,0.6699,644.2206542530074
5014.198221085189,0.6994,591.021662046566
5014.248234375527,0.6542,675.5126549479436
5014.288245007803,0.7009,588.4946750459588
5014.328255640084,0.6345,718.1104967476238
5014.37826893044,0.6871,612.371168980984
5014.418279562733,0.6895,608.1155320152683
5014.458290195031,0.6952,598.1844516846587
5014.508303485406,0.7109,572.0548163625589
5014.548314117714,0.6565,670.7877344690592
5014.588324750026,0.6471,690.4174426158895
5014.638338040423,0.6626,658.4938492890261
5014.678348672746,0.6709,642.3016213756698
5014.718359305074,0.639,708.0318936099794
5014.758369937406,0.6901,607.0585542581215
5014.80838322783,0.7551,507.0441844046616
5014.848393860171,0.6791,626.8839585879632
5014.888404492521,0.648,688.5009511656647
5014.9384177829625,0.6701,643.8361602639467
5014.978428415321,0.6626,658.4938492890261
5015.018439047686,0.694,600.2548865570799
5015.068452338147,0.7304,541.9175033473489
5015.108462970521,0.6888,609.352165450333
5015.1484736029015,0.7393,528.9484020312998
5015.188484235285,0.7218,554.9079385649156
5015.238497525773,0.747,518.099926084312
5015.278508158167,0.708,576.7507321821935
5015.3185187905665,0.6808,623.7571354237488
5015.368532081074,0.627,735.3928952398893
5015.408542713484,0.6496,685.1135029572015
5015.4485533459,0.6379,710.4758671943621
5015.498566636426,0.6412,703.1816268918905
5015.538577268852,0.6305,727.2510170783952
5015.578587901283,0.6794,626.3304602385851
5015.628601191828,0.7205,556.9121859244975
5015.6686118242715,0.665,653.7493950112258
5015.708622456718,0.66,663.6921938058515
5015.748633089169,0.6804,624.4907504364043
5015.79864637974,0.6776,629.6624867599862
5015.838657012201,0.6788,627.4381909648197
5015.878667644668,0.7394,528.805336865491
5015.928680935259,0.7157,564.407334347284
5015.968691567738,0.6721,640.0100792748294
5016.00870220022,0.6627,658.2951339810023
5016.058715490831,0.6477,689.13889404359
5016.098726123325,0.7242,551.236106306718
5016.138736755823,0.7232,552.7615942825738
5016.188750046453,0.6698,644.4130304198706
5016.228760678961,0.677,630.7790727200181
5016.268771311476,0.6583,667.1244643428258
5016.308781943993,0.6936,600.947420703005
5016.358795234649,0.7084,576.0995892273168
5016.398805867178,0.6392,707.5888898441284
5016.4388164997135,0.669,645.9551466896271
5016.488829790387,0.6822,621.1996371328656
5016.528840422933,0.6632,657.3029054058125
5016.568851055484,0.6319,724.0320838978145
5016.618864346177,0.6785,627.9931586676453
5016.658874978737,0.7092,574.8006070534752
5016.698885611303,0.6704,643.2600643714358
5016.738896243874,0.7313,540.5844663762005
5016.788909534594,0.7034,584.3188999702725
5016.828920167175,0.6098,777.4628254034792
5016.868930799761,0.7338,536.9072868490463
5016.918944090499,0.6642,655.3251664437145
5016.958954723097,0.6895,608.1155320152683
5016.9989653556995,0.7017,587.1535700281567
5017.048978646456,0.6653,653.159945724851
5017.088989279068,0.6953,598.0123991677021
5017.128999911686,0.6866,613.2633816940041
5017.1790132024635,0.6171,759.177619023529
5017.219023835091,0.6619,659.8873792379434
5017.259034467725,0.6584,666.9218298383614
5017.2990451003625,0.6149,764.6197262111475
5017.349058391165,0.6633,657.1047289044819
5017.389069023814,0.6533,677.3751353638443
5017.4290796564665,0.6363,714.0533897808265
5017.479092947291,0.661,661.6855700394424
5017.5191035799535,0.7193,558.7719138450472
5017.559114212623,0.6795,626.146123681992
5017.609127503466,0.6916,604.4281348306171
5017.649138136145,0.6834,619.0199941499989
5017.68914876883,0.6781,628.7342616948285
5017.729159401519,0.6912,605.1279058401817
5017.779172692387,0.6949,598.7010549774751
5017.819183325087,0.6837,618.4768758704139
5017.859193957793,0.6489,686.5924284774734
5017.909207248679,0.6905,606.3554326430326
5017.949217881395,0.6775,629.8483784284111
5017.989228514115,0.683,619.7452654264862
5018.039241805023,0.6441,696.86387234302
5018.079252437754,0.6736,637.1628560074801
5018.119263070489,0.6684,647.1153695000615
5018.1692763614155,0.6743,635.8406497733218
5018.209286994163,0.6704,643.2600643714358
5018.249297626914,0.6911,605.3030384722662
5018.28930825967,0.6943,599.7362712550296
5018.339321550622,0.6512,681.750992929264
5018.37933218339,0.6718,640.5818137446965
5018.419342816162,0.7317,539.9935838104021
5018.469356107132,0.7256,549.1110098781152
5018.509366739915,0.7242,551.236106306718
5018.549377372702,0.6939,600.4279078205617
5018.599390663694,0.6579,667.9359265758965
5018.639401296491,0.6645,654.7335851780115
5018.6794119292945,0.6829,619.9267824081132
5018.729425220305,0.7008,588.6626361825253
5018.769435853119,0.697,595.0988271683487
5018.809446485938,0.6486,687.227720018474
5018.849457118761,0.6981,593.2249064166059
5018.899470409797,0.6866,613.2633816940041
5018.939481042631,0.6547,674.4812609101456
5018.979491675471,0.6502,683.8496524350234
5019.0295049665265,0.6654,652.9636397783464
5019.069515599376,0.6793,626.5148782098049
5019.109526232231,0.657,669.7671386276779
5019.159539523305,0.689,608.9984569793749
5019.199550156171,0.6658,652.1793003183653
5019.239560789041,0.6719,640.3911504938945
5019.2795714219155,0.6761,632.4595287955882
5019.329584713017,0.6397,706.4831977180535
5019.369595345903,0.7043,582.8264954322478
5019.409605978793,0.6489,686.5924284774734
5019.459619269913,0.612,771.8832791615481
5019.499629902814,0.6888,609.352165450333
5019.5396405357205,0.667,649.8347426346616
5019.589653826858,0.6974,594.4163754193104
5019.629664459775,0.6603,663.0892493092375
5019.6696750926985,0.7052,581.3398012100361
5019.719688383855,0.678,628.9197424326032
5019.7596990167885,0.6955,597.6685167484388
5019.799709649726,0.7072,578.0563342912365
5019.839720282667,0.6751,634.3345902967448
5019.889733573852,0.7058,580.3518297506874
5019.929744206805,0.6649,653.9460554332796
5019.969754839761,0.6607,662.2866005754047
5020.019768130966,0.7019,586.8190100727662
5020.059778763934,0.7474,517.5455128194983
5020.099789396906,0.6878,611.1253386115255
5020.149802688131,0.7473,517.6840326770837
5020.189813321113,0.6726,639.0588880142762
5020.229823954101,0.6734,637.5413867638321
5020.279837245345,0.6662,651.3963732320731
5020.319847878344,0.6907,606.0043298392249
5020.35985851135,0.7027,585.483625665852
5020.3998691443585,0.607,784.6519956028682
5020.449882435626,0.6408,704.0597791999802
5020.489893068646,0.6516,680.9142333309185
5020.52990370167,0.6796,625.9618684921099
5020.579916992959,0.6062,786.7243636682012
5020.619927625992,0.6849,616.3115349548833
5020.659938259034,0.6708,642.493138531159
5020.709951550341,0.6921,603.5551266946204
5020.749962183391,0.727,546.9981786435367
5020.7899728164475,0.7254,549.4138419433917
5020.829983449507,0.634,719.2436079933482
5020.8799967408395,0.6019,798.0052839172871
5020.920007373912,0.7133,568.2117771684865
5020.960018006987,0.6686,646.7282814861217
5021.010031298339,0.6603,663.0892493092375
5021.050041931426,0.7245,550.7796912191699
5021.090052564518,0.7231,552.9144912681639
5021.140065855889,0.7415,525.8143261990887
5021.180076488991,0.7165,563.1476744311907
5021.2200871220975,0.7109,572.0548163625589
5021.27010041349,0.6363,714.0533897808265
5021.310111046607,0.6897,607.762899578243
5021.350121679729,0.7097,573.9909729579846
5021.3901323128575,0.7096,574.1527628702271
5021.440145604273,0.6609,661.8858226126403
5021.480156237411,0.643,699.2502012575443
5021.520166870556,0.7277,545.9463329995503
5021.570180161991,0.6955,597.6685167484388
5021.610190795144,0.651,682.1699512512471
5021.650201428303,0.6646,654.536569426445
5021.700214719758,0.5953,815.7980681421927
5021.740225352927,0.6362,714.277881571414
5021.780235986102,0.6086,780.5317495786442
5021.820246619281,0.6741,636.2180027064959
5021.870259910761,0.6444,696.2151753419286
5021.91027054395,0.6026,796.1523853888858
5021.950281177145,0.612,771.8832791615481
5022.000294468645,0.6244,741.5299845386543
5022.040305101851,0.6393,707.3675438587414
5022.08031573506,0.6582,667.3271912126454
5022.130329026579,0.7053,581.174964186118
5022.1703396598,0.7224,553.9865486520204
5022.210350293026,0.6589,665.9100408342807
5022.260363584564,0.6683,647.3090438427495
5022.3003742178,0.6897,607.762899578243
5022.340384851042,0.7257,548.9596877284326
5022.380395484288,0.6474,689.7777239785446
5022.430408775852,0.7185,560.0169125082753
5022.470419409109,0.7744,482.08551929041795
5022.51043004237,0.7148,565.829510279259
5022.560443333954,0.5617,916.3164909182373
5022.600453967227,0.6809,623.5739336567905
5022.640464600503,0.6896,607.9391774449658
5022.690477892105,0.7062,579.6945806435051
5022.730488525394,0.8038,447.46473340868806
5022.770499158686,0.7494,514.786750017918
5022.820512450308,0.706,580.0230655551363
5022.860523083612,0.6466,691.485619719981
5022.90053371692,0.7397,528.3764894501705
5022.940544350233,0.7318,539.8460145425349
5022.990557641881,0.6765,631.7118313947957
5023.030568275204,0.614,766.8629215900272
5023.070578908533,0.6552,673.4522272177527
5023.1205922002,0.6498,684.6918304337053
5023.160602833539,0.7121,570.1284396848548
5023.200613466883,0.657,669.7671386276779
5023.25062675857,0.6973,594.5868782575602
5023.290637391924,0.7399,528.0908809281289
5023.330648025284,0.6712,641.7275834229772
5023.370658658649,0.5903,829.6766330942643
5023.42067195036,0.5974,810.0727183616855
5023.460682583735,0.737,532.2549908993327
5023.500693217115,0.6322,723.3450932456564
5023.550706508846,0.6758,633.0211733407488
5023.590717142236,0.6905,606.3554326430326
5023.630727775632,0.6914,604.7778685195234
5023.680741067383,0.6549,674.0693645953709
5023.720751700787,0.6808,623.7571354237488
5023.760762334198,0.5863,841.0360793884629
5023.810775625969,0.7337,537.0536527053882
5023.850786259391,0.7133,568.2117771684865
5023.890796892818,0.6635,656.7086446828016
5023.930807526248,0.7159,564.092023433844
5023.980820818044,0.6264,736.8023663505807
5024.020831451486,0.6005,801.7305390581657
5024.060842084933,0.7085,575.9369757848523
5024.110855376748,0.6721,640.0100792748294
5024.1508660102045,0.6293,730.0272188886959
5024.190876643668,0.6609,661.8858226126403
5024.240889935501,0.6313,725.409004543698
5024.280900568975,0.7006,588.9987742461052
5024.320911202452,0.6683,647.3090438427495
5024.360921835936,0.7117,570.769482657007
5024.410935127796,0.6843,617.3927814732383
5024.450945761288,0.6556,672.6306948754187
5024.490956394786,0.6511,681.9604238306555
5024.540969686665,0.7325,538.8147213495004
5024.580980320173,0.6385,709.1412248684735
5024.620990953687,0.672,640.2005723541556
5024.671004245586,0.6303,727.7126164720951
5024.71101487911,0.6427,699.9031456898168
5024.751025512639,0.6749,634.7106031220786
5024.801038804557,0.6629,657.8979731206109
5024.841049438097,0.6541,675.7192176321994
5024.881060071641,0.7001,589.8403801009807
5024.921070705192,0.713,568.6900356702099
5024.971083997133,0.7269,547.1486904199681
5025.011094630693,0.613,769.3669580288118
5025.051105264259,0.6747,635.0869503787114
5025.101118556221,0.6689,646.1483003645354
5025.141129189797,0.7151,565.3548549607349
5025.181139823378,0.6644,654.9306898956894
5025.231153115359,0.6284,732.1198157953816
5025.271163748952,0.6175,758.1943892222054
5025.3111743825475,0.7185,560.0169125082753
5025.361187674548,0.7024,585.9838601395358
5025.4011983081555,0.7557,506.2393535573525
5025.441208941766,0.6159,762.1388112798326
5025.481219575382,0.6385,709.1412248684735
5025.531232867409,0.6775,629.8483784284111
5025.5712435010355,0.6157,762.634027363741
5025.611254134667,0.5775,866.8628982775407
5025.661267426714,0.534,1013.8454491865325
5025.701278060356,0.5475,964.4640924319102
5025.741288694004,0.5501,955.3687420933069
5025.79130198607,0.5913,826.8727309722584
5025.831312619727,0.6331,721.2899776984669
5025.871323253389,0.6839,618.1151940233715
5025.911333887058,0.6605,662.6877426605283
5025.961347179148,0.6514,681.3324204470346
5026.001357812826,0.6142,766.3635814286002
5026.04136844651,0.6184,755.9890939606099
5026.091381738618,0.6884,610.0605074771732
5026.131392372313,0.7342,536.3224213632878
5026.171403006012,0.6875,611.6587999518189
5026.221416298142,0.6292,730.2592862983569
5026.26142693185,0.6315,724.9495948933943
5026.301437565564,0.6495,685.324485309649
5026.351450857714,0.6888,609.352165450333
5026.391461491437,0.6994,591.021662046566
5026.431472125167,0.6367,713.156480126956
5026.471482758902,0.6042,791.9413457926105
5026.521496051077,0.6822,621.1996371328656
5026.561506684821,0.6872,612.1929600978425
5026.6015173185715,0.7748,481.58788330061316
5026.651530610765,0.7234,552.4559905121739
5026.691541244524,0.701,588.3267857848203
5026.731551878291,0.7125,569.4884760594213
5026.781565170503,0.6707,642.6847413573564
5026.82157580428,0.6979,593.564960325521
5026.86158643806,0.678,628.9197424326032
5026.901597071846,0.6951,598.3565784634387
5026.951610364084,0.6831,619.5638281565105
5026.99162099788,0.6978,593.7350969379453
5027.031631631681,0.6911,605.3030384722662
5027.081644923939,0.6389,708.253551520595
5027.121655557751,0.7299,542.6602110799122
5027.161666191568,0.7673,491.04847690381894
5027.211679483845,0.6831,619.5638281565105
5027.251690117671,0.6605,662.6877426605283
5027.291700751504,0.595,816.6209276646224
5027.3417140438,0.6109,774.665517312568
5027.3817246776425,0.6619,659.8873792379434
5027.421735311492,0.6922,603.38075204625
5027.461745945342,0.7821,472.639717843292
5027.511759237664,0.7136,567.7341217238884
5027.551769871527,0.7211,555.9858016979161
5027.591780505395,0.6884,610.0605074771732
5027.641793797735,0.6183,756.2336512970369
5027.681804431615,0.6582,667.3271912126454
5027.721815065497,0.6261,737.5086219431684
5027.771828357858,0.6782,628.5488629978042
5027.811838991752,0.7194,558.6165809839778
5027.851849625652,0.7243,551.0839049281929
5027.901862918031,0.6921,603.5551266946204
5027.941873551941,0.6679,648.0846113327488
5027.981884185855,0.6906,606.1798431109926
5028.021894819773,0.7014,587.655946674899
5028.071908112179,0.7397,528.3764894501705
5028.111918746107,0.7002,589.6719146858385
5028.151929380043,0.6817,622.1112207296135
5028.201942672466,0.6956,597.4966867607984
5028.241953306412,0.6423,700.7751618714815
5028.281963940362,0.6542,675.5126549479436
5028.331977232807,0.6944,599.5635488403033
5028.371987866767,0.6565,670.7877344690592
5028.411998500732,0.6947,599.0458290521292
5028.452009134702,0.6729,638.4891907494994
5028.502022427172,0.6984,592.7153732151202
5028.542033061152,0.6564,670.9921335575276
5028.582043695138,0.683,619.7452654264862
5028.632056987625,0.6656,652.5712932894335
5028.672067621623,0.6779,629.1053052595406
5028.712078255625,0.6642,655.3251664437145
5028.762091548132,0.676,632.646660562635
5028.802102182143,0.6913,604.9528492039219
5028.84211281616,0.6771,630.5927689061626
5028.882123450181,0.681,623.390812589412
5028.932136742715,0.6795,626.146123681992
5028.972147376747,0.6532,677.582552984393
5029.012158010783,0.6898,607.5866983706243
5029.062171303336,0.6556,672.6306948754187
5029.102181937383,0.6801,625.0418113687874
5029.142192571435,0.6741,636.2180027064959
5029.1922058640075,0.6879,610.9476732442587
5029.23221649807,0.6995,590.8526903321301
5029.272227132138,0.7359,533.8473737558207
5029.32224042473,0.6768,631.1519281223005
5029.3622510588075,0.6787,627.6230984320038
5029.402261692891,0.6798,625.5936020209932
5029.442272326978,0.6882,610.4151417501049
5029.492285619595,0.7238,551.8455427936423
5029.532296253694,0.65,684.2705470859006
5029.572306887797,0.6489,686.5924284774734
5029.622320180434,0.6819,621.7463466562027
5029.662330814548,0.6716,640.9633957822765
5029.7023414486675,0.7298,542.8089358390514
5029.752354741322,0.732,539.5510574235212
5029.7923653754515,0.6896,607.9391774449658
5029.8323760095855,0.7498,514.2376449224406
5029.88238930226,0.6268,735.8622692326047
5029.922399936406,0.6796,625.9618684921099
5029.962410570555,0.6751,634.3345902967448
5030.002421204709,0.6667,650.4196953627262
5030.052434497409,0.6814,622.6591343684183
5030.092445131574,0.7253,549.5653519280268
5030.1324557657435,0.6346,717.8841958382136
5030.182469058463,0.601,800.3971019406689
5030.222479692644,0.6242,742.0052473345843
5030.26249032683,0.6761,632.4595287955882
5030.312503619568,0.6438,697.5134763997344
5030.352514253765,0.7059,580.1874127226391
5030.392524887965,0.6761,632.4595287955882
5030.442538180723,0.6813,622.8419331110301
5030.482548814935,0.6864,613.6208128320485
5030.52255944915,0.5884,835.0434857973024
5030.562570083372,0.6815,622.4764160887837
5030.612583376156,0.6915,604.6029637430549
5030.6525940103875,0.7103,573.0216680390777
5030.692604644623,0.6154,763.3777569785374
5030.742617937426,0.6602,663.2901394830026
5030.782628571673,0.699,591.6982742593842
5030.822639205926,0.6372,712.0377174764154
5030.872652498747,0.6686,646.7282814861217
5030.91266313301,0.6808,623.7571354237488
5030.952673767278,0.6313,725.409004543698
5030.992684401549,0.6219,747.5037684267336
5031.042697694397,0.6832,619.3824705515196
5031.0827083286795,0.6623,659.0905353761983
5031.122718962967,0.6452,694.4897383422962
5031.1727322558345,0.5985,807.0977488259105
5031.212742890132,0.6492,685.9580174500106
5031.252753524435,0.6309,726.3291349150084
5031.302766817321,0.5952,816.0722164045283
5031.342777451634,0.6887,609.5291352542652
5031.382788085952,0.7117,570.769482657007
5031.422798720277,0.7203,557.2214952285337
5031.472812013187,0.6982,593.0549890363588
5031.512822647521,0.6513,681.5416584877997
5031.55283328186,0.7782,477.38891192012767
5031.6028465747895,0.7479,516.8537467789647
5031.64285720914,0.7001,589.8403801009807
5031.682867843494,0.687,612.5494556901486
5031.732881136443,0.6329,721.7459124771361
5031.772891770808,0.6114,773.3990019503906
5031.812902405178,0.6645,654.7335851780115
5031.862915698147,0.7543,508.12028122229435
5031.9029263325265,0.639,708.0318936099794
5031.942936966912,0.6965,595.9535458696479
5031.982947601302,0.7264,547.9021819466773
5032.032960894296,0.728,545.496470559077
5032.072971528697,0.6759,632.8338753946324
5032.112982163101,0.6613,661.0853572926214
5032.162995456116,0.7123,569.8083231053171
5032.203006090532,0.6933,601.4676081304826
5032.243016724952,0.6996,590.6837910702656
5032.293030017984,0.7075,577.5662144652423
5032.3330406524165,0.656,671.8106648756421
5032.373051286852,0.6475,689.564682003514
5032.423064579904,0.6319,724.0320838978145
5032.46307521435,0.732,539.5510574235212
5032.5030858488035,0.6935,601.1207415050744
5032.543096483259,0.6388,708.4753135365233
5032.593109776336,0.6087,780.2753124658304
5032.633120410803,0.7351,535.0099630882173
5032.673131045275,0.7291,543.8517232040838
5032.723144338371,0.5944,818.270386028729
5032.763154972854,0.8208,429.1213702775681
5032.80316560734,0.7677,490.53690216324526
5032.853178900457,0.7289,544.1502144042702
5032.893189534954,0.7515,511.91372197163
5032.9332001694565,0.7166,562.990513505806
5032.973210803963,0.6389,708.253551520595
5033.023224097105,0.7753,480.9669211289103
5033.063234731623,0.7263,548.053067020667
5033.1032453661455,0.7037,583.8207955077478
5033.1532586593075,0.6972,594.7574544670757
5033.193269293841,0.7361,533.5573185323677
5033.2332799283795,0.7178,561.1097028049044
5033.283293221558,0.6825,620.6536483856491
5033.323303856107,0.6893,608.4684714446751
5033.363314490661,0.69,607.2345257549586
5033.413327783859,0.6767,631.3384798083769
5033.453338418424,0.6954,597.8404208698562
5033.493349052992,0.7414,525.9561792009213
5033.533359687567,0.7055,580.8455003942528
5033.583372980791,0.6612,661.2853374343779
5033.623383615376,0.7056,580.6808735468517
5033.663394249965,0.7555,506.5074174570235
5033.713407543209,0.709,575.1249404064365
5033.753418177807,0.658,667.7329222729719
5033.7934288124125,0.5658,903.0846808332417
5033.8434421056745,0.782,472.7606051408109
5033.88345274029,0.5961,813.6098466282465
5033.923463374911,0.6516,680.9142333309185
5033.963474009536,0.6887,609.5291352542652
5034.013487302823,0.7305,541.7691447794164
5034.053497937458,0.6464,691.9135847722836
5034.093508572099,0.6102,776.4438719720362
5034.143521865405,0.6017,798.5358716402966
5034.183532500057,0.7334,537.4931095600585
5034.223543134712,0.7469,518.2386685975474
5034.273556428038,0.7121,570.1284396848548
5034.313567062705,0.6783,628.3635462931535
5034.353577697376,0.6912,605.1279058401817
5034.4035909907225,0.7078,577.0767177160104
5034.443601625404,0.6765,631.7118313947957
5034.48361226009,0.6543,675.3061869663853
5034.523622894781,0.6837,618.4768758704139
5034.573636188153,0.7072,578.0563342912365
5034.613646822854,0.6803,624.6743564133342
5034.653657457562,0.6509,682.3795752503578
5034.7036707509515,0.6576,668.5454952511192
5034.743681385669,0.6771,630.5927689061626
5034.783692020391,0.7081,576.587842987853
5034.833705313799,0.7296,543.1065688378502
5034.873715948534,0.718,560.7971508424808
5034.9137265832705,0.7594,501.31831045356506
5034.963739876699,0.7587,502.243799422755
5035.003750511447,0.7484,516.1633667633031
5035.0437611462,0.7347,535.5926824293123
5035.083771780957,0.6441,696.86387234302
5035.133785074411,0.6332,721.0621723027547
5035.173795709179,0.6272,734.9239701933515
5035.2138063439525,0.7,590.0089177206403
5035.263819637425,0.6143,766.1140942213356
5035.303830272209,0.6296,729.3316800067075
5035.343840906997,0.6343,718.5634197035315
5035.39385420049,0.6767,631.3384798083769
5035.433864835288,0.678,628.9197424326032
5035.473875470092,0.7221,554.4469565119006
5035.513886104901,0.6869,612.7278202706603
5035.563899398418,0.6293,730.0272188886959
5035.603910033238,0.6359,714.951992512799
5035.643920668062,0.6727,638.8689042358845
5035.693933961599,0.6489,686.5924284774734
5035.7339445964335,0.6068,785.1693192758423
5035.773955231273,0.6075,783.3609210300219
5035.823968524829,0.7006,588.9987742461052
5035.86397915968,0.6983,592.885144649798
5035.903989794534,0.686,614.3366132005814
5035.954003088109,0.6998,590.3462097386151
5035.994013722974,0.7331,537.933106029447
5036.034024357845,0.73,542.511547436267
5036.07403499272,0.7255,549.2623946049321
5036.12404828632,0.7117,570.769482657007
5036.164058921207,0.6852,615.7719765340862
5036.204069556096,0.6875,611.6587999518189
5036.254082849716,0.671,642.1101898398226
5036.294093484617,0.6796,625.9618684921099
5036.334104119523,0.7232,552.7615942825738
5036.384117413161,0.704,583.3233276899048
5036.424128048078,0.7193,558.7719138450472
5036.464138682999,0.7042,582.9920356338506
5036.504149317926,0.6205,750.880671477732
5036.554162611588,0.7685,489.51614808589073
5036.594173246525,0.7887,464.7625370641563
5036.634183881466,0.6843,617.3927814732383
5036.684197175149,0.636,714.7271828707753
5036.724207810102,0.6761,632.4595287955882
5036.764218445058,0.645,694.9204957587982
5036.81423173876,0.7006,588.9987742461052
5036.854242373728,0.6348,717.4319148192683
5036.8942530087,0.6352,716.5286340958262
5036.944266302422,0.6454,694.0593813193516
5036.9842769374045,0.7163,563.4621937705692
5037.0242875723925,0.6924,603.0322293787243
5037.064298207384,0.6626,658.4938492890261
5037.114311501131,0.7128,569.0092102045392
5037.154322136134,0.7186,559.8610602490293
5037.1943327711415,0.62,752.0922557259087
5037.244346064907,0.7054,581.0101972607706
5037.284356699925,0.6805,624.3072253965278
5037.324367334949,0.7337,537.0536527053882
5037.374380628734,0.6745,635.463632463358
5037.414391263767,0.607,784.6519956028682
5037.454401898806,0.7124,569.6483659095805
5037.504415192612,0.6723,639.6293480950037
5037.544425827659,0.6495,685.324485309649
5037.584436462714,0.6559,672.0155317313674
5037.624447097772,0.6691,645.7620796111703
5037.674460391601,0.7291,543.8517232040838
5037.71447102667,0.6771,630.5927689061626
5037.754481661745,0.7147,565.9878615605166
5037.804494955592,0.6572,669.3595523783823
5037.844505590678,0.6881,610.5925748585596
5037.884516225766,0.66,663.6921938058515
5037.934529519635,0.72,557.6859425692005
5037.974540154734,0.734,536.6147345834135
5038.01455078984,0.6852,615.7719765340862
5038.054561424949,0.6996,590.6837910702656
5038.104574718842,0.6763,632.0855142598512
5038.144585353962,0.6701,643.8361602639467
5038.184595989087,0.692,603.7295769442896
5038.234609282999,0.6725,639.2489565499707
5038.274619918135,0.6885,609.8833062228697
5038.314630553275,0.6948,598.8734047983107
5038.364643847206,0.6535,676.9605857413667
5038.404654482358,0.6303,727.7126164720951
5038.444665117512,0.6839,618.1151940233715
5038.494678411464,0.717,562.3625272428744
5038.53468904663,0.6859,614.5157589946202
5038.574699681801,0.6824,620.8355646267197
5038.614710316976,0.7008,588.6626361825253
5038.664723610952,0.6786,627.8080876502127
5038.704734246137,0.6535,676.9605857413667
5038.74474488133,0.7298,542.8089358390514
5038.794758175325,0.7302,542.2144033615574
5038.834768810526,0.6976,594.0755896883427
5038.874779445733,0.7164,563.3049011738595
5038.924792739746,0.641,703.6204975504025
5038.964803374963,0.6627,658.2951339810023
5039.004814010185,0.6782,628.5488629978042
5039.054827304219,0.6881,610.5925748585596
5039.09483793945,0.6796,625.9618684921099
5039.1348485746885,0.7076,577.4029797035925
5039.174859209931,0.7112,571.5723079039365
5039.224872503989,0.6564,670.9921335575276
5039.264883139241,0.65,684.2705470859006
5039.304893774498,0.6758,633.0211733407488
5039.354907068577,0.7061,579.8587882086066
5039.394917703843,0.6964,596.1247105675654
5039.434928339117,0.6758,633.0211733407488
5039.484941633214,0.6403,705.1597847805825
5039.524952268497,0.6397,706.4831977180535
5039.564962903785,0.6853,615.5922811741157
5039.604973539077,0.6368,712.932516758529
5039.654986833199,0.6807,623.9404179377121
5039.694997468502,0.733,538.0798915863331
5039.73500810381,0.6878,611.1253386115255
5039.785021397953,0.5713,885.7801184947057
5039.825032033271,0.574,877.4666086866548
5039.865042668594,0.6972,594.7574544670757
5039.915055962754,0.6696,644.798041355506
5039.955066598089,0.6714,641.3453188728503
5039.995077233427,0.6583,667.1244643428258
5040.0450905276075,0.6702,643.6440423389662
5040.085101162956,0.6791,626.8839585879632
5040.125111798311,0.6617,660.2863431839876
5040.165122433669,0.6542,675.5126549479436
5040.215135727875,0.6662,651.3963732320731
5040.2551463632435,0.7184,560.1728298550307
5040.295156998618,0.6668,650.2246233926143
5040.3451702928405,0.7165,563.1476744311907
5040.385180928226,0.6698,644.4130304198706
5040.425191563615,0.6766,631.525114216237
5040.475204857859,0.6316,724.7200537099399
5040.515215493259,0.7072,578.0563342912365
5040.555226128664,0.7401,527.8055039176752
5040.595236764073,0.6446,695.7832137606149
5040.645250058342,0.638,710.2531652903355
5040.685260693762,0.685,616.131603378498
5040.725271329187,0.7088,575.449548346292
5040.775284623474,0.6601,663.4911209634267
5040.81529525891,0.6148,764.8684837475008
5040.85530589435,0.6726,639.0588880142762
5040.905319188658,0.6992,591.3598229989648
5040.945329824108,0.7128,569.0092102045392
5040.985340459564,0.7619,498.0337903450503
5041.0353537538895,0.7241,551.3883707476699
5041.075364389356,0.6979,593.564960325521
5041.115375024828,0.7229,553.2204756155501
5041.155385660302,0.6475,689.564682003514
5041.205398954655,0.5869,839.3173441826867
5041.245409590139,0.6625,658.6926545879957
5041.285420225629,0.6944,599.5635488403033
5041.335433520001,0.638,710.2531652903355
5041.375444155502,0.6429,699.4677478420647
5041.4154547910075,0.6797,625.7776946210587
5041.465468085398,0.6674,649.0560323759554
5041.505478720916,0.6947,599.0458290521292
5041.5454893564365,0.7209,556.2943394446727
5041.595502650845,0.6659,651.983436269316
5041.635513286377,0.7067,578.8745881573237
5041.675523921914,0.7174,561.7355911226228
5041.715534557457,0.6437,697.7302129455305
5041.765547851889,0.7218,554.9079385649156
5041.805558487442,0.7182,560.4848599560863
5041.845569122999,0.6132,768.865170529644
5041.895582417452,0.7056,580.6808735468517
5041.935593053019,0.6309,726.3291349150084
5041.975603688592,0.6516,680.9142333309185
5042.0256169830645,0.7324,538.9618679278045
5042.065627618647,0.7126,569.3286535170392
5042.105638254235,0.6279,733.2862597263814
5042.1456488898275,0.6018,798.2705116538122
5042.195662184325,0.6657,652.3752526407202
5042.2356728199275,0.7118,570.6091205925186
5042.275683455536,0.6658,652.1793003183653
5042.325696750052,0.6787,627.6230984320038
5042.36570738567,0.6801,625.0418113687874
5042.405718021292,0.5871,838.7456031128776
5042.455731315828,0.6563,671.1966260854363
5042.495741951462,0.6846,616.8518028531264
5042.5357525871,0.6598,664.0946137982786
5042.585765881655,0.6748,634.8987349217019
5042.625776517304,0.7113,571.4116074044421
5042.665787152958,0.6585,666.7192876431501
5042.705797788617,0.6404,704.9395775264812
5042.755811083196,0.6546,674.6873506592942
5042.795821718865,0.6311,725.8688510328986
5042.83583235454,0.6918,604.0787044223932
5042.885845649138,0.6538,676.3394744806377
5042.925856284823,0.6622,659.2896109742472
5042.965866920512,0.7172,562.0489280613258
5043.015880215128,0.6604,662.888450386832
5043.055890850828,0.6222,746.7831104138288
5043.095901486533,0.6916,604.4281348306171
5043.135912122243,0.6972,594.7574544670757
5043.185925416886,0.6704,643.2600643714358
5043.225936052606,0.6872,612.1929600978425
5043.265946688329,0.7049,581.8347332710499
5043.315959982991,0.7,590.0089177206403
5043.355970618728,0.6766,631.525114216237
5043.395981254467,0.6633,657.1047289044819
5043.445994549149,0.6492,685.9580174500106
5043.486005184898,0.6593,665.1022664963425
5043.526015820655,0.6901,607.0585542581215
5043.576029115355,0.6991,591.5290123199081
5043.61603975112,0.647,690.6308799360243
5043.6560503868905,0.6344,718.3369046802311
5043.696061022666,0.6703,643.4520103918944
5043.7460743173915,0.6888,609.352165450333
5043.786084953177,0.6721,640.0100792748294
5043.826095588967,0.699,591.6982742593842
5043.876108883713,0.6878,611.1253386115255
5043.916119519513,0.6501,684.06005120324
5043.9561301553185,0.6848,616.4915453620733
5044.006143450084,0.661,661.6855700394424
5044.0461540859,0.6654,652.9636397783464
5044.08616472172,0.6211,749.4306310118251
5044.136178016503,0.6257,738.4518767697364
5044.176188652336,0.6315,724.9495948933943
5044.216199288173,0.6499,684.4811401427814
5044.256209924013,0.6523,679.4536063615044
5044.30622321882,0.6463,692.1277163034166
5044.346233854672,0.6566,670.583428763112
5044.386244490529,0.6915,604.6029637430549
5044.436257785356,0.6445,695.9991442842926
5044.476268421223,0.6518,680.496431108002
5044.516279057095,0.6381,710.0305680802928
5044.566292351941,0.6482,688.0761479123739
5044.606302987823,0.6713,641.536408440036
5044.64631362371,0.6702,643.6440423389662
5044.686324259602,0.6251,739.8701556265604
5044.736337554473,0.5709,887.0217914685202
5044.776348190375,0.6471,690.4174426158895
5044.816358826283,0.6941,600.0819400703809
5044.866372121172,0.6551,673.6578454744364
5044.906382757091,0.6573,669.1558987599942
5044.946393393014,0.6566,670.583428763112
5044.996406687923,0.5915,826.313656388315
5045.036417323856,0.6028,795.6241710628333
5045.076427959794,0.6765,631.7118313947957
5045.1264412547225,0.7401,527.8055039176752
5045.16645189067,0.6783,628.3635462931535
5045.206462526623,0.6557,672.4255466740544
5045.246473162581,0.6819,621.7463466562027
5045.296486457535,0.702,586.651837315489
5045.3364970935045,0.6187,755.2561333130311
5045.3765077294765,0.6855,615.2331263490358
5045.426521024449,0.6261,737.5086219431684
5045.466531660433,0.6271,735.1583766341422
5045.506542296423,0.6818,621.9287435557488
5045.556555591413,0.6755,633.583566356049
5045.596566227411,0.5901,830.2391247573415
5045.636576863415,0.6646,654.536569426445
5045.676587499424,0.6869,612.7278202706603
5045.726600794441,0.6528,678.4131768901287
5045.766611430459,0.6853,615.5922811741157
5045.806622066483,0.6656,652.5712932894335
5045.85663536152,0.6696,644.798041355506
5045.896645997554,0.6667,650.4196953627262
5045.936656633592,0.6436,697.9470505259974
5045.986669928648,0.6464,691.9135847722836
5046.026680564697,0.6346,717.8841958382136
5046.066691200751,0.6599,663.8933580656603
5046.116704495825,0.67,644.0283642181697
5046.156715131891,0.6827,620.2900556931551
5046.19672576796,0.6974,594.4163754193104
5046.236736404034,0.7012,587.9912227248393
5046.286749699133,0.7334,537.4931095600585
5046.326760335218,0.6962,596.4672612596452
5046.366770971308,0.7003,589.5035214339747
5046.416784266426,0.6544,675.0998136296423
5046.456794902525,0.6281,732.8193478678273
5046.49680553863,0.6111,774.1585381050282
5046.546818833769,0.636,714.7271828707753
5046.586829469883,0.6434,698.3810290422228
5046.626840106003,0.6675,648.8615735170116
5046.676853401162,0.6973,594.5868782575602
5046.71686403729,0.7067,578.8745881573237
5046.756874673427,0.7103,573.0216680390777
5046.796885309567,0.7097,573.9909729579846
5046.846898604747,0.6508,682.5892958873517
5046.886909240899,0.6357,715.40193011505
5046.9269198770535,0.7392,529.0915252631188
5046.976933172254,0.5732,879.9176272606666
5047.016943808421,0.7233,552.6087607089306
5047.05695444459,0.6607,662.2866005754047
5047.106967739811,0.6148,764.8684837475008
5047.146978375992,0.65,684.2705470859006
5047.186989012177,0.6197,752.8206143711158
5047.226999648368,0.6013,799.5986358457099
5047.277012943613,0.6514,681.3324204470346
5047.317023579814,0.6524,679.2453290801851
5047.35703421602,0.6846,616.8518028531264
5047.407047511285,0.6983,592.885144649798
5047.447058147501,0.6279,733.2862597263814
5047.487068783722,0.6386,708.9191501451829
5047.537082079006,0.6424,700.5570051069575
5047.577092715237,0.6459,692.9852372302136
5047.617103351475,0.663,657.6995274597556
5047.667116646776,0.6422,700.9934205544466
5047.707127283023,0.626,737.7442661444679
5047.747137919274,0.6563,671.1966260854363
5047.78714855553,0.6762,632.272480044359
5047.837161850858,0.6471,690.4174426158895
5047.877172487125,0.6583,667.1244643428258
5047.917183123397,0.7012,587.9912227248393
5047.967196418743,0.6937,600.7741748503631
5048.007207055025,0.6672,649.4452124358237
5048.047217691312,0.6557,672.4255466740544
5048.097230986677,0.6582,667.3271912126454
5048.137241622975,0.7386,529.9514858016665
5048.177252259277,0.7072,578.0563342912365
5048.217262895585,0.7038,583.654902217105
5048.2672761909735,0.7284,544.8975183979533
5048.307286827291,0.7073,577.8928917198956
5048.347297463613,0.6406,704.4994723539604
5048.397310759023,0.6626,658.4938492890261
5048.437321395355,0.644,697.0803061611653
5048.477332031693,0.6341,719.0167712924612
5048.527345327122,0.6333,720.8344748118506
5048.56735596347,0.6378,710.6986738580374
5048.607366599822,0.6468,691.0580516048033
5048.6573798952695,0.6483,687.8638937032126
5048.697390531633,0.6579,667.9359265758965
5048.737401168001,0.6576,668.5454952511192
5048.777411804374,0.6312,725.638873148831
5048.827425099847,0.6633,657.1047289044819
5048.867435736229,0.6521,679.8704484156627
5048.9074463726165,0.6185,755.7446552355829
5048.957459668109,0.6956,597.4966867607984
5048.997470304508,0.7021,586.484735984197
5049.03748094091,0.6604,662.888450386832
5049.087494236421,0.7223,554.1399541982909
5049.127504872835,0.7387,529.8080135130675
5049.1675155092535,0.6601,663.4911209634267
5049.217528804784,0.6074,783.6188808969594
5049.257539441213,0.6328,721.9740419966378
5049.2975500776465,0.6551,673.6578454744364
5049.337560714085,0.6303,727.7126164720951
5049.387574009638,0.6468,691.0580516048033
5049.42758464609,0.6884,610.0605074771732
5049.467595282543,0.6631,657.50117157287
5049.517608578115,0.665,653.7493950112258
5049.55761921458,0.6516,680.9142333309185
5049.597629851049,0.6137,767.6128473915765
5049.647643146641,0.6711,641.9188438725886
5049.687653783121,0.7148,565.829510279259
5049.7276644196045,0.7303,542.0659228635996
5049.767675056093,0.7177,561.266076780578
5049.817688351712,0.6487,687.015858236084
5049.857698988211,0.6757,633.2085544501898
5049.897709624716,0.7014,587.655946674899
5049.947722920352,0.6585,666.7192876431501
5049.987733556866,0.6261,737.5086219431684
5050.027744193387,0.6665,650.810102748502
5050.077757489043,0.6556,672.6306948754187
5050.117768125571,0.6523,679.4536063615044
5050.157778762107,0.6636,656.5107368544537
5050.207792057781,0.7081,576.587842987853
5050.247802694327,0.623,744.8664428369326
5050.287813330877,0.6761,632.4595287955882
5050.327823967433,0.7352,534.8644318449782
5050.377837263131,0.7214,555.5234761428325
5050.417847899697,0.6741,636.2180027064959
5050.457858536266,0.6888,609.352165450333
5050.507871831986,0.62,752.0922557259087
5050.547882468566,0.6232,744.3884288926855
5050.58789310515,0.7068,578.7107984519232
5050.637906400889,0.7135,567.8932732616775
5050.677917037485,0.6986,592.3760490343502
5050.717927674085,0.6987,592.2064962048013
5050.75793831069,0.7004,589.3352003041799
5050.807951606453,0.6552,673.4522272177527
5050.847962243068,0.6083,781.3018198757754
5050.887972879688,0.651,682.1699512512471
5050.9379861754705,0.6192,754.0368988454171
5050.9779968121,0.693,601.9884712712892
5051.018007448737,0.6975,594.2459459102523
5051.0680207445375,0.6443,696.431306995942
5051.1080313811835,0.5858,842.4723948011446
5051.148042017835,0.6317,724.4906215288528
5051.198055313655,0.6534,677.1678129689296
5051.238065950317,0.652,680.079013306097
5051.278076586982,0.6575,668.7488702528714
5051.318087223653,0.6649,653.9460554332796
5051.368100519498,0.6925,602.8580812723076
5051.408111156178,0.6998,590.3462097386151
5051.448121792865,0.7126,569.3286535170392
5051.498135088729,0.7034,584.3188999702725
5051.538145725425,0.6934,601.2941372998102
5051.578156362128,0.7104,572.8603559527548
5051.62816965801,0.668,647.8905888381482
5051.668180294721,0.6279,733.2862597263814
5051.7081909314375,0.6669,650.0296391674648
5051.758204227341,0.6804,624.4907504364043
5051.798214864068,0.6944,599.5635488403033
5051.838225500798,0.6402,705.3800952324849
5051.878236137534,0.6406,704.4994723539604
5051.928249433463,0.6122,771.3790283054716
5051.968260070209,0.6749,634.7106031220786
5052.0082707069605,0.6503,683.6393507215204
5052.058284002906,0.6584,666.9218298383614
5052.098294639668,0.6525,679.0371475510505
5052.138305276435,0.6532,677.582552984393
5052.1883185724,0.6349,717.205934575007
5052.228329209178,0.6494,685.53556513589
5052.2683398459585,0.6921,603.5551266946204
5052.3083504827455,0.7159,564.092023433844
5052.358363778736,0.6753,633.958911506582
5052.398374415533,0.6626,658.4938492890261
5052.4383850523345,0.7004,589.3352003041799
5052.488398348344,0.6608,662.0861661062779
5052.528408985157,0.5984,807.3675228358783
5052.568419621973,0.6281,732.8193478678273
5052.618432918002,0.6435,698.1639892039425
5052.658443554828,0.6677,648.4729178792016
5052.698454191662,0.6384,709.3634039581964
5052.748467487708,0.6731,638.109815688169
5052.788478124552,0.7025,585.8170441056333
5052.828488761399,0.6515,681.1232787477865
5052.8684993982515,0.6173,758.6857652046328
5052.918512694324,0.6367,713.156480126956
5052.958523331187,0.651,682.1699512512471
5052.998533968054,0.6347,717.6580018845583
5053.048547264146,0.684,617.9344720623712
5053.088557901023,0.722,554.6005533498724
5053.128568537906,0.65,684.2705470859006
5053.178581834015,0.641,703.6204975504025
5053.218592470909,0.6277,733.7536179626593
5053.258603107808,0.6721,640.0100792748294
5053.308616403935,0.6998,590.3462097386151
5053.348627040843,0.6985,592.545674690552
5053.388637677756,0.6557,672.4255466740544
5053.428648314676,0.6453,694.2745098126518
5053.478661610829,0.6167,760.1627626507766
5053.518672247757,0.5972,810.6153888282556
5053.558682884691,0.7255,549.2623946049321
5053.608696180864,0.7366,532.8332138530338
5053.648706817807,0.6528,678.4131768901287
5053.6887174547555,0.6847,616.6716346461245
5053.738730750948,0.7242,551.236106306718
5053.778741387906,0.717,562.3625272428744
5053.818752024869,0.6826,620.4718120900734
5053.858762661838,0.6635,656.7086446828016
5053.908775958054,0.6433,698.5981701037441
5053.948786595034,0.5748,875.0258168695099
5053.9887972320175,0.6328,721.9740419966378
5054.038810528252,0.68,625.2256604426146
5054.078821165246,0.6556,672.6306948754187
5054.118831802245,0.6133,768.6144608494056
5054.1688450985,0.6375,711.3677230643727
5054.20885573551,0.6688,646.3415406876912
5054.2488663725235,0.708,576.7507321821935
5054.298879668799,0.7035,584.1527943440936
5054.338890305821,0.5935,820.7539596979565
5054.378900942851,0.6344,718.3369046802311
5054.4189115798845,0.6311,725.8688510328986
5054.468924876183,0.6347,717.6580018845583
5054.508935513227,0.652,680.079013306097
5054.548946150277,0.6827,620.2900556931551
5054.598959446594,0.6615,660.6856690562464
5054.638970083653,0.666,651.7876604405599
5054.678980720717,0.6219,747.5037684267336
5054.728994017053,0.6575,668.7488702528714
5054.769004654129,0.6271,735.1583766341422
5054.809015291207,0.617,759.4237253152888
5054.849025928292,0.6915,604.6029637430549
5054.899039224653,0.6607,662.2866005754047
5054.939049861747,0.6348,717.4319148192683
5054.979060498847,0.6317,724.4906215288528
5055.029073795227,0.6127,770.1205608262111
5055.069084432337,0.5715,885.1602594732032
5055.109095069451,0.733,538.0798915863331
5055.159108365851,0.6757,633.2085544501898
5055.199119002976,0.6437,697.7302129455305
5055.239129640106,0.6914,604.7778685195234
5055.289142936524,0.6815,622.4764160887837
5055.329153573664,0.643,699.2502012575443
5055.36916421081,0.6877,611.3030814884736
5055.409174847958,0.6763,632.0855142598512
5055.459188144402,0.6238,742.9571446805613
5055.499198781562,0.6722,639.8196712053036
5055.539209418727,0.6543,675.3061869663853
5055.58922271519,0.6857,614.8742857446832
5055.629233352364,0.7012,587.9912227248393
5055.669243989543,0.658,667.7329222729719
5055.719257286025,0.6664,651.0054382695965
5055.7592679232175,0.6666,650.6148551304568
5055.799278560411,0.6155,763.1297262704591
5055.849291856912,0.6143,766.1140942213356
5055.889302494116,0.6419,701.6488087491907
5055.929313131328,0.6554,673.0412730245237
5055.969323768542,0.6285,731.8868610117088
5056.019337065066,0.6577,668.3422130086332
5056.059347702293,0.7144,566.4633144502781
5056.099358339522,0.6244,741.5299845386543
5056.1493716360665,0.6588,666.1122143526507
5056.189382273307,0.6387,708.6971797229679
5056.229392910553,0.6542,675.5126549479436
5056.279406207115,0.6097,777.7178771692187
5056.319416844371,0.6468,691.0580516048033
5056.359427481631,0.6883,610.2377859712859
5056.399438118898,0.666,651.7876604405599
5056.449451415486,0.5928,822.693453669652
5056.489462052761,0.6469,690.8444162452548
5056.529472690041,0.7065,579.202376241746
5056.579485986649,0.6593,665.1022664963425
5056.619496623939,0.6398,706.2623703087338
5056.659507261235,0.7032,584.6513238400457
5056.709520557861,0.7398,528.2336562345538
5056.749531195167,0.6157,762.634027363741
5056.789541832477,0.6137,767.6128473915765
5056.839555129122,0.6592,665.3040722321056
5056.879565766444,0.6909,605.65353189992
5056.9195764037695,0.6446,695.7832137606149
5056.959587041101,0.6298,728.8685395058228
5057.00960033777,0.5981,808.1776569158159
5057.049610975112,0.6665,650.810102748502
5057.089621612457,0.6584,666.9218298383614
5057.139634909146,0.619,754.52423809946
5057.179645546503,0.66,663.6921938058515
5057.219656183863,0.5808,857.0401853736822
5057.26966948057,0.602,797.7401883428549
5057.309680117943,0.664,655.7199994995949
5057.349690755319,0.6678,648.2787209956921
5057.389701392698,0.6509,682.3795752503578
5057.43971468943,0.631,726.0989382651799
5057.4797253268225,0.587,839.0314005975151
5057.519735964218,0.6326,722.4306256377422
5057.56974926097,0.6865,613.4420582137967
5057.609759898377,0.6476,689.3517387121756
5057.649770535787,0.6494,685.53556513589
5057.699783832559,0.6372,712.0377174764154
5057.739794469979,0.6191,754.2805094345049
5057.779805107406,0.635,716.9800610844911
5057.829818404196,0.6483,687.8638937032126
5057.869829041632,0.6428,699.685395965089
5057.909839679073,0.6085,780.7883131291383
5057.949850316519,0.5916,826.0343317018069
5057.999863613334,0.6532,677.582552984393
5058.03987425079,0.6594,664.9005525668248
5058.079884888252,0.6782,628.5488629978042
5058.129898185085,0.6412,703.1816268918905
5058.169908822557,0.662,659.6880328505885
5058.209919460034,0.614,766.8629215900272
5058.259932756886,0.6555,672.8359369731382
5058.299943394372,0.7055,580.8455003942528
5058.339954031864,0.6574,668.952338070334
5058.389967328735,0.7297,542.9577217471884
5058.429977966239,0.6795,626.146123681992
5058.469988603744,0.652,680.079013306097
5058.509999241256,0.6667,650.4196953627262
5058.560012538152,0.6637,656.3129184758362
5058.6000231756725,0.6921,603.5551266946204
5058.640033813199,0.7209,556.2943394446727
5058.6900471101135,0.6857,614.8742857446832
5058.730057747653,0.6588,666.1122143526507
5058.770068385193,0.6422,700.9934205544466
5058.820081682127,0.6366,713.3805490470355
5058.86009231968,0.6199,752.3349244481767
5058.900102957236,0.6678,648.2787209956921
5058.940113594798,0.6916,604.4281348306171
5058.9901268917565,0.7035,584.1527943440936
5059.030137529328,0.6109,774.665517312568
5059.070148166906,0.6492,685.9580174500106
5059.120161463883,0.6609,661.8858226126403
5059.160172101471,0.6471,690.4174426158895
5059.200182739062,0.6144,765.8647288238841
5059.25019603606,0.6041,792.2035558842641
5059.2902066736615,0.6511,681.9604238306555
5059.330217311269,0.6833,619.2011925648817
5059.380230608284,0.7043,582.8264954322478
5059.420241245903,0.6705,643.0682042263329
5059.460251883524,0.6991,591.5290123199081
5059.500262521151,0.6498,684.6918304337053
5059.550275818191,0.6506,683.0090273126756
5059.590286455828,0.6899,607.4105737776664
5059.630297093471,0.6731,638.109815688169
5059.68031039053,0.7129,568.8495893589535
5059.720321028183,0.563,912.0897270150829
5059.760331665841,0.662,659.6880328505885
5059.810344962917,0.648,688.5009511656647
5059.850355600585,0.7365,532.9779168166789
5059.890366238257,0.6476,689.3517387121756
5059.9303768759355,0.5631,911.7658033357058
5059.980390173037,0.5929,822.4159624611646
5060.020400810726,0.6382,709.8080754986214
5060.060411448417,0.5798,859.9990601141571
5060.110424745539,0.6824,620.8355646267197
5060.1504353832415,0.6588,666.1122143526507
5060.190446020949,0.6992,591.3598229989648
5060.24045931809,0.6394,707.1463017183638
5060.280469955808,0.6905,606.3554326430326
5060.320480593531,0.7009,588.4946750459588
5060.370493890689,0.6185,755.7446552355829
5060.410504528423,0.5793,861.4842469110858
5060.450515166161,0.6244,741.5299845386543
5060.4905258039025,0.5641,908.5360354571097
5060.540539101087,0.5969,811.4304175464016
5060.58054973884,0.6948,598.8734047983107
5060.6205603765975,0.6534,677.1678129689296
5060.6705736738,0.648,688.5009511656647
5060.710584311569,0.6174,758.4400175225566
5060.750594949341,0.6228,745.344917368776
5060.8006082465645,0.5872,838.4599516292591
5060.840618884347,0.6664,651.0054382695965
5060.880629522135,0.7038,583.654902217105
5060.930642819377,0.7137,567.5750370798214
5060.970653457173,0.6715,641.1543146705434
5061.010664094976,0.688,610.7700853416127
5061.0506747327845,0.6832,619.3824705515196
5061.10068803005,0.6533,677.3751353638443
5061.140698667868,0.5768,868.9682075071854
5061.1807093056905,0.627,735.3928952398893
5061.230722602975,0.6695,644.9906762272917
5061.270733240808,0.5879,836.4644709309891
5061.310743878646,0.6319,724.0320838978145
5061.360757175949,0.6411,703.4010108793157
5061.400767813798,0.6492,685.9580174500106
5061.440778451652,0.6478,688.9261479368654
5061.480789089508,0.6842,617.5732658336137
5061.530802386837,0.666,651.7876604405599
5061.570813024706,0.6558,672.2204923117782
5061.610823662578,0.6793,626.5148782098049
5061.660836959925,0.6988,592.0370161602216
5061.700847597809,0.6841,617.753829347894
5061.740858235697,0.7457,519.9079349109935
5061.790871533062,0.675,634.5225549302711
5061.8308821709625,0.6557,672.4255466740544
5061.8708928088645,0.6509,682.3795752503578
5061.920906106249,0.6069,784.9105935092001
5061.960916744163,0.7246,550.6276788191052
5062.0009273820815,0.7172,562.0489280613258
5062.0409380200035,0.6648,654.1428046075522
5062.090951317415,0.6252,739.6334922222974
5062.130961955348,0.6531,677.7900658889022
5062.170972593285,0.6585,666.7192876431501
5062.220985890714,0.7455,520.1869299354468
5062.260996528663,0.7033,584.4850764554867
5062.301007166617,0.6528,678.4131768901287
5062.3510204640625,0.6516,680.9142333309185
5062.391031102026,0.7141,566.9393666915018
5062.431041739995,0.6108,774.919193692016
5062.471052377968,0.6448,695.3516540656999
5062.52106567544,0.7097,573.9909729579846
5062.561076313422,0.6388,708.4753135365233
5062.601086951411,0.6396,706.7041287128925
5062.6511002489015,0.6641,655.5225383813304
5062.691110886901,0.6359,714.951992512799
5062.731121524904,0.6347,717.6580018845583
5062.781134822414,0.7307,541.4726103550615
5062.821145460429,0.7352,534.8644318449782
5062.8611560984455,0.6518,680.496431108002
5062.911169395975,0.6532,677.582552984393
5062.951180034004,0.6418,701.8674757413701
5062.991190672037,0.6656,652.5712932894335
5063.031201310075,0.6392,707.5888898441284
5063.08121460763,0.6453,694.2745098126518
5063.121225245677,0.6157,762.634027363741
5063.16123588373,0.6209,749.9135107826837
5063.211249181304,0.6361,714.5024792458639
5063.251259819367,0.5907,828.5533633242247
5063.2912704574355,0.6578,668.1390234690116
5063.341283755027,0.5994,804.6758555072929
5063.381294393106,0.6231,744.6273783283174
5063.421305031189,0.6215,748.4662696182887
5063.4713183287995,0.6443,696.431306995942
5063.5113289668925,0.6574,668.952338070334
5063.551339604992,0.6369,712.7086588754692
5063.591350243096,0.6578,668.1390234690116
5063.641363540729,0.6759,632.8338753946324
5063.681374178844,0.6844,617.2123762205094
5063.721384816962,0.6137,767.6128473915765
5063.771398114615,0.6403,705.1597847805825
5063.811408752744,0.6205,750.880671477732
5063.851419390876,0.6442,696.6475393088004
5063.901432688551,0.6889,609.1752727069477
5063.941443326695,0.6899,607.4105737776664
5063.981453964842,0.6908,605.8288927835748
5064.021464602995,0.6684,647.1153695000615
5064.071477900693,0.5847,845.6452689870861
5064.111488538857,0.6223,746.5431226559259
5064.151499177025,0.5831,850.2924527753522
5064.201512474741,0.6343,718.5634197035315
5064.241523112921,0.6926,602.6840085926665
5064.281533751104,0.5867,839.8896700531161
5064.33154704884,0.5946,817.7200117311346
5064.371557687033,0.5954,815.5240580011773
5064.411568325232,0.6277,733.7536179626593
5064.451578963434,0.661,661.6855700394424
5064.501592261195,0.6277,733.7536179626593
5064.541602899408,0.6492,685.9580174500106
5064.581613537626,0.6718,640.5818137446965
5064.631626835406,0.7072,578.0563342912365
5064.671637473634,0.6253,739.3969423527063
5064.711648111867,0.6285,731.8868610117088
5064.761661409666,0.65,684.2705470859006
5064.801672047909,0.6926,602.6840085926665
5064.841682686158,0.6581,667.530010503965
5064.891695983974,0.6805,624.3072253965278
5064.931706622233,0.6227,745.5843275399836
5064.971717260496,0.6106,775.4269204101753
5065.011727898764,0.615,764.3710900098708
5065.061741196605,0.658,667.7329222729719
5065.101751834884,0.7317,539.9935838104021
5065.141762473167,0.6955,597.6685167484388
5065.191775771028,0.635,716.9800610844911
5065.231786409321,0.6638,656.1151894930518
5065.271797047619,0.707,578.3834275179977
5065.321810345498,0.6694,645.183397437129
5065.361820983808,0.6109,774.665517312568
5065.401831622121,0.6901,607.0585542581215
5065.45184492002,0.6726,639.0588880142762
5065.491855558344,0.7087,575.611955383178
5065.531866196672,0.6596,664.4973999038551
5065.571876835004,0.739,529.3779460505178
5065.621890132928,0.7758,480.347159191636
5065.661900771271,0.7114,571.2509746680817
5065.701911409619,0.6389,708.253551520595
5065.751924707562,0.7173,561.8922268298978
5065.791935345919,0.7066,579.0384474074723
5065.831945984282,0.6836,618.6578358492776
5065.881959282244,0.6507,682.7991132216392
5065.921969920618,0.6671,649.6399337416271
5065.9619805589955,0.6984,592.7153732151202
5066.0019911973795,0.6495,685.324485309649
5066.0520044953655,0.692,603.7295769442896
5066.092015133757,0.6547,674.4812609101456
5066.132025772156,0.6505,683.2190382199622
5066.18203907016,0.7094,574.476547977797
5066.222049708569,0.693,601.9884712712892
5066.262060346981,0.6984,592.7153732151202
5066.312073645005,0.7303,542.0659228635996
5066.352084283427,0.6446,695.7832137606149
5066.3920949218555,0.6844,617.2123762205094
5066.442108219899,0.6665,650.810102748502
5066.4821188583355,0.654,675.925875077079
5066.52212949678,0.6805,624.3072253965278
5066.562140135227,0.6418,701.8674757413701
5066.612153433294,0.6303,727.7126164720951
5066.652164071752,0.7436,522.8486204299231
5066.692174710215,0.71,573.506013324888
5066.742188008302,0.7003,589.5035214339747
5066.782198646775,0.6398,706.2623703087338
5066.822209285252,0.6644,654.9306898956894
5066.872222583356,0.6814,622.6591343684183
5066.912233221846,0.7031,584.8176421642879
5066.952243860339,0.581,856.4502430676222
5066.992254498837,0.6663,651.2008617465156
5067.0422677969655,0.6545,674.8935348798766
5067.082278435474,0.6682,647.5028051452749
5067.122289073986,0.7078,577.0767177160104
5067.172302372135,0.7257,548.9596877284326
5067.212313010658,0.6615,660.6856690562464
5067.252323649186,0.7077,577.2398141335484
5067.302336947353,0.6646,654.536569426445
5067.342347585891,0.669,645.9551466896271
5067.382358224434,0.684,617.9344720623712
5067.43237152262,0.662,659.6880328505885
5067.472382161173,0.6087,780.2753124658304
5067.512392799731,0.698,593.3948968323723
5067.562406097935,0.6793,626.5148782098049
5067.602416736503,0.7263,548.053067020667
5067.642427375076,0.691,605.4782471441702
5067.682438013655,0.6834,619.0199941499989
5067.732451311884,0.6283,732.3528818187253
5067.772461950471,0.6507,682.7991132216392
5067.812472589065,0.7749,481.46359469880593
5067.862485887312,0.7494,514.786750017918
5067.902496525916,0.6936,600.947420703005
5067.942507164525,0.6728,638.6790051644089
5067.99252046279,0.688,610.7700853416127
5068.0325311014085,0.7197,558.1509708312783
5068.072541740032,0.6958,597.1532490163954
5068.1125523786595,0.656,671.8106648756421
5068.162565676951,0.6339,719.4705520554444
5068.202576315589,0.7096,574.1527628702271
5068.242586954232,0.6754,633.7711972510602
5068.292600252542,0.7275,546.2465505261604
5068.332610891194,0.7123,569.8083231053171
5068.372621529853,0.7169,562.5194252661756
5068.422634828182,0.6716,640.9633957822765
5068.46264546685,0.6434,698.3810290422228
5068.502656105523,0.6408,704.0597791999802
5068.542666744201,0.7017,587.1535700281567
5068.592680042554,0.6531,677.7900658889022
5068.632690681242,0.7076,577.4029797035925
5068.672701319934,0.6844,617.2123762205094
5068.722714618307,0.6902,606.882659242809
5068.76272525701,0.7349,535.301203820433
5068.802735895718,0.7182,560.4848599560863
5068.852749194108,0.6576,668.5454952511192
5068.892759832826,0.6356,715.627058208842
5068.932770471549,0.6935,601.1207415050744
5068.982783769959,0.7012,587.9912227248393
5069.022794408692,0.7054,581.0101972607706
5069.06280504743,0.6675,648.8615735170116
5069.102815686172,0.6779,629.1053052595406
5069.1528289846065,0.7195,558.4613128853201
5069.19283962336,0.6934,601.2941372998102
5069.232850262117,0.6932,601.641154040393
5069.28286356057,0.6581,667.530010503965
5069.322874199338,0.6592,665.3040722321056
5069.362884838111,0.5901,830.2391247573415
5069.412898136583,0.7075,577.5662144652423
5069.452908775366,0.7308,541.3244344319744
5069.492919414152,0.6793,626.5148782098049
5069.5329300529465,0.6635,656.7086446828016
5069.582943351444,0.7412,526.2400574683247
5069.622953990245,0.7374,531.6777086540584
5069.662964629053,0.649,686.3808603805435
5069.712977927567,0.7229,553.2204756155501
5069.752988566385,0.6693,645.3762050366205
5069.792999205208,0.7244,550.9317665772754
5069.843012503743,0.6465,691.6995525982916
5069.883023142576,0.6798,625.5936020209932
5069.923033781413,0.6707,642.6847413573564
5069.973047079966,0.6888,609.352165450333
5070.013057718814,0.695,598.5287795467863
5070.053068357665,0.5964,812.7915328929626
5070.093078996522,0.6523,679.4536063615044
5070.1430922951,0.6742,636.0292842621162
5070.183102933969,0.7076,577.4029797035925
5070.223113572841,0.6704,643.2600643714358
5070.273126871437,0.6811,623.2077721742236
5070.313137510319,0.7257,548.9596877284326
5070.353148149206,0.7529,510.0117112490995
5070.403161447821,0.7383,530.382252512483
5070.443172086719,0.6839,618.1151940233715
5070.483182725621,0.6758,633.0211733407488
5070.533196024256,0.6912,605.1279058401817
5070.573206663168,0.6749,634.7106031220786
5070.613217302086,0.6319,724.0320838978145
5070.653227941008,0.648,688.5009511656647
5070.703241239666,0.6863,613.7996455942813
5070.743251878598,0.7122,569.9683476844574
5070.783262517536,0.7075,577.5662144652423
5070.833275816213,0.725,550.0202581046643
5070.87328645516,0.6741,636.2180027064959
5070.913297094112,0.6345,718.1104967476238
5070.963310392809,0.668,647.8905888381482
5071.003321031771,0.7409,526.6663059938603
5071.043331670739,0.7588,502.1114298805809
5071.083342309708,0.6526,678.8290617154155
5071.133355608432,0.6463,692.1277163034166
5071.173366247413,0.6877,611.3030814884736
5071.213376886399,0.7257,548.9596877284326
5071.263390185139,0.6854,615.4126644610616
5071.303400824137,0.6874,611.836775628501
5071.343411463138,0.68,625.2256604426146
5071.393424761896,0.6881,610.5925748585596
5071.433435400909,0.6419,701.6488087491907
5071.473446039925,0.6908,605.8288927835748
5071.523459338701,0.6654,652.9636397783464
5071.56346997773,0.5823,852.6304231216357
5071.603480616762,0.5984,807.3675228358783
5071.643491255797,0.6061,786.983986821472
5071.6935045546,0.6739,636.5956916613637
5071.733515193645,0.6413,702.9623455240848
5071.7735258326975,0.6472,690.2041042236754
5071.823539131518,0.6631,657.50117157287
5071.86354977058,0.6581,667.530010503965
5071.903560409646,0.6489,686.5924284774734
5071.953573708485,0.6395,706.9251633580468
5071.993584347563,0.6696,644.798041355506
5072.033594986644,0.6896,607.9391774449658
5072.083608285502,0.6502,683.8496524350234
5072.123618924594,0.6559,672.0155317313674
5072.163629563691,0.6329,721.7459124771361
5072.203640202792,0.7071,578.2198462108579
5072.253653501675,0.6588,666.1122143526507
5072.293664140786,0.7351,535.0099630882173
5072.333674779902,0.6571,669.5632989820714
5072.383688078803,0.6652,653.3563402103241
5072.42369871793,0.6885,609.8833062228697
5072.463709357062,0.6013,799.5986358457099
5072.513722655983,0.6309,726.3291349150084
5072.5537332951235,0.652,680.079013306097
5072.59374393427,0.612,771.8832791615481
5072.63375457342,0.5999,803.3350667461971
5072.683767872366,0.6127,770.1205608262111
5072.723778511527,0.6219,747.5037684267336
5072.763789150692,0.6755,633.583566356049
5072.813802449656,0.7075,577.5662144652423
5072.853813088832,0.6442,696.6475393088004
5072.893823728013,0.7049,581.8347332710499
5072.943837026995,0.6415,702.5240903914139
5072.983847666186,0.6874,611.836775628501
5073.023858305382,0.6479,688.7135003311564
5073.073871604383,0.631,726.0989382651799
5073.11388224359,0.614,766.8629215900272
5073.1538928828,0.6254,739.1605059451775
5073.193903522017,0.6201,751.8497043953985
5073.243916821042,0.5889,833.6261185428832
5073.2839274602675,0.6339,719.4705520554444
5073.323938099498,0.6585,666.7192876431501
5073.373951398543,0.6476,689.3517387121756
5073.413962037785,0.6236,743.4337804040489
5073.45397267703,0.6173,758.6857652046328
5073.503985976094,0.6046,790.8938061765934
5073.543996615348,0.6085,780.7883131291383
5073.584007254611,0.6441,696.86387234302
5073.624017893874,0.6484,687.651737691544
5073.6740311929625,0.649,686.3808603805435
5073.714041832239,0.5929,822.4159624611646
5073.754052471518,0.6105,775.6809709122496
5073.804065770625,0.6717,640.7725621572486
5073.844076409915,0.6194,753.5500315898734
5073.88408704921,0.5693,892.014683526121
5073.934100348337,0.6453,694.2745098126518
5073.97411098764,0.691,605.4782471441702
5074.014121626952,0.7327,538.5206089171686
5074.064134926095,0.7353,534.7189599738931
5074.104145565416,0.6898,607.5866983706243
5074.144156204741,0.6817,622.1112207296135
5074.184166844072,0.6412,703.1816268918905
5074.234180143239,0.6622,659.2896109742472
5074.27419078258,0.6384,709.3634039581964
5074.314201421925,0.5933,821.307400394369
5074.364214721111,0.5918,825.4761070607834
5074.4042253604675,0.6405,704.7194734057382
5074.444235999827,0.6506,683.0090273126756
5074.494249299034,0.6387,708.6971797229679
5074.534259938404,0.6873,612.014828995434
5074.574270577778,0.7163,563.4621937705692
5074.624283877003,0.6283,732.3528818187253
5074.6642945163885,0.6742,636.0292842621162
5074.704305155778,0.6791,626.8839585879632
5074.744315795173,0.6255,738.9241829271591
5074.794329094423,0.6573,669.1558987599942
5074.834339733827,0.699,591.6982742593842
5074.874350373237,0.6958,597.1532490163954
5074.924363672504,0.6795,626.146123681992
5074.964374311924,0.6668,650.2246233926143
5075.004384951349,0.6101,776.6984224495395
5075.054398250637,0.6104,775.9351462853406
5075.0944088900715,0.6411,703.4010108793157
5075.13441952951,0.6371,712.2612593005679
5075.174430168955,0.6097,777.7178771692187
5075.224443468266,0.624,742.48096718647
5075.26445410772,0.6246,741.0551782133681
5075.30446474718,0.6551,673.6578454744364
5075.354478046509,0.6737,636.9737170370005
5075.394488685978,0.6481,688.2885003796387
5075.434499325453,0.5967,811.9744531043418
5075.4845126248,0.584,847.6737122714302
5075.524523264286,0.6195,753.3067747710862
5075.564533903775,0.6473,689.9908646982539
5075.614547203142,0.6917,604.2533817383419
5075.654557842642,0.7296,543.1065688378502
5075.694568482146,0.7106,572.5379360633173
5075.734579121654,0.6838,618.2959952772544
5075.784592421047,0.6816,622.2937782249094
5075.824603060565,0.6879,610.9476732442587
5075.86461370009,0.6426,700.1209970794974
5075.9146269995,0.6382,709.8080754986214
5075.954637639034,0.7157,564.407334347284
5075.994648278573,0.6644,654.9306898956894
5076.044661578002,0.7069,578.5470782519216
5076.084672217551,0.5803,858.5177106711278
5076.124682857106,0.6416,702.3051164987137
5076.164693496663,0.6658,652.1793003183653
5076.214706796117,0.6657,652.3752526407202
5076.254717435686,0.654,675.925875077079
5076.294728075259,0.6399,706.0416464201871
5076.344741374732,0.6518,680.496431108002
5076.384752014315,0.6636,656.5107368544537
5076.424762653904,0.6933,601.4676081304826
5076.474775953396,0.6499,684.4811401427814
5076.514786592995,0.5807,857.3353851336137
5076.554797232597,0.672,640.2005723541556
5076.604810532107,0.6866,613.2633816940041
5076.64482117172,0.6415,702.5240903914139
5076.684831811339,0.6197,752.8206143711158
5076.724842450962,0.6622,659.2896109742472
5076.7748557504965,0.6861,614.1575457329429
5076.814866390129,0.6164,760.9028793087314
5076.854877029766,0.6158,762.3863590081369
5076.904890329321,0.6408,704.0597791999802
5076.944900968969,0.6403,705.1597847805825
5076.98491160862,0.6909,605.65353189992
5077.034924908194,0.6326,722.4306256377422
5077.0749355478565,0.6152,763.8741812970206
5077.114946187525,0.6089,779.7628172210473
5077.164959487116,0.6167,760.1627626507766
5077.204970126792,0.622,747.2634332247658
5077.244980766475,0.6768,631.1519281223005
5077.2849914061635,0.6908,605.8288927835748
5077.335004705778,0.6358,715.1769082386386
5077.375015345477,0.6207,750.3968574039867
5077.415025985178,0.6743,635.8406497733218
5077.465039284813,0.6411,703.4010108793157
5077.505049924525,0.6076,783.1030885190164
5077.545060564243,0.5955,815.2501858887127
5077.595073863896,0.5806,857.6307374381572
5077.635084503622,0.6437,697.7302129455305
5077.675095143356,0.7065,579.202376241746
5077.7151057830915,0.6806,624.1237812461402
5077.76511908277,0.6584,666.9218298383614
5077.8051297225165,0.6552,673.4522272177527
5077.845140362268,0.615,764.3710900098708
5077.895153661964,0.6105,775.6809709122496
5077.935164301727,0.6059,787.5036188229935
5077.975174941493,0.6967,595.611437558327
5078.025188241208,0.6842,617.5732658336137
5078.065198880985,0.5886,834.4761054383803
5078.105209520766,0.6628,658.0965086096188
5078.155222820499,0.7089,575.2872100336347
5078.195233460292,0.609,779.5067589231495
5078.2352441000885,0.6726,639.0588880142762
5078.2752547398895,0.6658,652.1793003183653
5078.325268039647,0.7049,581.8347332710499
5078.36527867946,0.6185,755.7446552355829
5078.405289319275,0.5996,804.1391374873962
5078.455302619052,0.646,692.7707076549699
5078.495313258879,0.6002,802.53220140585
5078.53532389871,0.6021,797.4752248427224
5078.585337198506,0.6898,607.5866983706243
5078.625347838347,0.6399,706.0416464201871
5078.665358478193,0.6205,750.880671477732
5078.705369118044,0.6253,739.3969423527063
5078.755382417863,0.6697,644.6054927702075
5078.795393057725,0.6271,735.1583766341422
5078.835403697591,0.565,905.6438948004754
5078.88541699743,0.6038,792.9909679886022
5078.925427637305,0.6172,758.9316323458108
5078.965438277185,0.5928,822.693453669652
5079.015451577044,0.6504,683.4291460030462
5079.055462216933,0.6626,658.4938492890261
5079.0954728568295,0.6273,734.6896758460007
5079.1454861567045,0.6788,627.4381909648197
5079.185496796612,0.6724,639.4391098933926
5079.225507436523,0.6719,640.3911504938945
5079.265518076437,0.6641,655.5225383813304
5079.315531376337,0.6475,689.564682003514
5079.355542016262,0.6681,647.6966534597055
5079.395552656192,0.5932,821.5843306851584
5079.445565956112,0.5564,933.8563860641436
5079.485576596052,0.5531,945.0330768258165
5079.525587235997,0.6603,663.0892493092375
5079.575600535934,0.679,627.0686210909093
5079.61561117589,0.6978,593.7350969379453
5079.655621815851,0.6612,661.2853374343779
5079.705635115807,0.6295,729.5634158131186
5079.745645755776,0.6768,631.1519281223005
5079.785656395753,0.7078,577.0767177160104
5079.825667035731,0.6637,656.3129184758362
5079.875680335712,0.5725,882.070702616203
5079.915690975702,0.6225,746.0634940633661
5079.955701615697,0.6406,704.4994723539604
5080.0057149156955,0.7034,584.3188999702725
5080.045725555701,0.6469,690.8444162452548
5080.0857361957105,0.6431,699.0327561483768
5080.135749495729,0.6502,683.8496524350234
5080.1757601357485,0.6329,721.7459124771361
5080.215770775774,0.6785,627.9931586676453
5080.255781415803,0.6337,719.9247625343668
5080.305794715846,0.6502,683.8496524350234
5080.345805355884,0.6976,594.0755896883427
5080.385815995928,0.6608,662.0861661062779
5080.4358292959905,0.6437,697.7302129455305
5080.475839936044,0.6827,620.2900556931551
5080.515850576102,0.6397,706.4831977180535
5080.565863876182,0.6462,692.3419472531975
5080.605874516251,0.648,688.5009511656647
5080.645885156326,0.613,769.3669580288118
5080.695898456425,0.6046,790.8938061765934
5080.735909096508,0.626,737.7442661444679
5080.775919736597,0.6819,621.7463466562027
5080.81593037669,0.6528,678.4131768901287
5080.865943676813,0.605,789.8483436347323
5080.905954316918,0.6642,655.3251664437145
5080.945964957025,0.6952,598.1844516846587
5080.995978257168,0.6812,623.0248123638698
5081.035988897286,0.6647,654.3396425874564
5081.075999537409,0.6495,685.324485309649
5081.12601283757,0.663,657.6995274597556
5081.166023477704,0.7391,529.2347065923752
5081.206034117841,0.691,605.4782471441702
5081.246044757984,0.6708,642.493138531159
5081.2960580581685,0.6716,640.9633957822765
5081.336068698323,0.6251,739.8701556265604
5081.37607933848,0.6381,710.0305680802928
5081.426092638684,0.683,619.7452654264862
5081.466103278853,0.6806,624.1237812461402
5081.506113919023,0.6584,666.9218298383614
5081.556127219247,0.6987,592.2064962048013
5081.596137859428,0.6712,641.7275834229772
5081.636148499616,0.6944,599.5635488403033
5081.6861617998575,0.6462,692.3419472531975
5081.726172440055,0.6032,794.5693182089655
5081.766183080259,0.7104,572.8603559527548
5081.806193720466,0.6513,681.5416584877997
5081.85620702073,0.5978,808.989010972982
5081.8962176609475,0.5461,969.4154860336092
5081.93622830117,0.5818,854.0965546658855
5081.986241601454,0.6572,669.3595523783823
5082.026252241685,0.6239,742.7189986915627
5082.066262881922,0.6102,776.4438719720362
5082.116276182224,0.6609,661.8858226126403
5082.156286822473,0.6706,642.8764299053668
5082.196297462724,0.6815,622.4764160887837
5082.246310763046,0.6669,650.0296391674648
5082.286321403309,0.6147,765.1173626978928
5082.326332043574,0.6561,671.6058916874662
5082.366342683846,0.673,638.2994609408445
5082.416355984191,0.6477,689.13889404359
5082.456366624474,0.6457,693.4145954379046
5082.49637726476,0.6227,745.5843275399836
5082.546390565124,0.6218,747.7442195924232
5082.586401205421,0.5946,817.7200117311346
5082.626411845722,0.6826,620.4718120900734
5082.6764251461045,0.6557,672.4255466740544
5082.716435786417,0.6232,744.3884288926855
5082.7564464267325,0.6217,747.9847867964511
5082.796457067053,0.6249,740.3438233298323
5082.846470367461,0.6961,596.6386473385911
5082.886481007792,0.6378,710.6986738580374
5082.926491648128,0.6737,636.9737170370005
5082.976504948554,0.6204,751.1227539976607
5083.016515588899,0.6008,800.9300773009674
5083.056526229249,0.6395,706.9251633580468
5083.106539529695,0.6626,658.4938492890261
5083.146550170054,0.6135,768.1134092276328
5083.186560810421,0.6375,711.3677230643727
5083.236574110884,0.6447,695.5673837085246
5083.276584751259,0.6275,734.2214231458377
5083.316595391639,0.6408,704.0597791999802
5083.3566060320245,0.6283,732.3528818187253
5083.406619332513,0.6626,658.4938492890261
5083.446629972908,0.7242,551.236106306718
5083.486640613308,0.6735,637.3520792330735
5083.536653913814,0.6856,615.0536667921834
5083.576664554224,0.6472,690.2041042236754
5083.616675194639,0.656,671.8106648756421
5083.666688495165,0.6719,640.3911504938945
5083.7066991355905,0.6456,693.6294241938913
5083.746709776019,0.6475,689.564682003514
5083.796723076563,0.6496,685.1135029572015
5083.836733717003,0.6407,704.279574306805
5083.876744357447,0.6547,674.4812609101456
5083.9167549978965,0.6677,648.4729178792016
5083.9667682984655,0.6877,611.3030814884736
5084.006778938925,0.6561,671.6058916874662
5084.046789579388,0.6745,635.463632463358
5084.096802879975,0.6766,631.525114216237
5084.13681352045,0.6606,662.4871260751106
5084.176824160929,0.6679,648.0846113327488
5084.226837461534,0.6673,649.2505786647529
5084.266848102023,0.663,657.6995274597556
5084.306858742516,0.6522,679.6619794537387
5084.3468693830155,0.631,726.0989382651799
5084.396882683644,0.6399,706.0416464201871
5084.436893324155,0.6803,624.6743564133342
5084.476903964667,0.7041,583.1576463730428
5084.526917265314,0.69,607.2345257549586
5084.566927905838,0.6644,654.9306898956894
5084.606938546367,0.6369,712.7086588754692
5084.656951847033,0.6257,738.4518767697364
5084.696962487572,0.6554,673.0412730245237
5084.736973128116,0.643,699.2502012575443
5084.7869864288,0.6754,633.7711972510602
5084.826997069354,0.6912,605.1279058401817
5084.867007709912,0.6708,642.493138531159
5084.9070183504755,0.6684,647.1153695000615
5084.9570316511845,0.6434,698.3810290422228
5084.997042291758,0.6429,699.4677478420647
5085.037052932336,0.6569,669.9710713718611
5085.087066233064,0.6522,679.6619794537387
5085.127076873651,0.634,719.2436079933482
5085.1670875142445,0.6635,656.7086446828016
5085.217100814992,0.6659,651.983436269316
5085.257111455594,0.6437,697.7302129455305
5085.297122096203,0.6572,669.3595523783823
5085.337132736814,0.6556,672.6306948754187
5085.387146037585,0.6523,679.4536063615044
5085.427156678207,0.6367,713.156480126956
5085.467167318835,0.6476,689.3517387121756
5085.517180619625,0.6482,688.0761479123739
5085.557191260263,0.6311,725.8688510328986
5085.597201900903,0.6756,633.3960187721971
5085.647215201711,0.7014,587.655946674899
5085.687225842365,0.6811,623.2077721742236
5085.727236483021,0.653,677.9976741357431
5085.777249783848,0.6489,686.5924284774734
5085.817260424514,0.6741,636.2180027064959
5085.857271065186,0.7092,574.8006070534752
5085.897281705862,0.7152,565.1967692391636
5085.947295006713,0.6384,709.3634039581964
5085.9873056474,0.6715,641.1543146705434
5086.02731628809,0.6991,591.5290123199081
5086.07732958896,0.6728,638.6790051644089
5086.117340229663,0.6674,649.0560323759554
5086.157350870368,0.6805,624.3072253965278
5086.207364171257,0.685,616.131603378498
5086.247374811974,0.6869,612.7278202706603
5086.287385452694,0.6496,685.1135029572015
5086.3373987536015,0.646,692.7707076549699
5086.377409394331,0.6289,730.9561528589721
5086.417420035069,0.6039,792.7283668959464
5086.457430675808,0.6543,675.3061869663853
5086.50744397674,0.6351,716.75429428049
5086.547454617491,0.6165,760.6560537016675
5086.587465258246,0.6056,788.2840323367313
5086.637478559196,0.6319,724.0320838978145
5086.677489199961,0.6094,778.4837859621957
5086.717499840732,0.6192,754.0368988454171
5086.7675131417,0.6404,704.9395775264812
5086.8075237824805,0.6836,618.6578358492776
5086.847534423265,0.62,752.0922557259087
5086.887545064056,0.6084,781.0450032004477
5086.937558365049,0.7061,579.8587882086066
5086.977569005848,0.6737,636.9737170370005
5087.017579646652,0.6573,669.1558987599942
5087.067592947664,0.6474,689.7777239785446
5087.107603588478,0.6713,641.536408440036
5087.147614229297,0.6056,788.2840323367313
5087.197627530328,0.6256,738.6879732261573
5087.237638171158,0.6562,671.4012121097472
5087.277648811991,0.6786,627.8080876502127
5087.32766211304,0.6969,595.2696237444045
5087.367672753885,0.6222,746.7831104138288
5087.407683394734,0.6529,678.2053777833316
5087.447694035587,0.6984,592.7153732151202
5087.49770733666,0.6045,791.1554961401357
5087.537717977524,0.5959,814.1560758717126
5087.577728618393,0.6804,624.4907504364043
5087.627741919484,0.684,617.9344720623712
5087.667752560363,0.7204,557.0668083747313
5087.707763201247,0.6911,605.3030384722662
5087.757776502358,0.6561,671.6058916874662
5087.79778714325,0.6187,755.2561333130311
5087.837797784149,0.6122,771.3790283054716
5087.877808425051,0.6674,649.0560323759554
5087.927821726187,0.65,684.2705470859006
5087.9678323671,0.6242,742.0052473345843
5088.007843008017,0.6875,611.6587999518189
5088.057856309169,0.6753,633.958911506582
5088.097866950098,0.6792,626.6993776436024
5088.137877591031,0.6351,716.75429428049
5088.187890892203,0.6735,637.3520792330735
5088.227901533145,0.6524,679.2453290801851
5088.267912174094,0.652,680.079013306097
5088.317925475282,0.6524,679.2453290801851
5088.35793611624,0.6313,725.409004543698
5088.397946757202,0.6972,594.7574544670757
5088.43795739817,0.6551,673.6578454744364
5088.487970699383,0.5636,910.1487704246412
5088.527981340361,0.6208,750.1551256994276
5088.567991981343,0.6342,718.7900418850741
5088.618005282576,0.6531,677.7900658889022
5088.658015923568,0.7347,535.5926824293123
5088.698026564564,0.6837,618.4768758704139
5088.748039865816,0.6581,667.530010503965
5088.788050506823,0.6865,613.4420582137967
5088.828061147835,0.662,659.6880328505885
5088.878074449105,0.6222,746.7831104138288
5088.918085090127,0.6291,730.4914643830227
5088.958095731153,0.6372,712.0377174764154
5088.998106372183,0.6342,718.7900418850741
5089.048119673479,0.6867,613.084783227182
5089.088130314519,0.6938,600.6010039039409
5089.128140955565,0.6784,628.1783115325356
5089.17815425688,0.6882,610.4151417501049
5089.218164897935,0.6843,617.3927814732383
5089.258175538995,0.693,601.9884712712892
5089.308188840327,0.6539,676.1326273405534
5089.348199481398,0.6071,784.3935254726105
5089.3882101224735,0.6223,746.5431226559259
5089.428220763553,0.6701,643.8361602639467
5089.478234064909,0.6767,631.3384798083769
5089.518244705999,0.6325,722.6590798962142
5089.558255347095,0.7168,562.676388959991
5089.608268648468,0.6189,754.7680849166017
5089.648279289573,0.6445,695.9991442842926
5089.688289930684,0.6641,655.5225383813304
5089.738303232077,0.6094,778.4837859621957
5089.7783138731975,0.6772,630.406547618791
5089.818324514321,0.6902,606.882659242809
5089.868337815733,0.6596,664.4973999038551
5089.908348456867,0.6273,734.6896758460007
5089.948359098006,0.6266,736.3320927447719
5089.98836973915,0.6139,767.11277470308
5090.038383040587,0.6907,606.0043298392249
5090.078393681741,0.6793,626.5148782098049
5090.1184043229,0.6706,642.8764299053668
5090.168417624354,0.659,665.707959345291
5090.208428265523,0.6689,646.1483003645354
5090.248438906697,0.6801,625.0418113687874
5090.2984522081715,0.6847,616.6716346461245
5090.338462849353,0.6671,649.6399337416271
5090.378473490543,0.6047,790.632246030097
5090.418484131736,0.6022,797.2103933291692
5090.468497433233,0.6391,707.8103397395244
5090.508508074437,0.6845,617.0320500292023
5090.548518715645,0.666,651.7876604405599
5090.59853201716,0.6648,654.1428046075522
5090.638542658379,0.6924,603.0322293787243
5090.6785532996,0.7194,558.6165809839778
5090.728566601136,0.7291,543.8517232040838
5090.768577242369,0.6893,608.4684714446751
5090.808587883606,0.6531,677.7900658889022
5090.8586011851585,0.6228,745.344917368776
5090.898611826407,0.6008,800.9300773009674
5090.93862246766,0.5978,808.989010972982
5090.978633108915,0.6841,617.753829347894
5091.028646410493,0.6773,630.2204088091685
5091.06865705176,0.6648,654.1428046075522
5091.108667693033,0.6662,651.3963732320731
5091.158680994628,0.559,925.1895677923665
5091.198691635911,0.6286,731.6540173969266
5091.238702277196,0.6498,684.6918304337053
5091.28871557881,0.6586,666.5168377011322
5091.328726220108,0.605,789.8483436347323
5091.36873686141,0.6706,642.8764299053668
5091.418750163042,0.6195,753.3067747710862
5091.458760804355,0.6157,762.634027363741
5091.49877144567,0.6623,659.0905353761983
5091.538782086991,0.6403,705.1597847805825
5091.588795388649,0.6577,668.3422130086332
5091.628806029979,0.6186,755.5003350452662
5091.668816671315,0.6183,756.2336512970369
5091.718829972991,0.6494,685.53556513589
5091.758840614338,0.6235,743.6722702855706
5091.798851255688,0.6286,731.6540173969266
5091.848864557382,0.6238,742.9571446805613
5091.888875198743,0.6299,728.6371346711887
5091.928885840108,0.6443,696.431306995942
5091.968896481479,0.6762,632.272480044359
5092.018909783197,0.6708,642.493138531159
5092.058920424576,0.6985,592.545674690552
5092.098931065962,0.6873,612.014828995434
5092.148944367697,0.6175,758.1943892222054
5092.188955009095,0.6254,739.1605059451775
5092.228965650494,0.6736,637.1628560074801
5092.2789789522485,0.6347,717.6580018845583
5092.318989593658,0.6651,653.5528232880181
5092.359000235072,0.6177,757.7034904574894
5092.409013536846,0.7027,585.483625665852
5092.449024178271,0.6595,664.6989303878743
5092.4890348197,0.6465,691.6995525982916
5092.529045461134,0.5875,837.6038721906413
5092.579058762932,0.6741,636.2180027064959
5092.619069404377,0.6827,620.2900556931551
5092.659080045825,0.6786,627.8080876502127
5092.709093347642,0.639,708.0318936099794
5092.7491039891,0.6259,737.980023301183
5092.789114630563,0.6284,732.1198157953816
5092.8391279324,0.6564,670.9921335575276
5092.879138573873,0.68,625.2256604426146
5092.91914921535,0.6762,632.272480044359
5092.959159856833,0.6238,742.9571446805613
5093.009173158694,0.6312,725.638873148831
5093.049183800187,0.6429,699.4677478420647
5093.0891944416835,0.6165,760.6560537016675
5093.139207743563,0.6069,784.9105935092001
5093.17921838507,0.6652,653.3563402103241
5093.219229026583,0.6731,638.109815688169
5093.26924232848,0.6578,668.1390234690116
5093.309252970002,0.5786,863.5699804495599
5093.349263611529,0.6008,800.9300773009674
5093.399276913444,0.6276,733.9874646502768
5093.439287554982,0.6635,656.7086446828016
5093.479298196524,0.6579,667.9359265758965
5093.51930883807,0.6039,792.7283668959464
5093.569322140009,0.6179,757.2130682927277
5093.609332781566,0.642,701.4302439297314
5093.649343423127,0.6334,720.6068851576168
5093.699356725086,0.6146,765.3663631413497
5093.739367366657,0.6057,788.0237656505963
5093.779378008234,0.6562,671.4012121097472
5093.829391310211,0.6714,641.3453188728503
5093.869401951796,0.6429,699.4677478420647
5093.909412593387,0.6642,655.3251664437145
5093.959425895382,0.649,686.3808603805435
5093.999436536984,0.6348,717.4319148192683
5094.039447178589,0.6829,619.9267824081132
5094.0794578201985,0.643,699.2502012575443
5094.129471122219,0.6194,753.5500315898734
5094.16948176384,0.637,712.4849064115425
5094.209492405465,0.6554,673.0412730245237
5094.259505707503,0.6687,646.5348677109287
5094.299516349138,0.6803,624.6743564133342
5094.339526990778,0.6029,795.3602610052694
5094.389540292834,0.6894,608.291963333658
5094.429550934485,0.6339,719.4705520554444
5094.4695615761375,0.6551,673.6578454744364
5094.509572217798,0.6301,728.1746554835524
5094.559585519878,0.6561,671.6058916874662
5094.599596161549,0.6849,616.3115349548833
5094.639606803222,0.654,675.925875077079
5094.689620105322,0.6289,730.9561528589721
5094.729630747005,0.6829,619.9267824081132
5094.769641388694,0.6362,714.277881571414
5094.819654690811,0.6395,706.9251633580468
5094.85966533251,0.6478,688.9261479368654
5094.899675974214,0.642,701.4302439297314
5094.94968927635,0.6483,687.8638937032126
5094.989699918064,0.6348,717.4319148192683
5095.029710559782,0.657,669.7671386276779
5095.069721201505,0.6739,636.5956916613637
5095.119734503666,0.6623,659.0905353761983
5095.159745145399,0.635,716.9800610844911
5095.199755787137,0.6633,657.1047289044819
5095.249769089316,0.7095,574.314621197305
5095.289779731063,0.6977,593.9053067115681
5095.329790372816,0.6304,727.4817618578921
5095.379803675014,0.614,766.8629215900272
5095.419814316776,0.6115,773.1460716152984
5095.459824958543,0.6494,685.53556513589
5095.499835600315,0.6101,776.6984224495395
5095.549848902537,0.5952,816.0722164045283
5095.58985954432,0.5916,826.0343317018069
5095.629870186106,0.628,733.052748035427
5095.679883488346,0.6946,599.2183277817971
5095.719894130143,0.6574,668.952338070334
5095.759904771944,0.628,733.052748035427
5095.809918074203,0.5985,807.0977488259105
5095.849928716014,0.6038,792.9909679886022
5095.88993935783,0.6408,704.0597791999802
5095.939952660107,0.66,663.6921938058515
5095.979963301934,0.6674,649.0560323759554
5096.019973943766,0.6263,737.0376721182855
5096.059984585601,0.6152,763.8741812970206
5096.109997887902,0.6482,688.0761479123739
5096.150008529747,0.5984,807.3675228358783
5096.190019171599,0.5926,823.2488575796826
5096.240032473917,0.6291,730.4914643830227
5096.2800431157775,0.6395,706.9251633580468
5096.320053757644,0.6171,759.177619023529
5096.370067059981,0.5576,929.841250420356
5096.410077701856,0.6186,755.5003350452662
5096.450088343736,0.6059,787.5036188229935
5096.500101646094,0.6443,696.431306995942
5096.540112287983,0.6344,718.3369046802311
5096.580122929878,0.6618,660.0868159975315
5096.620133571778,0.7229,553.2204756155501
5096.6701468741585,0.6862,613.9785565460501
5096.710157516067,0.6727,638.8689042358845
5096.7501681579815,0.64,705.8210259877183
5096.800181460381,0.663,657.6995274597556
5096.840192102306,0.6636,656.5107368544537
5096.880202744234,0.6643,655.1278836330523
5096.930216046651,0.6346,717.8841958382136
5096.9702266885915,0.6693,645.3762050366205
5097.010237330534,0.6201,751.8497043953985
5097.050247972482,0.6219,747.5037684267336
5097.100261274924,0.6794,626.3304602385851
5097.140271916884,0.6218,747.7442195924232
5097.180282558846,0.6066,785.6871547273503
5097.230295861307,0.5977,809.259733854835
5097.270306503278,0.6344,718.3369046802311
5097.310317145257,0.6511,681.9604238306555
5097.360330447735,0.6181,756.7231221111637
5097.400341089723,0.6411,703.4010108793157
5097.440351731715,0.6495,685.324485309649
5097.480362373713,0.6079,782.3303542837245
5097.530375676215,0.6226,745.8238530801342
5097.570386318223,0.6563,671.1966260854363
5097.6103969602345,0.6415,702.5240903914139
5097.660410262756,0.6855,615.2331263490358
5097.700420904778,0.652,680.079013306097
5097.740431546805,0.6687,646.5348677109287
5097.790444849344,0.6402,705.3800952324849
5097.830455491382,0.7059,580.1874127226391
5097.870466133423,0.6267,736.0971247628914
5097.92047943598,0.6332,721.0621723027547
5097.960490078032,0.6582,667.3271912126454
5098.000500720089,0.6775,629.8483784284111
5098.040511362149,0.6918,604.0787044223932
5098.090524664733,0.6506,683.0090273126756
5098.130535306803,0.6446,695.7832137606149
5098.1705459488785,0.6725,639.2489565499707
5098.22055925148,0.6362,714.277881571414
5098.260569893565,0.6037,793.2536995876713
5098.300580535655,0.6232,744.3884288926855
5098.350593838275,0.6362,714.277881571414
5098.390604480374,0.6986,592.3760490343502
5098.43061512248,0.6017,798.5358716402966
5098.480628425118,0.5956,814.9764517121083
5098.520639067233,0.6312,725.638873148831
5098.560649709352,0.6556,672.6306948754187
5098.600660351476,0.6593,665.1022664963425
5098.650673654139,0.6333,720.8344748118506
5098.690684296273,0.6319,724.0320838978145
5098.730694938412,0.6267,736.0971247628914
5098.780708241091,0.6179,757.2130682927277
5098.820718883241,0.6611,661.4854083316768
5098.860729525395,0.6702,643.6440423389662
5098.910742828095,0.6268,735.8622692326047
5098.950753470258,0.71,573.506013324888
5098.990764112426,0.6446,695.7832137606149
5099.040777415144,0.6446,695.7832137606149
5099.080788057322,0.6612,661.2853374343779
5099.120798699506,0.6753,633.958911506582
5099.1608093416935,0.6585,666.7192876431501
5099.210822644434,0.6803,624.6743564133342
5099.250833286634,0.5909,827.9925836709962
5099.290843928836,0.6432,698.815412451461
5099.340857231596,0.6763,632.0855142598512
5099.380867873809,0.7001,589.8403801009807
5099.420878516025,0.6025,796.4166898318714
5099.4708918188035,0.6146,765.3663631413497
5099.510902461032,0.6455,693.8443528004103
5099.550913103263,0.6381,710.0305680802928
5099.5909237455,0.7079,576.9136904119069
5099.6409370483025,0.6898,607.5866983706243
5099.68094769055,0.6202,751.6072703809402
5099.720958332801,0.6382,709.8080754986214
5099.770971635622,0.6659,651.983436269316
5099.810982277883,0.6749,634.7106031220786
5099.850992920149,0.6035,793.7795546510921
5099.901006222988,0.6981,593.2249064166059
5099.941016865265,0.6696,644.798041355506
5099.981027507545,0.6288,731.1886633911978
5100.021038149832,0.644,697.0803061611653
5100.0710514526945,0.6602,663.2901394830026
5100.111062094989,0.676,632.646660562635
5100.15107273729,0.6122,771.3790283054716
5100.2010860401715,0.6615,660.6856690562464
5100.241096682481,0.6493,685.7467424959774
5100.281107324797,0.6497,684.9026180185402
5100.331120627698,0.6706,642.8764299053668
5100.371131270023,0.6193,753.7934062559386
5100.411141912352,0.5906,828.8339668139778
5100.461155215271,0.6037,793.2536995876713
5100.50116585761,0.6103,776.1894466112977
5100.541176499955,0.6446,695.7832137606149
5100.591189802893,0.6231,744.6273783283174
5100.631200445247,0.6085,780.7883131291383
5100.671211087606,0.6165,760.6560537016675
5100.711221729969,0.6661,651.5919727791234
5100.761235032931,0.6623,659.0905353761983
5100.801245675305,0.6452,694.4897383422962
5100.841256317683,0.6573,669.1558987599942
5100.891269620663,0.6383,709.5856874797593
5100.931280263051,0.6523,679.4536063615044
5100.971290905444,0.6951,598.3565784634387
5101.021304208443,0.7056,580.6808735468517
5101.061314850846,0.6106,775.4269204101753
5101.101325493254,0.6202,751.6072703809402
5101.141336135666,0.5788,862.9732843273061
5101.191349438689,0.5778,865.9629643663386
5101.231360081111,0.5805,857.9262423924343
5101.271370723538,0.6295,729.5634158131186
5101.321384026577,0.7529,510.0117112490995
5101.361394669016,0.6732,637.9202549412356
5101.401405311456,0.6459,692.9852372302136
5101.451418614516,0.5735,878.9972932243977
5101.491429256968,0.6318,724.2612982811278
5101.531439899425,0.7086,575.77443118309
5101.571450541886,0.7047,582.1650392011038
5101.62146384497,0.681,623.390812589412
5101.6614744874405,0.6489,686.5924284774734
5101.701485129917,0.6401,705.6005089466823
5101.751498433018,0.6752,634.146709172002
5101.791509075505,0.6875,611.6587999518189
5101.8315197179945,0.7066,579.0384474074723
5101.881533021115,0.6364,713.829003807555
5101.921543663617,0.674,636.4068051562897
5101.96155430612,0.6817,622.1112207296135
5102.011567609259,0.6649,653.9460554332796
5102.051578251776,0.6225,746.0634940633661
5102.0915888942955,0.6116,772.8932653364081
5102.1315995368195,0.6612,661.2853374343779
5102.181612839981,0.7262,548.204014430895
5102.221623482516,0.6022,797.2103933291692
5102.261634125056,0.6117,772.640583032604
5102.311647428236,0.6229,745.1056224924322
5102.351658070786,0.6639,655.9175498522434
5102.391668713341,0.6266,736.3320927447719
5102.441682016539,0.5871,838.7456031128776
5102.481692659104,0.6103,776.1894466112977
5102.5217033016725,0.6234,743.910874945065
5102.571716604889,0.6477,689.13889404359
5102.611727247468,0.5918,825.4761070607834
5102.651737890052,0.7214,555.5234761428325
5102.69174853264,0.6897,607.762899578243
5102.741761835881,0.6437,697.7302129455305
5102.78177247848,0.6552,673.4522272177527
5102.821783121082,0.6896,607.9391774449658
5102.871796424342,0.6658,652.1793003183653
5102.9118070669565,0.6535,676.9605857413667
5102.951817709573,0.6429,699.4677478420647
5103.001831012852,0.668,647.8905888381482
5103.0418416554785,0.6187,755.2561333130311
5103.081852298111,0.5649,905.9645612727683
5103.131865601408,0.6457,693.4145954379046
5103.1718762440505,0.6967,595.611437558327
5103.211886886697,0.6788,627.4381909648197
5103.25189752935,0.6201,751.8497043953985
5103.301910832671,0.6809,623.5739336567905
5103.341921475331,0.6244,741.5299845386543
5103.381932117998,0.7186,559.8610602490293
5103.431945421336,0.6822,621.1996371328656
5103.471956064013,0.6351,716.75429428049
5103.511966706694,0.605,789.8483436347323
5103.561980010052,0.6742,636.0292842621162
5103.601990652743,0.6699,644.2206542530074
5103.642001295439,0.6647,654.3396425874564
5103.682011938138,0.6553,673.2467030869291
5103.732025241521,0.6413,702.9623455240848
5103.772035884231,0.6513,681.5416584877997
5103.812046526946,0.62,752.0922557259087
5103.862059830344,0.5803,858.5177106711278
5103.90207047307,0.6362,714.277881571414
5103.942081115801,0.731,541.0282649974905
5103.992094419218,0.7285,544.7479344935098
5104.032105061958,0.6442,696.6475393088004
5104.072115704703,0.6525,679.0371475510505
5104.11212634745,0.6473,689.9908646982539
5104.162139650893,0.6144,765.8647288238841
5104.202150293652,0.6422,700.9934205544466
5104.2421609364155,0.6957,597.324930864314
5104.292174239877,0.6283,732.3528818187253
5104.33218488265,0.6549,674.0693645953709
5104.372195525429,0.6519,680.2876741839065
5104.422208828909,0.669,645.9551466896271
5104.462219471695,0.6906,606.1798431109926
5104.502230114489,0.6006,801.4635851919433
5104.5522434179875,0.575,874.4172101792738
5104.592254060789,0.5945,817.9951294467905
5104.632264703598,0.677,630.7790727200181
5104.672275346409,0.6515,681.1232787477865
5104.722288649931,0.6112,773.9052351139741
5104.762299292753,0.5509,952.5960477185802
5104.80230993558,0.6192,754.0368988454171
5104.852323239121,0.6041,792.2035558842641
5104.892333881957,0.6263,737.0376721182855
5104.932344524799,0.6086,780.5317495786442
5104.982357828358,0.6199,752.3349244481767
5105.022368471208,0.6154,763.3777569785374
5105.062379114065,0.6289,730.9561528589721
5105.112392417641,0.6522,679.6619794537387
5105.152403060507,0.6688,646.3415406876912
5105.192413703379,0.6719,640.3911504938945
5105.232424346254,0.6747,635.0869503787114
5105.282437649854,0.6008,800.9300773009674
5105.322448292739,0.6922,603.38075204625
5105.3624589356305,0.655,673.8635579144659
5105.41247223925,0.6475,689.564682003514
5105.4524828821495,0.6563,671.1966260854363
5105.492493525054,0.6959,596.9816411744831
5105.542506828691,0.7289,544.1502144042702
5105.582517471608,0.6927,602.510011296249
5105.622528114526,0.5795,860.8897108621433
5105.662538757451,0.647,690.6308799360243
5105.712552061113,0.6148,764.8684837475008
5105.752562704047,0.652,680.079013306097
5105.792573346986,0.6873,612.014828995434
5105.842586650666,0.6788,627.4381909648197
5105.882597293614,0.6769,630.9654591091286
5105.922607936568,0.5992,805.2131110505792
5105.972621240266,0.6232,744.3884288926855
5106.01263188323,0.6135,768.1134092276328
5106.052642526197,0.6213,748.948217490381
5106.102655829914,0.5933,821.307400394369
5106.1426664728915,0.5813,855.5664710702839
5106.182677115876,0.6325,722.6590798962142
5106.222687758863,0.6268,735.8622692326047
5106.272701062604,0.6526,678.8290617154155
5106.3127117056,0.6791,626.8839585879632
5106.352722348603,0.6171,759.177619023529
5106.402735652361,0.6237,743.1954052268944
5106.4427462953745,0.6403,705.1597847805825
5106.482756938391,0.7004,589.3352003041799
5106.532770242166,0.6887,609.5291352542652
5106.572780885194,0.6833,619.2011925648817
5106.612791528226,0.6691,645.7620796111703
5106.652802171261,0.5963,813.0641669102398
5106.702815475063,0.6945,599.3909010302123
5106.742826118109,0.6441,696.86387234302
5106.782836761159,0.6792,626.6993776436024
5106.8328500649795,0.6624,658.8915499322572
5106.87286070804,0.655,673.8635579144659
5106.912871351106,0.6091,779.2508267310756
5106.962884654943,0.6178,757.458219838685
5107.002895298019,0.5682,895.4717909125881
5107.042905941099,0.5866,840.1760525378279
5107.092919244957,0.636,714.7271828707753
5107.1329298880455,0.6344,718.3369046802311
5107.17294053114,0.6494,685.53556513589
5107.212951174239,0.6263,737.0376721182855
5107.262964478119,0.6524,679.2453290801851
5107.302975121228,0.6731,638.109815688169
5107.342985764343,0.6726,639.0588880142762
5107.392999068242,0.6157,762.634027363741
5107.433009711366,0.6029,795.3602610052694
5107.473020354493,0.667,649.8347426346616
5107.523033658411,0.6901,607.0585542581215
5107.56304430155,0.625,740.1069326381634
5107.603054944693,0.6064,786.2055026326718
5107.653068248626,0.6592,665.3040722321056
5107.693078891782,0.6443,696.431306995942
5107.73308953494,0.5834,849.418192534278
5107.773100178101,0.5922,824.3613540297664
5107.823113482061,0.6421,701.2117812193483
5107.863124125232,0.663,657.6995274597556
5107.90313476841,0.5919,825.1972069149367
5107.953148072387,0.5897,831.3658255151122
5107.993158715574,0.6274,734.4554935206304
5108.033169358766,0.6356,715.627058208842
5108.083182662763,0.6301,728.1746554835524
5108.123193305965,0.6662,651.3963732320731
5108.163203949171,0.6254,739.1605059451775
5108.203214592381,0.6449,695.1360247698663
5108.253227896402,0.6596,664.4973999038551
5108.2932385396225,0.6528,678.4131768901287
5108.333249182847,0.6633,657.1047289044819
5108.383262486886,0.6119,772.1355900261239
5108.423273130122,0.5833,849.7094627374298
5108.4632837733625,0.5561,934.8642335019064
5108.51329707742,0.6818,621.9287435557488
5108.55330772067,0.6013,799.5986358457099
5108.5933183639245,0.6438,697.5134763997344
5108.643331667999,0.6915,604.6029637430549
5108.683342311264,0.6694,645.183397437129
5108.723352954533,0.6561,671.6058916874662
5108.763363597808,0.6458,693.1998664706099
5108.813376901908,0.6013,799.5986358457099
5108.853387545191,0.6453,694.2745098126518
5108.893398188479,0.6703,643.4520103918944
5108.943411492597,0.6866,613.2633816940041
5108.983422135896,0.6148,764.8684837475008
5109.0234327791995,0.6717,640.7725621572486
5109.073446083335,0.6132,768.865170529644
5109.113456726647,0.6252,739.6334922222974
5109.153467369964,0.6433,698.5981701037441
5109.193478013289,0.6874,611.836775628501
5109.2434913174475,0.7284,544.8975183979533
5109.28350196078,0.6083,781.3018198757754
5109.323512604117,0.6916,604.4281348306171
5109.373525908296,0.6448,695.3516540656999
5109.413536551642,0.6597,664.2959610591738
5109.453547194995,0.6376,711.1446017272496
5109.50356049919,0.5628,912.738092451234
5109.543571142553,0.6152,763.8741812970206
5109.58358178592,0.6136,767.8630671262991
5109.633595090135,0.577,868.3659086503775
5109.673605733509,0.6098,777.4628254034792
5109.713616376892,0.5594,923.8669261966144
5109.753627020277,0.5917,825.7551486245318
5109.803640324515,0.598,808.4479725942798
5109.843650967912,0.6259,737.980023301183
5109.883661611312,0.6523,679.4536063615044
5109.933674915568,0.5506,953.6343918876548
5109.973685558979,0.6273,734.6896758460007
5110.013696202394,0.6675,648.8615735170116
5110.0637095066695,0.6323,723.116313631574
5110.103720150094,0.6717,640.7725621572486
5110.143730793525,0.767,491.43268332054623
5110.193744097817,0.6554,673.0412730245237
5110.233754741257,0.6365,713.6047235851054
5110.273765384702,0.6687,646.5348677109287
5110.313776028151,0.6421,701.2117812193483
5110.363789332467,0.6453,694.2745098126518
5110.403799975927,0.6584,666.9218298383614
5110.443810619389,0.6098,777.4628254034792
5110.493823923724,0.6818,621.9287435557488
5110.533834567198,0.6331,721.2899776984669
5110.573845210676,0.5955,815.2501858887127
5110.623858515031,0.6584,666.9218298383614
5110.6638691585185,0.6797,625.7776946210587
5110.703879802011,0.6575,668.7488702528714
5110.743890445508,0.6557,672.4255466740544
5110.793903749887,0.6866,613.2633816940041
5110.833914393394,0.6993,591.1907062550191
5110.873925036905,0.633,721.5178910671789
5110.923938341302,0.7436,522.8486204299231
5110.963948984824,0.6462,692.3419472531975
5111.0039596283505,0.675,634.5225549302711
5111.053972932765,0.6768,631.1519281223005
5111.0939835763,0.6471,690.4174426158895
5111.133994219843,0.5981,808.1776569158159
5111.184007524275,0.6198,752.5777106379697
5111.224018167826,0.6293,730.0272188886959
5111.264028811382,0.6512,681.750992929264
5111.304039454942,0.67,644.0283642181697
5111.3540527594,0.679,627.0686210909093
5111.39406340297,0.6869,612.7278202706603
5111.434074046545,0.644,697.0803061611653
5111.484087351019,0.6671,649.6399337416271
5111.524097994606,0.6207,750.3968574039867
5111.564108638194,0.5882,835.6114450163224
5111.614121942687,0.6507,682.7991132216392
5111.654132586286,0.6534,677.1678129689296
5111.694143229892,0.6497,684.9026180185402
5111.734153873501,0.7186,559.8610602490293
5111.784167178016,0.6431,699.0327561483768
5111.824177821635,0.6155,763.1297262704591
5111.864188465259,0.6197,752.8206143711158
5111.914201769794,0.6577,668.3422130086332
5111.954212413428,0.6799,625.4095906441034
5111.994223057065,0.6068,785.1693192758423
5112.044236361619,0.6959,596.9816411744831
5112.084247005268,0.7062,579.6945806435051
5112.12425764892,0.6723,639.6293480950037
5112.174270953492,0.6689,646.1483003645354
5112.214281597155,0.6716,640.9633957822765
5112.254292240822,0.5992,805.2131110505792
5112.294302884494,0.6355,715.8522925868757
5112.34431618909,0.6663,651.2008617465156
5112.384326832772,0.6611,661.4854083316768
5112.424337476457,0.6406,704.4994723539604
5112.474350781073,0.6023,796.9456937145474
5112.514361424768,0.6694,645.183397437129
5112.554372068469,0.7032,584.6513238400457
5112.604385373102,0.678,628.9197424326032
5112.6443960168135,0.6724,639.4391098933926
5112.684406660528,0.6717,640.7725621572486
5112.734419965179,0.7025,585.8170441056333
5112.774430608904,0.6998,590.3462097386151
5112.814441252635,0.7142,566.7806159543204
5112.85445189637,0.6166,760.4093481749757
5112.904465201044,0.6033,794.305932779008
5112.94447584479,0.6614,660.8854678515246
5112.984486488539,0.643,699.2502012575443
5113.034499793232,0.634,719.2436079933482
5113.074510436992,0.6232,744.3884288926855
5113.1145210807545,0.5546,939.9280278645157
5113.164534385466,0.638,710.2531652903355
5113.204545029241,0.637,712.4849064115425
5113.244555673019,0.6418,701.8674757413701
5113.284566316801,0.6041,792.2035558842641
5113.334579621537,0.6239,742.7189986915627
5113.374590265329,0.6387,708.6971797229679
5113.414600909127,0.6904,606.5310984795309
5113.464614213881,0.6527,678.6210715146401
5113.504624857688,0.6493,685.7467424959774
5113.544635501501,0.6505,683.2190382199622
5113.594648806272,0.6485,687.4396798168036
5113.634659450095,0.6669,650.0296391674648
5113.674670093921,0.6735,637.3520792330735
5113.724683398712,0.6713,641.536408440036
5113.764694042549,0.6574,668.952338070334
5113.80470468639,0.581,856.4502430676222
5113.844715330237,0.6109,774.665517312568
5113.89472863505,0.622,747.2634332247658
5113.934739278906,0.6244,741.5299845386543
5113.974749922766,0.6454,694.0593813193516
5114.024763227599,0.6054,788.8049526793899
5114.06477387147,0.6743,635.8406497733218
5114.104784515345,0.716,563.9344670528927
5114.154797820195,0.7022,586.3177060382059
5114.194808464081,0.6391,707.8103397395244
5114.234819107971,0.5902,829.9578074469775
5114.274829751865,0.6139,767.11277470308
5114.324843056738,0.6646,654.536569426445
5114.364853700644,0.6782,628.5488629978042
5114.404864344552,0.6595,664.6989303878743
5114.454877649445,0.6662,651.3963732320731
5114.494888293363,0.6584,666.9218298383614
5114.534898937286,0.6205,750.880671477732
5114.584912242198,0.7054,581.0101972607706
5114.624922886132,0.6134,768.3638737753795
5114.664933530069,0.6046,790.8938061765934
5114.714946834998,0.6804,624.4907504364043
5114.754957478946,0.6447,695.5673837085246
5114.7949681229,0.5964,812.7915328929626
5114.834978766857,0.6348,717.4319148192683
5114.88499207181,0.6814,622.6591343684183
5114.925002715778,0.6747,635.0869503787114
5114.96501335975,0.5836,848.8361012460364
5115.01502666472,0.525,1048.903743659714
5115.055037308703,0.5827,851.4602342591339
5115.095047952689,0.6587,666.3144799562906
5115.145061257677,0.6334,720.6068851576168
5115.185071901675,0.6726,639.0588880142762
5115.225082545675,0.6545,674.8935348798766
5115.275095850683,0.6926,602.6840085926665
5115.315106494694,0.685,616.131603378498
5115.35511713871,0.7084,576.0995892273168
5115.39512778273,0.6898,607.5866983706243
5115.445141087762,0.6582,667.3271912126454
5115.485151731792,0.6553,673.2467030869291
5115.525162375827,0.6889,609.1752727069477
5115.575175680875,0.6459,692.9852372302136
5115.61518632492,0.6578,668.1390234690116
5115.655196968969,0.7065,579.202376241746
5115.705210274038,0.6592,665.3040722321056
5115.745220918097,0.6746,635.2752495427153
5115.785231562161,0.6671,649.6399337416271
5115.82524220623,0.6803,624.6743564133342
5115.875255511321,0.6347,717.6580018845583
5115.9152661554,0.5975,809.8015874581513
5115.955276799483,0.6011,800.1308137380701
5116.005290104594,0.6419,701.6488087491907
5116.045300748686,0.6543,675.3061869663853
5116.085311392784,0.6967,595.611437558327
5116.1353246979115,0.6905,606.3554326430326
5116.175335342021,0.7157,564.407334347284
5116.215345986132,0.6478,688.9261479368654
5116.265359291278,0.6026,796.1523853888858
5116.3053699354,0.5975,809.8015874581513
5116.345380579527,0.6084,781.0450032004477
5116.385391223658,0.5903,829.6766330942643
5116.435404528829,0.61,776.9530981258581
5116.475415172971,0.5973,810.3439854546449
5116.515425817116,0.5942,818.8213161654254
5116.565439122304,0.6538,676.3394744806377
5116.605449766462,0.5528,946.0590766056902
5116.645460410622,0.6802,624.8580433749171
5116.6954737158285,0.6277,733.7536179626593
5116.735484359999,0.6064,786.2055026326718
5116.7754950041735,0.6868,612.906262767875
5116.825508309397,0.7116,570.9299123324171
5116.865518953583,0.666,651.7876604405599
5116.905529597773,0.6608,662.0861661062779
5116.945540241966,0.6347,717.6580018845583
5116.995553547215,0.6352,716.5286340958262
5117.035564191419,0.6405,704.7194734057382
5117.075574835629,0.6388,708.4753135365233
5117.125588140896,0.6199,752.3349244481767
5117.1655987851145,0.601,800.3971019406689
5117.2056094293375,0.6069,784.9105935092001
5117.255622734623,0.5991,805.4819406178253
5117.295633378856,0.5776,866.5627644971851
5117.335644023094,0.5762,870.7788686561303
5117.375654667337,0.6276,733.9874646502768
5117.425667972645,0.623,744.8664428369326
5117.465678616898,0.5459,970.125939443188
5117.505689261155,0.5798,859.9990601141571
5117.555702566482,0.6518,680.496431108002
5117.595713210749,0.6006,801.4635851919433
5117.63572385502,0.6366,713.3805490470355
5117.685737160366,0.6038,792.9909679886022
5117.725747804648,0.6012,799.8646584025433
5117.765758448935,0.5839,847.9640855708013
5117.815771754299,0.6246,741.0551782133681
5117.855782398594,0.6573,669.1558987599942
5117.895793042894,0.6747,635.0869503787114
5117.935803687199,0.6891,608.8217182229125
5117.985816992587,0.6728,638.6790051644089
5118.025827636902,0.6235,743.6722702855706
5118.065838281223,0.575,874.4172101792738
5118.115851586627,0.617,759.4237253152888
5118.155862230957,0.7107,572.3768281835593
5118.195872875292,0.636,714.7271828707753
5118.245886180715,0.6255,738.9241829271591
5118.285896825059,0.6479,688.7135003311564
5118.325907469409,0.7173,561.8922268298978
5118.365918113762,0.6188,755.012049962311
5118.41593141921,0.6532,677.582552984393
5118.455942063572,0.6799,625.4095906441034
5118.49595270794,0.7403,527.5203581686625
5118.545966013407,0.6307,726.789856744917
5118.585976657786,0.6475,689.564682003514
5118.625987302167,0.6064,786.2055026326718
5118.676000607652,0.5699,890.1374203792418
5118.716011252044,0.5531,945.0330768258165
5118.756021896442,0.5868,839.6034339679923
5118.806035201944,0.6231,744.6273783283174
5118.8460458463505,0.6518,680.496431108002
5118.886056490762,0.6632,657.3029054058125
5118.9260671351785,0.6446,695.7832137606149
5118.976080440704,0.6702,643.6440423389662
5119.016091085131,0.6708,642.493138531159
5119.056101729561,0.6371,712.2612593005679
5119.106115035106,0.6065,785.946264581036
5119.146125679546,0.6616,660.4859608519869
5119.186136323991,0.6421,701.2117812193483
5119.236149629554,0.6745,635.463632463358
5119.27616027401,0.6733,637.7307786498443
5119.316170918469,0.6718,640.5818137446965
5119.366184224049,0.6783,628.3635462931535
5119.40619486852,0.6494,685.53556513589
5119.446205512994,0.6862,613.9785565460501
5119.486216157473,0.5999,803.3350667461971
5119.536229463076,0.6353,716.303080463375
5119.576240107565,0.6324,722.887642537968
5119.616250752059,0.64,705.8210259877183
5119.666264057682,0.6074,783.6188808969594
5119.7062747021855,0.6492,685.9580174500106
5119.746285346694,0.6663,651.2008617465156
5119.796298652335,0.5989,806.0200037928441
5119.836309296853,0.6209,749.9135107826837
5119.876319941375,0.6608,662.0861661062779
5119.916330585902,0.6239,742.7189986915627
5119.966343891567,0.6659,651.983436269316
5120.006354536104,0.6848,616.4915453620733
5120.046365180644,0.6398,706.2623703087338
5120.096378486328,0.6366,713.3805490470355
5120.13638913088,0.5608,919.2599471120345
5120.176399775436,0.6313,725.409004543698
5120.226413081137,0.6155,763.1297262704591
5120.266423725702,0.5921,824.6398304948517
5120.306434370273,0.5788,862.9732843273061
5120.356447675992,0.6274,734.4554935206304
5120.396458320573,0.5843,846.8034867198543
5120.436468965159,0.585,844.778164379842
5120.476479609747,0.6118,772.388024622837
5120.526492915492,0.6367,713.156480126956
5120.5665035600905,0.6205,750.880671477732
5120.6065142046955,0.6652,653.3563402103241
5120.656527510456,0.6591,665.5059698298343
5120.69653815507,0.6481,688.2885003796387
5120.736548799689,0.6698,644.4130304198706
5120.786562105469,0.7003,589.5035214339747
5120.826572750097,0.659,665.707959345291
5120.86658339473,0.5789,862.6751681558546
5120.906594039367,0.5829,850.8760430078672
5120.9566073451715,0.5992,805.2131110505792
5120.996617989818,0.5931,821.8614010635393
5121.036628634471,0.6368,712.932516758529
5121.086641940292,0.6396,706.7041287128925
5121.126652584954,0.621,749.6720125785359
5121.166663229622,0.6027,795.8882124949679
5121.216676535461,0.5735,878.9972932243977
5121.256687180138,0.6403,705.1597847805825
5121.2966978248205,0.6396,706.7041287128925
5121.346711130678,0.6355,715.8522925868757
5121.386721775369,0.576,871.3836801375554
5121.426732420065,0.6724,639.4391098933926
5121.466743064766,0.6906,606.1798431109926
5121.516756370647,0.6432,698.815412451461
5121.556767015357,0.691,605.4782471441702
5121.596777660073,0.6664,651.0054382695965
5121.646790965972,0.6615,660.6856690562464
5121.686801610697,0.693,601.9884712712892
5121.726812255426,0.6637,656.3129184758362
5121.776825561344,0.5685,894.5269529765903
5121.816836206083,0.6457,693.4145954379046
5121.856846850827,0.744,522.286569497288
5121.906860156762,0.7461,519.350617798941
5121.946870801518,0.7062,579.6945806435051
5121.986881446275,0.6619,659.8873792379434
5122.0268920910385,0.6364,713.829003807555
5122.076905396998,0.65,684.2705470859006
5122.116916041771,0.6651,653.5528232880181
5122.156926686548,0.632,723.8029783100167
5122.206939992527,0.6312,725.638873148831
5122.246950637314,0.6567,670.379216382811
5122.286961282106,0.6439,697.2968408258495
5122.336974588103,0.6559,672.0155317313674
5122.376985232904,0.6268,735.8622692326047
5122.416995877711,0.6301,728.1746554835524
5122.457006522522,0.603,795.0964822351367
5122.507019828542,0.5919,825.1972069149367
5122.5470304733635,0.6035,793.7795546510921
5122.587041118189,0.583,850.5841728158088
5122.637054424225,0.6376,711.1446017272496
5122.677065069062,0.6432,698.815412451461
5122.717075713902,0.5778,865.9629643663386
5122.767089019959,0.5994,804.6758555072929
5122.8070996648075,0.6178,757.458219838685
5122.847110309663,0.6544,675.0998136296423
5122.897123615738,0.5799,859.7024836607255
5122.937134260602,0.6337,719.9247625343668
5122.9771449054715,0.6496,685.1135029572015
5123.017155550345,0.6817,622.1112207296135
5123.0671688564435,0.6811,623.2077721742236
5123.107179501327,0.6571,669.5632989820714
5123.147190146215,0.667,649.8347426346616
5123.197203452331,0.6621,659.4887767808736
5123.237214097229,0.6172,758.9316323458108
5123.277224742132,0.6302,727.9435809907236
5123.327238048267,0.6726,639.0588880142762
5123.367248693179,0.679,627.0686210909093
5123.407259338096,0.6711,641.9188438725886
5123.4472699830185,0.6555,672.8359369731382
5123.497283289175,0.6722,639.8196712053036
5123.537293934106,0.6821,621.3817934917876
5123.577304579042,0.652,680.079013306097
5123.62731788522,0.6813,622.8419331110301
5123.667328530165,0.6738,636.7846622716207
5123.7073391751155,0.7141,566.9393666915018
5123.757352481311,0.6358,715.1769082386386
5123.797363126272,0.6537,676.5464165553914
5123.837373771235,0.6208,750.1551256994276
5123.88738707745,0.6663,651.2008617465156
5123.927397722425,0.6757,633.2085544501898
5123.967408367404,0.646,692.7707076549699
5124.007419012388,0.6403,705.1597847805825
5124.057432318625,0.6516,680.9142333309185
5124.097442963618,0.6312,725.638873148831
5124.137453608618,0.6659,651.983436269316
5124.187466914873,0.6422,700.9934205544466
5124.227477559881,0.6676,648.6672020355408
5124.267488204894,0.61,776.9530981258581
5124.3175015111665,0.6538,676.3394744806377
5124.35751215619,0.6075,783.3609210300219
5124.397522801217,0.6523,679.4536063615044
5124.447536107508,0.7116,570.9299123324171
5124.487546752546,0.6848,616.4915453620733
5124.527557397588,0.617,759.4237253152888
5124.567568042635,0.6368,712.932516758529
5124.617581348947,0.6236,743.4337804040489
5124.657591994005,0.6645,654.7335851780115
5124.697602639067,0.7002,589.6719146858385
5124.747615945399,0.6438,697.5134763997344
5124.787626590471,0.7244,550.9317665772754
5124.827637235545,0.7052,581.3398012100361
5124.8776505418955,0.6451,694.705066970318
5124.917661186982,0.6088,780.0190017076309
5124.957671832072,0.6482,688.0761479123739
5124.9976824771675,0.6692,645.5690990774075
5125.047695783542,0.6369,712.7086588754692
5125.087706428646,0.6516,680.9142333309185
5125.127717073756,0.6576,668.5454952511192
5125.177730380148,0.6066,785.6871547273503
5125.217741025268,0.5892,832.7774296652734
5125.2577516703905,0.6359,714.951992512799
5125.307764976802,0.6652,653.3563402103241
5125.3477756219345,0.6358,715.1769082386386
5125.387786267073,0.6222,746.7831104138288
5125.437799573502,0.667,649.8347426346616
5125.47781021865,0.6856,615.0536667921834
5125.517820863803,0.6645,654.7335851780115
5125.55783150896,0.653,677.9976741357431
5125.607844815413,0.6133,768.6144608494056
5125.64785546058,0.6447,695.5673837085246
5125.687866105751,0.6476,689.3517387121756
5125.737879412221,0.6299,728.6371346711887
5125.777890057403,0.5632,911.4420521852775
5125.817900702589,0.627,735.3928952398893
5125.867914009077,0.6919,603.9041028389668
5125.907924654273,0.6548,674.2752655747248
5125.947935299474,0.6686,646.7282814861217
5125.987945944679,0.6817,622.1112207296135
5126.037959251191,0.6421,701.2117812193483
5126.077969896407,0.6565,670.7877344690592
5126.117980541625,0.5909,827.9925836709962
5126.167993848157,0.621,749.6720125785359
5126.208004493386,0.5852,844.2008353544602
5126.24801513862,0.6675,648.8615735170116
5126.298028445169,0.5929,822.4159624611646
5126.338039090414,0.61,776.9530981258581
5126.378049735661,0.6074,783.6188808969594
5126.428063042228,0.6611,661.4854083316768
5126.468073687486,0.623,744.8664428369326
5126.5080843327505,0.6253,739.3969423527063
5126.548094978018,0.6143,766.1140942213356
5126.598108284608,0.5675,897.6822428564734
5126.638118929885,0.6812,623.0248123638698
5126.678129575166,0.6362,714.277881571414
5126.728142881776,0.6512,681.750992929264
5126.768153527068,0.635,716.9800610844911
5126.808164172365,0.6564,670.9921335575276
5126.858177478991,0.7054,581.0101972607706
5126.898188124297,0.7061,579.8587882086066
5126.938198769609,0.6386,708.9191501451829
5126.988212076253,0.6255,738.9241829271591
5127.028222721574,0.6017,798.5358716402966
5127.068233366898,0.6759,632.8338753946324
5127.10824401223,0.6909,605.65353189992
5127.158257318898,0.5898,831.0839354040365
5127.198267964239,0.6506,683.0090273126756
5127.238278609582,0.6229,745.1056224924322
5127.288291916268,0.6667,650.4196953627262
5127.328302561622,0.6484,687.651737691544
5127.368313206981,0.6887,609.5291352542652
5127.418326513686,0.6895,608.1155320152683
5127.458337159054,0.6783,628.3635462931535
5127.498347804428,0.6163,761.1498250741096
5127.538358449806,0.5993,804.9444160436644
5127.588371756533,0.597,811.1586047827166
5127.628382401923,0.6647,654.3396425874564
5127.668393047314,0.643,699.2502012575443
5127.71840635406,0.6586,666.5168377011322
5127.758416999463,0.6681,647.6966534597055
5127.79842764487,0.6787,627.6230984320038
5127.848440951633,0.6293,730.0272188886959
5127.88845159705,0.5787,863.271555056255
5127.928462242472,0.635,716.9800610844911
5127.978475549255,0.6535,676.9605857413667
5128.018486194686,0.6245,741.292524353726
5128.058496840121,0.6255,738.9241829271591
5128.098507485562,0.6178,757.458219838685
5128.148520792369,0.6025,796.4166898318714
5128.188531437819,0.5992,805.2131110505792
5128.228542083272,0.5991,805.4819406178253
5128.278555390097,0.6505,683.2190382199622
5128.318566035562,0.6039,792.7283668959464
5128.35857668103,0.5898,831.0839354040365
5128.408589987872,0.6112,773.9052351139741
5128.448600633353,0.6548,674.2752655747248
5128.488611278836,0.6946,599.2183277817971
5128.5286219243235,0.6291,730.4914643830227
5128.57863523119,0.6233,744.1495944561955
5128.618645876686,0.6044,791.4173160066457
5128.658656522189,0.6219,747.5037684267336
5128.708669829073,0.6861,614.1575457329429
5128.748680474587,0.669,645.9551466896271
5128.788691120103,0.6709,642.3016213756698
5128.838704427007,0.6917,604.2533817383419
5128.878715072533,0.682,621.5640299838967
5128.918725718063,0.6289,730.9561528589721
5128.968739024985,0.6125,770.6235779932622
5129.0087496705255,0.647,690.6308799360243
5129.048760316071,0.6275,734.2214231458377
5129.088770961622,0.6104,775.9351462853406
5129.138784268566,0.6287,731.4212848803122
5129.178794914126,0.6468,691.0580516048033
5129.218805559691,0.6504,683.4291460030462
5129.268818866653,0.5987,806.558606288534
5129.308829512227,0.6071,784.3935254726105
5129.348840157807,0.63,728.4058400204123
5129.398853464787,0.64,705.8210259877183
5129.438864110378,0.6271,735.1583766341422
5129.4788747559705,0.6293,730.0272188886959
5129.528888062968,0.6392,707.5888898441284
5129.568898708573,0.6106,775.4269204101753
5129.6089093541805,0.6096,777.9730544626485
5129.648919999794,0.6347,717.6580018845583
5129.698933306815,0.5923,824.0830186008885
5129.738943952438,0.5828,851.1680634545913
5129.778954598064,0.6543,675.3061869663853
5129.828967905104,0.6613,661.0853572926214
5129.868978550742,0.6203,751.3649536068889
5129.908989196383,0.593,822.1386116240142
5129.959002503441,0.5935,820.7539596979565
5129.999013149093,0.6533,677.3751353638443
5130.039023794749,0.6195,753.3067747710862
5130.079034440409,0.5997,803.870979824667
5130.12904774749,0.6399,706.0416464201871
5130.16905839316,0.6314,725.1792451482754
5130.209069038836,0.6421,701.2117812193483
5130.259082345935,0.6636,656.5107368544537
5130.2990929916205,0.662,659.6880328505885
5130.33910363731,0.6825,620.6536483856491
5130.389116944428,0.6447,695.5673837085246
5130.429127590127,0.6483,687.8638937032126
5130.46913823583,0.6895,608.1155320152683
5130.519151542967,0.6278,733.5198830117527
5130.55916218868,0.6522,679.6619794537387
5130.599172834398,0.6683,647.3090438427495
5130.639183480121,0.6086,780.5317495786442
5130.68919678728,0.6279,733.2862597263814
5130.7292074330135,0.6597,664.2959610591738
5130.76921807875,0.7014,587.655946674899
5130.819231385927,0.6335,720.3794032719695
5130.8592420316745,0.5539,942.3052229442917
5130.899252677427,0.5953,815.7980681421927
5130.949265984622,0.584,847.6737122714302
5130.989276630384,0.6099,777.2078990831097
5131.02928727615,0.6405,704.7194734057382
5131.079300583362,0.592,824.9184480914474
5131.1193112291385,0.6659,651.983436269316
5131.159321874919,0.6015,799.0669887149733
5131.199332520705,0.6251,739.8701556265604
5131.2493458279405,0.6133,768.6144608494056
5131.289356473736,0.6045,791.1554961401357
5131.329367119535,0.623,744.8664428369326
5131.379380426791,0.6278,733.5198830117527
5131.4193910726,0.6348,717.4319148192683
5131.459401718414,0.6802,624.8580433749171
5131.509415025687,0.6458,693.1998664706099
5131.54942567151,0.7092,574.8006070534752
5131.589436317339,0.5916,826.0343317018069
5131.629446963172,0.5755,872.8984684920326
5131.679460270469,0.6533,677.3751353638443
5131.719470916311,0.6271,735.1583766341422
5131.759481562159,0.6984,592.7153732151202
5131.809494869474,0.5648,906.2853980855133
5131.849505515331,0.4079,1737.5861917833486
5131.889516161193,0.6767,631.3384798083769
5131.9395294685255,0.5966,812.2466760818915
5131.9795401143965,0.6273,734.6896758460007
5132.019550760272,0.6989,591.8676088589573
5132.069564067625,0.6397,706.4831977180535
5132.109574713511,0.6049,790.1095148449106
5132.149585359401,0.6186,755.5003350452662
5132.189596005295,0.6356,715.627058208842
5132.239609312671,0.6373,711.8142808730074
5132.2796199585755,0.6608,662.0861661062779
5132.319630604483,0.6256,738.6879732261573
5132.369643911876,0.6218,747.7442195924232
5132.409654557796,0.6428,699.685395965089
5132.44966520372,0.5784,864.1672956571327
5132.49967851113,0.6022,797.2103933291692
5132.5396891570645,0.5961,813.6098466282465
5132.579699803002,0.6208,750.1551256994276
5132.619710448945,0.5903,829.6766330942643
5132.669723756379,0.5745,875.9399189679317
5132.709734402331,0.6193,753.7934062559386
5132.749745048289,0.6023,796.9456937145474
5132.799758355741,0.6414,702.7431667119068
5132.839769001708,0.6785,627.9931586676453
5132.879779647679,0.6811,623.2077721742236
5132.929792955151,0.6406,704.4994723539604
5132.969803601131,0.6124,770.875271408593
5133.009814247118,0.6162,761.3968910758081
5133.049824893107,0.6117,772.640583032604
5133.099838200603,0.6307,726.789856744917
5133.139848846601,0.6957,597.324930864314
5133.179859492607,0.6902,606.882659242809
5133.229872800119,0.7092,574.8006070534752
5133.2698834461335,0.6644,654.9306898956894
5133.309894092153,0.6,803.0673111517001
5133.359907399683,0.6374,711.5909494243178
5133.399918045713,0.6448,695.3516540656999
5133.439928691745,0.6587,666.3144799562906
5133.489941999294,0.5862,841.3230484709244
5133.529952645337,0.6477,689.13889404359
5133.569963291386,0.6293,730.0272188886959
5133.6199765989495,0.6251,739.8701556265604
5133.659987245009,0.6428,699.685395965089
5133.699997891072,0.6222,746.7831104138288
5133.740008537138,0.5805,857.9262423924343
5133.790021844728,0.5867,839.8896700531161
5133.830032490804,0.6207,750.3968574039867
5133.870043136886,0.6315,724.9495948933943
5133.920056444494,0.6141,766.6131905250265
5133.960067090585,0.6489,686.5924284774734
5134.00007773668,0.6206,750.6387059716412
5134.050091044305,0.5811,856.1555003117027
5134.090101690413,0.6223,746.5431226559259
5134.130112336523,0.6392,707.5888898441284
5134.170122982638,0.604,792.4658962232834
5134.220136290287,0.5725,882.070702616203
5134.260146936411,0.6355,715.8522925868757
5134.30015758254,0.6314,725.1792451482754
5134.350170890207,0.6542,675.5126549479436
5134.390181536346,0.668,647.8905888381482
5134.430192182488,0.6333,720.8344748118506
5134.480205490175,0.6781,628.7342616948285
5134.520216136328,0.6888,609.352165450333
5134.560226782485,0.6634,656.9066420148181
5134.610240090189,0.6254,739.1605059451775
5134.650250736357,0.6254,739.1605059451775
5134.6902613825305,0.6328,721.9740419966378
5134.730272028706,0.6369,712.7086588754692
5134.780285336433,0.6156,762.8818164250316
5134.820295982619,0.6454,694.0593813193516
5134.8603066288115,0.638,710.2531652903355
5134.910319936555,0.5953,815.7980681421927
5134.950330582757,0.6414,702.7431667119068
5134.990341228961,0.6397,706.4831977180535
5135.040354536724,0.645,694.9204957587982
5135.080365182941,0.6507,682.7991132216392
5135.1203758291595,0.6442,696.6475393088004
5135.160386475384,0.5966,812.2466760818915
5135.21039978317,0.6165,760.6560537016675
5135.250410429405,0.6634,656.9066420148181
5135.290421075643,0.5649,905.9645612727683
5135.340434383448,0.6257,738.4518767697364
5135.380445029697,0.5807,857.3353851336137
5135.4204556759505,0.5489,959.5505368399215
5135.470468983773,0.5966,812.2466760818915
5135.510479630036,0.59,830.5205851222854
5135.550490276302,0.5974,810.0727183616855
5135.6005035841445,0.6197,752.8206143711158
5135.640514230421,0.6118,772.388024622837
5135.680524876703,0.6524,679.2453290801851
5135.720535522989,0.6204,751.1227539976607
5135.770548830854,0.6305,727.2510170783952
5135.8105594771505,0.6364,713.829003807555
5135.850570123451,0.5941,819.0969899073652
5135.900583431334,0.5849,845.0670510050529
5135.940594077643,0.6126,770.3720078259533
5135.980604723959,0.6184,755.9890939606099
5136.030618031858,0.6328,721.9740419966378
5136.070628678182,0.6151,764.1225750647731
5136.110639324514,0.6536,676.7534536229182
5136.16065263243,0.6528,678.4131768901287
5136.200663278771,0.6165,760.6560537016675
5136.2406739251155,0.6549,674.0693645953709
5136.280684571463,0.6836,618.6578358492776
5136.3306978794035,0.6534,677.1678129689296
5136.370708525762,0.6214,748.7071853856321
5136.410719172125,0.5952,816.0722164045283
5136.4607324800845,0.6382,709.8080754986214
5136.500743126457,0.6203,751.3649536068889
5136.540753772834,0.6411,703.4010108793157
5136.590767080812,0.6885,609.8833062228697
5136.6307777271995,0.6609,661.8858226126403
5136.67078837359,0.6474,689.7777239785446
5136.710799019986,0.6153,763.625908627844
5136.760812327988,0.6463,692.1277163034166
5136.800822974394,0.5987,806.558606288534
5136.840833620804,0.6164,760.9028793087314
5136.8908469288235,0.682,621.5640299838967
5136.930857575243,0.6193,753.7934062559386
5136.970868221669,0.5922,824.3613540297664
5137.020881529706,0.6223,746.5431226559259
5137.06089217614,0.6601,663.4911209634267
5137.100902822579,0.6241,742.243050091914
5137.140913469023,0.5912,827.1524810615109
5137.190926777083,0.6144,765.8647288238841
5137.230937423537,0.639,708.0318936099794
5137.270948069994,0.6569,669.9710713718611
5137.320961378074,0.6779,629.1053052595406
5137.36097202454,0.6561,671.6058916874662
5137.4009826710135,0.6254,739.1605059451775
5137.450995979111,0.6026,796.1523853888858
5137.4910066255925,0.6053,789.0656065064129
5137.531017272079,0.6492,685.9580174500106
5137.581030580192,0.5931,821.8614010635393
5137.62104122669,0.611,774.4119654774103
5137.66105187319,0.5887,834.1926320856663
5137.701062519697,0.6201,751.8497043953985
5137.751075827834,0.6735,637.3520792330735
5137.791086474351,0.6385,709.1412248684735
5137.831097120869,0.6353,716.303080463375
5137.881110429026,0.6234,743.910874945065
5137.921121075555,0.6078,782.5878052295855
5137.96113172209,0.6309,726.3291349150084
5138.011145030265,0.648,688.5009511656647
5138.051155676808,0.5707,887.643607248187
5138.091166323357,0.5739,877.7724255631703
5138.141179631549,0.6549,674.0693645953709
5138.181190278107,0.6858,614.694983160747
5138.2212009246705,0.7077,577.2398141335484
5138.261211571237,0.6788,627.4381909648197
5138.311224879453,0.6831,619.5638281565105
5138.351235526032,0.6208,750.1551256994276
5138.391246172612,0.6618,660.0868159975315
5138.441259480847,0.6938,600.6010039039409
5138.481270127438,0.6162,761.3968910758081
5138.521280774034,0.6855,615.2331263490358
5138.571294082286,0.6741,636.2180027064959
5138.611304728893,0.6442,696.6475393088004
5138.651315375502,0.6142,766.3635814286002
5138.691326022118,0.6322,723.3450932456564
5138.741339330392,0.6641,655.5225383813304
5138.781349977017,0.6737,636.9737170370005
5138.821360623647,0.6741,636.2180027064959
5138.871373931939,0.657,669.7671386276779
5138.911384578579,0.6363,714.0533897808265
5138.951395225223,0.5944,818.270386028729
5139.0014085335315,0.6284,732.1198157953816
5139.041419180186,0.6179,757.2130682927277
5139.081429826845,0.6943,599.7362712550296
5139.131443135174,0.6603,663.0892493092375
5139.171453781842,0.6526,678.8290617154155
5139.211464428513,0.6549,674.0693645953709
5139.25147507519,0.6146,765.3663631413497
5139.301488383543,0.5753,873.5054899972929
5139.34149903023,0.5965,812.5190359808184
5139.381509676921,0.6676,648.6672020355408
5139.431522985291,0.6681,647.6966534597055
5139.471533631992,0.6364,713.829003807555
5139.511544278697,0.6141,766.6131905250265
5139.561557587087,0.6138,767.3627499437274
5139.601568233802,0.5912,827.1524810615109
5139.6415788805225,0.5956,814.9764517121083
5139.681589527247,0.5901,830.2391247573415
5139.731602835658,0.6031,794.8328346653672
5139.771613482393,0.6289,730.9561528589721
5139.811624129132,0.6057,788.0237656505963
5139.861637437561,0.6624,658.8915499322572
5139.90164808431,0.6696,644.798041355506
5139.9416587310625,0.6009,800.6635230987927
5139.991672039511,0.5938,819.9248469523016
5140.031682686274,0.6275,734.2214231458377
5140.0716933330405,0.6803,624.6743564133342
5140.121706641506,0.6677,648.4729178792016
5140.161717288283,0.6518,680.496431108002
5140.201727935066,0.6203,751.3649536068889
5140.241738581852,0.6172,758.9316323458108
5140.2917518903405,0.6437,697.7302129455305
5140.3317625371365,0.6606,662.4871260751106
5140.371773183938,0.6433,698.5981701037441
5140.421786492445,0.5863,841.0360793884629
5140.4617971392545,0.6522,679.6619794537387
5140.50180778607,0.6091,779.2508267310756
5140.551821094595,0.5872,838.4599516292591
5140.591831741421,0.6439,697.2968408258495
5140.631842388249,0.6039,792.7283668959464
5140.681855696791,0.6857,614.8742857446832
5140.7218663436315,0.6266,736.3320927447719
5140.761876990476,0.6604,662.888450386832
5140.801887637323,0.6271,735.1583766341422
5140.85190094589,0.6125,770.6235779932622
5140.891911592748,0.607,784.6519956028682
5140.93192223961,0.644,697.0803061611653
5140.981935548194,0.6445,695.9991442842926
5141.021946195066,0.6428,699.685395965089
5141.061956841943,0.618,756.9680357425543
5141.111970150546,0.6198,752.5777106379697
5141.151980797433,0.6054,788.8049526793899
5141.191991444323,0.6133,768.6144608494056
5141.232002091218,0.6621,659.4887767808736
5141.282015399844,0.6448,695.3516540656999
5141.322026046751,0.6322,723.3450932456564
5141.36203669366,0.5828,851.1680634545913
5141.412050002303,0.6483,687.8638937032126
5141.452060649222,0.7112,571.5723079039365
5141.4920712961475,0.6235,743.6722702855706
5141.542084604809,0.5947,817.4450327883667
5141.582095251742,0.564,908.8582393465673
5141.622105898681,0.6028,795.6241710628333
5141.67211920736,0.6194,753.5500315898734
5141.71212985431,0.6209,749.9135107826837
5141.752140501262,0.6424,700.5570051069575
5141.792151148219,0.6179,757.2130682927277
5141.842164456923,0.6297,729.1000545943117
5141.8821751038895,0.639,708.0318936099794
5141.922185750862,0.6117,772.640583032604
5141.972199059583,0.5916,826.0343317018069
5142.012209706564,0.5786,863.5699804495599
5142.05222035355,0.6274,734.4554935206304
5142.102233662289,0.6091,779.2508267310756
5142.142244309285,0.6054,788.8049526793899
5142.182254956285,0.6093,778.7393403332908
5142.22226560329,0.6352,716.5286340958262
5142.272278912053,0.6748,634.8987349217019
5142.312289559067,0.6737,636.9737170370005
5142.352300206086,0.686,614.3366132005814
5142.402313514866,0.6651,653.5528232880181
5142.442324161895,0.5943,818.5457815704233
5142.482334808929,0.6448,695.3516540656999
5142.532348117727,0.6357,715.40193011505
5142.572358764769,0.6645,654.7335851780115
5142.612369411817,0.6321,723.5739814488929
5142.662382720633,0.5817,854.390234741517
5142.702393367692,0.5963,813.0641669102398
5142.742404014753,0.6732,637.9202549412356
5142.78241466182,0.6471,690.4174426158895
5142.832427970659,0.611,774.4119654774103
5142.872438617735,0.6246,741.0551782133681
5142.912449264815,0.6021,797.4752248427224
5142.962462573673,0.5625,913.7119376413864
5143.002473220764,0.6459,692.9852372302136
5143.04248386786,0.5736,878.6908360626231
5143.092497176735,0.6107,775.1729946973358
5143.13250782384,0.6093,778.7393403332908
5143.172518470949,0.6396,706.7041287128925
5143.222531779843,0.65,684.2705470859006
5143.262542426963,0.6074,783.6188808969594
5143.302553074086,0.6415,702.5240903914139
5143.342563721214,0.6427,699.9031456898168
5143.392577030132,0.6818,621.9287435557488
5143.432587677269,0.7164,563.3049011738595
5143.4725983244125,0.6793,626.5148782098049
5143.522611633346,0.6191,754.2805094345049
5143.5626222804985,0.6265,736.5671732500487
5143.602632927655,0.6167,760.1627626507766
5143.652646236608,0.6534,677.1678129689296
5143.692656883774,0.6488,686.8040944092098
5143.732667530945,0.6418,701.8674757413701
5143.772678178122,0.6551,673.6578454744364
5143.8226914870975,0.6881,610.5925748585596
5143.862702134283,0.6115,773.1460716152984
5143.902712781473,0.5711,886.4006288555187
5143.952726090467,0.606,787.2437385114481
5143.992736737667,0.65,684.2705470859006
5144.032747384871,0.6001,802.799689401315
5144.082760693882,0.6388,708.4753135365233
5144.122771341096,0.5925,823.5267704709485
5144.162781988314,0.6445,695.9991442842926
5144.212795297344,0.626,737.7442661444679
5144.252805944573,0.591,827.7124073147276
5144.292816591806,0.6015,799.0669887149733
5144.332827239042,0.6304,727.4817618578921
5144.382840548096,0.6692,645.5690990774075
5144.422851195343,0.722,554.6005533498724
5144.462861842594,0.6942,599.9090683173816
5144.512875151666,0.5886,834.4761054383803
5144.552885798927,0.639,708.0318936099794
5144.592896446193,0.6278,733.5198830117527
5144.642909755282,0.6704,643.2600643714358
5144.682920402558,0.6273,734.6896758460007
5144.722931049838,0.604,792.4658962232834
5144.762941697123,0.5949,816.8954908483091
5144.812955006235,0.6314,725.1792451482754
5144.852965653529,0.6693,645.3762050366205
5144.892976300829,0.6034,794.0426782886432
5144.942989609958,0.5985,807.0977488259105
5144.983000257268,0.6565,670.7877344690592
5145.0230109045815,0.5916,826.0343317018069
5145.073024213729,0.6009,800.6635230987927
5145.113034861052,0.613,769.3669580288118
5145.153045508379,0.6541,675.7192176321994
5145.203058817545,0.6422,700.9934205544466
5145.243069464883,0.597,811.1586047827166
5145.2830801122245,0.5894,832.2123568964784
5145.323090759573,0.651,682.1699512512471
5145.37310406876,0.6879,610.9476732442587
5145.413114716116,0.6618,660.0868159975315
5145.453125363479,0.6133,768.6144608494056
5145.503138672683,0.6254,739.1605059451775
5145.543149320054,0.6159,762.1388112798326
5145.583159967428,0.6202,751.6072703809402
5145.633173276655,0.5823,852.6304231216357
5145.673183924038,0.5924,823.8048241129966
5145.713194571428,0.6166,760.4093481749757
5145.763207880671,0.6443,696.431306995942
5145.80321852807,0.6328,721.9740419966378
5145.843229175473,0.6091,779.2508267310756
5145.883239822882,0.5618,915.9903131651818
5145.933253132149,0.6242,742.0052473345843
5145.973263779566,0.6045,791.1554961401357
5146.013274426989,0.5844,846.5137093114757
5146.063287736273,0.6375,711.3677230643727
5146.103298383704,0.6193,753.7934062559386
5146.143309031141,0.596,813.8828925131941
5146.193322340442,0.6095,778.2283573661558
5146.233332987889,0.6127,770.1205608262111
5146.27334363534,0.6315,724.9495948933943
5146.313354282796,0.6275,734.2214231458377
5146.363367592122,0.612,771.8832791615481
5146.403378239586,0.5955,815.2501858887127
5146.443388887056,0.545,973.3326648013146
5146.4934021964,0.6279,733.2862597263814
5146.533412843878,0.6094,778.4837859621957
5146.5734234913625,0.6246,741.0551782133681
5146.6234368007235,0.6352,716.5286340958262
5146.663447448217,0.6001,802.799689401315
5146.703458095716,0.5792,861.7817459192861
5146.7534714050935,0.5619,915.6643095435448
5146.793482052602,0.6106,775.4269204101753
5146.833492700114,0.6749,634.7106031220786
5146.873503347631,0.6211,749.4306310118251
5146.923516657032,0.6061,786.983986821472
5146.963527304561,0.6375,711.3677230643727
5147.003537952091,0.6405,704.7194734057382
5147.0535512615115,0.6501,684.06005120324
5147.093561909053,0.7343,536.1763543139133
5147.133572556599,0.735,535.1555537359236
5147.183585866037,0.7081,576.587842987853
5147.2235965135915,0.6303,727.7126164720951
5147.2636071611505,0.5904,829.395601602356
5147.313620470608,0.6089,779.7628172210473
5147.353631118177,0.611,774.4119654774103
5147.393641765751,0.6516,680.9142333309185
5147.4336524133305,0.6544,675.0998136296423
5147.483665722809,0.6423,700.7751618714815
5147.523676370397,0.624,742.48096718647
5147.56368701799,0.6519,680.2876741839065
5147.613700327486,0.6607,662.2866005754047
5147.65371097509,0.6645,654.7335851780115
5147.693721622697,0.6252,739.6334922222974
5147.743734932212,0.6469,690.8444162452548
5147.783745579828,0.6362,714.277881571414
5147.82375622745,0.6458,693.1998664706099
5147.863766875076,0.6367,713.156480126956
5147.913780184613,0.652,680.079013306097
5147.95379083225,0.6603,663.0892493092375
5147.993801479889,0.6137,767.6128473915765
5148.043814789445,0.6262,737.2730906251375
5148.083825437095,0.6156,762.8818164250316
5148.123836084748,0.6189,754.7680849166017
5148.173849394323,0.6458,693.1998664706099
5148.213860041987,0.6375,711.3677230643727
5148.253870689656,0.5867,839.8896700531161
5148.303883999248,0.6338,719.697603546512
5148.343894646926,0.6366,713.3805490470355
5148.383905294609,0.5728,881.1469894447869
5148.423915942296,0.628,733.052748035427
5148.4739292519125,0.655,673.8635579144659
5148.513939899609,0.6649,653.9460554332796
5148.55395054731,0.6289,730.9561528589721
5148.603963856943,0.5886,834.4761054383803
5148.643974504655,0.5731,880.2247264963586
5148.683985152371,0.6231,744.6273783283174
5148.733998462021,0.5727,881.4547325493054
5148.774009109747,0.6655,652.7674223175982
5148.814019757477,0.6851,615.9517505868953
5148.854030405211,0.6637,656.3129184758362
5148.904043714885,0.6434,698.3810290422228
5148.944054362631,0.6276,733.9874646502768
5148.984065010378,0.6116,772.8932653364081
5149.034078320071,0.5789,862.6751681558546
5149.074088967829,0.6047,790.632246030097
5149.114099615593,0.5949,816.8954908483091
5149.164112925302,0.6227,745.5843275399836
5149.204123573075,0.6601,663.4911209634267
5149.244134220852,0.6268,735.8622692326047
5149.29414753058,0.615,764.3710900098708
5149.334158178366,0.6145,765.6154851569615
5149.374168826157,0.5891,833.0601818968005
5149.414179473954,0.6197,752.8206143711158
5149.464192783706,0.669,645.9551466896271
5149.504203431512,0.6983,592.885144649798
5149.54421407932,0.6397,706.4831977180535
5149.59422738909,0.6434,698.3810290422228
5149.63423803691,0.6541,675.7192176321994
5149.674248684735,0.6308,726.5594410517728
5149.724261994521,0.6044,791.4173160066457
5149.764272642356,0.6197,752.8206143711158
5149.804283290194,0.6741,636.2180027064959
5149.8542965999995,0.651,682.1699512512471
5149.894307247848,0.6007,801.1967646357931
5149.934317895701,0.6583,667.1244643428258
5149.974328543558,0.6418,701.8674757413701
5150.024341853386,0.6236,743.4337804040489
5150.064352501253,0.6439,697.2968408258495
5150.104363149126,0.6391,707.8103397395244
5150.154376458971,0.6976,594.0755896883427
5150.194387106853,0.6161,761.6440773918958
5150.23439775474,0.6549,674.0693645953709
5150.284411064601,0.6766,631.525114216237
5150.3244217124975,0.6386,708.9191501451829
5150.364432360398,0.6858,614.694983160747
5150.404443008303,0.6308,726.5594410517728
5150.45445631819,0.64,705.8210259877183
5150.4944669661045,0.6205,750.880671477732
5150.534477614022,0.6291,730.4914643830227
5150.584490923926,0.5343,1012.7072583672283
5150.624501571856,0.5922,824.3613540297664
5150.664512219788,0.6173,758.6857652046328
5150.714525529711,0.6524,679.2453290801851
5150.754536177655,0.6583,667.1244643428258
5150.794546825601,0.6453,694.2745098126518
5150.844560135542,0.6197,752.8206143711158
5150.884570783499,0.6142,766.3635814286002
5150.924581431462,0.5846,845.9346005467964
5150.964592079427,0.6268,735.8622692326047
5151.0146053893895,0.616,761.8913841005054
5151.054616037367,0.6397,706.4831977180535
5151.094626685347,0.6476,689.3517387121756
5151.144639995328,0.5686,894.2123392869777
5151.1846506433185,0.584,847.6737122714302
5151.224661291312,0.5887,834.1926320856663
5151.274674601314,0.6199,752.3349244481767
5151.314685249316,0.6224,746.3032505638777
5151.354695897326,0.6309,726.3291349150084
5151.3947065453385,0.671,642.1101898398226
5151.44471985536,0.6064,786.2055026326718
5151.484730503384,0.6508,682.5892958873517
5151.524741151411,0.6473,689.9908646982539
5151.574754461452,0.6684,647.1153695000615
5151.61476510949,0.6043,791.6792658621162
5151.654775757531,0.6173,758.6857652046328
5151.704789067589,0.6305,727.2510170783952
5151.7447997156405,0.599,805.7509048352673
5151.784810363697,0.5912,827.1524810615109
5151.834823673772,0.6223,746.5431226559259
5151.874834321837,0.6319,724.0320838978145
5151.914844969907,0.5908,828.2729023087101
5151.9548556179825,0.609,779.5067589231495
5152.004868928082,0.6939,600.4279078205617
5152.044879576166,0.6848,616.4915453620733
5152.084890224254,0.6076,783.1030885190164
5152.134903534372,0.6502,683.8496524350234
5152.174914182471,0.6344,718.3369046802311
5152.214924830573,0.5882,835.6114450163224
5152.264938140707,0.5993,804.9444160436644
5152.304948788821,0.6749,634.7106031220786
5152.344959436939,0.668,647.8905888381482
5152.394972747092,0.5718,884.2316902091655
5152.434983395218,0.5831,850.2924527753522
5152.474994043349,0.607,784.6519956028682
5152.515004691485,0.6808,623.7571354237488
5152.565018001662,0.6605,662.6877426605283
5152.605028649808,0.6726,639.0588880142762
5152.645039297959,0.568,896.1025147628064
5152.695052608152,0.6291,730.4914643830227
5152.735063256312,0.5978,808.989010972982
5152.775073904476,0.6291,730.4914643830227
5152.825087214687,0.6783,628.3635462931535
5152.865097862861,0.6302,727.9435809907236
5152.90510851104,0.6114,773.3990019503906
5152.945119159224,0.6534,677.1678129689296
5152.9951324694575,0.6531,677.7900658889022
5153.035143117651,0.6513,681.5416584877997
5153.075153765848,0.5915,826.313656388315
5153.1251670761,0.6481,688.2885003796387
5153.165177724308,0.6456,693.6294241938913
5153.20518837252,0.6526,678.8290617154155
5153.2552016827885,0.638,710.2531652903355
5153.295212331011,0.66,663.6921938058515
5153.335222979237,0.6251,739.8701556265604
5153.385236289525,0.6082,781.5587632383928
5153.425246937761,0.6473,689.9908646982539
5153.465257586001,0.6435,698.1639892039425
5153.505268234245,0.6215,748.4662696182887
5153.555281544556,0.6006,801.4635851919433
5153.595292192809,0.5973,810.3439854546449
5153.635302841069,0.6283,732.3528818187253
5153.685316151398,0.64,705.8210259877183
5153.725326799667,0.6441,696.86387234302
5153.765337447939,0.5859,842.1848375177999
5153.815350758286,0.6052,789.3263895510153
5153.8553614065695,0.6476,689.3517387121756
5153.895372054856,0.6297,729.1000545943117
5153.935382703147,0.6003,802.2648470761867
5153.985396013519,0.6449,695.1360247698663
5154.025406661818,0.6044,791.4173160066457
5154.065417310125,0.645,694.9204957587982
5154.1154306205135,0.669,645.9551466896271
5154.155441268828,0.7071,578.2198462108579
5154.195451917149,0.6317,724.4906215288528
5154.245465227555,0.5902,829.9578074469775
5154.285475875885,0.5711,886.4006288555187
5154.325486524218,0.6196,753.0636357235045
5154.375499834641,0.6601,663.4911209634267
5154.415510482984,0.6069,784.9105935092001
5154.4555211313345,0.5841,847.3834880978656
5154.495531779687,0.6422,700.9934205544466
5154.545545090133,0.63,728.4058400204123
5154.585555738495,0.6088,780.0190017076309
5154.625566386862,0.6333,720.8344748118506
5154.675579697327,0.6439,697.2968408258495
5154.715590345703,0.5864,840.7492571055188
5154.7556009940845,0.5969,811.4304175464016
5154.805614304566,0.6142,766.3635814286002
5154.845624952958,0.6485,687.4396798168036
5154.885635601353,0.6456,693.6294241938913
5154.935648911854,0.6165,760.6560537016675
5154.975659560259,0.581,856.4502430676222
5155.015670208668,0.5659,902.7655420124664
5155.055680857082,0.6448,695.3516540656999
5155.105694167606,0.6109,774.665517312568
5155.14570481603,0.6022,797.2103933291692
5155.185715464459,0.57,889.8251194049326
5155.235728774999,0.5356,1007.7971789570017
5155.275739423437,0.6204,751.1227539976607
5155.31575007188,0.6247,740.817946044563
5155.365763382439,0.603,795.0964822351367
5155.40577403089,0.6343,718.5634197035315
5155.445784679347,0.6354,716.0776333160646
5155.485795327808,0.6209,749.9135107826837
5155.53580863839,0.5486,960.6002756115938
5155.575819286861,0.6464,691.9135847722836
5155.6158299353365,0.6108,774.919193692016
5155.665843245936,0.6904,606.5310984795309
5155.705853894421,0.6624,658.8915499322572
5155.745864542911,0.7285,544.7479344935098
5155.7958778535285,0.6894,608.291963333658
5155.835888502027,0.6232,744.3884288926855
5155.875899150531,0.6141,766.6131905250265
5155.925912461167,0.5914,826.5931227798428
5155.96592310968,0.6282,732.5860591525764
5156.005933758199,0.6001,802.799689401315
5156.045944406719,0.6406,704.4994723539604
5156.095957717378,0.6901,607.0585542581215
5156.13596836591,0.766,492.716633240757
5156.175979014447,0.6973,594.5868782575602
5156.225992325124,0.6405,704.7194734057382
5156.266002973669,0.6088,780.0190017076309
5156.30601362222,0.5902,829.9578074469775
5156.356026932914,0.6693,645.3762050366205
5156.396037581474,0.6746,635.2752495427153
5156.436048230039,0.6329,721.7459124771361
5156.4760588786085,0.6312,725.638873148831
5156.526072189326,0.5975,809.8015874581513
5156.566082837905,0.5881,835.8956419444719
5156.606093486489,0.5884,835.0434857973024
5156.656106797224,0.6255,738.9241829271591
5156.696117445817,0.6492,685.9580174500106
5156.736128094415,0.6874,611.836775628501
5156.786141405168,0.606,787.2437385114481
5156.826152053774,0.5944,818.270386028729
5156.866162702387,0.6351,716.75429428049
5156.916176013156,0.6644,654.9306898956894
5156.95618666178,0.6264,736.8023663505807
5156.9961973104055,0.6285,731.8868610117088
5157.036207959035,0.6596,664.4973999038551
5157.086221269829,0.566,902.4465723313008
5157.126231918469,0.6201,751.8497043953985
5157.166242567113,0.6044,791.4173160066457
5157.2162558779255,0.5804,858.221900101657
5157.25626652658,0.5769,868.6669797769345
5157.296277175239,0.5556,936.5476086002188
5157.346290486068,0.6216,748.225470113494
5157.386301134737,0.6183,756.2336512970369
5157.426311783408,0.6374,711.5909494243178
5157.476325094256,0.6355,715.8522925868757
5157.516335742939,0.6561,671.6058916874662
5157.556346391626,0.64,705.8210259877183
5157.596357040318,0.6364,713.829003807555
5157.646370351188,0.6438,697.5134763997344
5157.6863809998895,0.7033,584.4850764554867
5157.726391648595,0.6017,798.5358716402966
5157.776404959483,0.6827,620.2900556931551
5157.816415608199,0.6536,676.7534536229182
5157.856426256918,0.5386,996.6016133613656
5157.906439567824,0.5624,914.036899073097
5157.946450216555,0.6147,765.1173626978928
5157.986460865288,0.6255,738.9241829271591
5158.0264715140265,0.6121,771.6310919482589
5158.076484824956,0.6245,741.292524353726
5158.116495473704,0.6895,608.1155320152683
5158.156506122456,0.701,588.3267857848203
5158.206519433404,0.6043,791.6792658621162
5158.246530082167,0.5637,909.8258800835991
5158.286540730934,0.6215,748.4662696182887
5158.336554041897,0.6366,713.3805490470355
5158.376564690673,0.6668,650.2246233926143
5158.4165753394545,0.6118,772.388024622837
5158.466588650437,0.5895,831.9300361639516
5158.506599299227,0.5868,839.6034339679923
5158.546609948022,0.6141,766.6131905250265
5158.586620596823,0.6046,790.8938061765934
5158.636633907829,0.5801,859.1097908124791
5158.676644556637,0.5848,845.3560858403341
5158.716655205451,0.5921,824.6398304948517
5158.766668516474,0.5577,929.5078252026706
5158.806679165298,0.6022,797.2103933291692
5158.846689814125,0.6262,737.2730906251375
5158.896703125167,0.6618,660.0868159975315
5158.936713774005,0.6614,660.8854678515246
5158.976724422846,0.579,862.377206435135
5159.016735071693,0.586,841.897427435269
5159.0667483827565,0.6586,666.5168377011322
5159.106759031613,0.6428,699.685395965089
5159.146769680473,0.6624,658.8915499322572
5159.196782991555,0.6282,732.5860591525764
5159.236793640426,0.5659,902.7655420124664
5159.276804289301,0.5679,896.4181266073981
5159.3268176004,0.5365,1004.4187819600862
5159.366828249285,0.5335,1015.7467024923076
5159.406838898173,0.6253,739.3969423527063
5159.456852209291,0.6572,669.3595523783823
5159.496862858191,0.6585,666.7192876431501
5159.536873507093,0.6747,635.0869503787114
5159.576884156,0.5758,871.989121958122
5159.62689746714,0.5438,977.6330905217195
5159.666908116057,0.5888,833.9093031531961
5159.70691876498,0.6079,782.3303542837245
5159.756932076137,0.5596,923.2066687400835
5159.796942725069,0.538,998.8257519889183
5159.836953374005,0.6014,799.3327459792637
5159.886966685181,0.6724,639.4391098933926
5159.926977334126,0.6444,696.2151753419286
5159.966987983076,0.6048,790.370815614796
5160.017001294271,0.662,659.6880328505885
5160.0570119432305,0.6478,688.9261479368654
5160.097022592195,0.5972,810.6153888282556
5160.1370332411625,0.6477,689.13889404359
5160.18704655238,0.6732,637.9202549412356
5160.227057201357,0.556,935.2005452365526
5160.26706785034,0.639,708.0318936099794
5160.3170811615755,0.6444,696.2151753419286
5160.357091810568,0.6016,798.8013639646795
5160.397102459564,0.6801,625.0418113687874
5160.447115770817,0.6445,695.9991442842926
5160.487126419823,0.6072,784.13518303426
5160.527137068834,0.6161,761.6440773918958
5160.56714771785,0.5861,841.6101644530995
5160.617161029126,0.5759,871.6863222007174
5160.657171678151,0.5995,804.4074293517499
5160.697182327181,0.5912,827.1524810615109
5160.747195638473,0.6049,790.1095148449106
5160.787206287513,0.589,833.3430781567247
5160.827216936557,0.7047,582.1650392011038
5160.8772302478665,0.6076,783.1030885190164
5160.91724089692,0.6781,628.7342616948285
5160.957251545979,0.6232,744.3884288926855
5161.007264857307,0.6478,688.9261479368654
5161.047275506375,0.6308,726.5594410517728
5161.087286155446,0.5887,834.1926320856663
5161.127296804522,0.6081,781.8158333716397
5161.177310115875,0.6046,790.8938061765934
5161.217320764961,0.6703,643.4520103918944
5161.257331414052,0.6651,653.5528232880181
5161.30734472542,0.6044,791.4173160066457
5161.347355374521,0.6098,777.4628254034792
5161.387366023626,0.6246,741.0551782133681
5161.437379335012,0.6239,742.7189986915627
5161.4773899841275,0.6843,617.3927814732383
5161.517400633246,0.6723,639.6293480950037
5161.557411282371,0.5996,804.1391374873962
5161.607424593781,0.5994,804.6758555072929
5161.647435242912,0.573,880.5319865307403
5161.68744589205,0.6324,722.887642537968
5161.7374592034785,0.6121,771.6310919482589
5161.7774698526255,0.6281,732.8193478678273
5161.817480501776,0.6029,795.3602610052694
5161.867493813222,0.6512,681.750992929264
5161.907504462383,0.5604,920.572704254599
5161.947515111549,0.5947,817.4450327883667
5161.997528423013,0.6391,707.8103397395244
5162.037539072189,0.6173,758.6857652046328
5162.077549721368,0.6285,731.8868610117088
5162.117560370552,0.6462,692.3419472531975
5162.167573682037,0.5901,830.2391247573415
5162.207584331232,0.5463,968.7058127690644
5162.247594980431,0.6193,753.7934062559386
5162.297608291934,0.6059,787.5036188229935
5162.337618941143,0.6517,680.7052841373392
5162.377629590355,0.5898,831.0839354040365
5162.427642901877,0.6499,684.4811401427814
5162.4676535511,0.6065,785.946264581036
5162.507664200326,0.6455,693.8443528004103
5162.557677511866,0.6347,717.6580018845583
5162.597688161102,0.6057,788.0237656505963
5162.637698810343,0.6688,646.3415406876912
5162.677709459587,0.6331,721.2899776984669
5162.727722771151,0.6129,769.6180360079319
5162.767733420405,0.66,663.6921938058515
5162.807744069665,0.6472,690.2041042236754
5162.857757381245,0.657,669.7671386276779
5162.897768030515,0.655,673.8635579144659
5162.937778679788,0.6115,773.1460716152984
5162.987791991386,0.6699,644.2206542530074
5163.027802640669,0.6423,700.7751618714815
5163.067813289957,0.651,682.1699512512471
5163.107823939248,0.6276,733.9874646502768
5163.157837250869,0.6245,741.292524353726
5163.197847900171,0.6191,754.2805094345049
5163.237858549477,0.7144,566.4633144502781
5163.287871861116,0.6012,799.8646584025433
5163.327882510433,0.6442,696.6475393088004
5163.367893159752,0.6392,707.5888898441284
5163.417906471409,0.6312,725.638873148831
5163.457917120739,0.6558,672.2204923117782
5163.497927770073,0.6242,742.0052473345843
5163.547941081747,0.6186,755.5003350452662
5163.58795173109,0.6555,672.8359369731382
5163.627962380439,0.6556,672.6306948754187
5163.667973029792,0.6044,791.4173160066457
5163.717986341489,0.5633,911.1184734412958
5163.757996990852,0.5897,831.3658255151122
5163.798007640219,0.6327,722.2022796940374
5163.848020951933,0.5844,846.5137093114757
5163.888031601311,0.5207,1066.2991751665827
5163.928042250691,0.5623,914.3620338943231
5163.978055562425,0.5554,937.2222319689786
5164.018066211816,0.5769,868.6669797769345
5164.058076861211,0.6304,727.4817618578921
5164.10809017296,0.6833,619.2011925648817
5164.148100822366,0.6417,702.0862449699632
5164.188111471775,0.6661,651.5919727791234
5164.22812212119,0.6457,693.4145954379046
5164.278135432962,0.6402,705.3800952324849
5164.318146082385,0.6678,648.2787209956921
5164.358156731813,0.6492,685.9580174500106
5164.4081700436045,0.6085,780.7883131291383
5164.448180693042,0.5909,827.9925836709962
5164.488191342485,0.5694,891.701394173166
5164.538204654294,0.5599,922.2176088839502
5164.578215303744,0.6589,665.9100408342807
5164.618225953201,0.6932,601.641154040393
5164.658236602661,0.6276,733.9874646502768
5164.708249914493,0.6472,690.2041042236754
5164.748260563964,0.6893,608.4684714446751
5164.788271213437,0.6712,641.7275834229772
5164.838284525286,0.6065,785.946264581036
5164.878295174771,0.6069,784.9105935092001
5164.91830582426,0.6491,686.1693900581354
5164.968319136127,0.656,671.8106648756421
5165.008329785625,0.5744,876.244937993695
5165.048340435128,0.6546,674.6873506592942
5165.098353747014,0.6974,594.4163754193104
5165.138364396525,0.6291,730.4914643830227
5165.178375046044,0.5527,946.4014478558508
5165.218385695564,0.6295,729.5634158131186
5165.268399007471,0.6469,690.8444162452548
5165.308409657003,0.5917,825.7551486245318
5165.348420306538,0.6107,775.1729946973358
5165.398433618463,0.663,657.6995274597556
5165.438444268009,0.6402,705.3800952324849
5165.478454917558,0.584,847.6737122714302
5165.528468229501,0.5734,879.3039107367211
5165.568478879061,0.6228,745.344917368776
5165.608489528626,0.6706,642.8764299053668
5165.648500178194,0.6573,669.1558987599942
5165.698513490159,0.6235,743.6722702855706
5165.738524139737,0.6068,785.1693192758423
5165.778534789319,0.5772,867.7642357742964
5165.828548101302,0.5902,829.9578074469775
5165.868558750894,0.6566,670.583428763112
5165.908569400491,0.6435,698.1639892039425
5165.958582712493,0.6238,742.9571446805613
5165.998593362099,0.6477,689.13889404359
5166.038604011709,0.6559,672.0155317313674
5166.088617323727,0.6308,726.5594410517728
5166.128627973347,0.6368,712.932516758529
5166.168638622972,0.6609,661.8858226126403
5166.208649272601,0.6804,624.4907504364043
5166.258662584643,0.6291,730.4914643830227
5166.298673234282,0.7151,565.3548549607349
5166.338683883925,0.6394,707.1463017183638
5166.388697195984,0.576,871.3836801375554
5166.428707845637,0.5633,911.1184734412958
5166.4687184952945,0.5943,818.5457815704233
5166.518731807372,0.6673,649.2505786647529
5166.5587424570385,0.6847,616.6716346461245
5166.59875310671,0.6535,676.9605857413667
5166.648766418805,0.6229,745.1056224924322
5166.688777068486,0.6276,733.9874646502768
5166.728787718171,0.5933,821.307400394369
5166.768798367861,0.5988,806.2892375805699
5166.818811679978,0.6571,669.5632989820714
5166.858822329678,0.6508,682.5892958873517
5166.898832979382,0.6222,746.7831104138288
5166.948846291517,0.5622,914.6873422284403
5166.9888569412315,0.515,1090.0332659471562
5167.028867590949,0.5506,953.6343918876548
5167.078880903103,0.684,617.9344720623712
5167.118891552829,0.6286,731.6540173969266
5167.158902202562,0.6244,741.5299845386543
5167.198912852298,0.6619,659.8873792379434
5167.248926164475,0.5883,835.3273930001004
5167.28893681422,0.6277,733.7536179626593
5167.328947463971,0.5896,831.6478590693039
5167.378960776165,0.7052,581.3398012100361
5167.4189714259255,0.5995,804.4074293517499
5167.458982075689,0.6087,780.2753124658304
5167.508995387901,0.6517,680.7052841373392
5167.549006037676,0.5932,821.5843306851584
5167.589016687453,0.64,705.8210259877183
5167.639029999684,0.6175,758.1943892222054
5167.679040649472,0.6128,769.8692369136453
5167.719051299264,0.6196,753.0636357235045
5167.75906194906,0.6254,739.1605059451775
5167.809075261313,0.6087,780.2753124658304
5167.84908591112,0.6277,733.7536179626593
5167.889096560931,0.6593,665.1022664963425
5167.939109873202,0.6505,683.2190382199622
5167.979120523022,0.658,667.7329222729719
5168.019131172848,0.6284,732.1198157953816
5168.0691444851345,0.6173,758.6857652046328
5168.10915513497,0.6199,752.3349244481767
5168.149165784811,0.5995,804.4074293517499
5168.189176434653,0.6066,785.6871547273503
5168.239189746963,0.5892,832.7774296652734
5168.279200396818,0.585,844.778164379842
5168.319211046674,0.6049,790.1095148449106
5168.369224359003,0.6385,709.1412248684735
5168.409235008872,0.6548,674.2752655747248
5168.449245658743,0.6456,693.6294241938913
5168.499258971089,0.6658,652.1793003183653
5168.53926962097,0.6507,682.7991132216392
5168.579280270856,0.6079,782.3303542837245
5168.629293583219,0.6479,688.7135003311564
5168.669304233114,0.615,764.3710900098708
5168.709314883015,0.6135,768.1134092276328
5168.74932553292,0.5734,879.3039107367211
5168.799338845306,0.5863,841.0360793884629
5168.839349495221,0.6187,755.2561333130311
5168.879360145138,0.656,671.8106648756421
5168.929373457543,0.563,912.0897270150829
5168.969384107471,0.5999,803.3350667461971
5169.009394757403,0.6431,699.0327561483768
5169.059408069825,0.6133,768.6144608494056
5169.099418719768,0.5964,812.7915328929626
5169.139429369714,0.5875,837.6038721906413
5169.189442682154,0.6215,748.4662696182887
5169.229453332109,0.6062,786.7243636682012
5169.26946398207,0.6494,685.53556513589
5169.309474632036,0.6648,654.1428046075522
5169.359487944497,0.6154,763.3777569785374
5169.399498594473,0.6152,763.8741812970206
5169.439509244451,0.6305,727.2510170783952
5169.489522556932,0.6023,796.9456937145474
5169.52953320692,0.5908,828.2729023087101
5169.569543856914,0.6162,761.3968910758081
5169.619557169412,0.6262,737.2730906251375
5169.659567819414,0.6228,745.344917368776
5169.699578469422,0.6193,753.7934062559386
5169.739589119433,0.62,752.0922557259087
5169.789602431954,0.6428,699.685395965089
5169.829613081975,0.6582,667.3271912126454
5169.869623732,0.6178,757.458219838685
5169.91963704454,0.5909,827.9925836709962
5169.959647694574,0.5981,808.1776569158159
5169.9996583446145,0.5686,894.2123392869777
5170.049671657169,0.5723,882.6873185785554
5170.08968230722,0.6014,799.3327459792637
5170.129692957273,0.635,716.9800610844911
5170.169703607331,0.6369,712.7086588754692
5170.21971691991,0.5847,845.6452689870861
5170.259727569979,0.5942,818.8213161654254
5170.299738220051,0.6393,707.3675438587414
5170.349751532647,0.6335,720.3794032719695
5170.389762182729,0.6488,686.8040944092098
5170.429772832816,0.5597,922.8768054039314
5170.479786145429,0.6632,657.3029054058125
5170.519796795525,0.6036,793.5165617796466
5170.559807445626,0.5986,806.8281100069008
5170.609820758256,0.5972,810.6153888282556
5170.649831408368,0.6681,647.6966534597055
5170.689842058482,0.6182,756.4783273216167
5170.7298527086,0.6124,770.875271408593
5170.779866021255,0.6756,633.3960187721971
5170.819876671384,0.6006,801.4635851919433
5170.859887321516,0.6319,724.0320838978145
5170.9099006341885,0.6715,641.1543146705434
5170.949911284331,0.6058,787.7636278410416
5170.989921934478,0.5685,894.5269529765903
5171.039935247169,0.5895,831.9300361639516
5171.079945897325,0.6017,798.5358716402966
5171.119956547486,0.6959,596.9816411744831
5171.169969860193,0.6109,774.665517312568
5171.209980510364,0.6332,721.0621723027547
5171.249991160539,0.6654,652.9636397783464
5171.290001810719,0.6705,643.0682042263329
5171.340015123448,0.6277,733.7536179626593
5171.380025773637,0.6239,742.7189986915627
5171.42003642383,0.6291,730.4914643830227
5171.470049736578,0.5968,811.7023669564071
5171.510060386783,0.656,671.8106648756421
5171.55007103699,0.6044,791.4173160066457
5171.600084349755,0.5871,838.7456031128776
5171.6400949999725,0.6198,752.5777106379697
5171.6801056501945,0.5802,858.8136742062403
5171.730118962979,0.6228,745.344917368776
5171.770129613209,0.6549,674.0693645953709
5171.810140263445,0.6803,624.6743564133342
5171.850150913685,0.7005,589.1669512552736
5171.90016422649,0.661,661.6855700394424
5171.9401748767405,0.6785,627.9931586676453
5171.980185526994,0.6472,690.2041042236754
5172.030198839818,0.5725,882.070702616203
5172.070209490083,0.573,880.5319865307403
5172.110220140351,0.5693,892.014683526121
5172.160233453192,0.592,824.9184480914474
5172.200244103469,0.5953,815.7980681421927
5172.240254753751,0.6025,796.4166898318714
5172.280265404038,0.6147,765.1173626978928
5172.330278716902,0.641,703.6204975504025
5172.370289367199,0.6674,649.0560323759554
5172.410300017499,0.6727,638.8689042358845
5172.460313330381,0.6361,714.5024792458639
5172.500323980691,0.637,712.4849064115425
5172.540334631006,0.6579,667.9359265758965
5172.590347943905,0.6602,663.2901394830026
5172.630358594228,0.6549,674.0693645953709
5172.670369244557,0.6067,785.4281729871007
5172.710379894892,0.5958,814.4293967961048
5172.760393207812,0.6104,775.9351462853406
5172.800403858155,0.6173,758.6857652046328
5172.840414508502,0.5839,847.9640855708013
5172.890427821442,0.5668,899.9008895898883
5172.930438471799,0.6222,746.7831104138288
5172.97044912216,0.662,659.6880328505885
5173.020462435118,0.6569,669.9710713718611
5173.060473085488,0.6317,724.4906215288528
5173.100483735864,0.5979,808.718423916412
5173.150497048839,0.6071,784.3935254726105
5173.190507699223,0.6772,630.406547618791
5173.230518349613,0.658,667.7329222729719
5173.270529000006,0.6256,738.6879732261573
5173.320542313005,0.623,744.8664428369326
5173.360552963408,0.6387,708.6971797229679
5173.400563613815,0.6281,732.8193478678273
5173.450576926832,0.6492,685.9580174500106
5173.490587577248,0.6299,728.6371346711887
5173.5305982276695,0.6389,708.253551520595
5173.580611540702,0.5888,833.9093031531961
5173.620622191133,0.5663,901.4906769309755
5173.66063284157,0.6195,753.3067747710862
5173.71064615462,0.6003,802.2648470761867
5173.750656805067,0.6078,782.5878052295855
5173.790667455515,0.5963,813.0641669102398
5173.83067810597,0.5626,913.3871494759253
5173.880691419042,0.5772,867.7642357742964
5173.920702069508,0.6184,755.9890939606099
5173.960712719975,0.6272,734.9239701933515
5174.010726033066,0.631,726.0989382651799
5174.050736683543,0.5907,828.5533633242247
5174.090747334025,0.6053,789.0656065064129
5174.140760647135,0.6108,774.919193692016
5174.180771297626,0.5833,849.7094627374298
5174.220781948122,0.5948,817.1701925251707
5174.260792598623,0.5857,842.7600993858415
5174.310805911754,0.6042,791.9413457926105
5174.350816562264,0.6406,704.4994723539604
5174.390827212778,0.6251,739.8701556265604
5174.440840525928,0.618,756.9680357425543
5174.480851176452,0.5791,862.0793990584727
5174.520861826981,0.5833,849.7094627374298
5174.570875140148,0.5881,835.8956419444719
5174.610885790686,0.6204,751.1227539976607
5174.650896441229,0.6307,726.789856744917
5174.700909754413,0.6247,740.817946044563
5174.740920404965,0.6124,770.875271408593
5174.780931055521,0.6357,715.40193011505
5174.8209417060825,0.655,673.8635579144659
5174.87095501929,0.622,747.2634332247658
5174.91096566986,0.6146,765.3663631413497
5174.950976320435,0.6073,783.8769682037192
5175.0009896336605,0.5659,902.7655420124664
5175.0410002842455,0.5709,887.0217914685202
5175.081010934834,0.6107,775.1729946973358
5175.131024248075,0.5969,811.4304175464016
5175.171034898674,0.5838,848.2546080981634
5175.211045549278,0.5603,920.9013329217227
5175.251056199885,0.5757,872.2920795193461
5175.30106951315,0.6173,758.6857652046328
5175.341080163767,0.6429,699.4677478420647
5175.381090814388,0.6103,776.1894466112977
5175.431104127671,0.6183,756.2336512970369
5175.471114778303,0.6599,663.8933580656603
5175.511125428937,0.6243,741.7675588412288
5175.561138742239,0.6136,767.8630671262991
5175.601149392883,0.6023,796.9456937145474
5175.641160043532,0.5733,879.6106887114819
5175.69117335685,0.5982,807.9074767903269
5175.73118400751,0.6224,746.3032505638777
5175.771194658172,0.6279,733.2862597263814
5175.821207971509,0.6459,692.9852372302136
5175.861218622183,0.6324,722.887642537968
5175.9012292728585,0.6125,770.6235779932622
5175.941239923541,0.5968,811.7023669564071
5175.991253236899,0.6089,779.7628172210473
5176.031263887591,0.6224,746.3032505638777
5176.071274538286,0.5961,813.6098466282465
5176.121287851662,0.5972,810.6153888282556
5176.161298502368,0.6593,665.1022664963425
5176.201309153078,0.7063,579.5304428203157
5176.251322466471,0.5906,828.8339668139778
5176.29133311719,0.5831,850.2924527753522
5176.331343767915,0.5835,849.1270720713545
5176.371354418642,0.5869,839.3173441826867
5176.421367732058,0.6161,761.6440773918958
5176.461378382797,0.6145,765.6154851569615
5176.5013890335385,0.6079,782.3303542837245
5176.551402346972,0.6515,681.1232787477865
5176.591412997724,0.6468,691.0580516048033
5176.63142364848,0.6601,663.4911209634267
5176.681436961932,0.6126,770.3720078259533
5176.721447612697,0.617,759.4237253152888
5176.761458263467,0.625,740.1069326381634
5176.801468914242,0.5984,807.3675228358783
5176.851482227716,0.6527,678.6210715146401
5176.891492878501,0.648,688.5009511656647
5176.931503529289,0.6115,773.1460716152984
5176.98151684278,0.6533,677.3751353638443
5177.021527493578,0.6313,725.409004543698
5177.061538144382,0.6297,729.1000545943117
5177.1115514578905,0.647,690.6308799360243
5177.151562108703,0.6554,673.0412730245237
5177.191572759519,0.6203,751.3649536068889
5177.241586073046,0.6213,748.948217490381
5177.281596723873,0.6038,792.9909679886022
5177.321607374703,0.6577,668.3422130086332
5177.361618025538,0.6164,760.9028793087314
5177.411631339087,0.5471,965.8748983562648
5177.451641989934,0.6134,768.3638737753795
5177.491652640782,0.6519,680.2876741839065
5177.541665954349,0.6314,725.1792451482754
5177.581676605208,0.5837,848.5452799557885
5177.62168725607,0.5983,807.6374321271948
5177.671700569654,0.662,659.6880328505885
5177.711711220528,0.6829,619.9267824081132
5177.751721871405,0.6207,750.3968574039867
5177.791732522285,0.6242,742.0052473345843
5177.841745835893,0.6,803.0673111517001
5177.881756486783,0.6574,668.952338070334
5177.921767137677,0.6674,649.0560323759554
5177.971780451303,0.5746,875.6350591791781
5178.011791102209,0.6026,796.1523853888858
5178.051801753118,0.6008,800.9300773009674
5178.1018150667605,0.6459,692.9852372302136
5178.141825717678,0.633,721.5178910671789
5178.1818363686025,0.6167,760.1627626507766
5178.231849682264,0.6458,693.1998664706099
5178.271860333196,0.6458,693.1998664706099
5178.311870984133,0.6357,715.40193011505
5178.351881635074,0.632,723.8029783100167
5178.401894948757,0.6078,782.5878052295855
5178.441905599709,0.6424,700.5570051069575
5178.481916250665,0.658,667.7329222729719
5178.531929564365,0.6508,682.5892958873517
5178.57194021533,0.6622,659.2896109742472
5178.6119508663,0.648,688.5009511656647
5178.661964180017,0.6617,660.2863431839876
5178.701974830997,0.6336,720.1520290868782
5178.74198548198,0.6162,761.3968910758081
5178.791998795716,0.617,759.4237253152888
5178.83200944671,0.6201,751.8497043953985
5178.872020097707,0.605,789.8483436347323
5178.912030748707,0.5969,811.4304175464016
5178.962044062467,0.6321,723.5739814488929
5179.002054713478,0.6157,762.634027363741
5179.042065364495,0.6338,719.697603546512
5179.09207867827,0.6697,644.6054927702075
5179.132089329294,0.5962,813.3369381246445
5179.172099980325,0.6318,724.2612982811278
5179.222113294118,0.6506,683.0090273126756
5179.262123945158,0.5494,957.8047921070763
5179.3021345962015,0.652,680.079013306097
5179.342145247249,0.6398,706.2623703087338
5179.392158561066,0.6186,755.5003350452662
5179.432169212124,0.6247,740.817946044563
5179.472179863185,0.5808,857.0401853736822
5179.522193177019,0.622,747.2634332247658
5179.562203828092,0.6108,774.919193692016
5179.602214479168,0.5961,813.6098466282465
5179.652227793019,0.5939,819.6487552069756
5179.692238444105,0.5503,954.674434698847
5179.732249095194,0.6119,772.1355900261239
5179.782262409063,0.6057,788.0237656505963
5179.822273060164,0.5974,810.0727183616855
5179.862283711267,0.6193,753.7934062559386
5179.902294362377,0.6131,769.1160028960919
5179.952307676267,0.6045,791.1554961401357
5179.992318327385,0.5942,818.8213161654254
5180.032328978508,0.5759,871.6863222007174
5180.082342292416,0.591,827.7124073147276
5180.122352943549,0.6148,764.8684837475008
5180.162363594684,0.6502,683.8496524350234
5180.212376908612,0.6247,740.817946044563
5180.252387559757,0.6406,704.4994723539604
5180.292398210909,0.6506,683.0090273126756
5180.342411524852,0.5797,860.2957900615622
5180.3824221760115,0.6185,755.7446552355829
5180.422432827176,0.6117,772.640583032604
5180.462443478345,0.5928,822.693453669652
5180.512456792311,0.6057,788.0237656505963
5180.55246744349,0.578,865.3637867565812
5180.592478094672,0.6169,759.669951298655
5180.6424914086565,0.6618,660.0868159975315
5180.682502059849,0.6095,778.2283573661558
5180.722512711045,0.6503,683.6393507215204
5180.772526025048,0.5951,816.3465028810298
5180.812536676254,0.5737,878.3845391396067
5180.852547327464,0.6304,727.4817618578921
5180.892557978679,0.6163,761.1498250741096
5180.942571292704,0.5981,808.1776569158159
5180.982581943928,0.7172,562.0489280613258
5181.022592595157,0.5981,808.1776569158159
5181.0726059092,0.652,680.079013306097
5181.112616560438,0.5903,829.6766330942643
5181.15262721168,0.5647,906.6064053593798
5181.20264052574,0.6432,698.815412451461
5181.242651176993,0.6646,654.536569426445
5181.282661828251,0.6096,777.9730544626485
5181.332675142327,0.5876,837.3188037176443
5181.372685793594,0.5718,884.2316902091655
5181.412696444864,0.5887,834.1926320856663
5181.452707096139,0.6093,778.7393403332908
5181.502720410239,0.63,728.4058400204123
5181.542731061523,0.5753,873.5054899972929
5181.582741712813,0.5952,816.0722164045283
5181.632755026929,0.5821,853.2164223882753
5181.672765678228,0.6113,773.6520564228666
5181.712776329532,0.6536,676.7534536229182
5181.762789643665,0.5813,855.5664710702839
5181.802800294979,0.6043,791.6792658621162
5181.842810946295,0.61,776.9530981258581
5181.882821597616,0.5721,883.3045813397111
5181.932834911774,0.6427,699.9031456898168
5181.972845563106,0.6228,745.344917368776
5182.01285621444,0.609,779.5067589231495
5182.062869528616,0.6539,676.1326273405534
5182.10288017996,0.6652,653.3563402103241
5182.14289083131,0.6292,730.2592862983569
5182.192904145503,0.603,795.0964822351367
5182.23291479686,0.6326,722.4306256377422
5182.272925448225,0.6328,721.9740419966378
5182.322938762434,0.5889,833.6261185428832
5182.362949413807,0.5668,899.9008895898883
5182.402960065184,0.5928,822.693453669652
5182.442970716566,0.6344,718.3369046802311
5182.4929840308,0.643,699.2502012575443
5182.532994682189,0.6295,729.5634158131186
5182.573005333586,0.5933,821.307400394369
5182.623018647836,0.5968,811.7023669564071
5182.663029299241,0.6039,792.7283668959464
5182.703039950651,0.5539,942.3052229442917
5182.753053264918,0.6559,672.0155317313674
5182.793063916338,0.5919,825.1972069149367
5182.83307456776,0.5716,884.850573929856
5182.883087882045,0.6284,732.1198157953816
5182.923098533478,0.6235,743.6722702855706
5182.963109184916,0.6696,644.798041355506
5183.003119836358,0.6601,663.4911209634267
5183.053133150665,0.6604,662.888450386832
5183.093143802116,0.6448,695.3516540656999
5183.1331544535715,0.6321,723.5739814488929
5183.1831677678965,0.6564,670.9921335575276
5183.223178419362,0.6447,695.5673837085246
5183.263189070833,0.6059,787.5036188229935
5183.313202385176,0.6095,778.2283573661558
5183.353213036655,0.6101,776.6984224495395
5183.393223688137,0.6091,779.2508267310756
5183.433234339625,0.6351,716.75429428049
5183.483247653991,0.6545,674.8935348798766
5183.523258305488,0.6535,676.9605857413667
5183.56326895699,0.6866,613.2633816940041
5183.6132822713735,0.6717,640.7725621572486
5183.653292922884,0.5777,866.2627865627442
5183.6933035744,0.5822,852.9233472656576
5183.7433168888,0.6064,786.2055026326718
5183.783327540327,0.5845,846.2240806210392
5183.823338191855,0.5952,816.0722164045283
5183.873351506273,0.5957,814.7028553787508
5183.913362157814,0.5515,950.5244405286498
5183.953372809357,0.6235,743.6722702855706
5183.993383460905,0.6679,648.0846113327488
5184.043396775346,0.6278,733.5198830117527
5184.083407426903,0.6093,778.7393403332908
5184.123418078465,0.658,667.7329222729719
5184.173431392922,0.6319,724.0320838978145
5184.213442044494,0.574,877.4666086866548
5184.253452696071,0.6173,758.6857652046328
5184.303466010544,0.6723,639.6293480950037
5184.343476662131,0.625,740.1069326381634
5184.38348731372,0.6508,682.5892958873517
5184.423497965315,0.6099,777.2078990831097
5184.473511279813,0.615,764.3710900098708
5184.513521931415,0.5964,812.7915328929626
5184.553532583025,0.5906,828.8339668139778
5184.60354589754,0.6092,778.9950205620313
5184.643556549157,0.6153,763.625908627844
5184.683567200779,0.6282,732.5860591525764
5184.733580515313,0.6285,731.8868610117088
5184.773591166944,0.6294,729.7952620837082
5184.8136018185805,0.6453,694.2745098126518
5184.863615133132,0.6199,752.3349244481767
5184.903625784777,0.6006,801.4635851919433
5184.9436364364265,0.6014,799.3327459792637
5184.98364708808,0.6194,753.5500315898734
5185.033660402654,0.6253,739.3969423527063
5185.073671054318,0.638,710.2531652903355
5185.113681705986,0.6293,730.0272188886959
5185.163695020577,0.6271,735.1583766341422
5185.203705672254,0.6026,796.1523853888858
5185.243716323936,0.6493,685.7467424959774
5185.293729638545,0.5948,817.1701925251707
5185.333740290238,0.6289,730.9561528589721
5185.3737509419325,0.617,759.4237253152888
5185.423764256558,0.6068,785.1693192758423
5185.463774908263,0.6004,801.9976263232816
5185.503785559973,0.6059,787.5036188229935
5185.5437962116885,0.6178,757.458219838685
5185.5938095263355,0.5932,821.5843306851584
5185.633820178059,0.592,824.9184480914474
5185.673830829787,0.5801,859.1097908124791
5185.723844144453,0.5987,806.558606288534
5185.7638547961915,0.6094,778.4837859621957
5185.803865447933,0.5951,816.3465028810298
5185.853878762617,0.6304,727.4817618578921
5185.8938894143685,0.6629,657.8979731206109
5185.933900066125,0.6006,801.4635851919433
5185.973910717884,0.6319,724.0320838978145
5186.02392403259,0.6717,640.7725621572486
5186.06393468436,0.633,721.5178910671789
5186.103945336134,0.6157,762.634027363741
5186.153958650859,0.6156,762.8818164250316
5186.193969302642,0.589,833.3430781567247
5186.233979954431,0.5735,878.9972932243977
5186.28399326917,0.5738,878.0784023436545
5186.324003920968,0.6267,736.0971247628914
5186.3640145727695,0.6167,760.1627626507766
5186.414027887529,0.6534,677.1678129689296
5186.45403853934,0.5965,812.5190359808184
5186.494049191157,0.5981,808.1776569158159
5186.5340598429775,0.6015,799.0669887149733
5186.584073157758,0.5499,956.0638071881317
5186.624083809587,0.6336,720.1520290868782
5186.664094461422,0.6277,733.7536179626593
5186.714107776221,0.5901,830.2391247573415
5186.7541184280635,0.6169,759.669951298655
5186.794129079913,0.6452,694.4897383422962
5186.844142394727,0.6516,680.9142333309185
5186.884153046585,0.6336,720.1520290868782
5186.924163698447,0.62,752.0922557259087
5186.964174350314,0.6284,732.1198157953816
5187.014187665152,0.6374,711.5909494243178
5187.054198317028,0.668,647.8905888381482
5187.094208968908,0.6191,754.2805094345049
5187.144222283765,0.5586,926.5150517355426
5187.184232935654,0.6287,731.4212848803122
5187.224243587548,0.5998,803.6029562740723
5187.274256902421,0.6566,670.583428763112
5187.314267554325,0.6481,688.2885003796387
5187.354278206233,0.645,694.9204957587982
5187.404291521125,0.6409,703.8400869692434
5187.444302173042,0.6032,794.5693182089655
5187.484312824964,0.6,803.0673111517001
5187.52432347689,0.5791,862.0793990584727
5187.574336791804,0.6685,646.9217820651822
5187.61434744374,0.6761,632.4595287955882
5187.6543580956795,0.6578,668.1390234690116
5187.70437141061,0.6292,730.2592862983569
5187.74438206256,0.5929,822.4159624611646
5187.784392714516,0.6412,703.1816268918905
5187.834406029464,0.5848,845.3560858403341
5187.874416681428,0.5963,813.0641669102398
5187.914427333395,0.648,688.5009511656647
5187.96444064836,0.6667,650.4196953627262
5188.004451300339,0.69,607.2345257549586
5188.044461952321,0.5768,868.9682075071854
5188.084472604306,0.5404,989.973589661299
5188.134485919295,0.6297,729.1000545943117
5188.17449657129,0.6466,691.485619719981
5188.214507223292,0.5926,823.2488575796826
5188.264520538297,0.6434,698.3810290422228
5188.304531190306,0.6094,778.4837859621957
5188.344541842321,0.5871,838.7456031128776
5188.394555157343,0.5765,869.8728314068702
5188.434565809366,0.6147,765.1173626978928
5188.4745764613945,0.6377,710.9215853470773
5188.514587113427,0.6036,793.5165617796466
5188.564600428473,0.6293,730.0272188886959
5188.604611080515,0.5502,955.0214937523848
5188.644621732561,0.5711,886.4006288555187
5188.694635047625,0.6013,799.5986358457099
5188.73464569968,0.6225,746.0634940633661
5188.774656351739,0.5574,930.5086392967389
5188.824669666822,0.6136,767.8630671262991
5188.864680318891,0.5884,835.0434857973024
5188.904690970965,0.6255,738.9241829271591
5188.954704286063,0.6082,781.5587632383928
5188.994714938146,0.6002,802.53220140585
5189.034725590233,0.6127,770.1205608262111
5189.074736242326,0.6489,686.5924284774734
5189.124749557447,0.5967,811.9744531043418
5189.164760209549,0.5752,873.8092382245923
5189.204770861655,0.6366,713.3805490470355
5189.254784176795,0.5879,836.4644709309891
5189.294794828908,0.5536,943.3267823818184
5189.3348054810285,0.7034,584.3188999702725
5189.384818796184,0.6168,759.9162970512541
5189.424829448313,0.5991,805.4819406178253
5189.464840100448,0.6203,751.3649536068889
5189.504850752586,0.5647,906.6064053593798
5189.554864067763,0.6426,700.1209970794974
5189.594874719911,0.6636,656.5107368544537
5189.634885372063,0.5633,911.1184734412958
5189.684898687259,0.6111,774.1585381050282
5189.724909339421,0.6696,644.798041355506
5189.764919991586,0.6104,775.9351462853406
5189.8149333067995,0.5908,828.2729023087101
5189.854943958975,0.6191,754.2805094345049
5189.894954611155,0.6329,721.7459124771361
5189.944967926386,0.6135,768.1134092276328
5189.984978578574,0.6096,777.9730544626485
5190.0249892307675,0.6069,784.9105935092001
5190.064999882966,0.5952,816.0722164045283
5190.11501319822,0.5976,809.5305926528923
5190.155023850428,0.6236,743.4337804040489
5190.195034502639,0.6519,680.2876741839065
5190.245047817911,0.6453,694.2745098126518
5190.285058470132,0.6103,776.1894466112977
5190.325069122357,0.5708,887.3326176553029
5190.375082437645,0.6027,795.8882124949679
5190.4150930898795,0.6587,666.3144799562906
5190.455103742121,0.6184,755.9890939606099
5190.505117057425,0.5883,835.3273930001004
5190.5451277096745,0.571,886.7111285733788
5190.585138361928,0.5469,966.5814624379425
5190.625149014185,0.669,645.9551466896271
5190.675162329513,0.6493,685.7467424959774
5190.7151729817815,0.6425,700.3389501974284
5190.755183634053,0.6378,710.6986738580374
5190.805196949398,0.6013,799.5986358457099
5190.845207601678,0.5665,900.8542568407601
5190.885218253964,0.6462,692.3419472531975
5190.935231569327,0.6311,725.8688510328986
5190.9752422216225,0.5775,866.8628982775407
5191.015252873922,0.567,899.266151960014
5191.055263526227,0.5793,861.4842469110858
5191.105276841611,0.6634,656.9066420148181
5191.145287493924,0.6512,681.750992929264
5191.185298146242,0.6261,737.5086219431684
5191.235311461644,0.6567,670.379216382811
5191.275322113972,0.6457,693.4145954379046
5191.315332766304,0.6625,658.6926545879957
5191.365346081724,0.6552,673.4522272177527
5191.405356734063,0.6037,793.2536995876713
5191.445367386409,0.586,841.897427435269
5191.495380701846,0.5739,877.7724255631703
5191.535391354203,0.6183,756.2336512970369
5191.5754020065615,0.6179,757.2130682927277
5191.6154126589245,0.6125,770.6235779932622
5191.665425974386,0.5835,849.1270720713545
5191.7054366267585,0.5611,918.2772211501212
5191.745447279136,0.6224,746.3032505638777
5191.795460594614,0.6138,767.3627499437274
5191.835471247,0.5939,819.6487552069756
5191.875481899392,0.6834,619.0199941499989
5191.925495214887,0.6405,704.7194734057382
5191.965505867287,0.644,697.0803061611653
5192.005516519693,0.5936,820.477449103727
5192.045527172101,0.5872,838.4599516292591
5192.095540487619,0.6483,687.8638937032126
5192.135551140037,0.5925,823.5267704709485
5192.175561792461,0.5762,870.7788686561303
5192.225575107996,0.5618,915.9903131651818
5192.265585760429,0.6098,777.4628254034792
5192.305596412865,0.5528,946.0590766056902
5192.355609728418,0.6484,687.651737691544
5192.395620380866,0.631,726.0989382651799
5192.435631033315,0.5979,808.718423916412
5192.485644348886,0.5946,817.7200117311346
5192.5256550013455,0.6673,649.2505786647529
5192.565665653811,0.617,759.4237253152888
5192.605676306279,0.6122,771.3790283054716
5192.6556896218735,0.5738,878.0784023436545
5192.695700274352,0.5847,845.6452689870861
5192.735710926834,0.6251,739.8701556265604
5192.785724242444,0.611,774.4119654774103
5192.825734894937,0.6029,795.3602610052694
5192.865745547434,0.6186,755.5003350452662
5192.9157588630615,0.5616,916.6428429267476
5192.955769515566,0.6014,799.3327459792637
5192.9957801680775,0.6602,663.2901394830026
5193.045793483722,0.5999,803.3350667461971
5193.085804136243,0.5944,818.270386028729
5193.1258147887675,0.6341,719.0167712924612
5193.165825441296,0.6103,776.1894466112977
5193.215838756963,0.6008,800.9300773009674
5193.255849409502,0.6327,722.2022796940374
5193.295860062044,0.6586,666.5168377011322
5193.345873377728,0.5876,837.3188037176443
5193.385884030281,0.605,789.8483436347323
5193.425894682837,0.5539,942.3052229442917
5193.475907998539,0.522,1060.9947300268248
5193.5159186511055,0.5981,808.1776569158159
5193.555929303675,0.6161,761.6440773918958
5193.595939956251,0.6031,794.8328346653672
5193.645953271975,0.5704,888.5775576095506
5193.685963924559,0.6117,772.640583032604
5193.725974577147,0.603,795.0964822351367
5193.775987892889,0.5577,929.5078252026706
5193.815998545487,0.6158,762.3863590081369
5193.856009198089,0.6618,660.0868159975315
5193.906022513848,0.6199,752.3349244481767
5193.94603316646,0.5457,970.8371741417066
5193.986043819076,0.5692,892.3281380141717
5194.036057134855,0.6183,756.2336512970369
5194.07606778748,0.6504,683.4291460030462
5194.11607844011,0.6562,671.4012121097472
5194.156089092744,0.6467,691.2717860759395
5194.206102408542,0.6207,750.3968574039867
5194.246113061187,0.5656,903.7234663721557
5194.286123713835,0.5685,894.5269529765903
5194.3361370296525,0.5171,1081.1977704242731
5194.376147682309,0.5659,902.7655420124664
5194.416158334971,0.6572,669.3595523783823
5194.466171650805,0.5908,828.2729023087101
5194.506182303477,0.5711,886.4006288555187
5194.546192956153,0.6843,617.3927814732383
5194.596206272004,0.7153,565.0387498147195
5194.636216924689,0.6745,635.463632463358
5194.676227577378,0.5806,857.6307374381572
5194.716238230073,0.5943,818.5457815704233
5194.766251545947,0.5771,868.064994018979
5194.806262198649,0.5258,1045.7143825247074
5194.846272851358,0.4431,1472.4834980920878
5194.896286167249,0.6467,691.2717860759395
5194.936296819967,0.6637,656.3129184758362
5194.976307472689,0.6504,683.4291460030462
5195.026320788596,0.607,784.6519956028682
5195.066331441327,0.5899,830.8021886388194
5195.106342094064,0.5821,853.2164223882753
5195.146352746803,0.5281,1036.6255695621835
5195.196366062733,0.5748,875.0258168695099
5195.236376715483,0.6493,685.7467424959774
5195.276387368238,0.6137,767.6128473915765
5195.326400684185,0.6362,714.277881571414
5195.366411336949,0.6347,717.6580018845583
5195.406421989717,0.5785,863.8685606141713
5195.456435305682,0.5637,909.8258800835991
5195.496445958459,0.6411,703.4010108793157
5195.536456611241,0.6591,665.5059698298343
5195.586469927223,0.6455,693.8443528004103
5195.626480580015,0.6408,704.0597791999802
5195.666491232811,0.6194,753.5500315898734
5195.706501885608,0.655,673.8635579144659
5195.756515201615,0.6015,799.0669887149733
5195.796525854424,0.6416,702.3051164987137
5195.836536507239,0.6268,735.8622692326047
5195.886549823259,0.6288,731.1886633911978
5195.926560476082,0.607,784.6519956028682
5195.966571128911,0.6556,672.6306948754187
5196.016584444949,0.6103,776.1894466112977
5196.056595097786,0.6241,742.243050091914
5196.096605750627,0.5728,881.1469894447869
5196.1366164034725,0.6446,695.7832137606149
5196.186629719535,0.6444,696.2151753419286
5196.226640372391,0.6111,774.1585381050282
5196.266651025249,0.5895,831.9300361639516
5196.31666434133,0.6656,652.5712932894335
5196.356674994197,0.6252,739.6334922222974
5196.396685647071,0.6302,727.9435809907236
5196.446698963169,0.5962,813.3369381246445
5196.486709616052,0.647,690.6308799360243
5196.526720268938,0.6402,705.3800952324849
5196.576733585051,0.6054,788.8049526793899
5196.616744237948,0.5628,912.738092451234
5196.65675489085,0.6197,752.8206143711158
5196.696765543755,0.5861,841.6101644530995
5196.7467788598915,0.5596,923.2066687400835
5196.786789512806,0.571,886.7111285733788
5196.826800165724,0.5655,904.0431133298256
5196.876813481879,0.5477,963.7598483284637
5196.916824134808,0.5692,892.3281380141717
5196.95683478774,0.612,771.8832791615481
5197.0068481039125,0.5837,848.5452799557885
5197.046858756855,0.6102,776.4438719720362
5197.086869409801,0.655,673.8635579144659
5197.136882725988,0.626,737.7442661444679
5197.1768933789435,0.6484,687.651737691544
5197.216904031906,0.5717,884.5410508797304
5197.256914684869,0.5626,913.3871494759253
5197.306928001081,0.704,583.3233276899048
5197.3469386540555,0.625,740.1069326381634
5197.386949307034,0.6638,656.1151894930518
5197.436962623262,0.5936,820.477449103727
5197.47697327625,0.6006,801.4635851919433
5197.516983929241,0.6176,757.9488802262666
5197.566997245488,0.6207,750.3968574039867
5197.60700789849,0.6594,664.9005525668248
5197.647018551497,0.6461,692.5562776831812
5197.687029204507,0.5747,875.3303585166126
5197.7370425207755,0.6467,691.2717860759395
5197.777053173794,0.6345,718.1104967476238
5197.817063826818,0.6004,801.9976263232816
5197.867077143106,0.5941,819.0969899073652
5197.9070877961385,0.6496,685.1135029572015
5197.947098449177,0.6085,780.7883131291383
5197.99711176548,0.637,712.4849064115425
5198.037122418528,0.6666,650.6148551304568
5198.07713307158,0.6404,704.9395775264812
5198.1271463879,0.6148,764.8684837475008
5198.167157040962,0.5657,903.403988913234
5198.207167694027,0.6174,758.4400175225566
5198.247178347096,0.5919,825.1972069149367
5198.29719166344,0.61,776.9530981258581
5198.337202316519,0.624,742.48096718647
5198.3772129696035,0.6326,722.4306256377422
5198.427226285963,0.6529,678.2053777833316
5198.467236939057,0.6844,617.2123762205094
5198.507247592154,0.5344,1012.3282873298455
5198.557260908531,0.5957,814.7028553787508
5198.597271561638,0.6201,751.8497043953985
5198.637282214749,0.6588,666.1122143526507
5198.677292867865,0.6202,751.6072703809402
5198.727306184264,0.6495,685.324485309649
5198.76731683739,0.6122,771.3790283054716
5198.807327490519,0.6224,746.3032505638777
5198.857340806938,0.5718,884.2316902091655
5198.897351460076,0.5821,853.2164223882753
5198.937362113219,0.5816,854.6840663155068
5198.987375429653,0.6902,606.882659242809
5199.027386082806,0.5705,888.2660771105999
5199.067396735964,0.5761,871.0811956591552
5199.117410052415,0.5723,882.6873185785554
5199.157420705582,0.5981,808.1776569158159
5199.1974313587525,0.6253,739.3969423527063
5199.237442011928,0.6038,792.9909679886022
5199.287455328404,0.6613,661.0853572926214
5199.327465981587,0.6294,729.7952620837082
5199.367476634776,0.5084,1118.51832713805
5199.417489951269,0.489,1209.0281207651249
5199.457500604467,0.5847,845.6452689870861
5199.497511257669,0.6135,768.1134092276328
5199.547524574178,0.6137,767.6128473915765
5199.587535227391,0.6795,626.146123681992
5199.627545880606,0.615,764.3710900098708
5199.677559197132,0.6056,788.2840323367313
5199.717569850361,0.6193,753.7934062559386
5199.757580503589,0.6548,674.2752655747248
5199.797591156824,0.61,776.9530981258581
5199.8476044733725,0.6002,802.53220140585
5199.887615126617,0.6152,763.8741812970206
5199.927625779865,0.708,576.7507321821935
5199.977639096432,0.6442,696.6475393088004
5200.01764974969,0.6103,776.1894466112977
5200.05766040295,0.5271,1040.562609699946
5200.107673719534,0.6008,800.9300773009674
5200.147684372805,0.6294,729.7952620837082
5200.187695026081,0.6045,791.1554961401357
5200.227705679363,0.6106,775.4269204101753
5200.277718995969,0.5658,903.0846808332417
5200.317729649258,0.6125,770.6235779932622
5200.357740302552,0.6227,745.5843275399836
5200.407753619176,0.6298,728.8685395058228
5200.44776427248,0.592,824.9184480914474
5200.487774925787,0.562,915.3384799294006
5200.537788242428,0.6198,752.5777106379697
5200.577798895744,0.5841,847.3834880978656
5200.617809549066,0.6056,788.2840323367313
5200.667822865724,0.5991,805.4819406178253
5200.707833519055,0.6738,636.7846622716207
5200.747844172391,0.6715,641.1543146705434
5200.7878548257295,0.6081,781.8158333716397
5200.83786814241,0.6371,712.2612593005679
5200.877878795759,0.6351,716.75429428049
5200.917889449112,0.6028,795.6241710628333
5200.96790276581,0.5819,853.8030259844811
5201.007913419173,0.6196,753.0636357235045
5201.047924072541,0.5948,817.1701925251707
5201.097937389255,0.6081,781.8158333716397
5201.137948042632,0.6129,769.6180360079319
5201.177958696013,0.6396,706.7041287128925
5201.217969349398,0.6451,694.705066970318
5201.267982666135,0.6406,704.4994723539604
5201.3079933195295,0.5932,821.5843306851584
5201.348003972928,0.5601,921.5591183925106
5201.398017289684,0.5281,1036.6255695621835
5201.4380279430925,0.5449,973.689948776789
5201.478038596505,0.631,726.0989382651799
5201.5280519132775,0.5897,831.3658255151122
5201.568062566698,0.6707,642.6847413573564
5201.608073220126,0.62,752.0922557259087
5201.658086536916,0.6617,660.2863431839876
5201.698097190352,0.6284,732.1198157953816
5201.738107843791,0.613,769.3669580288118
5201.778118497236,0.6068,785.1693192758423
5201.828131814047,0.635,716.9800610844911
5201.868142467502,0.6262,737.2730906251375
5201.9081531209595,0.6157,762.634027363741
5201.95816643779,0.5964,812.7915328929626
5201.998177091257,0.558,928.5086248880235
5202.03818774473,0.6222,746.7831104138288
5202.088201061575,0.6377,710.9215853470773
5202.128211715059,0.5644,907.570451156009
5202.168222368543,0.5867,839.8896700531161
5202.218235685407,0.6381,710.0305680802928
5202.258246338902,0.6093,778.7393403332908
5202.2982569924025,0.5757,872.2920795193461
5202.338267645907,0.5767,869.2695919497598
5202.388280962792,0.6024,796.681125911282
5202.428291616304,0.6043,791.6792658621162
5202.468302269824,0.5778,865.9629643663386
5202.518315586726,0.646,692.7707076549699
5202.558326240253,0.652,680.079013306097
5202.598336893785,0.5557,936.21057003402
5202.648350210705,0.6385,709.1412248684735
5202.6883608642465,0.6718,640.5818137446965
5202.728371517792,0.5696,891.0753104087428
5202.768382171341,0.5801,859.1097908124791
5202.818395488283,0.5724,882.3789298040251
5202.858406141843,0.5818,854.0965546658855
5202.898416795407,0.5964,812.7915328929626
5202.948430112367,0.6345,718.1104967476238
5202.98844076594,0.6418,701.8674757413701
5203.028451419517,0.6408,704.0597791999802
5203.078464736494,0.6541,675.7192176321994
5203.118475390081,0.6601,663.4911209634267
5203.158486043672,0.5566,933.1853929415009
5203.208499360666,0.5329,1018.0352743438405
5203.248510014267,0.5644,907.570451156009
5203.288520667872,0.5829,850.8760430078672
5203.32853132148,0.6181,756.7231221111637
5203.378544638498,0.714,567.098184135251
5203.418555292115,0.6651,653.5528232880181
5203.458565945738,0.5612,917.9499959999262
5203.508579262772,0.5533,944.3500039394598
5203.548589916405,0.5998,803.6029562740723
5203.58860057004,0.644,697.0803061611653
5203.638613887092,0.6541,675.7192176321994
5203.6786245407375,0.5677,897.0498507226079
5203.71863519439,0.6507,682.7991132216392
5203.758645848044,0.6557,672.4255466740544
5203.808659165116,0.6647,654.3396425874564
5203.848669818781,0.6261,737.5086219431684
5203.88868047245,0.6769,630.9654591091286
5203.938693789541,0.7069,578.5470782519216
5203.978704443218,0.686,614.3366132005814
5204.0187150969,0.6209,749.9135107826837
5204.068728414009,0.6059,787.5036188229935
5204.108739067699,0.6496,685.1135029572015
5204.148749721396,0.6671,649.6399337416271
5204.198763038522,0.6503,683.6393507215204
5204.238773692227,0.6598,664.0946137982786
5204.278784345937,0.5987,806.558606288534
5204.31879499965,0.6177,757.7034904574894
5204.368808316799,0.6033,794.305932779008
5204.408818970522,0.5925,823.5267704709485
5204.448829624249,0.6604,662.888450386832
5204.498842941415,0.656,671.8106648756421
5204.538853595152,0.5648,906.2853980855133
5204.578864248893,0.566,902.4465723313008
5204.628877566076,0.5995,804.4074293517499
5204.668888219827,0.6272,734.9239701933515
5204.708898873581,0.5965,812.5190359808184
5204.758912190781,0.5551,938.2355345814976
5204.798922844546,0.5959,814.1560758717126
5204.838933498315,0.6309,726.3291349150084
5204.8789441520885,0.6195,753.3067747710862
5204.928957469309,0.5898,831.0839354040365
5204.968968123094,0.6624,658.8915499322572
5205.008978776879,0.5947,817.4450327883667
5205.058992094119,0.5407,988.8753498353888
5205.099002747915,0.5926,823.2488575796826
5205.139013401716,0.6567,670.379216382811
5205.189026718973,0.6951,598.3565784634387
5205.229037372782,0.599,805.7509048352673
5205.269048026597,0.5247,1050.1035167890425
5205.309058680415,0.575,874.4172101792738
5205.359071997695,0.6352,716.5286340958262
5205.399082651522,0.6135,768.1134092276328
5205.439093305354,0.6219,747.5037684267336
5205.489106622651,0.6985,592.545674690552
5205.529117276494,0.5882,835.6114450163224
5205.569127930339,0.6751,634.3345902967448
5205.619141247653,0.6452,694.4897383422962
5205.659151901508,0.4897,1205.5741159688387
5205.699162555368,0.5414,986.3198863269058
5205.739173209232,0.564,908.8582393465673
5205.789186526568,0.6027,795.8882124949679
5205.829197180442,0.5966,812.2466760818915
5205.869207834319,0.598,808.4479725942798
5205.919221151672,0.5992,805.2131110505792
5205.959231805559,0.6043,791.6792658621162
5205.999242459452,0.5805,857.9262423924343
5206.049255776823,0.537,1002.5492301783919
5206.089266430724,0.5403,990.3400761948484
5206.1292770846285,0.6023,796.9456937145474
5206.179290402015,0.7067,578.8745881573237
5206.219301055931,0.6394,707.1463017183638
5206.25931170985,0.5846,845.9346005467964
5206.299322363774,0.6469,690.8444162452548
5206.349335681183,0.6055,788.544427984591
5206.389346335116,0.5317,1022.635682829472
5206.429356989052,0.5711,886.4006288555187
5206.479370306479,0.6055,788.544427984591
5206.519380960426,0.584,847.6737122714302
5206.559391614376,0.5975,809.8015874581513
5206.609404931821,0.543,980.5158940845888
5206.649415585782,0.5926,823.2488575796826
5206.689426239746,0.6601,663.4911209634267
5206.739439557208,0.6349,717.205934575007
5206.779450211181,0.6444,696.2151753419286
5206.81946086516,0.6108,774.919193692016
5206.859471519142,0.6208,750.1551256994276
5206.909484836627,0.6284,732.1198157953816
5206.9494954906195,0.6342,718.7900418850741
5206.989506144614,0.5825,852.0450273547261
5207.039519462116,0.5983,807.6374321271948
5207.0795301161215,0.6325,722.6590798962142
5207.1195407701325,0.6416,702.3051164987137
5207.169554087651,0.5869,839.3173441826867
5207.209564741671,0.6328,721.9740419966378
5207.249575395694,0.6226,745.8238530801342
5207.29958871323,0.5635,910.4718326832079
5207.339599367263,0.612,771.8832791615481
5207.379610021299,0.6272,734.9239701933515
5207.419620675341,0.5816,854.6840663155068
5207.4696339929,0.6028,795.6241710628333
5207.509644646951,0.6254,739.1605059451775
5207.549655301007,0.6186,755.5003350452662
5207.599668618581,0.6178,757.458219838685
5207.6396792726455,0.6164,760.9028793087314
5207.679689926715,0.6429,699.4677478420647
5207.7297032443075,0.6586,666.5168377011322
5207.769713898386,0.6009,800.6635230987927
5207.809724552469,0.612,771.8832791615481
5207.849735206556,0.6438,697.5134763997344
5207.899748524171,0.6751,634.3345902967448
5207.939759178267,0.5964,812.7915328929626
5207.979769832369,0.579,862.377206435135
5208.029783150001,0.5933,821.307400394369
5208.069793804111,0.6023,796.9456937145474
5208.109804458225,0.6065,785.946264581036
5208.159817775874,0.6136,767.8630671262991
5208.199828429998,0.6127,770.1205608262111
5208.239839084127,0.6328,721.9740419966378
5208.279849738259,0.6778,629.2909502240884
5208.32986305593,0.6558,672.2204923117782
5208.369873710072,0.675,634.5225549302711
5208.40988436422,0.6529,678.2053777833316
5208.459897681908,0.6378,710.6986738580374
5208.499908336064,0.5946,817.7200117311346
5208.539918990224,0.6727,638.8689042358845
5208.589932307931,0.6595,664.6989303878743
5208.629942962099,0.6931,601.8147750728738
5208.669953616273,0.5904,829.395601602356
5208.719966933996,0.546,969.7706151488244
5208.759977588179,0.7565,505.169223197848
5208.799988242367,0.7425,524.3989469795196
5208.850001560107,0.626,737.7442661444679
5208.890012214303,0.5969,811.4304175464016
5208.930022868505,0.6104,775.9351462853406
5208.97003352271,0.5808,857.0401853736822
5209.020046840473,0.5705,888.2660771105999
5209.0600574946875,0.6073,783.8769682037192
5209.100068148906,0.6139,767.11277470308
5209.150081466687,0.6585,666.7192876431501
5209.190092120914,0.6295,729.5634158131186
5209.230102775147,0.602,797.7401883428549
5209.280116092945,0.5859,842.1848375177999
5209.320126747187,0.5786,863.5699804495599
5209.360137401433,0.6609,661.8858226126403
5209.400148055684,0.6235,743.6722702855706
5209.450161373504,0.5925,823.5267704709485
5209.490172027764,0.6414,702.7431667119068
5209.530182682028,0.6119,772.1355900261239
5209.580195999865,0.5552,937.8975845275681
5209.620206654139,0.5651,905.3233985480716
5209.6602173084175,0.5778,865.9629643663386
5209.710230626272,0.5702,889.2010103172494
5209.750241280559,0.572,883.6134555525691
5209.790251934851,0.5588,925.8519539618302
5209.830262589147,0.5453,972.2619919916748
5209.880275907023,0.5743,876.550116367386
5209.920286561329,0.5952,816.0722164045283
5209.960297215639,0.5924,823.8048241129966
5210.010310533532,0.6292,730.2592862983569
5210.050321187852,0.6003,802.2648470761867
5210.090331842175,0.5855,843.3359508618738
5210.1403451600845,0.6684,647.1153695000615
5210.180355814418,0.6757,633.2085544501898
5210.220366468756,0.6221,747.023213911963
5210.2703797866825,0.5427,981.6002336056798
5210.310390441029,0.5422,983.4114675085956
5210.35040109538,0.6257,738.4518767697364
5210.390411749736,0.5853,843.9123927519214
5210.440425067685,0.6714,641.3453188728503
5210.48043572205,0.6767,631.3384798083769
5210.5204463764185,0.6092,778.9950205620313
5210.570459694386,0.5839,847.9640855708013
5210.610470348765,0.6011,800.1308137380701
5210.650481003147,0.5723,882.6873185785554
5210.7004943211305,0.5611,918.2772211501212
5210.740504975524,0.5721,883.3045813397111
5210.78051562992,0.5947,817.4450327883667
5210.830528947922,0.6211,749.4306310118251
5210.870539602327,0.6251,739.8701556265604
5210.910550256736,0.6305,727.2510170783952
5210.950560911151,0.5998,803.6029562740723
5211.000574229176,0.5872,838.4599516292591
5211.040584883599,0.5638,909.5031615381224
5211.080595538027,0.5714,885.4701076235332
5211.130608856069,0.5695,891.3882698393311
5211.170619510504,0.6246,741.0551782133681
5211.210630164947,0.639,708.0318936099794
5211.260643483006,0.6233,744.1495944561955
5211.300654137456,0.6972,594.7574544670757
5211.340664791911,0.5856,843.0479513725145
5211.38067544637,0.642,701.4302439297314
5211.430688764452,0.6603,663.0892493092375
5211.470699418922,0.6593,665.1022664963425
5211.510710073394,0.6478,688.9261479368654
5211.560723391492,0.6203,751.3649536068889
5211.600734045973,0.6021,797.4752248427224
5211.640744700461,0.5585,926.8468677925679
5211.690758018576,0.6158,762.3863590081369
5211.730768673072,0.6434,698.3810290422228
5211.770779327573,0.65,684.2705470859006
5211.8207926457035,0.6648,654.1428046075522
5211.860803300215,0.6262,737.2730906251375
5211.900813954729,0.589,833.3430781567247
5211.940824609248,0.5847,845.6452689870861
5211.990837927402,0.6123,771.1270881524673
5212.03084858193,0.5971,810.8869285738198
5212.070859236463,0.5911,827.43237314363
5212.120872554634,0.5938,819.9248469523016
5212.160883209175,0.6227,745.5843275399836
5212.200893863721,0.6447,695.5673837085246
5212.2509071819095,0.5853,843.9123927519214
5212.290917836465,0.5786,863.5699804495599
5212.330928491026,0.5387,996.2316459349382
5212.370939145588,0.5545,940.2670760473927
5212.4209524638,0.6006,801.4635851919433
5212.460963118374,0.6486,687.227720018474
5212.500973772951,0.6203,751.3649536068889
5212.550987091178,0.6232,744.3884288926855
5212.590997745766,0.5434,979.0729007696224
5212.631008400356,0.5973,810.3439854546449
5212.681021718601,0.6561,671.6058916874662
5212.721032373202,0.6359,714.951992512799
5212.761043027809,0.6308,726.5594410517728
5212.81105634607,0.5755,872.8984684920326
5212.851067000684,0.5967,811.9744531043418
5212.891077655302,0.602,797.7401883428549
5212.931088309924,0.5715,885.1602594732032
5212.981101628209,0.5558,935.8737133719081
5213.021112282842,0.5706,887.9547603617323
5213.061122937479,0.6179,757.2130682927277
5213.11113625578,0.6309,726.3291349150084
5213.151146910425,0.6358,715.1769082386386
5213.191157565077,0.6585,666.7192876431501
5213.241170883395,0.7003,589.5035214339747
5213.2811815380555,0.6667,650.4196953627262
5213.321192192719,0.5994,804.6758555072929
5213.371205511055,0.5892,832.7774296652734
5213.4112161657295,0.5535,943.6676713763937
5213.451226820407,0.6196,753.0636357235045
5213.4912374750875,0.5742,876.855454200019
5213.541250793447,0.6528,678.4131768901287
5213.581261448137,0.6566,670.583428763112
5213.621272102833,0.6362,714.277881571414
5213.671285421209,0.6455,693.8443528004103
5213.711296075913,0.6159,762.1388112798326
5213.751306730622,0.5504,954.3275647951424
5213.801320049015,0.6267,736.0971247628914
5213.841330703734,0.5639,909.1806146663596
5213.881341358457,0.5549,938.9119828965594
5213.921352013184,0.6239,742.7189986915627
5213.9713653315985,0.6196,753.0636357235045
5214.011375986335,0.6303,727.7126164720951
5214.051386641075,0.6469,690.8444162452548
5214.101399959506,0.65,684.2705470859006
5214.141410614257,0.6336,720.1520290868782
5214.1814212690115,0.6152,763.8741812970206
5214.231434587461,0.6213,748.948217490381
5214.271445242224,0.6105,775.6809709122496
5214.311455896992,0.6163,761.1498250741096
5214.361469215458,0.6013,799.5986358457099
5214.4014798702365,0.6068,785.1693192758423
5214.441490525017,0.6041,792.2035558842641
5214.481501179804,0.554,941.9650718696544
5214.531514498292,0.6059,787.5036188229935
5214.571525153089,0.6479,688.7135003311564
5214.611535807887,0.6006,801.4635851919433
5214.661549126393,0.5885,834.759723309508
5214.7015597812015,0.5901,830.2391247573415
5214.741570436016,0.5752,873.8092382245923
5214.791583754538,0.5364,1004.793319818031
5214.831594409361,0.547,966.2280835192084
5214.871605064188,0.6133,768.6144608494056
5214.911615719019,0.6598,664.0946137982786
5214.961629037564,0.6268,735.8622692326047
5215.001639692405,0.6242,742.0052473345843
5215.04165034725,0.5861,841.6101644530995
5215.091663665812,0.6132,768.865170529644
5215.131674320666,0.5432,979.7939989576856
5215.171684975524,0.6421,701.2117812193483
5215.221698294104,0.5794,861.1869019274736
5215.261708948971,0.5388,995.8618844842383
5215.301719603844,0.5882,835.6114450163224
5215.35173292244,0.6046,790.8938061765934
5215.391743577321,0.5377,999.9406144011457
5215.431754232207,0.5619,915.6643095435448
5215.471764887098,0.635,716.9800610844911
5215.521778205716,0.6122,771.3790283054716
5215.561788860616,0.6763,632.0855142598512
5215.601799515518,0.615,764.3710900098708
5215.651812834155,0.5961,813.6098466282465
5215.691823489068,0.6208,750.1551256994276
5215.731834143985,0.6411,703.4010108793157
5215.781847462639,0.6286,731.6540173969266
5215.821858117565,0.6033,794.305932779008
5215.861868772497,0.5691,892.6417577533958
5215.911882091166,0.5776,866.5627644971851
5215.951892746107,0.5507,953.2880886093942
5215.991903401051,0.5301,1028.818226848869
5216.031914056001,0.5558,935.8737133719081
5216.081927374693,0.5947,817.4450327883667
5216.121938029651,0.6198,752.5777106379697
5216.161948684615,0.5902,829.9578074469775
5216.211962003323,0.5608,919.2599471120345
5216.251972658296,0.5682,895.4717909125881
5216.291983313271,0.5788,862.9732843273061
5216.341996631997,0.5887,834.1926320856663
5216.382007286983,0.5859,842.1848375177999
5216.4220179419735,0.5843,846.8034867198543
5216.462028596967,0.5881,835.8956419444719
5216.512041915717,0.5817,854.390234741517
5216.55205257072,0.5998,803.6029562740723
5216.592063225727,0.6078,782.5878052295855
5216.642076544493,0.64,705.8210259877183
5216.68208719951,0.6947,599.0458290521292
5216.722097854531,0.5791,862.0793990584727
5216.7721111733135,0.5479,963.0563752937616
5216.812121828345,0.5546,939.9280278645157
5216.852132483379,0.6336,720.1520290868782
5216.902145802179,0.6489,686.5924284774734
5216.942156457224,0.6855,615.2331263490358
5216.982167112274,0.6354,716.0776333160646
5217.022177767325,0.5747,875.3303585166126
5217.072191086148,0.5753,873.5054899972929
5217.11220174121,0.6223,746.5431226559259
5217.152212396278,0.5951,816.3465028810298
5217.202225715116,0.6202,751.6072703809402
5217.242236370192,0.6287,731.4212848803122
5217.282247025273,0.5694,891.701394173166
5217.332260344128,0.6044,791.4173160066457
5217.372270999217,0.5948,817.1701925251707
5217.412281654313,0.5788,862.9732843273061
5217.45229230941,0.5635,910.4718326832079
5217.502305628289,0.6095,778.2283573661558
5217.542316283396,0.5105,1109.334966925046
5217.582326938508,0.6021,797.4752248427224
5217.6323402574035,0.6117,772.640583032604
5217.672350912525,0.6156,762.8818164250316
5217.712361567649,0.6144,765.8647288238841
5217.762374886563,0.6167,760.1627626507766
5217.802385541698,0.6067,785.4281729871007
5217.842396196837,0.593,822.1386116240142
5217.892409515765,0.6089,779.7628172210473
5217.932420170914,0.5673,898.3153039511918
5217.972430826068,0.5825,852.0450273547261
5218.012441481224,0.6154,763.3777569785374
5218.062454800175,0.5619,915.6643095435448
5218.102465455341,0.639,708.0318936099794
5218.142476110512,0.5931,821.8614010635393
5218.192489429482,0.5987,806.558606288534
5218.232500084662,0.5536,943.3267823818184
5218.272510739845,0.5814,855.272184375535
5218.322524058831,0.5775,866.8628982775407
5218.362534714025,0.5957,814.7028553787508
5218.402545369224,0.5855,843.3359508618738
5218.452558688227,0.6367,713.156480126956
5218.492569343434,0.6173,758.6857652046328
5218.532579998645,0.6489,686.5924284774734
5218.572590653861,0.6002,802.53220140585
5218.622603972886,0.632,723.8029783100167
5218.662614628112,0.6074,783.6188808969594
5218.70262528334,0.6475,689.564682003514
5218.752638602383,0.6316,724.7200537099399
5218.792649257622,0.5994,804.6758555072929
5218.832659912866,0.6446,695.7832137606149
5218.882673231925,0.6286,731.6540173969266
5218.922683887177,0.5807,857.3353851336137
5218.9626945424325,0.5891,833.0601818968005
5219.002705197694,0.6193,753.7934062559386
5219.052718516776,0.6293,730.0272188886959
5219.092729172046,0.5658,903.0846808332417
5219.132739827321,0.5692,892.3281380141717
5219.182753146419,0.6076,783.1030885190164
5219.222763801703,0.617,759.4237253152888
5219.262774456992,0.5801,859.1097908124791
5219.312787776106,0.5591,924.8586412410796
5219.352798431404,0.5775,866.8628982775407
5219.392809086706,0.587,839.0314005975151
5219.442822405838,0.5613,917.6229457270254
5219.48283306115,0.5686,894.2123392869777
5219.522843716465,0.5933,821.307400394369
5219.562854371784,0.5939,819.6487552069756
5219.612867690939,0.616,761.8913841005054
5219.652878346268,0.6019,798.0052839172871
5219.6928890016015,0.5856,843.0479513725145
5219.742902320774,0.5693,892.014683526121
5219.782912976116,0.6875,611.6587999518189
5219.822923631463,0.6487,687.015858236084
5219.872936950653,0.6205,750.880671477732
5219.912947606009,0.6118,772.388024622837
5219.952958261369,0.5868,839.6034339679923
5219.992968916733,0.5942,818.8213161654254
5220.042982235945,0.5611,918.2772211501212
5220.082992891318,0.5797,860.2957900615622
5220.123003546697,0.6434,698.3810290422228
5220.173016865924,0.595,816.6209276646224
5220.213027521312,0.6271,735.1583766341422
5220.253038176706,0.5635,910.4718326832079
5220.30305149595,0.5775,866.8628982775407
5220.343062151352,0.6171,759.177619023529
5220.383072806758,0.7075,577.5662144652423
5220.433086126019,0.6819,621.7463466562027
5220.473096781435,0.5895,831.9300361639516
5220.513107436853,0.5681,895.7870695703058
5220.553118092278,0.6109,774.665517312568
5220.603131411562,0.5879,836.4644709309891
5220.643142066994,0.6124,770.875271408593
5220.683152722431,0.5757,872.2920795193461
5220.733166041732,0.596,813.8828925131941
5220.773176697179,0.6621,659.4887767808736
5220.813187352629,0.6496,685.1135029572015
5220.863200671949,0.6384,709.3634039581964
5220.903211327409,0.6239,742.7189986915627
5220.943221982872,0.6531,677.7900658889022
5220.993235302209,0.6271,735.1583766341422
5221.033245957681,0.6664,651.0054382695965
5221.073256613159,0.6359,714.951992512799
5221.113267268642,0.6686,646.7282814861217
5221.163280587999,0.6494,685.53556513589
5221.203291243491,0.6179,757.2130682927277
5221.243301898986,0.6028,795.6241710628333
5221.293315218361,0.6637,656.3129184758362
5221.333325873867,0.6435,698.1639892039425
5221.373336529376,0.5823,852.6304231216357
5221.423349848768,0.6228,745.344917368776
5221.463360504287,0.618,756.9680357425543
5221.503371159809,0.6084,781.0450032004477
5221.543381815336,0.6122,771.3790283054716
5221.59339513475,0.6468,691.0580516048033
5221.633405790287,0.5647,906.6064053593798
5221.6734164458285,0.5503,954.674434698847
5221.723429765259,0.4942,1183.719104817181
5221.763440420809,0.6105,775.6809709122496
5221.803451076364,0.6196,753.0636357235045
5221.853464395812,0.5883,835.3273930001004
5221.893475051375,0.6123,771.1270881524673
5221.9334857069425,0.5813,855.5664710702839
5221.983499026408,0.6655,652.7674223175982
5222.023509681986,0.598,808.4479725942798
5222.063520337565,0.6499,684.4811401427814
5222.103530993152,0.5743,876.550116367386
5222.1535443126395,0.5801,859.1097908124791
5222.193554968234,0.6243,741.7675588412288
5222.233565623834,0.6721,640.0100792748294
5222.2835789433375,0.6077,782.8453832801216
5222.323589598947,0.5663,901.4906769309755
5222.36360025456,0.6227,745.5843275399836
5222.413613574081,0.5854,843.6240979547152
5222.453624229704,0.5795,860.8897108621433
5222.493634885331,0.6254,739.1605059451775
5222.533645540961,0.5965,812.5190359808184
5222.583658860505,0.6504,683.4291460030462
5222.623669516144,0.6383,709.5856874797593
5222.663680171789,0.6192,754.0368988454171
5222.71369349135,0.6059,787.5036188229935
5222.753704147004,0.5713,885.7801184947057
5222.793714802661,0.5752,873.8092382245923
5222.843728122239,0.5937,820.201078219877
5222.883738777906,0.6019,798.0052839172871
5222.9237494335775,0.596,813.8828925131941
5222.973762753173,0.6437,697.7302129455305
5223.013773408854,0.6129,769.6180360079319
5223.053784064538,0.5916,826.0343317018069
5223.093794720227,0.5637,909.8258800835991
5223.143808039844,0.5311,1024.9475896040303
5223.183818695542,0.552,948.8032589544008
5223.223829351246,0.6136,767.8630671262991
5223.273842670879,0.5651,905.3233985480716
5223.313853326592,0.5984,807.3675228358783
5223.353863982308,0.6475,689.564682003514
5223.403877301959,0.653,677.9976741357431
5223.443887957686,0.6093,778.7393403332908
5223.4838986134155,0.5669,899.5834368002857
5223.533911933083,0.5727,881.4547325493054
5223.573922588823,0.5726,881.76263690222
5223.6139332445655,0.5732,879.9176272606666
5223.653943900314,0.5704,888.5775576095506
5223.703957220005,0.5606,919.9159744289254
5223.74396787576,0.5858,842.4723948011446
5223.783978531523,0.6151,764.1225750647731
5223.833991851229,0.641,703.6204975504025
5223.874002507,0.5921,824.6398304948517
5223.9140131627755,0.5655,904.0431133298256
5223.9640264825,0.5982,807.9074767903269
5224.004037138285,0.6533,677.3751353638443
5224.044047794074,0.5865,840.4625815219822
5224.084058449865,0.6015,799.0669887149733
5224.134071769612,0.5839,847.9640855708013
5224.174082425415,0.5605,920.2442514654936
5224.21409308122,0.5939,819.6487552069756
5224.264106400984,0.5978,808.989010972982
5224.304117056799,0.6375,711.3677230643727
5224.344127712619,0.6284,732.1198157953816
5224.3941410324,0.6452,694.4897383422962
5224.434151688228,0.6131,769.1160028960919
5224.474162344063,0.6169,759.669951298655
5224.52417566386,0.6373,711.8142808730074
5224.5641863197025,0.5794,861.1869019274736
5224.604196975549,0.5925,823.5267704709485
5224.644207631401,0.5255,1046.9086861015426
5224.694220951221,0.5985,807.0977488259105
5224.734231607082,0.6311,725.8688510328986
5224.774242262947,0.5926,823.2488575796826
5224.824255582783,0.5526,946.7440049917923
5224.8642662386565,0.5797,860.2957900615622
5224.9042768945355,0.5932,821.5843306851584
5224.954290214389,0.629,730.72375321308
5224.994300870277,0.6073,783.8769682037192
5225.0343115261685,0.5986,806.8281100069008
5225.074322182064,0.5895,831.9300361639516
5225.1243355019415,0.6237,743.1954052268944
5225.164346157846,0.6379,710.4758671943621
5225.204356813755,0.6157,762.634027363741
5225.254370133649,0.5875,837.6038721906413
5225.294380789568,0.6005,801.7305390581657
5225.33439144549,0.6219,747.5037684267336
5225.384404765401,0.6055,788.544427984591
5225.424415421333,0.6144,765.8647288238841
5225.46442607727,0.6269,735.6275260821667
5225.514439397199,0.6801,625.0418113687874
5225.554450053144,0.6468,691.0580516048033
5225.594460709094,0.5746,875.6350591791781
5225.634471365049,0.6178,757.458219838685
5225.684484684997,0.6352,716.5286340958262
5225.724495340963,0.6305,727.2510170783952
5225.76450599693,0.6787,627.6230984320038
5225.814519316895,0.6399,706.0416464201871
5225.854529972873,0.6151,764.1225750647731
5225.894540628855,0.6088,780.0190017076309
5225.944553948838,0.5788,862.9732843273061
5225.984564604829,0.5813,855.5664710702839
5226.024575260824,0.5592,924.5278922093041
5226.074588580824,0.5931,821.8614010635393
5226.114599236828,0.5449,973.689948776789
5226.1546098928375,0.6041,792.2035558842641
5226.19462054885,0.5911,827.43237314363
5226.244633868872,0.4966,1172.305269718185
5226.284644524894,0.5474,964.8165039866111
5226.3246551809225,0.5943,818.5457815704233
5226.374668500961,0.6149,764.6197262111475
5226.414679156997,0.6076,783.1030885190164
5226.4546898130375,0.6262,737.2730906251375
5226.504703133093,0.5939,819.6487552069756
5226.544713789143,0.5875,837.6038721906413
5226.584724445197,0.6427,699.9031456898168
5226.624735101254,0.5939,819.6487552069756
5226.674748421332,0.5336,1015.3660242237112
5226.7147590774,0.5813,855.5664710702839
5226.754769733471,0.6182,756.4783273216167
5226.804783053567,0.6503,683.6393507215204
5226.844793709648,0.6155,763.1297262704591
5226.884804365733,0.6031,794.8328346653672
5226.934817685844,0.5861,841.6101644530995
5226.974828341939,0.5871,838.7456031128776
5227.014838998038,0.5969,811.4304175464016
5227.064852318167,0.5636,910.1487704246412
5227.1048629742745,0.5538,942.6455582990859
5227.144873630386,0.5455,971.549191275167
5227.184884286502,0.563,912.0897270150829
5227.234897606654,0.6783,628.3635462931535
5227.27490826278,0.546,969.7706151488244
5227.31491891891,0.5766,869.571133213382
5227.364932239078,0.586,841.897427435269
5227.404942895217,0.5636,910.1487704246412
5227.44495355136,0.5811,856.1555003117027
5227.494966871546,0.5727,881.4547325493054
5227.534977527699,0.5673,898.3153039511918
5227.5749881838565,0.5788,862.9732843273061
5227.625001504059,0.6301,728.1746554835524
5227.665012160224,0.6768,631.1519281223005
5227.705022816396,0.6078,782.5878052295855
5227.74503347257,0.6152,763.8741812970206
5227.795046792794,0.6302,727.9435809907236
5227.83505744898,0.6302,727.9435809907236
5227.875068105166,0.6357,715.40193011505
5227.925081425408,0.6341,719.0167712924612
5227.965092081606,0.5917,825.7551486245318
5228.005102737808,0.5589,925.5206719902254
5228.055116058065,0.5856,843.0479513725145
5228.095126714277,0.614,766.8629215900272
5228.135137370493,0.5958,814.4293967961048
5228.175148026713,0.5893,832.4948213643896
5228.2251613469925,0.599,805.7509048352673
5228.265172003221,0.5847,845.6452689870861
5228.305182659454,0.5474,964.8165039866111
5228.3551959797505,0.5914,826.5931227798428
5228.3952066359925,0.5863,841.0360793884629
5228.43521729224,0.5704,888.5775576095506
5228.485230612554,0.5599,922.2176088839502
5228.5252412688105,0.584,847.6737122714302
5228.565251925072,0.5886,834.4761054383803
5228.615265245402,0.6049,790.1095148449106
5228.655275901672,0.5918,825.4761070607834
5228.695286557946,0.584,847.6737122714302
5228.7352972142235,0.5941,819.0969899073652
5228.785310534578,0.5329,1018.0352743438405
5228.825321190864,0.5289,1033.4920029098741
5228.865331847155,0.5577,929.5078252026706
5228.915345167526,0.5888,833.9093031531961
5228.955355823827,0.6512,681.750992929264
5228.995366480131,0.6467,691.2717860759395
5229.045379800519,0.5976,809.5305926528923
5229.085390456834,0.6666,650.6148551304568
5229.125401113152,0.5822,852.9233472656576
5229.165411769474,0.6217,747.9847867964511
5229.215425089885,0.575,874.4172101792738
5229.255435746216,0.5684,894.8417327327812
5229.295446402552,0.5735,878.9972932243977
5229.345459722979,0.6201,751.8497043953985
5229.385470379325,0.597,811.1586047827166
5229.425481035674,0.5977,809.259733854835
5229.475494356118,0.602,797.7401883428549
5229.515505012478,0.6001,802.799689401315
5229.555515668841,0.6015,799.0669887149733
5229.6055289893,0.6067,785.4281729871007
5229.645539645672,0.5889,833.6261185428832
5229.68555030205,0.5827,851.4602342591339
5229.725560958432,0.5981,808.1776569158159
5229.775574278913,0.6267,736.0971247628914
5229.815584935304,0.6479,688.7135003311564
5229.855595591698,0.5914,826.5931227798428
5229.905608912198,0.5324,1019.9483310699773
5229.945619568601,0.6148,764.8684837475008
5229.985630225009,0.6297,729.1000545943117
5230.035643545526,0.5905,829.114712874488
5230.075654201943,0.6696,644.798041355506
5230.115664858364,0.6758,633.0211733407488
5230.165678178898,0.5962,813.3369381246445
5230.205688835329,0.5889,833.6261185428832
5230.245699491764,0.5956,814.9764517121083
5230.285710148203,0.6107,775.1729946973358
5230.335723468759,0.5707,887.643607248187
5230.375734125207,0.5864,840.7492571055188
5230.415744781661,0.6608,662.0861661062779
5230.465758102234,0.5915,826.313656388315
5230.505768758695,0.5778,865.9629643663386
5230.545779415161,0.5643,907.892141483197
5230.59579273575,0.593,822.1386116240142
5230.635803392227,0.5767,869.2695919497598
5230.675814048707,0.5882,835.6114450163224
5230.715824705189,0.5506,953.6343918876548
5230.765838025802,0.5816,854.6840663155068
5230.805848682296,0.55,955.7161798592889
5230.845859338792,0.6189,754.7680849166017
5230.89587265942,0.6074,783.6188808969594
5230.935883315928,0.5504,954.3275647951424
5230.975893972439,0.6145,765.6154851569615
5231.025907293084,0.5528,946.0590766056902
5231.065917949603,0.5582,927.8433861762255
5231.105928606128,0.641,703.6204975504025
5231.155941926791,0.6525,679.0371475510505
5231.195952583325,0.6359,714.951992512799
5231.235963239862,0.5763,870.4766990191899
5231.275973896405,0.565,905.6438948004754
5231.32598721709,0.5629,912.4138233460192
5231.365997873641,0.5901,830.2391247573415
5231.406008530197,0.6061,786.983986821472
5231.456021850899,0.5909,827.9925836709962
5231.496032507463,0.6296,729.3316800067075
5231.536043164033,0.625,740.1069326381634
5231.58605648475,0.6007,801.1967646357931
5231.626067141329,0.6386,708.9191501451829
5231.666077797911,0.6035,793.7795546510921
5231.7060884545,0.5502,955.0214937523848
5231.75610177524,0.5861,841.6101644530995
5231.796112431836,0.5944,818.270386028729
5231.836123088437,0.6003,802.2648470761867
5231.886136409194,0.583,850.5841728158088
5231.926147065804,0.6586,666.5168377011322
5231.966157722418,0.6817,622.1112207296135
5232.016171043192,0.5324,1019.9483310699773
5232.056181699815,0.5352,1009.3041623655902
5232.096192356444,0.5686,894.2123392869777
5232.1462056772325,0.6913,604.9528492039219
5232.18621633387,0.6253,739.3969423527063
5232.226226990511,0.5945,817.9951294467905
5232.266237647157,0.6046,790.8938061765934
5232.31625096797,0.6199,752.3349244481767
5232.356261624624,0.6328,721.9740419966378
5232.396272281283,0.6423,700.7751618714815
5232.446285602111,0.6314,725.1792451482754
5232.48629625878,0.5952,816.0722164045283
5232.526306915453,0.6116,772.8932653364081
5232.5763202363005,0.5506,953.6343918876548
5232.616330892982,0.6045,791.1554961401357
5232.656341549667,0.613,769.3669580288118
5232.70635487053,0.5757,872.2920795193461
5232.746365527226,0.6419,701.6488087491907
5232.786376183925,0.626,737.7442661444679
5232.82638684063,0.5854,843.6240979547152
5232.8764001615145,0.5915,826.313656388315
5232.916410818228,0.5823,852.6304231216357
5232.956421474944,0.6025,796.4166898318714
5233.006434795847,0.5855,843.3359508618738
5233.046445452574,0.622,747.2634332247658
5233.086456109304,0.6054,788.8049526793899
5233.136469430224,0.5822,852.9233472656576
5233.176480086963,0.538,998.8257519889183
5233.216490743707,0.5302,1028.4301773335642
5233.256501400455,0.5338,1014.6053094180899
5233.3065147213965,0.5725,882.070702616203
5233.346525378156,0.6058,787.7636278410416
5233.386536034916,0.6214,748.7071853856321
5233.436549355874,0.585,844.778164379842
5233.476560012647,0.582,853.5096485932619
5233.5165706694215,0.6282,732.5860591525764
5233.566583990395,0.6443,696.431306995942
5233.60659464718,0.6251,739.8701556265604
5233.646605303969,0.5713,885.7801184947057
5233.69661862496,0.5404,989.973589661299
5233.73662928176,0.5904,829.395601602356
5233.776639938562,0.5655,904.0431133298256
5233.816650595368,0.5782,864.7652308067403
5233.866663916383,0.5462,969.06055195462
5233.906674573198,0.6016,798.8013639646795
5233.946685230018,0.5821,853.2164223882753
5233.99669855105,0.584,847.6737122714302
5234.036709207879,0.6106,775.4269204101753
5234.076719864712,0.5937,820.201078219877
5234.126733185759,0.6026,796.1523853888858
5234.166743842602,0.5749,874.7214341272412
5234.206754499449,0.6737,636.9737170370005
5234.246765156301,0.613,769.3669580288118
5234.296778477369,0.5687,893.8978915471496
5234.3367891342305,0.5666,900.5362994914126
5234.3767997910945,0.5697,890.7625157656285
5234.426813112183,0.5692,892.3281380141717
5234.466823769056,0.6058,787.7636278410416
5234.506834425935,0.5934,821.0306100967493
5234.556847747038,0.595,816.6209276646224
5234.596858403925,0.6048,790.370815614796
5234.636869060817,0.611,774.4119654774103
5234.686882381936,0.5837,848.5452799557885
5234.726893038838,0.6041,792.2035558842641
5234.766903695744,0.578,865.3637867565812
5234.806914352653,0.595,816.6209276646224
5234.856927673794,0.5638,909.5031615381224
5234.896938330714,0.6321,723.5739814488929
5234.936948987636,0.6186,755.5003350452662
5234.986962308795,0.575,874.4172101792738
5235.0269729657275,0.5917,825.7551486245318
5235.066983622664,0.5547,939.5891630331851
5235.116996943841,0.5892,832.7774296652734
5235.157007600786,0.5977,809.259733854835
5235.197018257736,0.6196,753.0636357235045
5235.247031578929,0.652,680.079013306097
5235.287042235888,0.5243,1051.7064190754134
5235.3270528928515,0.6035,793.7795546510921
5235.367063549819,0.6352,716.5286340958262
5235.417076871034,0.6503,683.6393507215204
5235.45708752801,0.6298,728.8685395058228
5235.497098184991,0.5929,822.4159624611646
5235.547111506224,0.5625,913.7119376413864
5235.587122163214,0.6022,797.2103933291692
5235.627132820207,0.6743,635.8406497733218
5235.677146141456,0.688,610.7700853416127
5235.717156798461,0.63,728.4058400204123
5235.757167455469,0.5791,862.0793990584727
5235.79717811248,0.626,737.7442661444679
5235.847191433752,0.6449,695.1360247698663
5235.887202090774,0.5496,957.107827931717
5235.927212747798,0.5548,939.2504814212201
5235.977226069087,0.5875,837.6038721906413
5236.017236726122,0.5569,932.1802584113694
5236.05724738316,0.5,1156.4161571154998
5236.107260704463,0.5788,862.9732843273061
5236.147271361512,0.6399,706.0416464201871
5236.187282018565,0.6298,728.8685395058228
5236.237295339886,0.6117,772.640583032604
5236.277305996948,0.6102,776.4438719720362
5236.317316654015,0.615,764.3710900098708
5236.357327311084,0.6309,726.3291349150084
5236.407340632428,0.6067,785.4281729871007
5236.447351289507,0.5733,879.6106887114819
5236.487361946591,0.6401,705.6005089466823
5236.537375267952,0.6129,769.6180360079319
5236.577385925044,0.6692,645.5690990774075
5236.617396582141,0.5913,826.8727309722584
5236.667409903518,0.6857,614.8742857446832
5236.707420560625,0.6178,757.458219838685
5236.7474312177355,0.5711,886.4006288555187
5236.787441874851,0.6074,783.6188808969594
5236.83745519625,0.6221,747.023213911963
5236.877465853374,0.6569,669.9710713718611
5236.917476510501,0.5516,950.1798297393217
5236.967489831918,0.5593,924.1973205700936
5237.007500489055,0.5978,808.989010972982
5237.047511146197,0.5895,831.9300361639516
5237.09752446763,0.5244,1051.3053496105772
5237.13753512478,0.6193,753.7934062559386
5237.177545781936,0.6385,709.1412248684735
5237.227559103387,0.5938,819.9248469523016
5237.26756976055,0.5579,928.841512564995
5237.30758041772,0.5964,812.7915328929626
5237.347591074892,0.6183,756.2336512970369
5237.397604396362,0.6191,754.2805094345049
5237.4376150535445,0.632,723.8029783100167
5237.477625710731,0.6463,692.1277163034166
5237.52763903222,0.6259,737.980023301183
5237.567649689415,0.6003,802.2648470761867
5237.607660346615,0.5786,863.5699804495599
5237.65767366812,0.5554,937.2222319689786
5237.69768432533,0.6157,762.634027363741
5237.737694982542,0.6403,705.1597847805825
5237.787708304065,0.5944,818.270386028729
5237.827718961287,0.5837,848.5452799557885
5237.867729618515,0.6124,770.875271408593
5237.907740275745,0.6204,751.1227539976607
5237.957753597289,0.6115,773.1460716152984
5237.997764254529,0.5855,843.3359508618738
5238.037774911772,0.6034,794.0426782886432
5238.087788233334,0.5872,838.4599516292591
5238.127798890588,0.5752,873.8092382245923
5238.167809547846,0.6027,795.8882124949679
5238.217822869425,0.5724,882.3789298040251
5238.257833526692,0.5738,878.0784023436545
5238.297844183961,0.6031,794.8328346653672
5238.3378548412375,0.5861,841.6101644530995
5238.387868162838,0.556,935.2005452365526
5238.427878820122,0.5821,853.2164223882753
5238.46788947741,0.5409,988.1442049273115
5238.517902799028,0.6473,689.9908646982539
5238.557913456327,0.6276,733.9874646502768
5238.597924113628,0.6214,748.7071853856321
5238.64793743526,0.5742,876.855454200019
5238.687948092573,0.5935,820.7539596979565
5238.727958749889,0.616,761.8913841005054
5238.7679694072085,0.5868,839.6034339679923
5238.817982728863,0.6745,635.463632463358
5238.857993386193,0.639,708.0318936099794
5238.898004043526,0.6617,660.2863431839876
5238.948017365198,0.6699,644.2206542530074
5238.9880280225425,0.5905,829.114712874488
5239.028038679888,0.5927,822.9710853442174
5239.078052001578,0.6169,759.669951298655
5239.118062658934,0.6058,787.7636278410416
5239.158073316294,0.5629,912.4138233460192
5239.208086638,0.5537,942.9860780671753
5239.248097295369,0.6399,706.0416464201871
5239.288107952744,0.6029,795.3602610052694
5239.338121274467,0.5842,847.0934129480099
5239.37813193185,0.62,752.0922557259087
5239.418142589236,0.5409,988.1442049273115
5239.458153246628,0.5742,876.855454200019
5239.508166568373,0.5794,861.1869019274736
5239.548177225773,0.5344,1012.3282873298455
5239.588187883178,0.5643,907.892141483197
5239.63820120494,0.6318,724.2612982811278
5239.678211862354,0.6188,755.012049962311
5239.718222519772,0.6629,657.8979731206109
5239.7682358415495,0.5787,863.271555056255
5239.8082464989775,0.5656,903.7234663721557
5239.84825715641,0.5932,821.5843306851584
5239.888267813845,0.6435,698.1639892039425
5239.938281135645,0.6064,786.2055026326718
5239.978291793091,0.5745,875.9399189679317
5240.01830245054,0.6159,762.1388112798326
5240.068315772358,0.6038,792.9909679886022
5240.108326429814,0.6556,672.6306948754187
5240.1483370872775,0.6386,708.9191501451829
5240.198350409112,0.594,819.3728028899526
5240.238361066584,0.5322,1020.7150639233713
5240.278371724061,0.5403,990.3400761948484
5240.328385045912,0.648,688.5009511656647
5240.368395703396,0.608,782.0730303589246
5240.408406360887,0.614,766.8629215900272
5240.44841701838,0.5955,815.2501858887127
5240.498430340253,0.5873,838.1744460472299
5240.538440997756,0.5987,806.558606288534
5240.578451655263,0.5615,916.9693693148593
5240.628464977152,0.6115,773.1460716152984
5240.6684756346685,0.5699,890.1374203792418
5240.70848629219,0.6464,691.9135847722836
5240.758499614097,0.6067,785.4281729871007
5240.798510271627,0.6551,673.6578454744364
5240.83852092916,0.6257,738.4518767697364
5240.878531586699,0.5522,948.116095086989
5240.928544908627,0.5364,1004.793319818031
5240.968555566174,0.6139,767.11277470308
5241.008566223727,0.6066,785.6871547273503
5241.058579545672,0.6088,780.0190017076309
5241.0985902032335,0.6132,768.865170529644
5241.138600860798,0.6052,789.3263895510153
5241.188614182759,0.6126,770.3720078259533
5241.228624840334,0.6413,702.9623455240848
5241.268635497912,0.6906,606.1798431109926
5241.308646155495,0.6496,685.1135029572015
5241.358659477479,0.6071,784.3935254726105
5241.3986701350705,0.5991,805.4819406178253
5241.438680792668,0.6396,706.7041287128925
5241.488694114668,0.642,701.4302439297314
5241.528704772273,0.5603,920.9013329217227
5241.568715429882,0.568,896.1025147628064
5241.6187287519,0.5713,885.7801184947057
5241.6587394095195,0.5309,1025.7199676163095
5241.698750067142,0.5623,914.3620338943231
5241.748763389176,0.5722,882.995869052762
5241.788774046809,0.5343,1012.7072583672283
5241.828784704446,0.5262,1044.1251541889594
5241.878798026497,0.592,824.9184480914474
5241.918808684141,0.5752,873.8092382245923
5241.958819341791,0.5676,897.3659632283603
5241.998829999446,0.6433,698.5981701037441
5242.048843321518,0.5794,861.1869019274736
5242.088853979183,0.6573,669.1558987599942
5242.128864636849,0.6726,639.0588880142762
5242.17887795894,0.6184,755.9890939606099
5242.218888616616,0.6365,713.6047235851054
5242.258899274298,0.6522,679.6619794537387
5242.308912596404,0.6003,802.2648470761867
5242.348923254094,0.6177,757.7034904574894
5242.388933911789,0.5717,884.5410508797304
5242.428944569488,0.5961,813.6098466282465
5242.478957891616,0.6152,763.8741812970206
5242.518968549323,0.5712,886.0902922006809
5242.558979207034,0.5784,864.1672956571327
5242.60899252918,0.6129,769.6180360079319
5242.649003186902,0.6578,668.1390234690116
5242.689013844626,0.6443,696.431306995942
5242.739027166788,0.6249,740.3438233298323
5242.779037824523,0.5897,831.3658255151122
5242.819048482261,0.5585,926.8468677925679
5242.859059140004,0.5738,878.0784023436545
5242.909072462189,0.5739,877.7724255631703
5242.949083119942,0.5628,912.738092451234
5242.989093777697,0.5656,903.7234663721557
5243.039107099898,0.5985,807.0977488259105
5243.079117757664,0.6322,723.3450932456564
5243.119128415433,0.6199,752.3349244481767
5243.1691417376505,0.6261,737.5086219431684
5243.2091523954305,0.6121,771.6310919482589
5243.249163053212,0.5948,817.1701925251707
5243.299176375447,0.5829,850.8760430078672
5243.33918703324,0.5582,927.8433861762255
5243.379197691036,0.5869,839.3173441826867
5243.419208348837,0.5648,906.2853980855133
5243.469221671095,0.5311,1024.9475896040303
5243.509232328904,0.5691,892.6417577533958
5243.549242986718,0.5889,833.6261185428832
5243.599256308991,0.6159,762.1388112798326
5243.639266966813,0.6247,740.817946044563
5243.679277624641,0.6348,717.4319148192683
5243.7292909469315,0.6517,680.7052841373392
5243.769301604769,0.5809,856.745138053332
5243.80931226261,0.5813,855.5664710702839
5243.8593255849155,0.5698,890.4498857943179
5243.8993362427655,0.5823,852.6304231216357
5243.939346900619,0.629,730.72375321308
5243.979357558479,0.5872,838.4599516292591
5244.029370880807,0.5766,869.571133213382
5244.069381538673,0.6493,685.7467424959774
5244.109392196547,0.5901,830.2391247573415
5244.159405518892,0.5491,958.8516666594119
5244.1994161767725,0.5743,876.550116367386
5244.239426834657,0.6209,749.9135107826837
5244.28944015702,0.6731,638.109815688169
5244.329450814915,0.6493,685.7467424959774
5244.369461472815,0.632,723.8029783100167
5244.419474795193,0.5922,824.3613540297664
5244.4594854531015,0.5719,883.9224918045992
5244.499496111012,0.61,776.9530981258581
5244.539506768928,0.6203,751.3649536068889
5244.58952009133,0.5525,947.086748148104
5244.6295307492555,0.5892,832.7774296652734
5244.669541407184,0.6087,780.2753124658304
5244.719554729603,0.601,800.3971019406689
5244.759565387541,0.5694,891.701394173166
5244.799576045485,0.5759,871.6863222007174
5244.849589367918,0.5938,819.9248469523016
5244.889600025872,0.5995,804.4074293517499
5244.929610683828,0.5606,919.9159744289254
5244.969621341789,0.5583,927.5110348851078
5245.019634664245,0.6223,746.5431226559259
5245.059645322215,0.6534,677.1678129689296
5245.099655980189,0.5409,988.1442049273115
5245.149669302661,0.6504,683.4291460030462
5245.189679960645,0.6018,798.2705116538122
5245.229690618632,0.5458,970.4814590597539
5245.279703941122,0.6167,760.1627626507766
5245.319714599118,0.595,816.6209276646224
5245.359725257118,0.5863,841.0360793884629
5245.3997359151235,0.623,744.8664428369326
5245.449749237635,0.5945,817.9951294467905
5245.4897598956495,0.5431,980.1548468304095
5245.529770553667,0.5511,951.9047601364792
5245.579783876197,0.6009,800.6635230987927
5245.619794534224,0.6189,754.7680849166017
5245.659805192256,0.5591,924.8586412410796
5245.7098185148025,0.6464,691.9135847722836
5245.749829172842,0.6311,725.8688510328986
5245.789839830887,0.6224,746.3032505638777
5245.839853153449,0.5708,887.3326176553029
5245.879863811504,0.5921,824.6398304948517
5245.919874469561,0.5912,827.1524810615109
5245.959885127624,0.5919,825.1972069149367
5246.009898450209,0.6026,796.1523853888858
5246.049909108281,0.6032,794.5693182089655
5246.089919766356,0.6229,745.1056224924322
5246.139933088958,0.6303,727.7126164720951
5246.179943747044,0.6041,792.2035558842641
5246.219954405131,0.6702,643.6440423389662
5246.269967727749,0.6125,770.6235779932622
5246.309978385847,0.5969,811.4304175464016
5246.349989043952,0.5906,828.8339668139778
5246.400002366584,0.5667,900.218510447377
5246.440013024696,0.5684,894.8417327327812
5246.480023682813,0.5955,815.2501858887127
5246.520034340934,0.6245,741.292524353726
5246.570047663588,0.5284,1035.44881407101
5246.6100583217185,0.5198,1069.994820456232
5246.650068979852,0.6848,616.4915453620733
5246.7000823025255,0.5686,894.2123392869777
5246.740092960668,0.6117,772.640583032604
5246.780103618815,0.5832,850.0008827835214
5246.8301169415045,0.5645,907.2489317736907
5246.870127599661,0.6386,708.9191501451829
5246.910138257822,0.5985,807.0977488259105
5246.950148915986,0.5885,834.759723309508
5247.000162238698,0.5913,826.8727309722584
5247.040172896873,0.5641,908.5360354571097
5247.080183555049,0.6125,770.6235779932622
5247.130196877777,0.5791,862.0793990584727
5247.170207535965,0.6571,669.5632989820714
5247.2102181941555,0.5968,811.7023669564071
5247.260231516902,0.5898,831.0839354040365
5247.300242175102,0.6121,771.6310919482589
5247.340252833307,0.6247,740.817946044563
5247.390266156069,0.5849,845.0670510050529
5247.4302768142825,0.5701,889.5129827560232
5247.4702874725,0.5742,876.855454200019
5247.510298130723,0.5637,909.8258800835991
5247.560311453506,0.5711,886.4006288555187
5247.600322111738,0.5514,950.8692388269075
5247.640332769974,0.5562,934.5281031485418
5247.690346092772,0.6344,718.3369046802311
5247.730356751018,0.6154,763.3777569785374
5247.770367409268,0.6072,784.13518303426
5247.820380732085,0.5203,1067.9393166277416
5247.8603913903435,0.5277,1038.197699921229
5247.9004020486045,0.5742,876.855454200019
5247.940412706871,0.5504,954.3275647951424
5247.99042602971,0.552,948.8032589544008
5248.030436687986,0.6567,670.379216382811
5248.070447346266,0.6455,693.8443528004103
5248.120460669122,0.5512,951.5593984945763
5248.16047132741,0.5813,855.5664710702839
5248.200481985704,0.6211,749.4306310118251
5248.250495308576,0.6027,795.8882124949679
5248.290505966878,0.6192,754.0368988454171
5248.330516625185,0.6363,714.0533897808265
5248.3805299480755,0.6057,788.0237656505963
5248.42054060639,0.5624,914.036899073097
5248.460551264711,0.5676,897.3659632283603
5248.500561923034,0.6267,736.0971247628914
5248.550575245945,0.6682,647.5028051452749
5248.590585904279,0.6423,700.7751618714815
5248.630596562615,0.6045,791.1554961401357
5248.680609885545,0.5635,910.4718326832079
5248.720620543891,0.6332,721.0621723027547
5248.760631202242,0.5475,964.4640924319102
5248.810644525186,0.5882,835.6114450163224
5248.850655183546,0.53,1029.2064960351493
5248.890665841912,0.6016,798.8013639646795
5248.940679164872,0.6568,670.1750972713235
5248.9806898232455,0.6354,716.0776333160646
5249.020700481623,0.6338,719.697603546512
5249.060711140004,0.5988,806.2892375805699
5249.1107244629875,0.5956,814.9764517121083
5249.150735121379,0.5982,807.9074767903269
5249.190745779773,0.5709,887.0217914685202
5249.240759102772,0.5421,983.7743158232903
5249.280769761177,0.6237,743.1954052268944
5249.320780419585,0.603,795.0964822351367
5249.3707937426025,0.6495,685.324485309649
5249.410804401019,0.6489,686.5924284774734
5249.450815059441,0.629,730.72375321308
5249.490825717868,0.5641,908.5360354571097
5249.540839040906,0.55,955.7161798592889
5249.580849699341,0.5769,868.6669797769345
5249.620860357781,0.5653,904.6829162212146
5249.670873680836,0.5982,807.9074767903269
5249.710884339284,0.6075,783.3609210300219
5249.750894997736,0.5674,897.998689724774
5249.800908320809,0.5869,839.3173441826867
5249.84091897927,0.6423,700.7751618714815
5249.880929637736,0.6787,627.6230984320038
5249.930942960825,0.5839,847.9640855708013
5249.9709536193,0.6009,800.6635230987927
5250.01096427778,0.6213,748.948217490381
5250.050974936264,0.6553,673.2467030869291
5250.100988259372,0.6434,698.3810290422228
5250.1409989178655,0.5776,866.5627644971851
5250.181009576363,0.5682,895.4717909125881
5250.231022899489,0.6281,732.8193478678273
5250.271033557996,0.6952,598.1844516846587
5250.311044216505,0.6526,678.8290617154155
5250.36105753965,0.5523,947.7727930608077
5250.401068198168,0.5608,919.2599471120345
5250.441078856692,0.6544,675.0998136296423
5250.481089515221,0.5849,845.0670510050529
5250.531102838385,0.6167,760.1627626507766
5250.571113496922,0.5633,911.1184734412958
5250.611124155464,0.5797,860.2957900615622
5250.661137478644,0.6593,665.1022664963425
5250.701148137196,0.6646,654.536569426445
5250.74115879575,0.5985,807.0977488259105
5250.791172118949,0.5431,980.1548468304095
5250.831182777513,0.5309,1025.7199676163095
5250.871193436081,0.6351,716.75429428049
5250.921206759297,0.6149,764.6197262111475
5250.961217417873,0.5724,882.3789298040251
5251.001228076454,0.5143,1093.0025098353296
5251.041238735039,0.5619,915.6643095435448
5251.091252058276,0.5921,824.6398304948517
5251.13126271687,0.5952,816.0722164045283
5251.17127337547,0.5819,853.8030259844811
5251.221286698725,0.5767,869.2695919497598
5251.261297357332,0.6084,781.0450032004477
5251.3013080159435,0.5907,828.5533633242247
5251.351321339215,0.5551,938.2355345814976
5251.3913319978365,0.6266,736.3320927447719
5251.431342656461,0.6402,705.3800952324849
5251.4813559797485,0.6112,773.9052351139741
5251.521366638383,0.5399,991.8080593044529
5251.561377297022,0.5205,1067.1187732348485
5251.601387955665,0.5409,988.1442049273115
5251.651401278974,0.6077,782.8453832801216
5251.691411937625,0.5678,896.7339052214935
5251.731422596283,0.5869,839.3173441826867
5251.781435919607,0.5848,845.3560858403341
5251.821446578272,0.6475,689.564682003514
5251.8614572369415,0.6397,706.4831977180535
5251.911470560284,0.5765,869.8728314068702
5251.951481218964,0.5566,933.1853929415009
5251.991491877647,0.5544,940.6063077141164
5252.031502536334,0.5647,906.6064053593798
5252.081515859698,0.5796,860.5926736088803
5252.121526518394,0.5812,855.8609096808132
5252.161537177094,0.5624,914.036899073097
5252.211550500475,0.5952,816.0722164045283
5252.251561159184,0.5976,809.5305926528923
5252.291571817898,0.653,677.9976741357431
5252.3415851412965,0.6068,785.1693192758423
5252.381595800019,0.599,805.7509048352673
5252.421606458745,0.6482,688.0761479123739
5252.471619782161,0.6786,627.8080876502127
5252.511630440897,0.6312,725.638873148831
5252.551641099636,0.5606,919.9159744289254
5252.591651758382,0.5768,868.9682075071854
5252.641665081817,0.6381,710.0305680802928
5252.68167574057,0.6417,702.0862449699632
5252.721686399329,0.6851,615.9517505868953
5252.771699722782,0.6338,719.697603546512
5252.811710381549,0.5105,1109.334966925046
5252.851721040321,0.6526,678.8290617154155
5252.901734363788,0.5934,821.0306100967493
5252.94174502257,0.5826,851.7525555247356
5252.981755681355,0.6038,792.9909679886022
5253.021766340143,0.5274,1039.3791458920552
5253.071779663634,0.6122,771.3790283054716
5253.11179032243,0.6302,727.9435809907236
5253.1518009812335,0.6238,742.9571446805613
5253.201814304741,0.6801,625.0418113687874
5253.241824963553,0.6793,626.5148782098049
5253.281835622368,0.6167,760.1627626507766
5253.331848945892,0.6112,773.9052351139741
5253.371859604716,0.6133,768.6144608494056
5253.411870263545,0.6131,769.1160028960919
5253.461883587087,0.5842,847.0934129480099
5253.501894245925,0.5463,968.7058127690644
5253.541904904767,0.586,841.897427435269
5253.581915563613,0.6334,720.6068851576168
5253.6319288871755,0.6254,739.1605059451775
5253.67193954603,0.5069,1125.1478658243093
5253.71195020489,0.5553,937.5598170338845
5253.76196352847,0.6167,760.1627626507766
5253.801974187339,0.5462,969.06055195462
5253.84198484621,0.5564,933.8563860641436
5253.891998169808,0.6272,734.9239701933515
5253.9320088286895,0.5722,882.995869052762
5253.972019487575,0.5003,1155.0297084284198
5254.022032811188,0.5731,880.2247264963586
5254.062043470083,0.6252,739.6334922222974
5254.102054128983,0.5553,937.5598170338845
5254.142064787886,0.5549,938.9119828965594
5254.1920781115205,0.5666,900.5362994914126
5254.2320887704345,0.6069,784.9105935092001
5254.272099429351,0.5624,914.036899073097
5254.322112753001,0.5337,1014.9855599190778
5254.362123411927,0.5741,877.160951602706
5254.402134070858,0.6001,802.799689401315
5254.452147394525,0.6292,730.2592862983569
5254.492158053466,0.6197,752.8206143711158
5254.532168712409,0.6413,702.9623455240848
5254.572179371356,0.5791,862.0793990584727
5254.622192695046,0.5498,956.4116242177621
5254.6622033540025,0.6064,786.2055026326718
5254.702214012964,0.6088,780.0190017076309
5254.752227336669,0.5889,833.6261185428832
5254.79223799564,0.6342,718.7900418850741
5254.832248654614,0.6218,747.7442195924232
5254.882261978338,0.5891,833.0601818968005
5254.922272637322,0.5691,892.6417577533958
5254.962283296309,0.6323,723.116313631574
5255.012296620049,0.5394,993.6476327194207
5255.052307279045,0.6085,780.7883131291383
5255.092317938047,0.5981,808.1776569158159
5255.13232859705,0.5891,833.0601818968005
5255.182341920813,0.5348,1010.8145284460277
5255.222352579827,0.5869,839.3173441826867
5255.262363238845,0.5621,915.0128241989344
5255.312376562623,0.5814,855.272184375535
5255.352387221651,0.6233,744.1495944561955
5255.392397880682,0.5985,807.0977488259105
5255.442411204476,0.5776,866.5627644971851
5255.482421863518,0.5807,857.3353851336137
5255.522432522564,0.6005,801.7305390581657
5255.562443181611,0.6244,741.5299845386543
5255.612456505428,0.5875,837.6038721906413
5255.652467164486,0.548,962.7049275754738
5255.692477823548,0.5619,915.6643095435448
5255.742491147382,0.5351,1009.6814363650979
5255.782501806452,0.622,747.2634332247658
5255.822512465528,0.629,730.72375321308
5255.872525789379,0.5467,967.2888021099142
5255.9125364484635,0.6345,718.1104967476238
5255.952547107552,0.6452,694.4897383422962
5256.00256043142,0.6115,773.1460716152984
5256.042571090517,0.661,661.6855700394424
5256.082581749619,0.6463,692.1277163034166
5256.122592408725,0.6419,701.6488087491907
5256.172605732615,0.544,976.9143761231155
5256.21261639173,0.5608,919.2599471120345
5256.25262705085,0.581,856.4502430676222
5256.3026403747535,0.592,824.9184480914474
5256.342651033883,0.5916,826.0343317018069
5256.3826616930155,0.562,915.3384799294006
5256.432675016938,0.5621,915.0128241989344
5256.47268567608,0.5809,856.745138053332
5256.512696335225,0.6219,747.5037684267336
5256.562709659165,0.6151,764.1225750647731
5256.602720318321,0.5672,898.6320856537616
5256.642730977479,0.5999,803.3350667461971
5256.682741636642,0.5203,1067.9393166277416
5256.7327549606025,0.5273,1039.7734093971208
5256.772765619777,0.5351,1009.6814363650979
5256.812776278953,0.5929,822.4159624611646
5256.862789602928,0.5712,886.0902922006809
5256.902800262115,0.6078,782.5878052295855
5256.942810921305,0.6129,769.6180360079319
5256.9928242453,0.5755,872.8984684920326
5257.032834904498,0.5474,964.8165039866111
5257.072845563701,0.6255,738.9241829271591
5257.11285622291,0.6038,792.9909679886022
5257.1628695469235,0.5715,885.1602594732032
5257.202880206142,0.5797,860.2957900615622
5257.242890865362,0.5815,854.978049492076
5257.292904189394,0.5771,868.064994018979
5257.332914848623,0.5535,943.6676713763937
5257.372925507857,0.5505,953.9808839038454
5257.422938831907,0.6016,798.8013639646795
5257.46294949115,0.6144,765.8647288238841
5257.5029601503975,0.6529,678.2053777833316
5257.552973474462,0.5916,826.0343317018069
5257.59298413372,0.5717,884.5410508797304
5257.632994792979,0.53,1029.2064960351493
5257.673005452244,0.5121,1102.4138198988185
5257.723018776332,0.5908,828.2729023087101
5257.763029435605,0.6576,668.5454952511192
5257.803040094884,0.5845,846.2240806210392
5257.853053418988,0.5635,910.4718326832079
5257.8930640782755,0.6439,697.2968408258495
5257.933074737565,0.6491,686.1693900581354
5257.983088061686,0.634,719.2436079933482
5258.023098720987,0.5722,882.995869052762
5258.063109380291,0.549,959.2010062757732
5258.113122704427,0.5594,923.8669261966144
5258.153133363741,0.5818,854.0965546658855
5258.193144023059,0.609,779.5067589231495
5258.233154682382,0.6114,773.3990019503906
5258.283168006541,0.5842,847.0934129480099
5258.323178665872,0.5747,875.3303585166126
5258.363189325207,0.5523,947.7727930608077
5258.413202649382,0.5276,1038.5912913239927
5258.453213308727,0.5826,851.7525555247356
5258.493223968075,0.5828,851.1680634545913
5258.543237292267,0.5829,850.8760430078672
5258.583247951625,0.5817,854.390234741517
5258.623258610986,0.5805,857.9262423924343
5258.663269270352,0.6536,676.7534536229182
5258.713282594566,0.5896,831.6478590693039
5258.753293253942,0.6261,737.5086219431684
5258.79330391332,0.5931,821.8614010635393
5258.843317237551,0.6196,753.0636357235045
5258.883327896939,0.579,862.377206435135
5258.923338556331,0.5184,1075.7819061188407
5258.973351880578,0.5624,914.036899073097
5259.013362539979,0.6095,778.2283573661558
5259.053373199386,0.5985,807.0977488259105
5259.1033865236495,0.6037,793.2536995876713
5259.143397183066,0.6035,793.7795546510921
5259.183407842484,0.5879,836.4644709309891
5259.223418501907,0.6151,764.1225750647731
5259.273431826193,0.5924,823.8048241129966
5259.313442485625,0.5889,833.6261185428832
5259.353453145061,0.5803,858.5177106711278
5259.403466469362,0.6015,799.0669887149733
5259.443477128809,0.6179,757.2130682927277
5259.483487788259,0.5941,819.0969899073652
5259.533501112576,0.6108,774.919193692016
5259.573511772035,0.6083,781.3018198757754
5259.613522431498,0.5978,808.989010972982
5259.6535330909655,0.6092,778.9950205620313
5259.703546415306,0.5508,952.9419739320118
5259.743557074781,0.5657,903.403988913234
5259.783567734261,0.5891,833.0601818968005
5259.833581058619,0.604,792.4658962232834
5259.873591718108,0.6146,765.3663631413497
5259.913602377602,0.5236,1054.5203426585674
5259.963615701975,0.5653,904.6829162212146
5260.003626361478,0.5826,851.7525555247356
5260.043637020985,0.5656,903.7234663721557
5260.093650345374,0.6178,757.458219838685
5260.133661004891,0.6363,714.0533897808265
5260.173671664412,0.5487,960.2501713684544
5260.213682323935,0.6288,731.1886633911978
5260.263695648347,0.634,719.2436079933482
5260.303706307881,0.6786,627.8080876502127
5260.343716967418,0.6706,642.8764299053668
5260.393730291847,0.5897,831.3658255151122
5260.433740951393,0.5195,1071.230972574454
5260.473751610944,0.5274,1039.3791458920552
5260.5237649353885,0.541,987.7789365158359
5260.56377559495,0.5875,837.6038721906413
5260.603786254513,0.6289,730.9561528589721
5260.653799578974,0.6328,721.9740419966378
5260.693810238547,0.5897,831.3658255151122
5260.733820898125,0.5463,968.7058127690644
5260.773831557707,0.5148,1090.8803855174053
5260.823844882189,0.5109,1107.5985824579054
5260.863855541779,0.5236,1054.5203426585674
5260.903866201375,0.5449,973.689948776789
5260.953879525874,0.5867,839.8896700531161
5260.993890185478,0.5729,880.8394074760904
5261.0339008450865,0.5702,889.2010103172494
5261.083914169602,0.6115,773.1460716152984
5261.12392482922,0.6406,704.4994723539604
5261.163935488841,0.6255,738.9241829271591
5261.203946148466,0.7056,580.6808735468517
5261.253959473003,0.6227,745.5843275399836
5261.293970132639,0.5749,874.7214341272412
5261.333980792278,0.6023,796.9456937145474
5261.383994116832,0.5671,898.9490349506214
5261.424004776481,0.6877,611.3030814884736
5261.464015436132,0.6787,627.6230984320038
5261.514028760703,0.5451,972.9755774414413
5261.554039420364,0.5483,961.6517379317046
5261.59405008003,0.5522,948.116095086989
5261.644063404617,0.5366,1004.0444534772402
5261.684074064291,0.6132,768.865170529644
5261.72408472397,0.5934,821.0306100967493
5261.764095383653,0.6212,749.1893660074528
5261.814108708261,0.4895,1206.559462599234
5261.854119367953,0.5142,1093.427677733282
5261.894130027649,0.6091,779.2508267310756
5261.944143352274,0.5962,813.3369381246445
5261.98415401198,0.592,824.9184480914474
5262.024164671688,0.6,803.0673111517001
5262.07417799633,0.5669,899.5834368002857
5262.114188656049,0.5384,997.3421667535983
5262.154199315771,0.6346,717.8841958382136
5262.194209975498,0.6098,777.4628254034792
5262.244223300162,0.5754,873.2019001231242
5262.284233959897,0.6024,796.681125911282
5262.324244619637,0.5953,815.7980681421927
5262.374257944317,0.6134,768.3638737753795
5262.414268604066,0.6316,724.7200537099399
5262.454279263819,0.6068,785.1693192758423
5262.504292588516,0.6034,794.0426782886432
5262.544303248278,0.5841,847.3834880978656
5262.584313908044,0.5517,949.8354063229852
5262.634327232758,0.5649,905.9645612727683
5262.674337892533,0.5894,832.2123568964784
5262.714348552314,0.5955,815.2501858887127
5262.754359212097,0.5886,834.4761054383803
5262.804372536832,0.6178,757.458219838685
5262.844383196625,0.6316,724.7200537099399
5262.884393856421,0.5854,843.6240979547152
5262.934407181175,0.5842,847.0934129480099
5262.974417840979,0.5259,1045.316735453755
5263.01442850079,0.5218,1061.808218742437
5263.064441825558,0.5403,990.3400761948484
5263.104452485377,0.5377,999.9406144011457
5263.144463145201,0.5411,987.4138705996381
5263.194476469985,0.4971,1169.948171867344
5263.234487129817,0.533,1017.653308916373
5263.274497789655,0.6084,781.0450032004477
5263.314508449496,0.6151,764.1225750647731
5263.364521774301,0.5623,914.3620338943231
5263.4045324341505,0.604,792.4658962232834
5263.444543094005,0.6257,738.4518767697364
5263.494556418829,0.5439,977.2736342169196
5263.534567078692,0.5807,857.3353851336137
5263.574577738558,0.5716,884.850573929856
5263.624591063399,0.5878,836.7491031867839
5263.664601723275,0.5836,848.8361012460364
5263.704612383155,0.5619,915.6643095435448
5263.744623043039,0.6106,775.4269204101753
5263.794636367901,0.571,886.7111285733788
5263.834647027794,0.5815,854.978049492076
5263.874657687693,0.6047,790.632246030097
5263.924671012571,0.5995,804.4074293517499
5263.964681672478,0.5398,992.1755650805592
5264.004692332388,0.6553,673.2467030869291
5264.054705657282,0.5814,855.272184375535
5264.094716317203,0.59,830.5205851222854
5264.134726977127,0.5777,866.2627865627442
5264.184740302038,0.6218,747.7442195924232
5264.224750961971,0.5351,1009.6814363650979
5264.264761621908,0.5408,988.5096759838539
5264.30477228185,0.5971,810.8869285738198
5264.3547856067835,0.6322,723.3450932456564
5264.394796266734,0.6087,780.2753124658304
5264.434806926689,0.5773,867.4636338079831
5264.484820251639,0.5646,906.9275832151445
5264.524830911601,0.6526,678.8290617154155
5264.5648415715705,0.5633,911.1184734412958
5264.614854896535,0.567,899.266151960014
5264.654865556512,0.606,787.2437385114481
5264.694876216494,0.5833,849.7094627374298
5264.734886876479,0.5677,897.0498507226079
5264.784900201467,0.5656,903.7234663721557
5264.824910861462,0.6323,723.116313631574
5264.864921521459,0.6166,760.4093481749757
5264.9149348464625,0.5812,855.8609096808132
5264.954945506471,0.5995,804.4074293517499
5264.994956166483,0.6048,790.370815614796
5265.044969491503,0.5885,834.759723309508
5265.084980151524,0.6157,762.634027363741
5265.12499081155,0.5757,872.2920795193461
5265.175004136587,0.5731,880.2247264963586
5265.21501479662,0.5571,931.5110706472582
5265.2550254566595,0.5841,847.3834880978656
5265.295036116701,0.5865,840.4625815219822
5265.34504944176,0.5774,867.1631880117847
5265.385060101812,0.5908,828.2729023087101
5265.425070761868,0.619,754.52423809946
5265.475084086942,0.6517,680.7052841373392
5265.5150947470065,0.6362,714.277881571414
5265.555105407076,0.5775,866.8628982775407
5265.605118732168,0.5962,813.3369381246445
5265.6451293922455,0.5735,878.9972932243977
5265.685140052327,0.5811,856.1555003117027
5265.735153377435,0.5823,852.6304231216357
5265.775164037527,0.5996,804.1391374873962
5265.815174697622,0.5587,926.1834138344685
5265.855185357721,0.5645,907.2489317736907
5265.905198682851,0.5857,842.7600993858415
5265.94520934296,0.6217,747.9847867964511
5265.985220003073,0.5921,824.6398304948517
5266.035233328218,0.5814,855.272184375535
5266.075243988341,0.5854,843.6240979547152
5266.115254648465,0.5472,965.5219068074904
5266.165267973629,0.5292,1032.3205776137543
5266.205278633764,0.5764,870.174686639137
5266.245289293902,0.5861,841.6101644530995
5266.2852999540455,0.5943,818.5457815704233
5266.335313279229,0.5976,809.5305926528923
5266.375323939383,0.5704,888.5775576095506
5266.415334599539,0.5784,864.1672956571327
5266.465347924741,0.5722,882.995869052762
5266.5053585849055,0.5609,918.9321965813082
5266.545369245075,0.5825,852.0450273547261
5266.595382570293,0.5831,850.2924527753522
5266.635393230472,0.6095,778.2283573661558
5266.675403890655,0.5659,902.7655420124664
5266.725417215888,0.5287,1034.274061185161
5266.76542787608,0.5673,898.3153039511918
5266.805438536276,0.6314,725.1792451482754
5266.845449196476,0.6186,755.5003350452662
5266.895462521732,0.5997,803.870979824667
5266.93547318194,0.5996,804.1391374873962
5266.975483842154,0.5947,817.4450327883667
5267.025497167426,0.5912,827.1524810615109
5267.065507827649,0.6025,796.4166898318714
5267.105518487875,0.643,699.2502012575443
5267.155531813163,0.6103,776.1894466112977
5267.195542473399,0.5698,890.4498857943179
5267.23555313364,0.584,847.6737122714302
5267.275563793883,0.5581,928.1759161345013
5267.325577119193,0.5499,956.0638071881317
5267.365587779445,0.5826,851.7525555247356
5267.405598439703,0.5943,818.5457815704233
5267.455611765029,0.5892,832.7774296652734
5267.495622425295,0.6021,797.4752248427224
5267.535633085566,0.6037,793.2536995876713
5267.585646410909,0.6327,722.2022796940374
5267.6256570711885,0.5467,967.2888021099142
5267.665667731473,0.5524,947.429677459498
5267.715681056831,0.5768,868.9682075071854
5267.755691717124,0.6148,764.8684837475008
5267.795702377422,0.5692,892.3281380141717
5267.835713037721,0.542,984.1373649946917
5267.8857263631035,0.5248,1049.7033637904747
5267.925737023414,0.5416,985.5915732149108
5267.9657476837265,0.5188,1074.123671554756
5268.0157610091255,0.5131,1098.120943626918
5268.055771669448,0.5985,807.0977488259105
5268.095782329774,0.5811,856.1555003117027
5268.14579565519,0.5908,828.2729023087101
5268.185806315525,0.5941,819.0969899073652
5268.225816975867,0.5767,869.2695919497598
5268.275830301297,0.5809,856.745138053332
5268.315840961647,0.5935,820.7539596979565
5268.355851622001,0.607,784.6519956028682
5268.3958622823575,0.5358,1007.0449525988851
5268.445875607809,0.5415,985.9556288967036
5268.485886268178,0.5638,909.5031615381224
5268.525896928549,0.6226,745.8238530801342
5268.575910254017,0.5688,893.5836096404148
5268.615920914396,0.5918,825.4761070607834
5268.65593157478,0.5338,1014.6053094180899
5268.705944900266,0.5165,1083.7112039255624
5268.745955560659,0.5187,1074.537870567801
5268.785966221056,0.5889,833.6261185428832
5268.825976881457,0.5955,815.2501858887127
5268.875990206965,0.6259,737.980023301183
5268.916000867374,0.5483,961.6517379317046
5268.956011527789,0.562,915.3384799294006
5269.006024853314,0.5411,987.4138705996381
5269.046035513737,0.5673,898.3153039511918
5269.086046174165,0.6342,718.7900418850741
5269.136059499706,0.5517,949.8354063229852
5269.176070160142,0.5797,860.2957900615622
5269.216080820583,0.6048,790.370815614796
5269.266094146139,0.573,880.5319865307403
5269.306104806589,0.61,776.9530981258581
5269.346115467043,0.5549,938.9119828965594
5269.386126127501,0.5639,909.1806146663596
5269.43613945308,0.5353,1008.9270997828884
5269.476150113546,0.5431,980.1548468304095
5269.516160774018,0.5725,882.070702616203
5269.566174099614,0.579,862.377206435135
5269.606184760093,0.5976,809.5305926528923
5269.646195420578,0.6521,679.8704484156627
5269.696208746188,0.5821,853.2164223882753
5269.736219406683,0.5742,876.855454200019
5269.77623006718,0.5863,841.0360793884629
5269.816240727681,0.564,908.8582393465673
5269.866254053314,0.592,824.9184480914474
5269.906264713825,0.5684,894.8417327327812
5269.946275374339,0.5476,964.1118739261865
5269.996288699989,0.5641,908.5360354571097
5270.036299360513,0.5904,829.395601602356
5270.076310021042,0.6088,780.0190017076309
5270.126323346707,0.6253,739.3969423527063
5270.166334007244,0.5676,897.3659632283603
5270.206344667786,0.6028,795.6241710628333
5270.256357993469,0.6265,736.5671732500487
5270.296368654019,0.592,824.9184480914474
5270.336379314574,0.6152,763.8741812970206
5270.376389975132,0.6052,789.3263895510153
5270.426403300837,0.6095,778.2283573661558
5270.466413961403,0.632,723.8029783100167
5270.506424621975,0.5764,870.174686639137
5270.5564379476955,0.5849,845.0670510050529
5270.596448608278,0.561,918.6046213023113
5270.636459268862,0.571,886.7111285733788
5270.686472594598,0.6284,732.1198157953816
5270.726483255193,0.6249,740.3438233298323
5270.76649391579,0.617,759.4237253152888
5270.816507241544,0.6022,797.2103933291692
5270.856517902152,0.5762,870.7788686561303
5270.896528562763,0.6082,781.5587632383928
5270.936539223378,0.5701,889.5129827560232
5270.986552549154,0.5852,844.2008353544602
5271.026563209777,0.6091,779.2508267310756
5271.066573870406,0.5987,806.558606288534
5271.116587196197,0.5938,819.9248469523016
5271.156597856834,0.5858,842.4723948011446
5271.196608517476,0.6188,755.012049962311
5271.246621843284,0.6041,792.2035558842641
5271.286632503935,0.5193,1072.0562644616814
5271.32664316459,0.5825,852.0450273547261
5271.366653825248,0.5948,817.1701925251707
5271.4166671510775,0.5931,821.8614010635393
5271.456677811746,0.6282,732.5860591525764
5271.496688472418,0.622,747.2634332247658
5271.546701798265,0.5422,983.4114675085956
5271.586712458946,0.5819,853.8030259844811
5271.626723119631,0.5783,864.4661856855795
5271.676736445493,0.6104,775.9351462853406
5271.7167471061875,0.5987,806.558606288534
5271.756757766886,0.5589,925.5206719902254
5271.806771092765,0.5744,876.244937993695
5271.846781753474,0.572,883.6134555525691
5271.886792414184,0.5602,921.230137592458
5271.926803074901,0.5448,974.0474295122355
5271.9768164008,0.586,841.897427435269
5272.016827061526,0.6261,737.5086219431684
5272.056837722254,0.5659,902.7655420124664
5272.10685104817,0.5534,944.0087451844009
5272.146861708909,0.5911,827.43237314363
5272.186872369652,0.63,728.4058400204123
5272.236885695585,0.5966,812.2466760818915
5272.276896356335,0.5421,983.7743158232903
5272.31690701709,0.5889,833.6261185428832
5272.36692034304,0.6152,763.8741812970206
5272.406931003803,0.5895,831.9300361639516
5272.446941664572,0.6242,742.0052473345843
5272.486952325346,0.5672,898.6320856537616
5272.536965651317,0.5525,947.086748148104
5272.576976312097,0.5651,905.3233985480716
5272.616986972883,0.6035,793.7795546510921
5272.66700029887,0.5666,900.5362994914126
5272.707010959665,0.5543,940.9457229971057
5272.747021620466,0.6219,747.5037684267336
5272.7970349464695,0.555,938.5736673272595
5272.837045607277,0.5975,809.8015874581513
5272.877056268089,0.5009,1152.264280680002
5272.917066928904,0.5714,885.4701076235332
5272.96708025493,0.5695,891.3882698393311
5273.007090915755,0.5674,897.998689724774
5273.047101576585,0.5974,810.0727183616855
5273.097114902627,0.5823,852.6304231216357
5273.137125563467,0.4869,1219.4796676230812
5273.177136224309,0.5131,1098.120943626918
5273.227149550366,0.5718,884.2316902091655
5273.267160211219,0.5465,967.996918507741
5273.307170872074,0.5002,1155.491580821712
5273.357184198149,0.5716,884.850573929856
5273.397194859013,0.5844,846.5137093114757
5273.437205519882,0.5451,972.9755774414413
5273.477216180754,0.5496,957.107827931717
5273.527229506853,0.5824,852.3376498525238
5273.567240167735,0.593,822.1386116240142
5273.60725082862,0.5957,814.7028553787508
5273.657264154732,0.6211,749.4306310118251
5273.697274815627,0.6005,801.7305390581657
5273.737285476525,0.5859,842.1848375177999
5273.787298802655,0.6117,772.640583032604
5273.827309463564,0.6124,770.875271408593
5273.867320124476,0.6131,769.1160028960919
5273.907330785391,0.6179,757.2130682927277
5273.9573441115435,0.6186,755.5003350452662
5273.997354772468,0.6089,779.7628172210473
5274.037365433398,0.5102,1110.6399362763898
5274.087378759565,0.5442,976.1964539858154
5274.127389420504,0.5799,859.7024836607255
5274.167400081446,0.5626,913.3871494759253
5274.21741340763,0.5974,810.0727183616855
5274.257424068582,0.6011,800.1308137380701
5274.2974347295385,0.6199,752.3349244481767
5274.347448055738,0.6093,778.7393403332908
5274.387458716704,0.615,764.3710900098708
5274.427469377672,0.6484,687.651737691544
5274.467480038645,0.6324,722.887642537968
5274.517493364866,0.6352,716.5286340958262
5274.557504025848,0.6141,766.6131905250265
5274.597514686836,0.5683,895.1566786724475
5274.6475280130735,0.5884,835.0434857973024
5274.6875386740685,0.571,886.7111285733788
5274.727549335068,0.6001,802.799689401315
5274.777562661322,0.5782,864.7652308067403
5274.817573322331,0.5814,855.272184375535
5274.857583983344,0.577,868.3659086503775
5274.907597309614,0.569,892.9555428599733
5274.947607970635,0.5562,934.5281031485418
5274.9876186316615,0.6218,747.7442195924232
5275.02762929269,0.6049,790.1095148449106
5275.077642618983,0.5559,935.537038483006
5275.117653280022,0.5473,965.1691087313933
5275.157663941064,0.5703,888.8892019734462
5275.207677267374,0.5942,818.8213161654254
5275.247687928425,0.5673,898.3153039511918
5275.287698589482,0.5797,860.2957900615622
5275.337711915808,0.6048,790.370815614796
5275.377722576872,0.582,853.5096485932619
5275.417733237941,0.5852,844.2008353544602
5275.457743899014,0.5707,887.643607248187
5275.507757225362,0.5277,1038.197699921229
5275.547767886444,0.5097,1112.8200079007167
5275.58777854753,0.5528,946.0590766056902
5275.637791873893,0.6048,790.370815614796
5275.677802534989,0.6156,762.8818164250316
5275.717813196088,0.604,792.4658962232834
5275.767826522468,0.5974,810.0727183616855
5275.807837183575,0.5148,1090.8803855174053
5275.847847844689,0.5891,833.0601818968005
5275.897861171085,0.5501,955.3687420933069
5275.937871832207,0.5669,899.5834368002857
5275.977882493332,0.6186,755.5003350452662
5276.017893154462,0.5777,866.2627865627442
5276.06790648088,0.5296,1030.7617728090972
5276.107917142019,0.5434,979.0729007696224
5276.147927803161,0.5363,1005.1680672072514
5276.197941129596,0.5897,831.3658255151122
5276.2379517907475,0.5751,874.1131449151711
5276.277962451903,0.5148,1090.8803855174053
5276.327975778354,0.5572,931.1767469535738
5276.367986439519,0.5766,869.571133213382
5276.407997100688,0.5873,838.1744460472299
5276.448007761861,0.561,918.6046213023113
5276.498021088333,0.4787,1261.6161137255071
5276.538031749516,0.5475,964.4640924319102
5276.5780424107015,0.5642,908.2140028764599
5276.62805573719,0.5693,892.014683526121
5276.668066398385,0.5383,997.7127530258576
5276.708077059586,0.5427,981.6002336056798
5276.758090386091,0.6056,788.2840323367313
5276.798101047299,0.609,779.5067589231495
5276.838111708511,0.5872,838.4599516292591
5276.888125035033,0.6227,745.5843275399836
5276.928135696255,0.5926,823.2488575796826
5276.96814635748,0.5835,849.1270720713545
5277.00815701871,0.6048,790.370815614796
5277.0581703452535,0.6058,787.7636278410416
5277.098181006491,0.5889,833.6261185428832
5277.138191667735,0.5788,862.9732843273061
5277.188204994294,0.5689,893.2694934501849
5277.228215655546,0.6181,756.7231221111637
5277.268226316803,0.5494,957.8047921070763
5277.318239643377,0.5782,864.7652308067403
5277.358250304642,0.5356,1007.7971789570017
5277.398260965912,0.599,805.7509048352673
5277.448274292503,0.5128,1099.4061698525593
5277.488284953783,0.6117,772.640583032604
5277.528295615064,0.5648,906.2853980855133
5277.568306276352,0.5439,977.2736342169196
5277.618319602963,0.6062,786.7243636682012
5277.658330264259,0.6025,796.4166898318714
5277.698340925558,0.578,865.3637867565812
5277.748354252189,0.5819,853.8030259844811
5277.788364913497,0.6286,731.6540173969266
5277.82837557481,0.5625,913.7119376413864
5277.878388901457,0.5658,903.0846808332417
5277.918399562778,0.6011,800.1308137380701
5277.958410224103,0.6294,729.7952620837082
5277.998420885432,0.5563,934.192154046051
5278.048434212101,0.6362,714.277881571414
5278.088444873439,0.6114,773.3990019503906
5278.128455534782,0.5972,810.6153888282556
5278.178468861467,0.583,850.5841728158088
5278.218479522819,0.5997,803.870979824667
5278.258490184176,0.6268,735.8622692326047
5278.308503510876,0.6208,750.1551256994276
5278.348514172239,0.6017,798.5358716402966
5278.388524833609,0.6632,657.3029054058125
5278.428535494983,0.6402,705.3800952324849
5278.478548821704,0.5722,882.995869052762
5278.518559483087,0.5591,924.8586412410796
5278.558570144473,0.5438,977.6330905217195
5278.608583471212,0.6288,731.1886633911978
5278.648594132606,0.6583,667.1244643428258
5278.688604794006,0.6166,760.4093481749757
5278.738618120762,0.5786,863.5699804495599
5278.77862878217,0.5634,910.7950669813674
5278.818639443583,0.5394,993.6476327194207
5278.868652770352,0.5436,978.3525983477862
5278.908663431774,0.5079,1120.7216480339814
5278.9486740932,0.5143,1093.0025098353296
5278.9886847546295,0.5354,1008.5502484590573
5279.038698081421,0.561,918.6046213023113
5279.078708742861,0.5808,857.0401853736822
5279.118719404303,0.5639,909.1806146663596
5279.168732731112,0.5673,898.3153039511918
5279.208743392565,0.5777,866.2627865627442
5279.2487540540205,0.5221,1060.5883361981062
5279.298767380846,0.5782,864.7652308067403
5279.338778042311,0.6221,747.023213911963
5279.37878870378,0.5889,833.6261185428832
5279.428802030622,0.6144,765.8647288238841
5279.468812692099,0.6057,788.0237656505963
5279.508823353582,0.5928,822.693453669652
5279.548834015068,0.6178,757.458219838685
5279.598847341932,0.5621,915.0128241989344
5279.638858003427,0.5892,832.7774296652734
5279.678868664926,0.5838,848.2546080981634
5279.728881991807,0.5653,904.6829162212146
5279.768892653315,0.5273,1039.7734093971208
5279.808903314825,0.6394,707.1463017183638
5279.858916641722,0.6225,746.0634940633661
5279.898927303244,0.5823,852.6304231216357
5279.938937964769,0.591,827.7124073147276
5279.978948626299,0.5792,861.7817459192861
5280.028961953216,0.5696,891.0753104087428
5280.068972614755,0.5637,909.8258800835991
5280.108983276297,0.5737,878.3845391396067
5280.158996603232,0.5956,814.9764517121083
5280.199007264782,0.6067,785.4281729871007
5280.239017926339,0.5799,859.7024836607255
5280.289031253289,0.6045,791.1554961401357
5280.329041914853,0.6022,797.2103933291692
5280.369052576422,0.6195,753.3067747710862
5280.419065903388,0.5704,888.5775576095506
5280.459076564966,0.5391,994.7538344584949
5280.499087226548,0.5494,957.8047921070763
5280.539097888134,0.6016,798.8013639646795
5280.589111215123,0.5444,975.4793229458008
5280.629121876718,0.5208,1065.8897301754669
5280.669132538316,0.5976,809.5305926528923
5280.719145865321,0.5561,934.8642335019064
5280.75915652693,0.6197,752.8206143711158
5280.799167188541,0.5939,819.6487552069756
5280.849180515563,0.572,883.6134555525691
5280.889191177183,0.632,723.8029783100167
5280.929201838809,0.573,880.5319865307403
5280.969212500438,0.5418,984.8640665008508
5281.019225827481,0.583,850.5841728158088
5281.059236489119,0.606,787.2437385114481
5281.099247150762,0.5803,858.5177106711278
5281.1492604778205,0.5819,853.8030259844811
5281.189271139471,0.6006,801.4635851919433
5281.229281801127,0.5681,895.7870695703058
5281.279295128202,0.6024,796.681125911282
5281.319305789866,0.5511,951.9047601364792
5281.359316451535,0.6237,743.1954052268944
5281.409329778626,0.5969,811.4304175464016
5281.449340440303,0.5429,980.877140867138
5281.489351101986,0.55,955.7161798592889
5281.529361763672,0.5468,966.9350352542177
5281.579375090783,0.5523,947.7727930608077
5281.619385752478,0.645,694.9204957587982
5281.659396414177,0.6131,769.1160028960919
5281.7094097413055,0.5519,949.1471210661549
5281.7494204030145,0.5393,994.0161615211024
5281.789431064725,0.5541,941.6251049421564
5281.839444391872,0.6617,660.2863431839876
5281.879455053591,0.6026,796.1523853888858
5281.919465715317,0.6188,755.012049962311
5281.969479042479,0.5818,854.0965546658855
5282.009489704214,0.5761,871.0811956591552
5282.049500365951,0.5711,886.4006288555187
5282.089511027693,0.5513,951.2142247701548
5282.139524354876,0.5831,850.2924527753522
5282.179535016627,0.5786,863.5699804495599
5282.219545678384,0.6035,793.7795546510921
5282.269559005584,0.5468,966.9350352542177
5282.309569667347,0.5863,841.0360793884629
5282.349580329116,0.5802,858.8136742062403
5282.399593656331,0.6183,756.2336512970369
5282.439604318109,0.6146,765.3663631413497
5282.47961497989,0.601,800.3971019406689
5282.519625641676,0.6164,760.9028793087314
5282.569638968914,0.6105,775.6809709122496
5282.609649630707,0.6074,783.6188808969594
5282.649660292505,0.6419,701.6488087491907
5282.699673619758,0.5974,810.0727183616855
5282.739684281566,0.6429,699.4677478420647
5282.779694943379,0.6181,756.7231221111637
5282.829708270649,0.5391,994.7538344584949
5282.8697189324685,0.5211,1064.662809200516
5282.909729594294,0.5985,807.0977488259105
5282.959742921579,0.57,889.8251194049326
5282.999753583413,0.5635,910.4718326832079
5283.039764245251,0.5849,845.0670510050529
5283.0797749070925,0.5708,887.3326176553029
5283.129788234401,0.5784,864.1672956571327
5283.169798896251,0.6264,736.8023663505807
5283.209809558106,0.5593,924.1973205700936
5283.25982288543,0.6303,727.7126164720951
5283.299833547294,0.5513,951.2142247701548
5283.339844209162,0.5304,1027.6547366533189
5283.389857536503,0.5593,924.1973205700936
5283.429868198379,0.579,862.377206435135
5283.469878860261,0.5755,872.8984684920326
5283.509889522145,0.6327,722.2022796940374
5283.559902849507,0.5933,821.307400394369
5283.599913511402,0.5878,836.7491031867839
5283.6399241733,0.5558,935.8737133719081
5283.689937500679,0.5565,933.5207990726458
5283.729948162585,0.6115,773.1460716152984
5283.769958824496,0.5254,1047.3072419914602
5283.819972151891,0.5841,847.3834880978656
5283.859982813811,0.5811,856.1555003117027
5283.899993475736,0.6572,669.3595523783823
5283.950006803146,0.5425,982.3241262240581
5283.990017465079,0.6108,774.919193692016
5284.030028127017,0.6183,756.2336512970369
5284.070038788957,0.5722,882.995869052762
5284.120052116389,0.5198,1069.994820456232
5284.160062778341,0.5774,867.1631880117847
5284.200073440295,0.6184,755.9890939606099
5284.250086767744,0.5816,854.6840663155068
5284.290097429707,0.5619,915.6643095435448
5284.330108091675,0.5714,885.4701076235332
5284.380121419139,0.6046,790.8938061765934
5284.420132081115,0.6069,784.9105935092001
5284.460142743097,0.6087,780.2753124658304
5284.510156070578,0.5456,971.1930848323617
5284.550166732568,0.6165,760.6560537016675
5284.590177394561,0.6548,674.2752655747248
5284.630188056559,0.6448,695.3516540656999
5284.680201384061,0.6561,671.6058916874662
5284.720212046069,0.5677,897.0498507226079
5284.760222708079,0.548,962.7049275754738
5284.810236035599,0.604,792.4658962232834
5284.850246697617,0.5402,990.7067662751076
5284.8902573596415,0.5023,1145.8501110857446
5284.940270687176,0.5798,859.9990601141571
5284.98028134921,0.6042,791.9413457926105
5285.020292011247,0.6012,799.8646584025433
5285.060302673287,0.6114,773.3990019503906
5285.110316000844,0.619,754.52423809946
5285.150326662893,0.5116,1104.569704128345
5285.190337324948,0.5912,827.1524810615109
5285.240350652522,0.5411,987.4138705996381
5285.280361314583,0.5585,926.8468677925679
5285.320371976651,0.5806,857.6307374381572
5285.37038530424,0.5421,983.7743158232903
5285.410395966316,0.5143,1093.0025098353296
5285.450406628395,0.5345,1011.9495289780806
5285.500419956002,0.5755,872.8984684920326
5285.540430618091,0.6059,787.5036188229935
5285.580441280184,0.5571,931.5110706472582
5285.62045194228,0.5361,1005.9181912049553
5285.670465269908,0.632,723.8029783100167
5285.710475932015,0.5898,831.0839354040365
5285.750486594125,0.5997,803.870979824667
5285.800499921767,0.6149,764.6197262111475
5285.840510583887,0.5457,970.8371741417066
5285.880521246011,0.6668,650.2246233926143
5285.930534573669,0.62,752.0922557259087
5285.970545235802,0.57,889.8251194049326
5286.010555897938,0.5448,974.0474295122355
5286.0505665600795,0.5786,863.5699804495599
5286.1005798877595,0.591,827.7124073147276
5286.14059054991,0.5451,972.9755774414413
5286.180601212062,0.5743,876.550116367386
5286.230614539761,0.5242,1052.1077180940194
5286.2706252019225,0.6112,773.9052351139741
5286.31063586409,0.6003,802.2648470761867
5286.360649191803,0.6042,791.9413457926105
5286.400659853977,0.5789,862.6751681558546
5286.440670516157,0.5428,981.2385873251068
5286.490683843887,0.5789,862.6751681558546
5286.5306945060765,0.5314,1023.7906573345717
5286.570705168268,0.5943,818.5457815704233
5286.610715830465,0.6497,684.9026180185402
5286.660729158216,0.6031,794.8328346653672
5286.700739820421,0.5868,839.6034339679923
5286.740750482632,0.5906,828.8339668139778
5286.790763810398,0.5409,988.1442049273115
5286.830774472617,0.6141,766.6131905250265
5286.870785134839,0.6335,720.3794032719695
5286.920798462625,0.6083,781.3018198757754
5286.9608091248565,0.5677,897.0498507226079
5287.000819787091,0.5724,882.3789298040251
5287.050833114892,0.5625,913.7119376413864
5287.090843777137,0.5798,859.9990601141571
5287.130854439385,0.5991,805.4819406178253
5287.170865101638,0.6035,793.7795546510921
5287.22087842946,0.6489,686.5924284774734
5287.260889091721,0.5859,842.1848375177999
5287.300899753986,0.5866,840.1760525378279
5287.350913081826,0.5928,822.693453669652
5287.390923744101,0.5347,1011.1926496950699
5287.430934406379,0.5698,890.4498857943179
5287.480947734232,0.5621,915.0128241989344
5287.520958396522,0.5977,809.259733854835
5287.5609690588135,0.6173,758.6857652046328
5287.60097972111,0.5954,815.5240580011773
5287.650993048986,0.6454,694.0593813193516
5287.69100371129,0.5915,826.313656388315
5287.7310143735995,0.5714,885.4701076235332
5287.7810277014905,0.598,808.4479725942798
5287.821038363809,0.5792,861.7817459192861
5287.86104902613,0.5528,946.0590766056902
5287.911062354037,0.642,701.4302439297314
5287.951073016367,0.5628,912.738092451234
5287.991083678705,0.5874,837.8890862674442
5288.041097006628,0.6266,736.3320927447719
5288.081107668972,0.5857,842.7600993858415
5288.121118331319,0.5615,916.9693693148593
5288.161128993672,0.5712,886.0902922006809
5288.211142321618,0.6387,708.6971797229679
5288.2511529839785,0.5964,812.7915328929626
5288.291163646345,0.5831,850.2924527753522
5288.341176974306,0.6105,775.6809709122496
5288.381187636681,0.6425,700.3389501974284
5288.421198299059,0.6134,768.3638737753795
5288.4712116270375,0.551,952.2503098322956
5288.511222289424,0.5315,1023.4054485217677
5288.551232951816,0.5422,983.4114675085956
5288.591243614211,0.4893,1207.5460177470795
5288.64125694221,0.5658,903.0846808332417
5288.681267604616,0.601,800.3971019406689
5288.721278267024,0.5874,837.8890862674442
5288.771291595039,0.5796,860.5926736088803
5288.811302257457,0.655,673.8635579144659
5288.851312919877,0.6034,794.0426782886432
5288.901326247911,0.5956,814.9764517121083
5288.941336910341,0.609,779.5067589231495
5288.981347572775,0.5982,807.9074767903269
5289.0313609008235,0.5822,852.9233472656576
5289.071371563266,0.6034,794.0426782886432
5289.111382225715,0.6145,765.6154851569615
5289.151392888165,0.5726,881.76263690222
5289.201406216234,0.5864,840.7492571055188
5289.241416878696,0.5882,835.6114450163224
5289.281427541159,0.5984,807.3675228358783
5289.331440869246,0.5966,812.2466760818915
5289.371451531719,0.5449,973.689948776789
5289.411462194196,0.5906,828.8339668139778
5289.461475522299,0.6032,794.5693182089655
5289.501486184786,0.6134,768.3638737753795
5289.541496847276,0.5935,820.7539596979565
5289.591510175395,0.6355,715.8522925868757
5289.631520837894,0.6277,733.7536179626593
5289.671531500398,0.598,808.4479725942798
5289.711542162905,0.5703,888.8892019734462
5289.761555491046,0.5785,863.8685606141713
5289.801566153561,0.5736,878.6908360626231
5289.841576816082,0.539,995.1229788986755
5289.891590144238,0.619,754.52423809946
5289.931600806767,0.5318,1022.2511256231152
5289.971611469302,0.5653,904.6829162212146
5290.021624797474,0.6111,774.1585381050282
5290.061635460016,0.6195,753.3067747710862
5290.101646122562,0.6058,787.7636278410416
5290.141656785114,0.5978,808.989010972982
5290.191670113308,0.5961,813.6098466282465
5290.231680775866,0.6103,776.1894466112977
5290.27169143843,0.5851,844.489425863387
5290.321704766641,0.5899,830.8021886388194
5290.361715429213,0.5705,888.2660771105999
5290.401726091791,0.6503,683.6393507215204
5290.451739420016,0.5944,818.270386028729
5290.491750082602,0.6046,790.8938061765934
5290.531760745192,0.5956,814.9764517121083
5290.581774073433,0.5445,975.1210537241044
5290.621784736032,0.5805,857.9262423924343
5290.661795398635,0.6031,794.8328346653672
5290.701806061242,0.5696,891.0753104087428
5290.751819389505,0.5536,943.3267823818184
5290.791830052121,0.5811,856.1555003117027
5290.831840714741,0.5469,966.5814624379425
5290.881854043022,0.5994,804.6758555072929
5290.9218647056505,0.5669,899.5834368002857
5290.961875368282,0.5609,918.9321965813082
5291.01188869658,0.5777,866.2627865627442
5291.051899359221,0.5764,870.174686639137
5291.091910021867,0.5973,810.3439854546449
5291.141923350179,0.6156,762.8818164250316
5291.181934012833,0.5428,981.2385873251068
5291.221944675493,0.5059,1129.6003570808423
5291.2619553381555,0.5857,842.7600993858415
5291.3119686664895,0.5987,806.558606288534
5291.351979329162,0.6276,733.9874646502768
5291.391989991836,0.5586,926.5150517355426
5291.442003320187,0.5774,867.1631880117847
5291.482013982872,0.6071,784.3935254726105
5291.522024645561,0.6127,770.1205608262111
5291.572037973928,0.636,714.7271828707753
5291.612048636625,0.625,740.1069326381634
5291.652059299327,0.5645,907.2489317736907
5291.692069962032,0.5813,855.5664710702839
5291.742083290421,0.6427,699.9031456898168
5291.782093953137,0.5682,895.4717909125881
5291.822104615853,0.5554,937.2222319689786
5291.872117944257,0.5705,888.2660771105999
5291.912128606984,0.5495,957.4562148925224
5291.952139269717,0.5548,939.2504814212201
5292.0021525981365,0.5645,907.2489317736907
5292.042163260878,0.5589,925.5206719902254
5292.082173923622,0.6059,787.5036188229935
5292.132187252058,0.5514,950.8692388269075
5292.172197914813,0.5755,872.8984684920326
5292.212208577571,0.5369,1002.9227227197055
5292.252219240333,0.4761,1275.4331757766815
5292.302232568791,0.548,962.7049275754738
5292.342243231562,0.6432,698.815412451461
5292.382253894337,0.64,705.8210259877183
5292.432267222811,0.5784,864.1672956571327
5292.472277885595,0.553,945.3748912249587
5292.5122885483825,0.5683,895.1566786724475
5292.562301876872,0.6345,718.1104967476238
5292.602312539669,0.5922,824.3613540297664
5292.64232320247,0.5579,928.841512564995
5292.682333865275,0.5394,993.6476327194207
5292.732347193786,0.5748,875.0258168695099
5292.7723578566,0.5959,814.1560758717126
5292.812368519418,0.6307,726.789856744917
5292.862381847946,0.6391,707.8103397395244
5292.902392510774,0.5933,821.307400394369
5292.942403173604,0.5573,930.8426032131093
5292.992416502148,0.5846,845.9346005467964
5293.032427164989,0.5454,971.9054936137012
5293.072437827832,0.5929,822.4159624611646
5293.122451156391,0.6393,707.3675438587414
5293.162461819245,0.6389,708.253551520595
5293.202472482099,0.6323,723.116313631574
5293.2424831449625,0.5827,851.4602342591339
5293.292496473544,0.5727,881.4547325493054
5293.3325071364125,0.62,752.0922557259087
5293.3725177992865,0.5455,971.549191275167
5293.422531127886,0.5348,1010.8145284460277
5293.462541790767,0.612,771.8832791615481
5293.502552453654,0.5862,841.3230484709244
5293.552565782268,0.6033,794.305932779008
5293.592576445164,0.5592,924.5278922093041
5293.6325871080635,0.5382,998.0835458867516
5293.682600436694,0.5548,939.2504814212201
5293.7226110996035,0.5833,849.7094627374298
5293.762621762517,0.5829,850.8760430078672
5293.802632425433,0.5462,969.06055195462
5293.852645754085,0.5233,1055.7297681468283
5293.892656417011,0.4832,1238.226937828066
5293.93266707994,0.5055,1131.3887567558988
5293.982680408609,0.5965,812.5190359808184
5294.022691071546,0.5946,817.7200117311346
5294.062701734489,0.6152,763.8741812970206
5294.112715063174,0.527,1040.95754683844
5294.152725726125,0.5203,1067.9393166277416
5294.192736389081,0.5961,813.6098466282465
5294.23274705204,0.6334,720.6068851576168
5294.282760380746,0.6076,783.1030885190164
5294.322771043715,0.5958,814.4293967961048
5294.362781706688,0.6079,782.3303542837245
5294.412795035408,0.5692,892.3281380141717
5294.452805698391,0.516,1085.8124329091997
5294.492816361377,0.5642,908.2140028764599
5294.542829690114,0.6147,765.1173626978928
5294.582840353108,0.6311,725.8688510328986
5294.622851016106,0.6285,731.8868610117088
5294.6728643448605,0.6454,694.0593813193516
5294.712875007869,0.6315,724.9495948933943
5294.7528856708805,0.5594,923.8669261966144
5294.792896333896,0.5342,1013.0864422494996
5294.842909662672,0.6325,722.6590798962142
5294.8829203256955,0.6024,796.681125911282
5294.922930988725,0.6556,672.6306948754187
5294.9729443175165,0.5792,861.7817459192861
5295.012954980554,0.5275,1038.9851065910004
5295.052965643595,0.5812,855.8609096808132
5295.102978972404,0.5697,890.7625157656285
5295.142989635453,0.5479,963.0563752937616
5295.183000298509,0.549,959.2010062757732
5295.2230109615675,0.5549,938.9119828965594
5295.273024290395,0.5431,980.1548468304095
5295.313034953464,0.543,980.5158940845888
5295.353045616535,0.6081,781.8158333716397
5295.403058945381,0.5513,951.2142247701548
5295.443069608461,0.5937,820.201078219877
5295.483080271546,0.6073,783.8769682037192
5295.533093600408,0.5373,1001.430003511728
5295.573104263501,0.5899,830.8021886388194
5295.613114926598,0.5719,883.9224918045992
5295.6631282554745,0.4987,1162.4530426969004
5295.703138918581,0.5054,1131.8365202888424
5295.743149581693,0.5652,905.0030723951014
5295.783160244808,0.583,850.5841728158088
5295.833173573706,0.5911,827.43237314363
5295.873184236828,0.6303,727.7126164720951
5295.913194899957,0.5429,980.877140867138
5295.963208228872,0.5928,822.693453669652
5296.003218892008,0.5962,813.3369381246445
5296.043229555147,0.6078,782.5878052295855
5296.093242884081,0.5443,975.8377896513149
5296.133253547229,0.5602,921.230137592458
5296.1732642103825,0.5502,955.0214937523848
5296.2232775393295,0.5239,1053.312994225441
5296.263288202492,0.5115,1105.0016398146865
5296.303298865659,0.5666,900.5362994914126
5296.34330952883,0.6422,700.9934205544466
5296.393322857798,0.5551,938.2355345814976
5296.4333335209785,0.5536,943.3267823818184
5296.473344184161,0.5199,1069.58324520758
5296.523357513146,0.575,874.4172101792738
5296.5633681763375,0.5577,929.5078252026706
5296.603378839533,0.5495,957.4562148925224
5296.653392168536,0.6061,786.983986821472
5296.693402831741,0.6089,779.7628172210473
5296.733413494951,0.5601,921.5591183925106
5296.773424158164,0.5761,871.0811956591552
5296.823437487186,0.6073,783.8769682037192
5296.863448150408,0.5917,825.7551486245318
5296.903458813634,0.5982,807.9074767903269
5296.953472142673,0.554,941.9650718696544
5296.993482805909,0.4715,1300.4410210368762
5297.033493469148,0.5992,805.2131110505792
5297.083506798202,0.5352,1009.3041623655902
5297.123517461449,0.5966,812.2466760818915
5297.163528124702,0.6174,758.4400175225566
5297.213541453772,0.6385,709.1412248684735
5297.253552117034,0.5882,835.6114450163224
5297.293562780299,0.5809,856.745138053332
5297.333573443569,0.5598,922.5471188273096
5297.383586772659,0.5069,1125.1478658243093
5297.423597435939,0.5124,1101.123317616596
5297.463608099221,0.5654,904.3629299061682
5297.513621428329,0.5883,835.3273930001004
5297.55363209162,0.593,822.1386116240142
5297.593642754916,0.5452,972.61868655293
5297.643656084039,0.5882,835.6114450163224
5297.683666747343,0.5699,890.1374203792418
5297.723677410652,0.6153,763.625908627844
5297.763688073964,0.6669,650.0296391674648
5297.81370140311,0.5818,854.0965546658855
5297.8537120664305,0.5329,1018.0352743438405
5297.893722729756,0.5781,865.0644311279364
5297.943736058918,0.6266,736.3320927447719
5297.983746722251,0.6079,782.3303542837245
5298.023757385589,0.5512,951.5593984945763
5298.073770714767,0.543,980.5158940845888
5298.113781378115,0.5971,810.8869285738198
5298.153792041465,0.5442,976.1964539858154
5298.203805370658,0.5633,911.1184734412958
5298.24381603402,0.5379,999.1971655377853
5298.283826697384,0.6744,635.6520991903208
5298.323837360751,0.5555,936.8848292015006
5298.373850689966,0.5758,871.989121958122
5298.413861353343,0.5777,866.2627865627442
5298.453872016724,0.5664,901.1723826142894
5298.5038853459555,0.5746,875.6350591791781
5298.543896009345,0.5922,824.3613540297664
5298.583906672738,0.5969,811.4304175464016
5298.633920001987,0.5647,906.6064053593798
5298.673930665389,0.5175,1079.5270027665938
5298.713941328796,0.5216,1062.6226433972051
5298.763954658059,0.582,853.5096485932619
5298.803965321475,0.5526,946.7440049917923
5298.843975984896,0.5558,935.8737133719081
5298.8839866483195,0.6154,763.3777569785374
5298.933999977604,0.6064,786.2055026326718
5298.974010641036,0.601,800.3971019406689
5299.014021304473,0.6359,714.951992512799
5299.064034633775,0.6554,673.0412730245237
5299.104045297221,0.6486,687.227720018474
5299.144055960669,0.6273,734.6896758460007
5299.194069289987,0.5946,817.7200117311346
5299.234079953445,0.5811,856.1555003117027
5299.274090616908,0.5959,814.1560758717126
5299.314101280375,0.5534,944.0087451844009
5299.364114609714,0.5557,936.21057003402
5299.4041252731895,0.565,905.6438948004754
5299.444135936669,0.6216,748.225470113494
5299.494149266024,0.558,928.5086248880235
5299.534159929511,0.5603,920.9013329217227
5299.574170593003,0.6504,683.4291460030462
5299.624183922375,0.6044,791.4173160066457
5299.6641945858755,0.582,853.5096485932619
5299.704205249382,0.5679,896.4181266073981
5299.754218578769,0.5196,1070.8186839566488
5299.794229242283,0.536,1006.2935681265214
5299.8342399058,0.5777,866.2627865627442
5299.874250569323,0.541,987.7789365158359
5299.924263898732,0.5653,904.6829162212146
5299.964274562262,0.6071,784.3935254726105
5300.004285225798,0.6056,788.2840323367313
5300.054298555223,0.5156,1087.4978192697754
5300.094309218766,0.5879,836.4644709309891
5300.134319882315,0.5148,1090.8803855174053
5300.184333211755,0.5547,939.5891630331851
5300.224343875312,0.5855,843.3359508618738
5300.264354538874,0.5645,907.2489317736907
5300.304365202439,0.5135,1096.41081142621
5300.354378531901,0.5915,826.313656388315
5300.394389195474,0.6657,652.3752526407202
5300.434399859052,0.639,708.0318936099794
5300.484413188531,0.6072,784.13518303426
5300.524423852117,0.5958,814.4293967961048
5300.564434515708,0.5598,922.5471188273096
5300.614447845203,0.5785,863.8685606141713
5300.654458508802,0.5764,870.174686639137
5300.694469172407,0.6092,778.9950205620313
5300.744482501917,0.5326,1019.1824618149067
5300.784493165529,0.5004,1154.5681129088198
5300.824503829146,0.5409,988.1442049273115
5300.864514492769,0.5632,911.4420521852775
5300.914527822299,0.5311,1024.9475896040303
5300.9545384859275,0.5593,924.1973205700936
5300.994549149563,0.5949,816.8954908483091
5301.04456247911,0.5908,828.2729023087101
5301.084573142753,0.5656,903.7234663721557
5301.124583806399,0.5607,919.5878730195249
5301.174597135963,0.5651,905.3233985480716
5301.214607799618,0.5632,911.4420521852775
5301.254618463278,0.5519,949.1471210661549
5301.304631792858,0.5211,1064.662809200516
5301.344642456526,0.5784,864.1672956571327
5301.3846531202,0.6033,794.305932779008
5301.424663783876,0.5856,843.0479513725145
5301.474677113476,0.5783,864.4661856855795
5301.514687777162,0.6222,746.7831104138288
5301.55469844085,0.5515,950.5244405286498
5301.604711770469,0.4668,1326.7599132152418
5301.644722434168,0.4828,1240.27952657172
5301.68473309787,0.562,915.3384799294006
5301.734746427503,0.5404,989.973589661299
5301.774757091213,0.5425,982.3241262240581
5301.81476775493,0.5682,895.4717909125881
5301.8547784186485,0.5541,941.6251049421564
5301.904791748303,0.5412,987.0490070290685
5301.944802412032,0.5697,890.7625157656285
5301.984813075763,0.5845,846.2240806210392
5302.0348264054355,0.5634,910.7950669813674
5302.074837069175,0.5956,814.9764517121083
5302.11484773292,0.6082,781.5587632383928
5302.164861062606,0.6069,784.9105935092001
5302.2048717263615,0.5065,1126.9256978892545
5302.2448823901195,0.5285,1035.05700748856
5302.294895719822,0.7059,580.1874127226391
5302.334906383589,0.5749,874.7214341272412
5302.374917047359,0.6128,769.8692369136453
5302.414927711135,0.6116,772.8932653364081
5302.464941040859,0.5974,810.0727183616855
5302.504951704643,0.5949,816.8954908483091
5302.544962368431,0.5763,870.4766990191899
5302.594975698171,0.5434,979.0729007696224
5302.634986361968,0.5611,918.2772211501212
5302.674997025768,0.583,850.5841728158088
5302.725010355525,0.598,808.4479725942798
5302.765021019334,0.6505,683.2190382199622
5302.805031683148,0.6122,771.3790283054716
5302.855045012921,0.5425,982.3241262240581
5302.895055676743,0.5375,1000.6848933137566
5302.93506634057,0.5794,861.1869019274736
5302.9750770044,0.5076,1122.0467669717711
5303.025090334194,0.5298,1029.9836940841376
5303.065100998033,0.5567,932.8501675407693
5303.105111661877,0.6254,739.1605059451775
5303.155124991687,0.5975,809.8015874581513
5303.19513565554,0.5531,945.0330768258165
5303.235146319395,0.5203,1067.9393166277416
5303.285159649223,0.5766,869.571133213382
5303.325170313087,0.6242,742.0052473345843
5303.365180976956,0.6478,688.9261479368654
5303.40519164083,0.6206,750.6387059716412
5303.455204970675,0.6051,789.5873018986229
5303.495215634559,0.6524,679.2453290801851
5303.535226298445,0.6691,645.7620796111703
5303.585239628308,0.6332,721.0621723027547
5303.625250292203,0.6271,735.1583766341422
5303.665260956103,0.6002,802.53220140585
5303.715274285982,0.5965,812.5190359808184
5303.75528494989,0.577,868.3659086503775
5303.7952956138015,0.5859,842.1848375177999
5303.845308943698,0.6095,778.2283573661558
5303.885319607619,0.5101,1111.0754377951027
5303.925330271544,0.5506,953.6343918876548
5303.965340935472,0.5327,1018.7998506315072
5304.015354265389,0.5648,906.2853980855133
5304.055364929327,0.6356,715.627058208842
5304.09537559327,0.6193,753.7934062559386
5304.145388923201,0.5674,897.998689724774
5304.185399587153,0.5374,1001.0573444247254
5304.225410251107,0.6075,783.3609210300219
5304.275423581055,0.5855,843.3359508618738
5304.315434245019,0.5372,1001.8028707296373
5304.355444908986,0.585,844.778164379842
5304.395455572959,0.6057,788.0237656505963
5304.44546890293,0.5571,931.5110706472582
5304.485479566911,0.5703,888.8892019734462
5304.525490230894,0.607,784.6519956028682
5304.57550356088,0.5679,896.4181266073981
5304.615514224874,0.5971,810.8869285738198
5304.65552488887,0.5974,810.0727183616855
5304.705538218873,0.5767,869.2695919497598
5304.745548882879,0.6135,768.1134092276328
5304.78555954689,0.5274,1039.3791458920552
5304.835572876907,0.5877,837.0338807493611
5304.8755835409265,0.5761,871.0811956591552
5304.915594204949,0.5592,924.5278922093041
5304.955604868977,0.5668,899.9008895898883
5305.005618199017,0.6009,800.6635230987927
5305.045628863052,0.5594,923.8669261966144
5305.085639527092,0.5652,905.0030723951014
5305.135652857149,0.6034,794.0426782886432
5305.175663521198,0.6304,727.4817618578921
5305.21567418525,0.571,886.7111285733788
5305.265687515322,0.5601,921.5591183925106
5305.305698179384,0.5956,814.9764517121083
5305.34570884345,0.5863,841.0360793884629
5305.395722173537,0.5818,854.0965546658855
5305.435732837613,0.6153,763.625908627844
5305.475743501692,0.6271,735.1583766341422
5305.515754165774,0.6187,755.2561333130311
5305.565767495883,0.6316,724.7200537099399
5305.605778159975,0.6137,767.6128473915765
5305.645788824071,0.5737,878.3845391396067
5305.695802154196,0.5582,927.8433861762255
5305.735812818299,0.5498,956.4116242177621
5305.775823482408,0.5508,952.9419739320118
5305.82583681255,0.5712,886.0902922006809
5305.865847476667,0.5257,1046.1122565411426
5305.905858140788,0.6501,684.06005120324
5305.945868804914,0.5654,904.3629299061682
5305.9958821350765,0.5978,808.989010972982
5306.03589279921,0.596,813.8828925131941
5306.075903463348,0.5786,863.5699804495599
5306.125916793526,0.6265,736.5671732500487
5306.165927457672,0.5918,825.4761070607834
5306.205938121823,0.5862,841.3230484709244
5306.255951452019,0.5623,914.3620338943231
5306.295962116178,0.6186,755.5003350452662
5306.335972780343,0.6426,700.1209970794974
5306.385986110554,0.5962,813.3369381246445
5306.425996774727,0.6153,763.625908627844
5306.466007438904,0.6441,696.86387234302
5306.506018103085,0.5946,817.7200117311346
5306.556031433316,0.5565,933.5207990726458
5306.596042097506,0.5762,870.7788686561303
5306.6360527617,0.6033,794.305932779008
5306.686066091947,0.6128,769.8692369136453
5306.726076756151,0.6284,732.1198157953816
5306.766087420357,0.5738,878.0784023436545
5306.816100750621,0.6285,731.8868610117088
5306.856111414837,0.5647,906.6064053593798
5306.896122079055,0.616,761.8913841005054
5306.936132743279,0.6181,756.7231221111637
5306.986146073565,0.5622,914.6873422284403
5307.026156737797,0.5727,881.4547325493054
5307.066167402033,0.5086,1117.6388177335878
5307.116180732334,0.5582,927.8433861762255
5307.15619139658,0.5379,999.1971655377853
5307.196202060829,0.5728,881.1469894447869
5307.246215391146,0.6305,727.2510170783952
5307.286226055405,0.6136,767.8630671262991
5307.326236719666,0.5657,903.403988913234
5307.376250049999,0.6035,793.7795546510921
5307.416260714271,0.5857,842.7600993858415
5307.456271378545,0.5829,850.8760430078672
5307.4962820428245,0.5959,814.1560758717126
5307.5462953731785,0.5415,985.9556288967036
5307.586306037466,0.5172,1080.7797150661127
5307.626316701759,0.5541,941.6251049421564
5307.676330032128,0.6026,796.1523853888858
5307.716340696428,0.602,797.7401883428549
5307.756351360735,0.569,892.9555428599733
5307.8063646911205,0.5841,847.3834880978656
5307.846375355434,0.6042,791.9413457926105
5307.886386019752,0.5804,858.221900101657
5307.936399350156,0.5733,879.6106887114819
5307.97641001448,0.571,886.7111285733788
5308.016420678811,0.5444,975.4793229458008
5308.056431343146,0.538,998.8257519889183
5308.106444673571,0.5235,1054.923253468954
5308.146455337913,0.6033,794.305932779008
5308.18646600226,0.5381,998.4545454898632
5308.2364793327,0.5659,902.7655420124664
5308.276489997056,0.5802,858.8136742062403
5308.316500661415,0.5141,1093.8530937590815
5308.366513991872,0.5898,831.0839354040365
5308.406524656241,0.545,973.3326648013146
5308.446535320615,0.5863,841.0360793884629
5308.4865459849925,0.6068,785.1693192758423
5308.536559315468,0.5464,968.3512683342818
5308.576569979855,0.6006,801.4635851919433
5308.616580644245,0.5525,947.086748148104
5308.666593974736,0.5859,842.1848375177999
5308.706604639135,0.5641,908.5360354571097
5308.746615303538,0.5977,809.259733854835
5308.796628634046,0.5983,807.6374321271948
5308.836639298459,0.5908,828.2729023087101
5308.8766499628755,0.6349,717.205934575007
5308.9266632934,0.6009,800.6635230987927
5308.966673957824,0.5607,919.5878730195249
5309.0066846222535,0.5276,1038.5912913239927
5309.0466952866855,0.547,966.2280835192084
5309.096708617231,0.568,896.1025147628064
5309.136719281672,0.5777,866.2627865627442
5309.176729946118,0.6094,778.4837859621957
5309.226743276681,0.6155,763.1297262704591
5309.266753941135,0.5644,907.570451156009
5309.306764605592,0.5588,925.8519539618302
5309.356777936172,0.5875,837.6038721906413
5309.3967886006385,0.5896,831.6478590693039
5309.436799265109,0.5678,896.7339052214935
5309.476809929585,0.5413,986.6843456546156
5309.526823260184,0.568,896.1025147628064
5309.566833924668,0.5921,824.6398304948517
5309.606844589156,0.6275,734.2214231458377
5309.656857919771,0.5965,812.5190359808184
5309.6968685842685,0.5666,900.5362994914126
5309.736879248768,0.5553,937.5598170338845
5309.786892579401,0.5025,1144.9381749250872
5309.82690324391,0.5178,1078.2764671998996
5309.866913908424,0.5124,1101.123317616596
5309.91692723907,0.5275,1038.9851065910004
5309.956937903593,0.566,902.4465723313008
5309.99694856812,0.4888,1210.0177058653496
5310.036959232651,0.5323,1020.3315894657607
5310.086972563318,0.5518,949.4911701438269
5310.126983227858,0.6385,709.1412248684735
5310.1669938924015,0.6117,772.640583032604
5310.2170072230865,0.5055,1131.3887567558988
5310.2570178876385,0.5134,1096.8379697646674
5310.297028552194,0.5428,981.2385873251068
5310.347041882896,0.5314,1023.7906573345717
5310.387052547461,0.551,952.2503098322956
5310.427063212029,0.6116,772.8932653364081
5310.477076542746,0.5471,965.8748983562648
5310.517087207324,0.5597,922.8768054039314
5310.557097871906,0.5492,958.5025178517768
5310.597108536491,0.5532,944.6914477753112
5310.6471218672295,0.5796,860.5926736088803
5310.6871325318225,0.6194,753.5500315898734
5310.727143196423,0.6175,758.1943892222054
5310.777156527177,0.5624,914.036899073097
5310.817167191784,0.478,1265.3139215648107
5310.857177856395,0.5712,886.0902922006809
5310.907191187166,0.5611,918.2772211501212
5310.947201851785,0.5498,956.4116242177621
5310.98721251641,0.6047,790.632246030097
5311.027223181039,0.5897,831.3658255151122
5311.07723651183,0.5218,1061.808218742437
5311.117247176468,0.5647,906.6064053593798
5311.157257841107,0.5909,827.9925836709962
5311.207271171913,0.5988,806.2892375805699
5311.247281836565,0.5659,902.7655420124664
5311.287292501219,0.5299,1029.5949850582415
5311.337305832041,0.4762,1274.8975619252815
5311.377316496705,0.5484,961.3010587534599
5311.417327161371,0.5657,903.403988913234
5311.457337826042,0.5407,988.8753498353888
5311.507351156886,0.5843,846.8034867198543
5311.547361821566,0.5937,820.201078219877
5311.587372486249,0.6048,790.370815614796
5311.63738581711,0.5677,897.0498507226079
5311.677396481802,0.5546,939.9280278645157
5311.717407146499,0.5861,841.6101644530995
5311.767420477374,0.6062,786.7243636682012
5311.8074311420805,0.6026,796.1523853888858
5311.847441806791,0.5652,905.0030723951014
5311.897455137682,0.5865,840.4625815219822
5311.937465802401,0.5631,911.7658033357058
5311.977476467122,0.5489,959.5505368399215
5312.017487131849,0.5966,812.2466760818915
5312.067500462762,0.5772,867.7642357742964
5312.107511127498,0.5872,838.4599516292591
5312.147521792235,0.5997,803.870979824667
5312.197535123166,0.5961,813.6098466282465
5312.2375457879125,0.5752,873.8092382245923
5312.2775564526655,0.5613,917.6229457270254
5312.327569783611,0.5731,880.2247264963586
5312.36758044837,0.5827,851.4602342591339
5312.407591113135,0.5346,1011.5709831528128
5312.4576044440955,0.5177,1078.6930708410175
5312.497615108871,0.5683,895.1566786724475
5312.537625773648,0.6408,704.0597791999802
5312.57763643843,0.616,761.8913841005054
5312.627649769411,0.5766,869.571133213382
5312.667660434201,0.5809,856.745138053332
5312.707671098995,0.5476,964.1118739261865
5312.757684429995,0.5916,826.0343317018069
5312.797695094797,0.5949,816.8954908483091
5312.837705759604,0.605,789.8483436347323
5312.88771909062,0.5712,886.0902922006809
5312.9277297554345,0.5121,1102.4138198988185
5312.967740420255,0.5825,852.0450273547261
5313.017753751286,0.57,889.8251194049326
5313.057764416114,0.5408,988.5096759838539
5313.097775080947,0.5415,985.9556288967036
5313.137785745784,0.5866,840.1760525378279
5313.187799076835,0.5979,808.718423916412
5313.22780974168,0.56,921.8882754476978
5313.2678204065305,0.5594,923.8669261966144
5313.317833737598,0.5375,1000.6848933137566
5313.357844402457,0.584,847.6737122714302
5313.39785506732,0.5749,874.7214341272412
5313.4478683984025,0.5762,870.7788686561303
5313.487879063274,0.5595,923.5367089621466
5313.5278897281505,0.6101,776.6984224495395
5313.567900393028,0.6132,768.865170529644
5313.617913724132,0.5583,927.5110348851078
5313.657924389021,0.5717,884.5410508797304
5313.697935053914,0.5645,907.2489317736907
5313.747948385034,0.5976,809.5305926528923
5313.787959049935,0.5978,808.989010972982
5313.827969714839,0.594,819.3728028899526
5313.877983045975,0.6006,801.4635851919433
5313.917993710888,0.601,800.3971019406689
5313.958004375807,0.6036,793.5165617796466
5313.998015040729,0.5165,1083.7112039255624
5314.048028371886,0.5623,914.3620338943231
5314.088039036816,0.5696,891.0753104087428
5314.128049701751,0.5417,985.2277191325676
5314.178063032924,0.551,952.2503098322956
5314.218073697868,0.5377,999.9406144011457
5314.258084362815,0.5391,994.7538344584949
5314.3080976940055,0.6336,720.1520290868782
5314.348108358962,0.612,771.8832791615481
5314.388119023921,0.5714,885.4701076235332
5314.438132355127,0.5119,1103.2754155407408
5314.4781430200965,0.5234,1055.3263952395218
5314.51815368507,0.5949,816.8954908483091
5314.558164350045,0.5893,832.4948213643896
5314.608177681272,0.5805,857.9262423924343
5314.648188346258,0.5503,954.674434698847
5314.688199011248,0.6094,778.4837859621957
5314.73821234249,0.6054,788.8049526793899
5314.778223007488,0.6145,765.6154851569615
5314.818233672491,0.5908,828.2729023087101
5314.868247003751,0.5969,811.4304175464016
5314.9082576687615,0.6043,791.6792658621162
5314.9482683337765,0.575,874.4172101792738
5314.998281665052,0.5531,945.0330768258165
5315.038292330076,0.5739,877.7724255631703
5315.0783029951035,0.5787,863.271555056255
5315.118313660136,0.5521,948.4595836731199
5315.16832699143,0.5934,821.0306100967493
5315.2083376564715,0.5861,841.6101644530995
5315.248348321518,0.5308,1026.106484065083
5315.298361652828,0.5203,1067.9393166277416
5315.338372317882,0.5534,944.0087451844009
5315.378382982939,0.5228,1057.7501059257897
5315.428396314268,0.5158,1086.6546359625945
5315.468406979334,0.5704,888.5775576095506
5315.508417644404,0.5857,842.7600993858415
5315.548428309478,0.5796,860.5926736088803
5315.598441640827,0.5535,943.6676713763937
5315.6384523059105,0.5334,1016.1275948853346
5315.678462970998,0.5853,843.9123927519214
5315.728476302363,0.5794,861.1869019274736
5315.7684869674595,0.5577,929.5078252026706
5315.80849763256,0.5946,817.7200117311346
5315.858510963941,0.573,880.5319865307403
5315.898521629049,0.5509,952.5960477185802
5315.938532294161,0.6061,786.983986821472
5315.988545625559,0.5902,829.9578074469775
5316.028556290681,0.5602,921.230137592458
5316.068566955806,0.5862,841.3230484709244
5316.108577620936,0.5865,840.4625815219822
5316.158590952352,0.5648,906.2853980855133
5316.198601617492,0.59,830.5205851222854
5316.238612282635,0.5784,864.1672956571327
5316.288625614068,0.6102,776.4438719720362
5316.32863627922,0.5961,813.6098466282465
5316.368646944374,0.5622,914.6873422284403
5316.418660275824,0.5574,930.5086392967389
5316.458670940988,0.5507,953.2880886093942
5316.498681606156,0.5604,920.572704254599
5316.538692271329,0.623,744.8664428369326
5316.588705602799,0.5737,878.3845391396067
5316.628716267979,0.5611,918.2772211501212
5316.668726933163,0.5776,866.5627644971851
5316.7187402646505,0.5338,1014.6053094180899
5316.758750929844,0.5838,848.2546080981634
5316.798761595042,0.6132,768.865170529644
5316.848774926545,0.6079,782.3303542837245
5316.888785591751,0.5825,852.0450273547261
5316.9287962569615,0.5668,899.9008895898883
5316.97880958848,0.5888,833.9093031531961
5317.018820253698,0.5531,945.0330768258165
5317.0588309189225,0.5879,836.4644709309891
5317.09884158415,0.6117,772.640583032604
5317.148854915688,0.6445,695.9991442842926
5317.188865580925,0.5457,970.8371741417066
5317.228876246165,0.515,1090.0332659471562
5317.27888957772,0.5334,1016.1275948853346
5317.318900242969,0.5666,900.5362994914126
5317.358910908221,0.6197,752.8206143711158
5317.408924239794,0.5513,951.2142247701548
5317.4489349050555,0.6045,791.1554961401357
5317.488945570321,0.5331,1017.2715584179348
5317.538958901909,0.5812,855.8609096808132
5317.578969567184,0.6139,767.11277470308
5317.618980232462,0.5192,1072.469268098203
5317.658990897744,0.5643,907.892141483197
5317.709004229351,0.5444,975.4793229458008
5317.749014894644,0.606,787.2437385114481
5317.789025559938,0.5503,954.674434698847
5317.839038891562,0.5761,871.0811956591552
5317.8790495568655,0.5953,815.7980681421927
5317.919060222173,0.6174,758.4400175225566
5317.969073553813,0.6178,757.458219838685
5318.00908421913,0.582,853.5096485932619
5318.049094884452,0.5473,965.1691087313933
5318.089105549776,0.5688,893.5836096404148
5318.139118881437,0.5705,888.2660771105999
5318.179129546771,0.574,877.4666086866548
5318.219140212108,0.5972,810.6153888282556
5318.269153543785,0.6137,767.6128473915765
5318.309164209131,0.6128,769.8692369136453
5318.349174874481,0.6038,792.9909679886022
5318.399188206176,0.5905,829.114712874488
5318.439198871534,0.5919,825.1972069149367
5318.4792095368975,0.5976,809.5305926528923
5318.529222868608,0.5879,836.4644709309891
5318.569233533979,0.5687,893.8978915471496
5318.609244199355,0.6008,800.9300773009674
5318.649254864734,0.6051,789.5873018986229
5318.699268196465,0.6131,769.1160028960919
5318.739278861854,0.5865,840.4625815219822
5318.779289527245,0.5714,885.4701076235332
5318.829302858992,0.5647,906.6064053593798
5318.869313524393,0.5733,879.6106887114819
5318.909324189797,0.6059,787.5036188229935
5318.95933752156,0.5248,1049.7033637904747
5318.999348186974,0.6007,801.1967646357931
5319.039358852393,0.6182,756.4783273216167
5319.079369517815,0.5792,861.7817459192861
5319.129382849597,0.5956,814.9764517121083
5319.169393515029,0.5739,877.7724255631703
5319.209404180464,0.5618,915.9903131651818
5319.259417512262,0.5927,822.9710853442174
5319.299428177705,0.5497,956.7596310862313
5319.3394388431525,0.5533,944.3500039394598
5319.389452174968,0.5913,826.8727309722584
5319.429462840423,0.5384,997.3421667535983
5319.469473505886,0.508,1120.2804633351318
5319.519486837716,0.5409,988.1442049273115
5319.5594975031845,0.5744,876.244937993695
5319.599508168658,0.5899,830.8021886388194
5319.639518834135,0.6258,738.2158934855183
5319.689532165988,0.5978,808.989010972982
5319.729542831474,0.613,769.3669580288118
5319.769553496963,0.5672,898.6320856537616
5319.81956682883,0.5132,1097.693035670303
5319.85957749433,0.5658,903.0846808332417
5319.899588159833,0.5977,809.259733854835
5319.949601491716,0.5434,979.0729007696224
5319.989612157227,0.5677,897.0498507226079
5320.029622822743,0.5424,982.6863728569127
5320.079636154643,0.564,908.8582393465673
5320.119646820166,0.5829,850.8760430078672
5320.159657485696,0.5497,956.7596310862313
5320.199668151226,0.5513,951.2142247701548
5320.249681483148,0.5588,925.8519539618302
5320.28969214869,0.5618,915.9903131651818
5320.329702814234,0.533,1017.653308916373
5320.379716146169,0.5835,849.1270720713545
5320.419726811724,0.5688,893.5836096404148
5320.459737477282,0.5658,903.0846808332417
5320.509750809235,0.6094,778.4837859621957
5320.5497614748,0.5514,950.8692388269075
5320.589772140371,0.5389,995.4923288563936
5320.629782805946,0.5718,884.2316902091655
5320.679796137919,0.5536,943.3267823818184
5320.719806803501,0.551,952.2503098322956
5320.7598174690875,0.557,931.845574423404
5320.8098308010785,0.5873,838.1744460472299
5320.849841466674,0.5502,955.0214937523848
5320.889852132274,0.5673,898.3153039511918
5320.939865464279,0.5762,870.7788686561303
5320.979876129888,0.5699,890.1374203792418
5321.0198867955005,0.6293,730.0272188886959
5321.0699001275225,0.6242,742.0052473345843
5321.109910793144,0.5914,826.5931227798428
5321.149921458769,0.5858,842.4723948011446
5321.189932124399,0.5866,840.1760525378279
5321.239945456441,0.5828,851.1680634545913
5321.27995612208,0.5213,1063.8460384079606
5321.319966787722,0.5559,935.537038483006
5321.36998011978,0.5722,882.995869052762
5321.409990785431,0.598,808.4479725942798
5321.450001451086,0.5303,1028.0423473235555
5321.50001478316,0.5826,851.7525555247356
5321.540025448824,0.5699,890.1374203792418
5321.580036114492,0.5645,907.2489317736907
5321.630049446581,0.565,905.6438948004754
5321.6700601122575,0.5835,849.1270720713545
5321.710070777937,0.5247,1050.1035167890425
5321.750081443623,0.5466,967.6427631470418
5321.800094775733,0.591,827.7124073147276
5321.840105441426,0.6026,796.1523853888858
5321.880116107124,0.5755,872.8984684920326
5321.930129439251,0.5543,940.9457229971057
5321.970140104956,0.5033,1141.3012952627635
5322.010150770666,0.5578,929.1745792937329
5322.06016410281,0.6112,773.9052351139741
5322.100174768528,0.5977,809.259733854835
5322.14018543425,0.5548,939.2504814212201
5322.180196099977,0.5713,885.7801184947057
5322.230209432141,0.6187,755.2561333130311
5322.270220097876,0.5787,863.271555056255
5322.3102307636145,0.501,1151.8043417639221
5322.360244095795,0.5974,810.0727183616855
5322.400254761545,0.5983,807.6374321271948
5322.440265427295,0.6232,744.3884288926855
5322.490278759492,0.6104,775.9351462853406
5322.530289425252,0.5257,1046.1122565411426
5322.570300091017,0.5414,986.3198863269058
5322.620313423227,0.5811,856.1555003117027
5322.660324089002,0.5621,915.0128241989344
5322.700334754781,0.5401,991.0736600528377
5322.740345420561,0.5644,907.570451156009
5322.790358752794,0.5282,1036.233094939221
5322.830369418583,0.5612,917.9499959999262
5322.87038008438,0.5878,836.7491031867839
5322.920393416625,0.5581,928.1759161345013
5322.96040408243,0.5193,1072.0562644616814
5323.000414748238,0.5611,918.2772211501212
5323.050428080501,0.5385,996.9717869165338
5323.090438746317,0.5599,922.2176088839502
5323.130449412136,0.5965,812.5190359808184
5323.17046007796,0.5822,852.9233472656576
5323.220473410246,0.5699,890.1374203792418
5323.260484076078,0.5861,841.6101644530995
5323.300494741914,0.5757,872.2920795193461
5323.350508074215,0.5076,1122.0467669717711
5323.390518740061,0.5775,866.8628982775407
5323.4305294059095,0.5663,901.4906769309755
5323.480542738227,0.5839,847.9640855708013
5323.520553404084,0.5802,858.8136742062403
5323.560564069947,0.5932,821.5843306851584
5323.61057740228,0.5775,866.8628982775407
5323.650588068152,0.5852,844.2008353544602
5323.690598734026,0.5648,906.2853980855133
5323.730609399905,0.5291,1032.710831320257
5323.780622732259,0.5688,893.5836096404148
5323.820633398144,0.5712,886.0902922006809
5323.860644064037,0.5804,858.221900101657
5323.910657396405,0.6072,784.13518303426
5323.950668062306,0.5679,896.4181266073981
5323.99067872821,0.549,959.2010062757732
5324.0406920605965,0.566,902.4465723313008
5324.08070272651,0.532,1021.4826616739743
5324.120713392426,0.5904,829.395601602356
5324.170726724827,0.5859,842.1848375177999
5324.210737390753,0.6464,691.9135847722836
5324.250748056683,0.649,686.3808603805435
5324.290758722616,0.6002,802.53220140585
5324.340772055038,0.5835,849.1270720713545
5324.38078272098,0.5097,1112.8200079007167
5324.420793386927,0.5245,1050.9045095244628
5324.470806719366,0.5733,879.6106887114819
5324.5108173853205,0.5506,953.6343918876548
5324.5508280512795,0.5702,889.2010103172494
5324.6008413837335,0.5574,930.5086392967389
5324.640852049701,0.5503,954.674434698847
5324.680862715673,0.5329,1018.0352743438405
5324.72087338165,0.5103,1110.2046907588485
5324.770886714125,0.5504,954.3275647951424
5324.810897380109,0.5947,817.4450327883667
5324.850908046098,0.6265,736.5671732500487
5324.9009213785885,0.539,995.1229788986755
5324.940932044586,0.5398,992.1755650805592
5324.9809427105865,0.5386,996.6016133613656
5325.030956043093,0.5274,1039.3791458920552
5325.070966709104,0.5717,884.5410508797304
5325.110977375117,0.6327,722.2022796940374
5325.160990707641,0.6189,754.7680849166017
5325.201001373662,0.5485,960.9505713600305
5325.24101203969,0.5353,1008.9270997828884
5325.281022705721,0.557,931.845574423404
5325.331036038264,0.5148,1090.8803855174053
5325.371046704303,0.6285,731.8868610117088
5325.411057370347,0.5525,947.086748148104
5325.461070702905,0.5576,929.841250420356
5325.501081368958,0.5424,982.6863728569127
5325.541092035014,0.525,1048.903743659714
5325.591105367589,0.5408,988.5096759838539
5325.631116033654,0.5517,949.8354063229852
5325.671126699723,0.5489,959.5505368399215
5325.711137365795,0.5577,929.5078252026706
5325.76115069839,0.537,1002.5492301783919
5325.801161364473,0.5375,1000.6848933137566
5325.8411720305585,0.5887,834.1926320856663
5325.89118536317,0.5663,901.4906769309755
5325.931196029264,0.5974,810.0727183616855
5325.9712066953625,0.5658,903.0846808332417
5326.021220027991,0.5305,1027.2673451574876
5326.061230694098,0.6027,795.8882124949679
5326.101241360209,0.4576,1380.6448174453774
5326.151254692853,0.5294,1031.5407335411048
5326.1912653589725,0.5937,820.201078219877
5326.231276025097,0.5765,869.8728314068702
5326.271286691223,0.6078,782.5878052295855
5326.321300023888,0.5975,809.8015874581513
5326.361310690025,0.5726,881.76263690222
5326.401321356165,0.5335,1015.7467024923076
5326.451334688846,0.5509,952.5960477185802
5326.491345354995,0.5464,968.3512683342818
5326.531356021149,0.5467,967.2888021099142
5326.581369353845,0.5235,1054.923253468954
5326.621380020007,0.5397,992.5432751585782
5326.661390686172,0.5999,803.3350667461971
5326.7114040188835,0.5849,845.0670510050529
5326.75141468506,0.5944,818.270386028729
5326.791425351238,0.4935,1187.0795479941883
5326.831436017419,0.5445,975.1210537241044
5326.881449350152,0.6167,760.1627626507766
5326.921460016343,0.609,779.5067589231495
5326.961470682539,0.5869,839.3173441826867
5327.011484015288,0.6024,796.681125911282
5327.051494681492,0.6054,788.8049526793899
5327.091505347699,0.573,880.5319865307403
5327.141518680464,0.6146,765.3663631413497
5327.181529346682,0.574,877.4666086866548
5327.221540012902,0.6477,689.13889404359
5327.261550679125,0.5479,963.0563752937616
5327.311564011912,0.6331,721.2899776984669
5327.351574678145,0.585,844.778164379842
5327.391585344383,0.6017,798.5358716402966
5327.441598677185,0.5807,857.3353851336137
5327.48160934343,0.5962,813.3369381246445
5327.52162000968,0.5914,826.5931227798428
5327.571633342499,0.5544,940.6063077141164
5327.611644008757,0.5384,997.3421667535983
5327.65165467502,0.4984,1163.8528828626847
5327.701668007853,0.5084,1118.51832713805
5327.741678674123,0.5725,882.070702616203
5327.7816893404,0.5775,866.8628982775407
5327.821700006678,0.6384,709.3634039581964
5327.871713339532,0.6275,734.2214231458377
5327.91172400582,0.5738,878.0784023436545
5327.951734672111,0.5365,1004.4187819600862
5328.001748004984,0.5995,804.4074293517499
5328.041758671283,0.5775,866.8628982775407
5328.081769337588,0.605,789.8483436347323
5328.1317826704735,0.5789,862.6751681558546
5328.171793336787,0.5675,897.6822428564734
5328.211804003104,0.5752,873.8092382245923
5328.2518146694265,0.5531,945.0330768258165
5328.3018280023325,0.5556,936.5476086002188
5328.341838668663,0.5755,872.8984684920326
5328.381849334995,0.6163,761.1498250741096
5328.43186266792,0.5636,910.1487704246412
5328.471873334262,0.578,865.3637867565812
5328.511884000608,0.6482,688.0761479123739
5328.561897333548,0.616,761.8913841005054
5328.601907999902,0.5966,812.2466760818915
5328.641918666262,0.5619,915.6643095435448
5328.691931999217,0.6101,776.6984224495395
5328.731942665585,0.5518,949.4911701438269
5328.771953331957,0.6098,777.4628254034792
5328.811963998332,0.5679,896.4181266073981
5328.8619773313085,0.6029,795.3602610052694
5328.901987997693,0.6706,642.8764299053668
5328.941998664082,0.5796,860.5926736088803
5328.992011997072,0.5822,852.9233472656576
5329.032022663471,0.6173,758.6857652046328
5329.072033329872,0.5394,993.6476327194207
5329.122046662879,0.5818,854.0965546658855
5329.1620573292885,0.6475,689.564682003514
5329.202067995704,0.5637,909.8258800835991
5329.2520813287265,0.5891,833.0601818968005
5329.292091995149,0.5671,898.9490349506214
5329.332102661576,0.5349,1010.4366192470118
5329.372113328006,0.573,880.5319865307403
5329.422126661049,0.5678,896.7339052214935
5329.4621373274895,0.5995,804.4074293517499
5329.502147993934,0.6051,789.5873018986229
5329.552161326992,0.5403,990.3400761948484
5329.592171993444,0.5628,912.738092451234
5329.6321826599005,0.551,952.2503098322956
5329.682195992976,0.5108,1108.0322961743132
5329.722206659441,0.5952,816.0722164045283
5329.76221732591,0.5085,1118.078442714925
5329.8022279923825,0.5496,957.107827931717
5329.852241325479,0.6262,737.2730906251375
5329.892251991961,0.6057,788.0237656505963
5329.932262658444,0.5724,882.3789298040251
5329.982275991559,0.562,915.3384799294006
5330.022286658053,0.5357,1007.4209604636427
5330.06229732455,0.5098,1112.3834803673017
5330.112310657677,0.5104,1109.769701041871
5330.152321324185,0.624,742.48096718647
5330.192331990696,0.659,665.707959345291
5330.24234532384,0.5696,891.0753104087428
5330.28235599036,0.6276,733.9874646502768
5330.322366656882,0.5378,999.5687862904765
5330.36237732341,0.4524,1412.5661156265442
5330.412390656576,0.4734,1290.0233008687312
5330.452401323111,0.5807,857.3353851336137
5330.4924119896505,0.5563,934.192154046051
5330.542425322832,0.5568,932.5151227406278
5330.58243598938,0.5525,947.086748148104
5330.622446655933,0.5749,874.7214341272412
5330.672459989129,0.5647,906.6064053593798
5330.7124706556915,0.585,844.778164379842
5330.752481322257,0.5514,950.8692388269075
5330.7924919888255,0.551,952.2503098322956
5330.842505322043,0.575,874.4172101792738
5330.882515988621,0.5626,913.3871494759253
5330.922526655202,0.6034,794.0426782886432
5330.9725399884355,0.5242,1052.1077180940194
5331.012550655026,0.6112,773.9052351139741
5331.052561321621,0.6225,746.0634940633661
5331.102574654869,0.6152,763.8741812970206
5331.142585321473,0.5308,1026.106484065083
5331.182595988082,0.5526,946.7440049917923
5331.232609321346,0.5212,1064.2543062722139
5331.272619987962,0.5244,1051.3053496105772
5331.312630654583,0.5544,940.6063077141164
5331.352641321206,0.4793,1258.4594507006973
5331.402654654492,0.5094,1114.1311333513215
5331.442665321125,0.5501,955.3687420933069
5331.4826759877615,0.5392,994.3848953834057
5331.532689321062,0.5351,1009.6814363650979
5331.572699987708,0.5679,896.4181266073981
5331.612710654358,0.6162,761.3968910758081
5331.662723987674,0.5559,935.537038483006
5331.702734654334,0.5626,913.3871494759253
5331.742745320995,0.5686,894.2123392869777
5331.792758654328,0.5492,958.5025178517768
5331.8327693209985,0.5454,971.9054936137012
5331.872779987673,0.6147,765.1173626978928
5331.912790654351,0.5823,852.6304231216357
5331.962803987704,0.5688,893.5836096404148
5332.002814654393,0.5994,804.6758555072929
5332.042825321084,0.6188,755.012049962311
5332.092838654454,0.5972,810.6153888282556
5332.132849321153,0.5738,878.0784023436545
5332.172859987857,0.5543,940.9457229971057
5332.222873321242,0.5786,863.5699804495599
5332.262883987955,0.5302,1028.4301773335642
5332.302894654672,0.5427,981.6002336056798
5332.342905321393,0.5932,821.5843306851584
5332.3929186548,0.5529,945.7168911068417
5332.43292932153,0.5274,1039.3791458920552
5332.472939988263,0.5623,914.3620338943231
5332.522953321684,0.5748,875.0258168695099
5332.562963988426,0.533,1017.653308916373
5332.602974655172,0.5554,937.2222319689786
5332.65298798861,0.5476,964.1118739261865
5332.692998655365,0.5777,866.2627865627442
5332.7330093221235,0.5196,1070.8186839566488
5332.783022655576,0.5106,1108.9004882081576
5332.823033322345,0.6027,795.8882124949679
5332.863043989116,0.6005,801.7305390581657
5332.903054655891,0.5501,955.3687420933069
5332.953067989365,0.5436,978.3525983477862
5332.993078656149,0.6243,741.7675588412288
5333.033089322936,0.5829,850.8760430078672
5333.083102656427,0.5551,938.2355345814976
5333.123113323225,0.5178,1078.2764671998996
5333.163123990024,0.5669,899.5834368002857
5333.21313732353,0.5863,841.0360793884629
5333.253147990339,0.5631,911.7658033357058
5333.293158657153,0.5591,924.8586412410796
5333.33316932397,0.6356,715.627058208842
5333.383182657495,0.5801,859.1097908124791
5333.423193324321,0.5647,906.6064053593798
5333.463203991152,0.5592,924.5278922093041
5333.513217324694,0.5844,846.5137093114757
5333.553227991533,0.5597,922.8768054039314
5333.5932386583745,0.5194,1071.643499348311
5333.6432519919335,0.5844,846.5137093114757
5333.683262658785,0.604,792.4658962232834
5333.723273325641,0.5894,832.2123568964784
5333.773286659215,0.5634,910.7950669813674
5333.813297326079,0.5187,1074.537870567801
5333.853307992946,0.5334,1016.1275948853346
5333.893318659817,0.5544,940.6063077141164
5333.943331993413,0.5123,1101.5532331490704
5333.983342660294,0.5242,1052.1077180940194
5334.023353327178,0.5644,907.570451156009
5334.073366660789,0.5369,1002.9227227197055
5334.113377327682,0.5612,917.9499959999262
5334.153387994578,0.5803,858.5177106711278
5334.203401328205,0.5659,902.7655420124664
5334.24341199511,0.556,935.2005452365526
5334.283422662022,0.632,723.8029783100167
5334.333435995663,0.5532,944.6914477753112
5334.373446662582,0.5641,908.5360354571097
5334.413457329504,0.5678,896.7339052214935
5334.453467996431,0.5613,917.6229457270254
5334.5034813300945,0.599,805.7509048352673
5334.543491997028,0.6195,753.3067747710862
5334.583502663967,0.5442,976.1964539858154
5334.633515997646,0.6081,781.8158333716397
5334.673526664594,0.5328,1018.4174548617103
5334.713537331544,0.5823,852.6304231216357
5334.76355066524,0.5923,824.0830186008885
5334.8035613322,0.6124,770.875271408593
5334.843571999163,0.6023,796.9456937145474
5334.883582666132,0.5619,915.6643095435448
5334.933595999848,0.5391,994.7538344584949
5334.973606666824,0.5152,1089.187132735786
5335.013617333805,0.5562,934.5281031485418
5335.063630667537,0.621,749.6720125785359
5335.103641334526,0.5758,871.989121958122
5335.1436520015195,0.5701,889.5129827560232
5335.193665335267,0.6053,789.0656065064129
5335.233676002269,0.5591,924.8586412410796
5335.273686669275,0.5154,1088.341984352576
5335.323700003038,0.5081,1119.839539101002
5335.363710670053,0.5485,960.9505713600305
5335.403721337072,0.5592,924.5278922093041
5335.443732004094,0.5622,914.6873422284403
5335.493745337879,0.5809,856.745138053332
5335.53375600491,0.589,833.3430781567247
5335.573766671945,0.6402,705.3800952324849
5335.623780005744,0.5708,887.3326176553029
5335.663790672787,0.5692,892.3281380141717
5335.703801339836,0.5597,922.8768054039314
5335.753814673651,0.5749,874.7214341272412
5335.793825340707,0.5653,904.6829162212146
5335.833836007768,0.5761,871.0811956591552
5335.883849341599,0.5767,869.2695919497598
5335.923860008669,0.5868,839.6034339679923
5335.963870675741,0.6175,758.1943892222054
5336.003881342819,0.5854,843.6240979547152
5336.05389467667,0.6036,793.5165617796466
5336.093905343756,0.5947,817.4450327883667
5336.1339160108455,0.5691,892.6417577533958
5336.183929344715,0.5872,838.4599516292591
5336.2239400118115,0.6002,802.53220140585
5336.263950678914,0.5554,937.2222319689786
5336.313964012797,0.535,1010.0589219394948
5336.35397467991,0.5738,878.0784023436545
5336.393985347024,0.5992,805.2131110505792
5336.433996014143,0.6234,743.910874945065
5336.484009348047,0.5821,853.2164223882753
5336.524020015175,0.6248,740.5808277743513
5336.564030682306,0.5696,891.0753104087428
5336.614044016226,0.5283,1035.8408431650566
5336.654054683367,0.5614,917.2960702068292
5336.694065350511,0.5349,1010.4366192470118
5336.744078684446,0.4987,1162.4530426969004
5336.7840893515995,0.517,1081.6160683907385
5336.824100018755,0.576,871.3836801375554
5336.874113352708,0.6066,785.6871547273503
5336.914124019874,0.5191,1072.8825104416908
5336.954134687042,0.5656,903.7234663721557
5336.994145354217,0.5868,839.6034339679923
5337.044158688189,0.5561,934.8642335019064
5337.084169355371,0.5006,1153.6457516058965
5337.124180022557,0.5291,1032.710831320257
5337.1741933565445,0.6267,736.0971247628914
5337.214204023738,0.5837,848.5452799557885
5337.254214690937,0.57,889.8251194049326
5337.304228024941,0.578,865.3637867565812
5337.344238692149,0.58,859.4060605954186
5337.384249359359,0.5351,1009.6814363650979
5337.424260026575,0.5578,929.1745792937329
5337.4742733606,0.5807,857.3353851336137
5337.514284027823,0.5923,824.0830186008885
5337.554294695052,0.5535,943.6676713763937
5337.604308029092,0.5853,843.9123927519214
5337.644318696328,0.648,688.5009511656647
5337.6843293635675,0.6214,748.7071853856321
5337.734342697624,0.5414,986.3198863269058
5337.774353364873,0.58,859.4060605954186
5337.814364032127,0.5548,939.2504814212201
5337.8643773662,0.4984,1163.8528828626847
5337.90438803346,0.5723,882.6873185785554
5337.944398700726,0.6063,786.4648689668426
5337.984409367997,0.5607,919.5878730195249
5338.034422702088,0.5822,852.9233472656576
5338.074433369367,0.5531,945.0330768258165
5338.114444036649,0.6052,789.3263895510153
5338.164457370757,0.6341,719.0167712924612
5338.204468038048,0.6241,742.243050091914
5338.244478705343,0.6426,700.1209970794974
5338.2944920394675,0.5667,900.218510447377
5338.334502706772,0.5422,983.4114675085956
5338.374513374078,0.5427,981.6002336056798
5338.424526708218,0.5276,1038.5912913239927
5338.464537375533,0.533,1017.653308916373
5338.504548042854,0.5542,941.2853220288995
5338.5445587101785,0.598,808.4479725942798
5338.594572044338,0.5381,998.4545454898632
5338.634582711671,0.6109,774.665517312568
5338.674593379007,0.5253,1047.7060255187653
5338.724606713184,0.538,998.8257519889183
5338.764617380529,0.5636,910.1487704246412
5338.804628047878,0.5434,979.0729007696224
5338.8546413820695,0.5758,871.989121958122
5338.894652049428,0.5526,946.7440049917923
5338.93466271679,0.555,938.5736673272595
5338.974673384156,0.4644,1340.5085991244164
5339.024686718369,0.5937,820.201078219877
5339.064697385743,0.6335,720.3794032719695
5339.104708053122,0.6664,651.0054382695965
5339.154721387351,0.6119,772.1355900261239
5339.194732054737,0.5296,1030.7617728090972
5339.2347427221275,0.5645,907.2489317736907
5339.284756056372,0.611,774.4119654774103
5339.324766723772,0.5384,997.3421667535983
5339.364777391176,0.6213,748.948217490381
5339.414790725436,0.6012,799.8646584025433
5339.454801392848,0.5739,877.7724255631703
5339.494812060264,0.5992,805.2131110505792
5339.534822727685,0.5648,906.2853980855133
5339.584836061965,0.5749,874.7214341272412
5339.624846729394,0.5685,894.5269529765903
5339.664857396828,0.5631,911.7658033357058
5339.714870731123,0.6,803.0673111517001
5339.754881398565,0.619,754.52423809946
5339.79489206601,0.6173,758.6857652046328
5339.844905400322,0.546,969.7706151488244
5339.8849160677755,0.6077,782.8453832801216
5339.924926735234,0.5547,939.5891630331851
5339.964937402695,0.5909,827.9925836709962
5340.014950737029,0.5469,966.5814624379425
5340.0549614044985,0.5372,1001.8028707296373
5340.094972071974,0.5894,832.2123568964784
5340.144985406322,0.5571,931.5110706472582
5340.184996073806,0.4954,1177.9914516787394
5340.225006741292,0.6501,684.06005120324
5340.275020075657,0.6726,639.0588880142762
5340.315030743153,0.6389,708.253551520595
5340.355041410653,0.5546,939.9280278645157
5340.405054745032,0.5843,846.8034867198543
5340.445065412541,0.5566,933.1853929415009
5340.485076080055,0.5819,853.8030259844811
5340.52508674757,0.5916,826.0343317018069
5340.575100081971,0.5549,938.9119828965594
5340.615110749494,0.5612,917.9499959999262
5340.655121417025,0.5277,1038.197699921229
5340.705134751441,0.471,1303.203501954943
5340.745145418979,0.5913,826.8727309722584
5340.785156086519,0.6145,765.6154851569615
5340.835169420952,0.6455,693.8443528004103
5340.875180088501,0.5556,936.5476086002188
5340.915190756056,0.5603,920.9013329217227
5340.965204090504,0.5832,850.0008827835214
5341.005214758068,0.5601,921.5591183925106
5341.045225425634,0.5993,804.9444160436644
5341.085236093204,0.5534,944.0087451844009
5341.1352494276725,0.5085,1118.078442714925
5341.175260095251,0.5089,1116.3214974014788
5341.215270762835,0.559,925.1895677923665
5341.265284097319,0.5475,964.4640924319102
5341.30529476491,0.511,1107.1651233425318
5341.345305432506,0.463,1348.6275854517014
5341.395318767007,0.4704,1306.53011382406
5341.435329434612,0.5464,968.3512683342818
5341.47534010222,0.5694,891.701394173166
5341.515350769832,0.5243,1051.7064190754134
5341.565364104353,0.5596,923.2066687400835
5341.605374771973,0.5858,842.4723948011446
5341.6453854395995,0.682,621.5640299838967
5341.695398774134,0.5537,942.9860780671753
5341.735409441768,0.5794,861.1869019274736
5341.775420109407,0.5487,960.2501713684544
5341.825433443958,0.565,905.6438948004754
5341.865444111604,0.6357,715.40193011505
5341.905454779255,0.6275,734.2214231458377
5341.955468113823,0.5854,843.6240979547152
5341.995478781482,0.6246,741.0551782133681
5342.035489449145,0.6057,788.0237656505963
5342.07550011681,0.5587,926.1834138344685
5342.1255134513995,0.6125,770.6235779932622
5342.165524119074,0.5586,926.5150517355426
5342.205534786754,0.5611,918.2772211501212
5342.255548121358,0.6369,712.7086588754692
5342.295558789046,0.6446,695.7832137606149
5342.335569456738,0.6089,779.7628172210473
5342.385582791357,0.599,805.7509048352673
5342.425593459058,0.5767,869.2695919497598
5342.465604126761,0.5241,1052.50924684161
5342.505614794471,0.5875,837.6038721906413
5342.555628129111,0.6395,706.9251633580468
5342.595638796827,0.5615,916.9693693148593
5342.635649464548,0.6219,747.5037684267336
5342.685662799205,0.6486,687.227720018474
5342.7256734669345,0.611,774.4119654774103
5342.765684134667,0.5377,999.9406144011457
5342.815697469339,0.4896,1206.0666383427674
5342.855708137082,0.5078,1121.1630934027423
5342.895718804827,0.584,847.6737122714302
5342.945732139517,0.6159,762.1388112798326
5342.98574280727,0.5133,1097.2653777811572
5343.025753475029,0.4798,1255.8379394257734
5343.0657641427915,0.5455,971.549191275167
5343.1157774775,0.5376,1000.3126500240918
5343.155788145271,0.556,935.2005452365526
5343.195798813046,0.564,908.8582393465673
5343.245812147771,0.5662,901.8091399098984
5343.285822815554,0.5505,953.9808839038454
5343.325833483342,0.569,892.9555428599733
5343.375846818082,0.5957,814.7028553787508
5343.415857485878,0.5596,923.2066687400835
5343.455868153678,0.493,1189.488633399876
5343.505881488435,0.5121,1102.4138198988185
5343.545892156243,0.539,995.1229788986755
5343.585902824056,0.5556,936.5476086002188
5343.625913491873,0.5249,1049.3034394721037
5343.675926826648,0.6185,755.7446552355829
5343.715937494474,0.6325,722.6590798962142
5343.755948162304,0.5947,817.4450327883667
5343.805961497093,0.5397,992.5432751585782
5343.845972164932,0.5187,1074.537870567801
5343.885982832774,0.5335,1015.7467024923076
5343.935996167583,0.5875,837.6038721906413
5343.976006835432,0.6479,688.7135003311564
5344.016017503287,0.5801,859.1097908124791
5344.056028171147,0.6207,750.3968574039867
5344.106041505975,0.5602,921.230137592458
5344.146052173841,0.5518,949.4911701438269
5344.186062841712,0.5949,816.8954908483091
5344.236076176556,0.6514,681.3324204470346
5344.276086844437,0.5612,917.9499959999262
5344.316097512319,0.5596,923.2066687400835
5344.36611084718,0.5548,939.2504814212201
5344.406121515071,0.5199,1069.58324520758
5344.446132182967,0.543,980.5158940845888
5344.496145517844,0.5816,854.6840663155068
5344.536156185748,0.5554,937.2222319689786
5344.576166853657,0.553,945.3748912249587
5344.61617752157,0.5212,1064.2543062722139
5344.666190856465,0.6276,733.9874646502768
5344.7062015243855,0.524,1052.9110054935672
5344.746212192312,0.5964,812.7915328929626
5344.796225527223,0.58,859.4060605954186
5344.836236195157,0.5719,883.9224918045992
5344.876246863094,0.5642,908.2140028764599
5344.926260198021,0.5497,956.7596310862313
5344.966270865968,0.5273,1039.7734093971208
5345.006281533919,0.4996,1158.2686419471977
5345.046292201873,0.5281,1036.6255695621835
5345.096305536821,0.6357,715.40193011505
5345.136316204782,0.6289,730.9561528589721
5345.176326872748,0.5646,906.9275832151445
5345.226340207713,0.5517,949.8354063229852
5345.266350875689,0.5871,838.7456031128776
5345.306361543669,0.5998,803.6029562740723
5345.356374878647,0.5895,831.9300361639516
5345.3963855466345,0.6002,802.53220140585
5345.436396214626,0.6021,797.4752248427224
5345.486409549623,0.5804,858.221900101657
5345.526420217623,0.5791,862.0793990584727
5345.566430885628,0.596,813.8828925131941
5345.606441553635,0.5635,910.4718326832079
5345.656454888652,0.5476,964.1118739261865
5345.696465556669,0.5689,893.2694934501849
5345.73647622469,0.4824,1242.3372233635284
5345.786489559722,0.5436,978.3525983477862
5345.82650022775,0.5795,860.8897108621433
5345.866510895785,0.6602,663.2901394830026
5345.916524230832,0.6235,743.6722702855706
5345.956534898874,0.5727,881.4547325493054
5345.99654556692,0.5613,917.6229457270254
5346.046558901983,0.5698,890.4498857943179
5346.086569570037,0.5925,823.5267704709485
5346.126580238095,0.5817,854.390234741517
5346.166590906158,0.5106,1108.9004882081576
5346.216604241241,0.5521,948.4595836731199
5346.256614909313,0.5397,992.5432751585782
5346.296625577387,0.5955,815.2501858887127
5346.346638912486,0.6028,795.6241710628333
5346.386649580569,0.587,839.0314005975151
5346.426660248657,0.5175,1079.5270027665938
5346.476673583773,0.5561,934.8642335019064
5346.516684251868,0.5854,843.6240979547152
5346.556694919968,0.5883,835.3273930001004
5346.596705588072,0.5556,936.5476086002188
5346.646718923207,0.5461,969.4154860336092
5346.686729591321,0.5677,897.0498507226079
5346.726740259437,0.5575,930.1748550754526
5346.776753594589,0.5631,911.7658033357058
5346.816764262713,0.608,782.0730303589246
5346.856774930842,0.5293,1031.9305450764014
5346.90678826601,0.5639,909.1806146663596
5346.9467989341465,0.5539,942.3052229442917
5346.986809602288,0.5315,1023.4054485217677
5347.026820270434,0.5777,866.2627865627442
5347.076833605622,0.6001,802.799689401315
5347.116844273775,0.582,853.5096485932619
5347.1568549419335,0.5449,973.689948776789
5347.206868277138,0.5374,1001.0573444247254
5347.246878945305,0.5853,843.9123927519214
5347.286889613474,0.6198,752.5777106379697
5347.336902948692,0.5772,867.7642357742964
5347.376913616873,0.5245,1050.9045095244628
5347.416924285055,0.5123,1101.5532331490704
5347.466937620289,0.5186,1074.9523092095471
5347.506948288482,0.5788,862.9732843273061
5347.546958956678,0.6111,774.1585381050282
5347.586969624877,0.5507,953.2880886093942
5347.636982960133,0.5667,900.218510447377
5347.67699362834,0.5776,866.5627644971851
5347.717004296553,0.6093,778.7393403332908
5347.7670176318225,0.6188,755.012049962311
5347.807028300043,0.6288,731.1886633911978
5347.847038968268,0.5989,806.0200037928441
5347.897052303555,0.5455,971.549191275167
5347.93706297179,0.5481,962.3536722025697
5347.977073640025,0.556,935.2005452365526
5348.027086975327,0.4968,1171.3615765300285
5348.067097643573,0.5717,884.5410508797304
5348.107108311823,0.6136,767.8630671262991
5348.147118980078,0.5555,936.8848292015006
5348.1971323154,0.603,795.0964822351367
5348.237142983661,0.633,721.5178910671789
5348.277153651928,0.4958,1176.0914696061323
5348.3271669872665,0.5661,902.1277716702432
5348.367177655542,0.5661,902.1277716702432
5348.407188323821,0.5436,978.3525983477862
5348.457201659175,0.5579,928.841512564995
5348.497212327461,0.5406,989.2412266319819
5348.537222995753,0.5045,1135.8783813616633
5348.587236331123,0.5219,1061.4013574818985
5348.627246999423,0.5644,907.570451156009
5348.667257667726,0.5556,936.5476086002188
5348.707268336035,0.5194,1071.643499348311
5348.7572816714255,0.5777,866.2627865627442
5348.797292339741,0.6366,713.3805490470355
5348.837303008061,0.5952,816.0722164045283
5348.887316343466,0.5845,846.2240806210392
5348.9273270117965,0.5173,1080.3619021286797
5348.967337680128,0.5485,960.9505713600305
5349.017351015551,0.4708,1304.3109595071132
5349.057361683891,0.4749,1281.886956678959
5349.097372352237,0.5454,971.9054936137012
5349.137383020586,0.5697,890.7625157656285
5349.187396356028,0.5787,863.271555056255
5349.227407024386,0.5912,827.1524810615109
5349.267417692748,0.5933,821.307400394369
5349.317431028207,0.6024,796.681125911282
5349.357441696577,0.5833,849.7094627374298
5349.39745236495,0.5271,1040.562609699946
5349.447465700425,0.5128,1099.4061698525593
5349.487476368807,0.5303,1028.0423473235555
5349.527487037194,0.5799,859.7024836607255
5349.567497705584,0.5201,1068.7608067996052
5349.617511041079,0.511,1107.1651233425318
5349.657521709478,0.572,883.6134555525691
5349.697532377881,0.5843,846.8034867198543
5349.7475457133905,0.5478,963.4080154978949
5349.7875563818025,0.5205,1067.1187732348485
5349.827567050218,0.5513,951.2142247701548
5349.877580385744,0.561,918.6046213023113
5349.917591054168,0.5591,924.8586412410796
5349.957601722596,0.5663,901.4906769309755
5350.007615058137,0.5523,947.7727930608077
5350.047625726574,0.5462,969.06055195462
5350.087636395016,0.553,945.3748912249587
5350.137649730571,0.5112,1106.2989681181334
5350.17766039902,0.5248,1049.7033637904747
5350.217671067474,0.5257,1046.1122565411426
5350.257681735933,0.6003,802.2648470761867
5350.307695071509,0.5796,860.5926736088803
5350.347705739974,0.5693,892.014683526121
5350.387716408445,0.5358,1007.0449525988851
5350.437729744037,0.5228,1057.7501059257897
5350.477740412514,0.4974,1168.5373238552181
5350.517751080999,0.5435,978.71265016113
5350.567764416606,0.5719,883.9224918045992
5350.607775085097,0.5591,924.8586412410796
5350.647785753593,0.5466,967.6427631470418
5350.68779642209,0.5369,1002.9227227197055
5350.73780975772,0.5341,1013.465839136078
5350.777820426227,0.5568,932.5151227406278
5350.817831094739,0.5625,913.7119376413864
5350.867844430383,0.5315,1023.4054485217677
5350.907855098903,0.5676,897.3659632283603
5350.947865767427,0.5697,890.7625157656285
5350.997879103087,0.5639,909.1806146663596
5351.03788977162,0.5369,1002.9227227197055
5351.0779004401575,0.4881,1213.490838503058
5351.117911108697,0.5489,959.5505368399215
5351.167924444378,0.5616,916.6428429267476
5351.207935112926,0.561,918.6046213023113
5351.247945781478,0.5397,992.5432751585782
5351.297959117174,0.5403,990.3400761948484
5351.337969785736,0.5676,897.3659632283603
5351.3779804543,0.5958,814.4293967961048
5351.427993790013,0.5822,852.9233472656576
5351.468004458587,0.5774,867.1631880117847
5351.508015127165,0.5786,863.5699804495599
5351.558028462892,0.5571,931.5110706472582
5351.598039131479,0.5654,904.3629299061682
5351.63804980007,0.6001,802.799689401315
5351.678060468664,0.5832,850.0008827835214
5351.728073804411,0.555,938.5736673272595
5351.768084473015,0.5902,829.9578074469775
5351.8080951416205,0.5943,818.5457815704233
5351.858108477384,0.5721,883.3045813397111
5351.898119145999,0.6672,649.4452124358237
5351.93812981462,0.5873,838.1744460472299
5351.988143150398,0.5948,817.1701925251707
5352.028153819027,0.547,966.2280835192084
5352.068164487659,0.6028,795.6241710628333
5352.108175156294,0.5209,1065.4805209713943
5352.158188492093,0.5435,978.71265016113
5352.198199160738,0.5969,811.4304175464016
5352.238209829386,0.5541,941.6251049421564
5352.288223165202,0.5992,805.2131110505792
5352.328233833858,0.6018,798.2705116538122
5352.368244502519,0.5529,945.7168911068417
5352.418257838351,0.5894,832.2123568964784
5352.458268507019,0.6023,796.9456937145474
5352.498279175692,0.5397,992.5432751585782
5352.548292511538,0.5177,1078.6930708410175
5352.5883031802205,0.529,1033.1013063631606
5352.628313848906,0.5188,1074.123671554756
5352.668324517596,0.5369,1002.9227227197055
5352.718337853462,0.5867,839.8896700531161
5352.758348522161,0.4809,1250.0993702819037
5352.798359190863,0.5278,1037.8043322130668
5352.848372526745,0.615,764.3710900098708
5352.888383195456,0.5962,813.3369381246445
5352.92839386417,0.5814,855.272184375535
5352.978407200069,0.5709,887.0217914685202
5353.018417868792,0.5724,882.3789298040251
5353.05842853752,0.5634,910.7950669813674
5353.108441873434,0.5551,938.2355345814976
5353.148452542169,0.5225,1058.9650935705931
5353.188463210909,0.4881,1213.490838503058
5353.2284738796525,0.5335,1015.7467024923076
5353.278487215586,0.5793,861.4842469110858
5353.31849788434,0.5905,829.114712874488
5353.358508553096,0.5888,833.9093031531961
5353.408521889046,0.5591,924.8586412410796
5353.44853255781,0.5381,998.4545454898632
5353.488543226578,0.5469,966.5814624379425
5353.538556562545,0.5485,960.9505713600305
5353.578567231321,0.5112,1106.2989681181334
5353.6185779001025,0.5089,1116.3214974014788
5353.658588568887,0.5442,976.1964539858154
5353.708601904874,0.5287,1034.274061185161
5353.748612573667,0.5879,836.4644709309891
5353.7886232424635,0.5183,1076.1970647566852
5353.838636578466,0.5956,814.9764517121083
5353.878647247272,0.5614,917.2960702068292
5353.918657916081,0.5788,862.9732843273061
5353.9686712521,0.565,905.6438948004754
5354.008681920918,0.531,1025.333669517437
5354.048692589741,0.5736,878.6908360626231
5354.098705925772,0.5713,885.7801184947057
5354.1387165946035,0.5863,841.0360793884629
5354.178727263439,0.5756,872.5951949940606
5354.218737932277,0.5517,949.8354063229852
5354.2687512683315,0.5635,910.4718326832079
5354.308761937179,0.5542,941.2853220288995
5354.34877260603,0.5619,915.6643095435448
5354.3987859420995,0.574,877.4666086866548
5354.438796610958,0.5665,900.8542568407601
5354.478807279823,0.568,896.1025147628064
5354.5288206159075,0.5699,890.1374203792418
5354.56883128478,0.5943,818.5457815704233
5354.608841953655,0.554,941.9650718696544
5354.658855289757,0.5455,971.549191275167
5354.69886595864,0.5459,970.125939443188
5354.73887662753,0.5602,921.230137592458
5354.778887296422,0.6204,751.1227539976607
5354.828900632544,0.5855,843.3359508618738
5354.868911301444,0.57,889.8251194049326
5354.908921970349,0.4598,1367.4645413584933
5354.958935306488,0.5146,1091.7284929802274
5354.9989459754,0.5725,882.070702616203
5355.038956644317,0.5511,951.9047601364792
5355.08896998047,0.5231,1056.5372080787329
5355.128980649397,0.5448,974.0474295122355
5355.168991318325,0.4814,1247.5039245480805
5355.209001987259,0.476,1275.9691272345856
5355.259015323432,0.6022,797.2103933291692
5355.299025992375,0.6151,764.1225750647731
5355.339036661321,0.5832,850.0008827835214
5355.38904999751,0.6006,801.4635851919433
5355.429060666464,0.5644,907.570451156009
5355.469071335422,0.5758,871.989121958122
5355.519084671627,0.564,908.8582393465673
5355.559095340594,0.5421,983.7743158232903
5355.599106009565,0.573,880.5319865307403
5355.649119345784,0.5726,881.76263690222
5355.689130014765,0.5764,870.174686639137
5355.7291406837485,0.5747,875.3303585166126
5355.769151352736,0.5224,1059.3705546815588
5355.819164688976,0.5572,931.1767469535738
5355.859175357972,0.559,925.1895677923665
5355.899186026973,0.5284,1035.44881407101
5355.949199363228,0.5676,897.3659632283603
5355.989210032238,0.559,925.1895677923665
5356.02922070125,0.5247,1050.1035167890425
5356.079234037522,0.5333,1016.5087015634106
5356.119244706542,0.532,1021.4826616739743
5356.159255375568,0.5055,1131.3887567558988
5356.199266044598,0.6022,797.2103933291692
5356.249279380888,0.6169,759.669951298655
5356.289290049926,0.5153,1088.764435536215
5356.329300718967,0.595,816.6209276646224
5356.379314055275,0.59,830.5205851222854
5356.419324724326,0.528,1037.0182672027852
5356.45933539338,0.5714,885.4701076235332
5356.509348729701,0.59,830.5205851222854
5356.549359398764,0.5713,885.7801184947057
5356.589370067832,0.5811,856.1555003117027
5356.639383404167,0.559,925.1895677923665
5356.679394073243,0.5528,946.0590766056902
5356.719404742323,0.549,959.2010062757732
5356.759415411406,0.5579,928.841512564995
5356.8094287477625,0.5371,1002.1759462334713
5356.849439416856,0.5335,1015.7467024923076
5356.889450085951,0.532,1021.4826616739743
5356.9394634223245,0.5713,885.7801184947057
5356.979474091429,0.5653,904.6829162212146
5357.019484760537,0.5395,993.2793088263375
5357.069498096927,0.5067,1126.0362555606112
5357.109508766043,0.518,1077.4439836285385
5357.149519435163,0.5689,893.2694934501849
5357.199532771569,0.5899,830.8021886388194
5357.239543440698,0.5914,826.5931227798428
5357.27955410983,0.565,905.6438948004754
5357.319564778966,0.6173,758.6857652046328
5357.369578115394,0.6142,766.3635814286002
5357.409588784539,0.6043,791.6792658621162
5357.449599453687,0.548,962.7049275754738
5357.499612790129,0.553,945.3748912249587
5357.539623459287,0.5351,1009.6814363650979
5357.579634128449,0.5313,1024.1760836766462
5357.629647464904,0.5132,1097.693035670303
5357.669658134075,0.5117,1104.1380216524603
5357.70966880325,0.5617,916.3164909182373
5357.7496794724275,0.4505,1424.5063123330797
5357.799692808904,0.563,912.0897270150829
5357.839703478091,0.5048,1134.5286920479655
5357.879714147281,0.5638,909.5031615381224
5357.929727483774,0.5768,868.9682075071854
5357.969738152973,0.5956,814.9764517121083
5358.009748822177,0.4785,1262.6709744458021
5358.059762158684,0.5874,837.8890862674442
5358.099772827895,0.5681,895.7870695703058
5358.139783497111,0.5843,846.8034867198543
5358.189796833635,0.611,774.4119654774103
5358.229807502858,0.6032,794.5693182089655
5358.269818172087,0.587,839.0314005975151
5358.3098288413175,0.5303,1028.0423473235555
5358.359842177863,0.5513,951.2142247701548
5358.399852847102,0.5362,1005.5430242840702
5358.439863516346,0.5946,817.7200117311346
5358.489876852908,0.5814,855.272184375535
5358.52988752216,0.5814,855.272184375535
5358.569898191417,0.5462,969.06055195462
5358.619911527993,0.568,896.1025147628064
5358.659922197258,0.5269,1041.3527088624144
5358.699932866526,0.5572,931.1767469535738
5358.739943535798,0.5418,984.8640665008508
5358.789956872395,0.5381,998.4545454898632
5358.8299675416765,0.5729,880.8394074760904
5358.869978210963,0.5312,1024.5617277118085
5358.919991547575,0.5211,1064.662809200516
5358.960002216869,0.5374,1001.0573444247254
5359.000012886167,0.5503,954.674434698847
5359.050026222793,0.5566,933.1853929415009
5359.090036892099,0.5458,970.4814590597539
5359.130047561411,0.5643,907.892141483197
5359.180060898054,0.5854,843.6240979547152
5359.220071567371,0.5626,913.3871494759253
5359.260082236694,0.5283,1035.8408431650566
5359.300092906022,0.5045,1135.8783813616633
5359.350106242684,0.5302,1028.4301773335642
5359.390116912019,0.5662,901.8091399098984
5359.430127581358,0.5498,956.4116242177621
5359.480140918037,0.5483,961.6517379317046
5359.520151587384,0.5535,943.6676713763937
5359.560162256736,0.5608,919.2599471120345
5359.6101755934305,0.5689,893.2694934501849
5359.65018626279,0.5678,896.7339052214935
5359.690196932155,0.5715,885.1602594732032
5359.740210268866,0.5536,943.3267823818184
5359.780220938237,0.5367,1003.6703342134613
5359.820231607614,0.5329,1018.0352743438405
5359.8602422769945,0.5749,874.7214341272412
5359.910255613724,0.5811,856.1555003117027
5359.950266283113,0.5549,938.9119828965594
5359.990276952505,0.5509,952.5960477185802
5360.040290289253,0.5699,890.1374203792418
5360.080300958653,0.6213,748.948217490381
5360.120311628058,0.5899,830.8021886388194
5360.17032496482,0.5556,936.5476086002188
5360.210335634234,0.5595,923.5367089621466
5360.250346303651,0.5961,813.6098466282465
5360.290356973072,0.5674,897.998689724774
5360.340370309855,0.5787,863.271555056255
5360.380380979284,0.53,1029.2064960351493
5360.4203916487195,0.5738,878.0784023436545
5360.4704049855145,0.5697,890.7625157656285
5360.510415654959,0.5266,1042.5395459557474
5360.550426324405,0.5819,853.8030259844811
5360.600439661217,0.5256,1046.5103576757897
5360.640450330671,0.5186,1074.9523092095471
5360.680461000131,0.4999,1156.878861459613
5360.73047433696,0.5555,936.8848292015006
5360.770485006427,0.5829,850.8760430078672
5360.810495675898,0.4658,1332.4627094030113
5360.850506345373,0.5184,1075.7819061188407
5360.900519682223,0.5349,1010.4366192470118
5360.940530351705,0.5727,881.4547325493054
5360.980541021194,0.5574,930.5086392967389
5361.030554358058,0.5046,1135.4282174383934
5361.070565027554,0.5141,1093.8530937590815
5361.110575697054,0.5574,930.5086392967389
5361.160589033934,0.5348,1010.8145284460277
5361.200599703443,0.5611,918.2772211501212
5361.240610372956,0.521,1065.0715473733558
5361.280621042471,0.5356,1007.7971789570017
5361.330634379372,0.5514,950.8692388269075
5361.370645048896,0.5153,1088.764435536215
5361.410655718426,0.5738,878.0784023436545
5361.460669055341,0.5493,958.1535597139342
5361.500679724879,0.5088,1116.760345280548
5361.5406903944195,0.5839,847.9640855708013
5361.590703731351,0.5613,917.6229457270254
5361.6307144009015,0.5746,875.6350591791781
5361.670725070455,0.5608,919.2599471120345
5361.720738407401,0.5483,961.6517379317046
5361.760749076964,0.5552,937.8975845275681
5361.800759746531,0.5288,1033.8829211279656
5361.8407704161,0.5383,997.7127530258576
5361.890783753068,0.536,1006.2935681265214
5361.930794422645,0.5118,1103.706592189154
5361.970805092227,0.614,766.8629215900272
5362.020818429211,0.5499,956.0638071881317
5362.0608290988,0.5146,1091.7284929802274
5362.100839768396,0.5309,1025.7199676163095
5362.150853105395,0.5273,1039.7734093971208
5362.1908637749975,0.6277,733.7536179626593
5362.2308744446045,0.5115,1105.0016398146865
5362.28088778162,0.5004,1154.5681129088198
5362.320898451235,0.5968,811.7023669564071
5362.360909120855,0.5442,976.1964539858154
5362.400919790479,0.4976,1167.5981758312746
5362.450933127514,0.5464,968.3512683342818
5362.4909437971455,0.5519,949.1471210661549
5362.530954466781,0.5601,921.5591183925106
5362.58096780383,0.5505,953.9808839038454
5362.6209784734765,0.5414,986.3198863269058
5362.660989143124,0.5909,827.9925836709962
5362.71100248019,0.4918,1195.3004466312755
5362.751013149847,0.6012,799.8646584025433
5362.791023819506,0.5327,1018.7998506315072
5362.831034489172,0.5668,899.9008895898883
5362.8810478262585,0.5263,1043.7284131759225
5362.921058495932,0.5692,892.3281380141717
5362.961069165608,0.5299,1029.5949850582415
5363.0110825027095,0.5706,887.9547603617323
5363.051093172395,0.5692,892.3281380141717
5363.0911038420845,0.6242,742.0052473345843
5363.141117179201,0.5125,1100.6936537169504
5363.181127848898,0.5233,1055.7297681468283
5363.2211385186,0.5834,849.418192534278
5363.271151855733,0.5173,1080.3619021286797
5363.311162525443,0.5371,1002.1759462334713
5363.351173195158,0.5235,1054.923253468954
5363.391183864876,0.4879,1214.4859088596388
5363.44119720203,0.5117,1104.1380216524603
5363.481207871756,0.6346,717.8841958382136
5363.521218541487,0.5533,944.3500039394598
5363.571231878655,0.5082,1119.398875126603
5363.611242548393,0.5494,957.8047921070763
5363.651253218138,0.5423,983.0488199024703
5363.701266555321,0.5911,827.43237314363
5363.741277225073,0.537,1002.5492301783919
5363.781287894828,0.5536,943.3267823818184
5363.821298564587,0.5497,956.7596310862313
5363.871311901791,0.5322,1020.7150639233713
5363.911322571558,0.5553,937.5598170338845
5363.951333241331,0.5785,863.8685606141713
5364.001346578551,0.556,935.2005452365526
5364.041357248331,0.5527,946.4014478558508
5364.081367918115,0.5386,996.6016133613656
5364.131381255351,0.5999,803.3350667461971
5364.171391925143,0.5652,905.0030723951014
5364.2114025949395,0.5275,1038.9851065910004
5364.26141593219,0.5375,1000.6848933137566
5364.301426601996,0.566,902.4465723313008
5364.341437271805,0.5613,917.6229457270254
5364.381447941618,0.5225,1058.9650935705931
5364.431461278887,0.5157,1087.0761049894159
5364.471471948709,0.5564,933.8563860641436
5364.5114826185345,0.5427,981.6002336056798
5364.5614959558225,0.5358,1007.0449525988851
5364.601506625655,0.5236,1054.5203426585674
5364.641517295493,0.538,998.8257519889183
5364.691530632796,0.5466,967.6427631470418
5364.731541302642,0.513,1098.5491018460054
5364.7715519724925,0.4769,1271.1576941715373
5364.82156530981,0.4871,1218.4784548864684
5364.861575979668,0.5313,1024.1760836766462
5364.901586649529,0.5339,1014.2252725605806
5364.941597319396,0.5269,1041.3527088624144
5364.991610656734,0.5939,819.6487552069756
5365.03162132661,0.6317,724.4906215288528
5365.071631996488,0.5788,862.9732843273061
5365.121645333843,0.565,905.6438948004754
5365.161656003729,0.5615,916.9693693148593
5365.20166667362,0.5512,951.5593984945763
5365.25168001099,0.4929,1189.9713304507738
5365.291690680889,0.5406,989.2412266319819
5365.331701350792,0.6087,780.2753124658304
5365.3717120207,0.6115,773.1460716152984
5365.42172535809,0.5836,848.8361012460364
5365.461736028005,0.5859,842.1848375177999
5365.501746697924,0.598,808.4479725942798
5365.5517600353305,0.5853,843.9123927519214
5365.591770705258,0.5723,882.6873185785554
5365.631781375191,0.5323,1020.3315894657607
5365.681794712611,0.5587,926.1834138344685
5365.721805382552,0.5731,880.2247264963586
5365.761816052497,0.5117,1104.1380216524603
5365.811829389932,0.5188,1074.123671554756
5365.851840059885,0.5185,1075.366987664874
5365.891850729841,0.6125,770.6235779932622
5365.931861399802,0.5578,929.1745792937329
5365.981874737258,0.5685,894.5269529765903
5366.021885407229,0.5232,1056.1333723676
5366.061896077202,0.4827,1240.7934712287347
5366.111909414674,0.526,1044.91931515572
5366.151920084656,0.5647,906.6064053593798
5366.19193075464,0.6189,754.7680849166017
5366.2419440921285,0.5499,956.0638071881317
5366.281954762122,0.5248,1049.7033637904747
5366.321965432121,0.4934,1187.5607792213686
5366.371978769625,0.5428,981.2385873251068
5366.411989439631,0.5153,1088.764435536215
5366.452000109641,0.5822,852.9233472656576
5366.492010779654,0.5165,1083.7112039255624
5366.54202411718,0.531,1025.333669517437
5366.582034787201,0.5604,920.572704254599
5366.6220454572285,0.5754,873.2019001231242
5366.672058794766,0.5486,960.6002756115938
5366.712069464802,0.5517,949.8354063229852
5366.75208013484,0.5685,894.5269529765903
5366.8020934723945,0.5336,1015.3660242237112
5366.842104142442,0.5263,1043.7284131759225
5366.8821148124935,0.5648,906.2853980855133
5366.922125482549,0.5659,902.7655420124664
5366.972138820122,0.5364,1004.793319818031
5367.012149490188,0.5674,897.998689724774
5367.052160160255,0.5957,814.7028553787508
5367.102173497845,0.5836,848.8361012460364
5367.14218416792,0.5666,900.5362994914126
5367.182194838001,0.5751,874.1131449151711
5367.2322081756065,0.5531,945.0330768258165
5367.272218845694,0.5645,907.2489317736907
5367.312229515787,0.5452,972.61868655293
5367.362242853408,0.5093,1114.5686901249412
5367.40225352351,0.5435,978.71265016113
5367.442264193614,0.5957,814.7028553787508
5367.4822748637225,0.5687,893.8978915471496
5367.532288201364,0.5665,900.8542568407601
5367.5722988714815,0.5004,1154.5681129088198
5367.612309541603,0.5735,878.9972932243977
5367.6623228792605,0.5637,909.8258800835991
5367.70233354939,0.576,871.3836801375554
5367.742344219523,0.5639,909.1806146663596
5367.792357557195,0.5641,908.5360354571097
5367.832368227336,0.5401,991.0736600528377
5367.872378897483,0.5636,910.1487704246412
5367.912389567632,0.5598,922.5471188273096
5367.962402905325,0.5193,1072.0562644616814
5368.002413575483,0.6066,785.6871547273503
5368.042424245646,0.5653,904.6829162212146
5368.092437583354,0.5712,886.0902922006809
5368.132448253525,0.5476,964.1118739261865
5368.172458923699,0.5302,1028.4301773335642
5368.222472261422,0.5511,951.9047601364792
5368.2624829316055,0.527,1040.95754683844
5368.302493601792,0.5089,1116.3214974014788
5368.35250693953,0.5162,1084.971208590703
5368.392517609727,0.5169,1082.0346091532679
5368.4325282799255,0.504,1138.133221752814
5368.472538950128,0.5026,1144.4826150381696
5368.522552287887,0.496,1175.1432018769394
5368.562562958099,0.5418,984.8640665008508
5368.602573628314,0.5369,1002.9227227197055
5368.65258696609,0.5487,960.2501713684544
5368.692597636313,0.5473,965.1691087313933
5368.732608306541,0.5605,920.2442514654936
5368.782621644331,0.5791,862.0793990584727
5368.822632314568,0.6136,767.8630671262991
5368.862642984808,0.6231,744.6273783283174
5368.912656322615,0.5443,975.8377896513149
5368.952666992863,0.534,1013.8454491865325
5368.9926776631155,0.5979,808.718423916412
5369.032688333372,0.5419,984.5006151710747
5369.082701671197,0.54,991.4407576789393
5369.122712341464,0.5476,964.1118739261865
5369.162723011732,0.5748,875.0258168695099
5369.212736349574,0.5485,960.9505713600305
5369.252747019851,0.5188,1074.123671554756
5369.292757690132,0.4974,1168.5373238552181
5369.342771027989,0.5122,1101.983400510904
5369.382781698279,0.5397,992.5432751585782
5369.422792368572,0.5024,1145.394006868722
5369.462803038869,0.5239,1053.312994225441
5369.512816376747,0.539,995.1229788986755
5369.552827047054,0.5317,1022.635682829472
5369.592837717363,0.5615,916.9693693148593
5369.642851055256,0.5779,865.6632978001819
5369.682861725572,0.6137,767.6128473915765
5369.722872395896,0.5529,945.7168911068417
5369.772885733803,0.6105,775.6809709122496
5369.812896404135,0.5351,1009.6814363650979
5369.852907074469,0.5405,989.6073065238375
5369.902920412393,0.5402,990.7067662751076
5369.942931082735,0.5281,1036.6255695621835
5369.982941753083,0.5796,860.5926736088803
5370.022952423434,0.6154,763.3777569785374
5370.0729657613765,0.5466,967.6427631470418
5370.112976431737,0.5152,1089.187132735786
5370.152987102099,0.5603,920.9013329217227
5370.203000440059,0.5588,925.8519539618302
5370.24301111043,0.6072,784.13518303426
5370.283021780808,0.5659,902.7655420124664
5370.333035118782,0.6122,771.3790283054716
5370.373045789165,0.6309,726.3291349150084
5370.413056459553,0.5525,947.086748148104
5370.453067129945,0.5377,999.9406144011457
5370.503080467941,0.6114,773.3990019503906
5370.54309113834,0.5909,827.9925836709962
5370.583101808745,0.5461,969.4154860336092
5370.633115146756,0.552,948.8032589544008
5370.6731258171685,0.5444,975.4793229458008
5370.713136487583,0.5263,1043.7284131759225
5370.76314982561,0.4946,1181.8052543419155
5370.803160496034,0.5347,1011.1926496950699
5370.843171166463,0.4988,1161.9869904965374
5370.893184504505,0.6249,740.3438233298323
5370.933195174941,0.5842,847.0934129480099
5370.973205845384,0.543,980.5158940845888
5371.013216515828,0.5262,1044.1251541889594
5371.063229853889,0.5452,972.61868655293
5371.103240524343,0.5614,917.2960702068292
5371.1432511948005,0.5424,982.6863728569127
5371.193264532879,0.534,1013.8454491865325
5371.233275203344,0.5152,1089.187132735786
5371.2732858738145,0.545,973.3326648013146
5371.3232992119065,0.5491,958.8516666594119
5371.363309882385,0.5319,1021.866785292299
5371.403320552868,0.5692,892.3281380141717
5371.453333890976,0.572,883.6134555525691
5371.493344561465,0.5778,865.9629643663386
5371.53335523196,0.548,962.7049275754738
5371.573365902459,0.5017,1148.592466289756
5371.6233792405865,0.5406,989.2412266319819
5371.663389911093,0.5315,1023.4054485217677
5371.703400581605,0.5313,1024.1760836766462
5371.753413919749,0.6018,798.2705116538122
5371.793424590267,0.5451,972.9755774414413
5371.83343526079,0.5766,869.571133213382
5371.883448598949,0.6133,768.6144608494056
5371.923459269481,0.6048,790.370815614796
5371.963469940018,0.5711,886.4006288555187
5372.003480610557,0.5776,866.5627644971851
5372.053493948735,0.5552,937.8975845275681
5372.0935046192835,0.588,836.1799838831369
5372.1335152898355,0.5794,861.1869019274736
5372.183528628028,0.5324,1019.9483310699773
5372.223539298588,0.5764,870.174686639137
5372.263549969153,0.5717,884.5410508797304
5372.3135633073625,0.5939,819.6487552069756
5372.353573977935,0.5396,992.9111896899705
5372.393584648513,0.6038,792.9909679886022
5372.443597986738,0.5652,905.0030723951014
5372.483608657323,0.4998,1157.341843564654
5372.523619327912,0.5471,965.8748983562648
5372.563629998504,0.5444,975.4793229458008
5372.613643336749,0.6062,786.7243636682012
5372.653654007351,0.6075,783.3609210300219
5372.693664677955,0.5641,908.5360354571097
5372.743678016217,0.5713,885.7801184947057
5372.78368868683,0.6072,784.13518303426
5372.823699357448,0.5788,862.9732843273061
5372.873712695723,0.5895,831.9300361639516
5372.9137233663505,0.6101,776.6984224495395
5372.95373403698,0.534,1013.8454491865325
5372.993744707614,0.5237,1054.1176626319718
5373.043758045911,0.5755,872.8984684920326
5373.083768716552,0.5292,1032.3205776137543
5373.123779387197,0.5393,994.0161615211024
5373.173792725511,0.5305,1027.2673451574876
5373.213803396165,0.5246,1050.5038986421896
5373.253814066823,0.5869,839.3173441826867
5373.3038274051505,0.5853,843.9123927519214
5373.343838075817,0.5889,833.6261185428832
5373.383848746487,0.5959,814.1560758717126
5373.433862084831,0.5803,858.5177106711278
5373.473872755509,0.6278,733.5198830117527
5373.5138834261925,0.6041,792.2035558842641
5373.55389409688,0.5102,1110.6399362763898
5373.603907435243,0.533,1017.653308916373
5373.643918105937,0.5594,923.8669261966144
5373.683928776635,0.5282,1036.233094939221
5373.7339421150145,0.5701,889.5129827560232
5373.773952785723,0.6195,753.3067747710862
5373.813963456434,0.5213,1063.8460384079606
5373.863976794829,0.5313,1024.1760836766462
5373.903987465547,0.5821,853.2164223882753
5373.943998136271,0.5505,953.9808839038454
5373.994011474681,0.5109,1107.5985824579054
5374.034022145413,0.5472,965.5219068074904
5374.074032816149,0.5559,935.537038483006
5374.11404348689,0.5195,1071.230972574454
5374.16405682532,0.5471,965.8748983562648
5374.204067496069,0.5948,817.1701925251707
5374.244078166821,0.5429,980.877140867138
5374.294091505266,0.5421,983.7743158232903
5374.334102176026,0.565,905.6438948004754
5374.374112846791,0.5608,919.2599471120345
5374.424126185253,0.5143,1093.0025098353296
5374.464136856025,0.5642,908.2140028764599
5374.504147526801,0.5105,1109.334966925046
5374.544158197581,0.4748,1282.4269816362369
5374.594171536063,0.4892,1208.0397491327385
5374.6341822068525,0.5845,846.2240806210392
5374.6741928776455,0.6349,717.205934575007
5374.72420621614,0.597,811.1586047827166
5374.764216886943,0.5303,1028.0423473235555
5374.804227557749,0.5687,893.8978915471496
5374.854240896259,0.5834,849.418192534278
5374.894251567074,0.5222,1060.182175816805
5374.934262237891,0.5347,1011.1926496950699
5374.984275576418,0.4863,1222.4907211892958
5375.024286247246,0.5614,917.2960702068292
5375.064296918074,0.5109,1107.5985824579054
5375.104307588908,0.5161,1085.3916985029048
5375.154320927456,0.5634,910.7950669813674
5375.194331598299,0.5189,1073.7097119857092
5375.234342269144,0.4863,1222.4907211892958
5375.284355607709,0.4923,1192.8736925725354
5375.324366278563,0.431,1556.3215860456448
5375.364376949422,0.5056,1130.9412588786308
5375.414390288,0.5807,857.3353851336137
5375.454400958866,0.5375,1000.6848933137566
5375.494411629737,0.484,1234.1370169827965
5375.5344223006105,0.6018,798.2705116538122
5375.584435639211,0.5761,871.0811956591552
5375.624446310094,0.5105,1109.334966925046
5375.664456980981,0.5627,913.0625344535569
5375.7144703195945,0.5701,889.5129827560232
5375.75448099049,0.5824,852.3376498525238
5375.794491661389,0.5847,845.6452689870861
5375.844505000019,0.6194,753.5500315898734
5375.884515670926,0.5576,929.841250420356
5375.924526341838,0.5621,915.0128241989344
5375.974539680483,0.5503,954.674434698847
5376.014550351403,0.541,987.7789365158359
5376.054561022328,0.5604,920.572704254599
5376.094571693255,0.5767,869.2695919497598
5376.14458503192,0.6525,679.0371475510505
5376.184595702855,0.5743,876.550116367386
5376.224606373796,0.5486,960.6002756115938
5376.274619712476,0.5166,1083.2916900975533
5376.314630383425,0.5053,1132.2845496877774
5376.354641054377,0.5315,1023.4054485217677
5376.404654393073,0.5592,924.5278922093041
5376.444665064035,0.5553,937.5598170338845
5376.484675734999,0.4878,1214.9839030805012
5376.534689073709,0.6209,749.9135107826837
5376.574699744682,0.5346,1011.5709831528128
5376.61471041566,0.4924,1192.3892286643404
5376.654721086641,0.5036,1139.9419317748382
5376.704734425372,0.5468,966.9350352542177
5376.744745096362,0.518,1077.4439836285385
5376.784755767354,0.5689,893.2694934501849
5376.834769106103,0.577,868.3659086503775
5376.874779777104,0.5584,927.1788621331749
5376.914790448108,0.5884,835.0434857973024
5376.96480378687,0.6232,744.3884288926855
5377.004814457886,0.5345,1011.9495289780806
5377.044825128903,0.5913,826.8727309722584
5377.084835799925,0.6056,788.2840323367313
5377.134849138706,0.5502,955.0214937523848
5377.174859809736,0.4822,1243.367992575734
5377.2148704807705,0.5435,978.71265016113
5377.264883819568,0.549,959.2010062757732
5377.304894490611,0.5189,1073.7097119857092
5377.344905161658,0.5579,928.841512564995
5377.39491850047,0.5413,986.6843456546156
5377.434929171525,0.5256,1046.5103576757897
5377.474939842583,0.5478,963.4080154978949
5377.524953181412,0.4825,1241.82231935959
5377.56496385248,0.5925,823.5267704709485
5377.60497452355,0.5828,851.1680634545913
5377.6449851946245,0.5949,816.8954908483091
5377.694998533474,0.5611,918.2772211501212
5377.735009204556,0.5467,967.2888021099142
5377.775019875644,0.5267,1042.1437082500534
5377.825033214507,0.5521,948.4595836731199
5377.865043885602,0.549,959.2010062757732
5377.905054556702,0.5683,895.1566786724475
5377.955067895582,0.6707,642.6847413573564
5377.99507856669,0.5019,1147.6772550286682
5378.035089237801,0.5171,1081.1977704242731
5378.075099908917,0.4853,1227.5339839858761
5378.125113247816,0.475,1281.3472727534543
5378.1651239189405,0.525,1048.903743659714
5378.205134590069,0.516,1085.8124329091997
5378.255147928984,0.5341,1013.465839136078
5378.29515860012,0.5041,1137.6817168621935
5378.33516927126,0.5058,1130.0470592508993
5378.385182610191,0.527,1040.95754683844
5378.425193281339,0.5267,1042.1437082500534
5378.465203952491,0.5629,912.4138233460192
5378.515217291437,0.5588,925.8519539618302
5378.555227962599,0.5029,1143.1175655542568
5378.595238633762,0.4905,1201.6447752203692
5378.635249304931,0.4917,1195.7866860304719
5378.685262643897,0.5706,887.9547603617323
5378.7252733150735,0.5836,848.8361012460364
5378.765283986255,0.5698,890.4498857943179
5378.815297325235,0.6256,738.6879732261573
5378.855307996426,0.6062,786.7243636682012
5378.895318667617,0.5824,852.3376498525238
5378.945332006614,0.5615,916.9693693148593
5378.985342677815,0.5472,965.5219068074904
5379.025353349021,0.577,868.3659086503775
5379.075366688035,0.5469,966.5814624379425
5379.115377359249,0.5411,987.4138705996381
5379.155388030466,0.5463,968.7058127690644
5379.195398701688,0.5142,1093.427677733282
5379.245412040719,0.5518,949.4911701438269
5379.28542271195,0.5096,1113.2567924412976
5379.325433383184,0.5343,1012.7072583672283
5379.375446722231,0.507,1124.7040651593343
5379.415457393473,0.511,1107.1651233425318
5379.45546806472,0.5705,888.2660771105999
5379.505481403783,0.6358,715.1769082386386
5379.545492075037,0.6281,732.8193478678273
5379.585502746296,0.5111,1106.7319186289553
5379.625513417559,0.5873,838.1744460472299
5379.675526756641,0.5455,971.549191275167
5379.715537427913,0.5391,994.7538344584949
5379.755548099187,0.4873,1217.4784746619107
5379.805561438285,0.5083,1118.9584712071476
5379.845572109569,0.5406,989.2412266319819
5379.885582780855,0.562,915.3384799294006
5379.935596119969,0.5392,994.3848953834057
5379.975606791263,0.5205,1067.1187732348485
5380.0156174625645,0.5625,913.7119376413864
5380.055628133867,0.5973,810.3439854546449
5380.105641473,0.5393,994.0161615211024
5380.145652144311,0.5423,983.0488199024703
5380.185662815627,0.577,868.3659086503775
5380.235676154776,0.5986,806.8281100069008
5380.2756868261,0.5521,948.4595836731199
5380.315697497427,0.5558,935.8737133719081
5380.3657108365915,0.5743,876.550116367386
5380.405721507928,0.6044,791.4173160066457
5380.445732179267,0.6214,748.7071853856321
5380.4957455184485,0.5756,872.5951949940606
5380.535756189796,0.5742,876.855454200019
5380.575766861149,0.5707,887.643607248187
5380.615777532505,0.511,1107.1651233425318
5380.665790871703,0.5976,809.5305926528923
5380.705801543068,0.5716,884.850573929856
5380.745812214438,0.5026,1144.4826150381696
5380.795825553653,0.5409,988.1442049273115
5380.83583622503,0.62,752.0922557259087
5380.87584689641,0.5497,956.7596310862313
5380.925860235641,0.5702,889.2010103172494
5380.96587090703,0.5147,1091.304315666272
5381.005881578422,0.5212,1064.2543062722139
5381.05589491767,0.5396,992.9111896899705
5381.095905589071,0.4948,1180.8500691989707
5381.135916260475,0.5185,1075.366987664874
5381.1759269318845,0.5346,1011.5709831528128
5381.225940271151,0.5515,950.5244405286498
5381.2659509425675,0.6079,782.3303542837245
5381.305961613989,0.6281,732.8193478678273
5381.35597495327,0.5599,922.2176088839502
5381.395985624701,0.552,948.8032589544008
5381.435996296134,0.598,808.4479725942798
5381.486009635431,0.5851,844.489425863387
5381.526020306873,0.5517,949.8354063229852
5381.566030978319,0.58,859.4060605954186
5381.616044317631,0.5897,831.3658255151122
5381.6560549890855,0.586,841.897427435269
5381.696065660544,0.5259,1045.316735453755
5381.736076332006,0.5174,1079.9443314245786
5381.786089671339,0.5605,920.2442514654936
5381.826100342808,0.5588,925.8519539618302
5381.866111014284,0.5065,1126.9256978892545
5381.916124353631,0.572,883.6134555525691
5381.956135025113,0.5666,900.5362994914126
5381.996145696599,0.5288,1033.8829211279656
5382.046159035964,0.5333,1016.5087015634106
5382.086169707458,0.5325,1019.5652885737366
5382.126180378956,0.5364,1004.793319818031
5382.16619105046,0.5673,898.3153039511918
5382.216204389843,0.4997,1157.8051036529869
5382.256215061353,0.5502,955.0214937523848
5382.296225732869,0.5221,1060.5883361981062
5382.346239072267,0.5552,937.8975845275681
5382.386249743791,0.5873,838.1744460472299
5382.426260415317,0.5842,847.0934129480099
5382.476273754732,0.5822,852.9233472656576
5382.516284426267,0.6493,685.7467424959774
5382.556295097807,0.5673,898.3153039511918
5382.596305769351,0.5499,956.0638071881317
5382.646319108783,0.5416,985.5915732149108
5382.686329780336,0.5448,974.0474295122355
5382.72634045189,0.5595,923.5367089621466
5382.77635379134,0.5454,971.9054936137012
5382.816364462903,0.6016,798.8013639646795
5382.856375134472,0.5397,992.5432751585782
5382.906388473936,0.504,1138.133221752814
5382.946399145513,0.497,1170.419022377767
5382.986409817093,0.532,1021.4826616739743
5383.036423156574,0.549,959.2010062757732
5383.0764338281615,0.4608,1361.535818327995
5383.116444499754,0.4875,1216.4797249272438
5383.166457839249,0.5083,1118.9584712071476
5383.206468510849,0.5698,890.4498857943179
5383.246479182454,0.6141,766.6131905250265
5383.286489854063,0.5534,944.0087451844009
5383.336503193578,0.5208,1065.8897301754669
5383.376513865195,0.4605,1363.3103803563604
5383.416524536816,0.5341,1013.465839136078
5383.466537876348,0.5655,904.0431133298256
5383.506548547976,0.5742,876.855454200019
5383.546559219609,0.5842,847.0934129480099
5383.596572559156,0.5642,908.2140028764599
5383.6365832307965,0.487,1218.9789070642205
5383.676593902442,0.5443,975.8377896513149
5383.71660457409,0.5169,1082.0346091532679
5383.766617913656,0.5213,1063.8460384079606
5383.806628585314,0.5912,827.1524810615109
5383.846639256975,0.6028,795.6241710628333
5383.896652596558,0.5545,940.2670760473927
5383.936663268226,0.5456,971.1930848323617
5383.9766739399,0.5875,837.6038721906413
5384.026687279496,0.5966,812.2466760818915
5384.066697951179,0.6026,796.1523853888858
5384.106708622865,0.5928,822.693453669652
5384.146719294554,0.5898,831.0839354040365
5384.196732634172,0.5682,895.4717909125881
5384.236743305869,0.5769,868.6669797769345
5384.276753977571,0.597,811.1586047827166
5384.326767317204,0.5827,851.4602342591339
5384.366777988914,0.6026,796.1523853888858
5384.406788660628,0.5551,938.2355345814976
5384.456802000275,0.5395,993.2793088263375
5384.496812671999,0.5275,1038.9851065910004
5384.536823343724,0.5445,975.1210537241044
5384.586836683387,0.5965,812.5190359808184
5384.626847355123,0.5244,1051.3053496105772
5384.666858026861,0.5565,933.5207990726458
5384.706868698603,0.6031,794.8328346653672
5384.756882038288,0.5465,967.996918507741
5384.796892710037,0.5153,1088.764435536215
5384.836903381792,0.5761,871.0811956591552
5384.886916721491,0.5994,804.6758555072929
5384.926927393254,0.5618,915.9903131651818
5384.966938065021,0.5851,844.489425863387
5385.016951404735,0.6028,795.6241710628333
5385.056962076511,0.5321,1021.0987546052461
5385.096972748289,0.5339,1014.2252725605806
5385.146986088017,0.5954,815.5240580011773
5385.186996759806,0.6274,734.4554935206304
5385.227007431596,0.6133,768.6144608494056
5385.267018103393,0.5723,882.6873185785554
5385.317031443142,0.5658,903.0846808332417
5385.357042114945,0.6086,780.5317495786442
5385.397052786753,0.5403,990.3400761948484
5385.447066126518,0.5524,947.429677459498
5385.487076798333,0.4808,1250.619431335032
5385.527087470154,0.5022,1146.3064877930408
5385.577100809933,0.5586,926.5150517355426
5385.617111481761,0.5712,886.0902922006809
5385.657122153591,0.5571,931.5110706472582
5385.707135493388,0.5984,807.3675228358783
5385.747146165228,0.6903,606.7068406647063
5385.787156837072,0.4854,1227.0282546863336
5385.827167508921,0.5455,971.549191275167
5385.877180848735,0.4793,1258.4594507006973
5385.917191520592,0.522,1060.9947300268248
5385.957202192452,0.5237,1054.1176626319718
5386.007215532282,0.5169,1082.0346091532679
5386.047226204151,0.5385,996.9717869165338
5386.087236876026,0.5146,1091.7284929802274
5386.13725021587,0.5138,1095.1308325356395
5386.177260887752,0.5591,924.8586412410796
5386.217271559636,0.5198,1069.994820456232
5386.257282231525,0.5486,960.6002756115938
5386.3072955713915,0.5988,806.2892375805699
5386.347306243288,0.6246,741.0551782133681
5386.387316915188,0.585,844.778164379842
5386.437330255069,0.5537,942.9860780671753
5386.477340926977,0.5202,1068.3499432752965
5386.517351598892,0.5182,1076.612463763823
5386.567364938788,0.495,1179.8960416199466
5386.60737561071,0.4795,1257.40986206684
5386.647386282634,0.5694,891.701394173166
5386.687396954563,0.5327,1018.7998506315072
5386.73741029448,0.5277,1038.197699921229
5386.777420966418,0.4822,1243.367992575734
5386.817431638359,0.4923,1192.8736925725354
5386.867444978291,0.5572,931.1767469535738
5386.907455650242,0.6217,747.9847867964511
5386.947466322194,0.6245,741.292524353726
5386.997479662143,0.5623,914.3620338943231
5387.0374903341035,0.5176,1079.1099159676914
5387.077501006071,0.5695,891.3882698393311
5387.127514346033,0.5769,868.6669797769345
5387.167525018007,0.5831,850.2924527753522
5387.207535689985,0.566,902.4465723313008
5387.247546361968,0.5652,905.0030723951014
5387.297559701949,0.5412,987.0490070290685
5387.33757037394,0.4536,1405.1021233723059
5387.377581045934,0.5129,1098.977510522758
5387.427594385931,0.5893,832.4948213643896
5387.467605057933,0.5953,815.7980681421927
5387.50761572994,0.5158,1086.6546359625945
5387.557629069954,0.5388,995.8618844842383
5387.597639741968,0.5444,975.4793229458008
5387.637650413987,0.538,998.8257519889183
5387.687663754015,0.5188,1074.123671554756
5387.727674426042,0.4922,1193.3584517949132
5387.767685098073,0.5917,825.7551486245318
5387.807695770108,0.6305,727.2510170783952
5387.857709110154,0.6226,745.8238530801342
5387.897719782198,0.5862,841.3230484709244
5387.937730454245,0.535,1010.0589219394948
5387.987743794309,0.5005,1154.1067940416572
5388.027754466364,0.5079,1120.7216480339814
5388.067765138424,0.5682,895.4717909125881
5388.117778478503,0.6164,760.9028793087314
5388.15778915057,0.6223,746.5431226559259
5388.197799822641,0.7092,574.8006070534752
5388.237810494717,0.6383,709.5856874797593
5388.287823834815,0.6178,757.458219838685
5388.327834506899,0.5626,913.3871494759253
5388.3678451789865,0.5549,938.9119828965594
5388.4178585191,0.5252,1048.1050368568463
5388.457869191197,0.5577,929.5078252026706
5388.497879863296,0.5726,881.76263690222
5388.547893203426,0.5184,1075.7819061188407
5388.587903875534,0.513,1098.5491018460054
5388.627914547646,0.5195,1071.230972574454
5388.67792788779,0.5183,1076.1970647566852
5388.717938559911,0.5098,1112.3834803673017
5388.757949232036,0.5649,905.9645612727683
5388.797959904162,0.5886,834.4761054383803
5388.847973244328,0.5682,895.4717909125881
5388.887983916465,0.5071,1124.2605270201113
5388.927994588604,0.473,1292.2060764047042
5388.978007928784,0.5121,1102.4138198988185
5389.018018600934,0.577,868.3659086503775
5389.058029273085,0.6079,782.3303542837245
5389.10804261328,0.5893,832.4948213643896
5389.148053285441,0.4484,1437.880360240333
5389.188063957605,0.4947,1181.327516957951
5389.228074629773,0.5178,1078.2764671998996
5389.278087969989,0.5682,895.4717909125881
5389.318098642165,0.5476,964.1118739261865
5389.358109314347,0.507,1124.7040651593343
5389.408122654577,0.5275,1038.9851065910004
5389.448133326766,0.5517,949.8354063229852
5389.488143998959,0.5361,1005.9181912049553
5389.538157339204,0.6092,778.9950205620313
5389.578168011406,0.5499,956.0638071881317
5389.61817868361,0.5753,873.5054899972929
5389.6681920238725,0.5565,933.5207990726458
5389.708202696086,0.564,908.8582393465673
5389.7482133683025,0.583,850.5841728158088
5389.788224040523,0.5683,895.1566786724475
5389.838237380805,0.5648,906.2853980855133
5389.878248053034,0.621,749.6720125785359
5389.918258725268,0.6275,734.2214231458377
5389.968272065565,0.5553,937.5598170338845
5390.008282737806,0.5748,875.0258168695099
5390.048293410053,0.5912,827.1524810615109
5390.098306750363,0.6169,759.669951298655
5390.138317422618,0.5175,1079.5270027665938
5390.178328094875,0.4489,1434.6790317021032
5390.228341435201,0.4875,1216.4797249272438
5390.268352107469,0.5267,1042.1437082500534
5390.308362779738,0.5106,1108.9004882081576
5390.348373452012,0.5367,1003.6703342134613
5390.398386792358,0.5404,989.973589661299
5390.438397464641,0.4575,1381.2484426646706
5390.478408136926,0.5833,849.7094627374298
5390.528421477288,0.5894,832.2123568964784
5390.568432149584,0.5413,986.6843456546156
5390.608442821881,0.5186,1074.9523092095471
5390.658456162259,0.5111,1106.7319186289553
5390.698466834565,0.5399,991.8080593044529
5390.738477506876,0.5701,889.5129827560232
5390.7784881791895,0.5576,929.841250420356
5390.828501519589,0.5533,944.3500039394598
5390.86851219191,0.5164,1084.1309614911586
5390.908522864236,0.5489,959.5505368399215
5390.958536204649,0.5545,940.2670760473927
5390.998546876984,0.5573,930.8426032131093
5391.038557549323,0.5444,975.4793229458008
5391.08857088975,0.5823,852.6304231216357
5391.128581562099,0.5744,876.244937993695
5391.168592234448,0.5028,1143.5723105688867
5391.218605574893,0.4659,1331.8907768632996
5391.258616247252,0.5223,1059.7762487041543
5391.298626919614,0.5838,848.2546080981634
5391.338637591981,0.5594,923.8669261966144
5391.388650932444,0.5352,1009.3041623655902
5391.42866160482,0.533,1017.653308916373
5391.4686722771985,0.5631,911.7658033357058
5391.518685617677,0.502,1147.2200595470765
5391.558696290064,0.5291,1032.710831320257
5391.598706962455,0.5193,1072.0562644616814
5391.648720302949,0.5416,985.5915732149108
5391.688730975348,0.5627,913.0625344535569
5391.728741647751,0.5193,1072.0562644616814
5391.768752320159,0.5975,809.8015874581513
5391.818765660672,0.55,955.7161798592889
5391.858776333088,0.5888,833.9093031531961
5391.898787005508,0.559,925.1895677923665
5391.9488003460365,0.5107,1108.466264691188
5391.988811018465,0.4938,1185.6376080789441
5392.028821690897,0.5841,847.3834880978656
5392.078835031441,0.5958,814.4293967961048
5392.118845703881,0.568,896.1025147628064
5392.158856376324,0.5598,922.5471188273096
5392.208869716884,0.5542,941.2853220288995
5392.248880389337,0.5592,924.5278922093041
5392.288891061793,0.5547,939.5891630331851
5392.328901734251,0.4469,1447.5489005588067
5392.378915074832,0.4493,1432.1256603015036
5392.4189257473,0.5318,1022.2511256231152
5392.458936419771,0.4825,1241.82231935959
5392.508949760368,0.5473,965.1691087313933
5392.548960432847,0.6038,792.9909679886022
5392.588971105332,0.6129,769.6180360079319
5392.638984445942,0.5883,835.3273930001004
5392.678995118435,0.5343,1012.7072583672283
5392.719005790931,0.5109,1107.5985824579054
5392.769019131556,0.5952,816.0722164045283
5392.8090298040615,0.6107,775.1729946973358
5392.849040476569,0.5979,808.718423916412
5392.889051149082,0.5575,930.1748550754526
5392.939064489727,0.5266,1042.5395459557474
5392.979075162247,0.506,1129.1539197272748
5393.019085834773,0.5855,843.3359508618738
5393.069099175432,0.6065,785.946264581036
5393.109109847965,0.5701,889.5129827560232
5393.149120520501,0.5391,994.7538344584949
5393.199133861178,0.5658,903.0846808332417
5393.239144533723,0.5919,825.1972069149367
5393.279155206273,0.4927,1190.9376064278272
5393.319165878825,0.5293,1031.9305450764014
5393.3691792195195,0.5306,1026.8801726708493
5393.409189892081,0.5843,846.8034867198543
5393.449200564646,0.5516,950.1798297393217
5393.4992139053575,0.5977,809.259733854835
5393.53922457793,0.5806,857.6307374381572
5393.579235250508,0.5877,837.0338807493611
5393.629248591234,0.5393,994.0161615211024
5393.669259263819,0.5145,1092.1529176514475
5393.709269936408,0.5343,1012.7072583672283
5393.759283277151,0.5263,1043.7284131759225
5393.799293949749,0.5543,940.9457229971057
5393.839304622349,0.5661,902.1277716702432
5393.879315294955,0.488,1213.988220750769
5393.929328635716,0.5627,913.0625344535569
5393.96933930833,0.5429,980.877140867138
5394.009349980947,0.5226,1058.559865193004
5394.059363321725,0.5523,947.7727930608077
5394.09937399435,0.5917,825.7551486245318
5394.139384666979,0.5825,852.0450273547261
5394.189398007771,0.5516,950.1798297393217
5394.229408680409,0.5502,955.0214937523848
5394.2694193530515,0.5585,926.8468677925679
5394.309430025696,0.5375,1000.6848933137566
5394.3594433665085,0.5342,1013.0864422494996
5394.399454039162,0.5353,1008.9270997828884
5394.43946471182,0.493,1189.488633399876
5394.489478052647,0.5186,1074.9523092095471
5394.529488725313,0.5561,934.8642335019064
5394.569499397983,0.5553,937.5598170338845
5394.619512738826,0.5748,875.0258168695099
5394.659523411504,0.578,865.3637867565812
5394.699534084186,0.5886,834.4761054383803
5394.749547425044,0.5782,864.7652308067403
5394.789558097734,0.5698,890.4498857943179
5394.8295687704285,0.5758,871.989121958122
5394.869579443126,0.5557,936.21057003402
5394.9195927840055,0.5777,866.2627865627442
5394.95960345671,0.5996,804.1391374873962
5394.999614129421,0.518,1077.4439836285385
5395.049627470314,0.5435,978.71265016113
5395.089638143032,0.5357,1007.4209604636427
5395.129648815755,0.5846,845.9346005467964
5395.179662156664,0.5528,946.0590766056902
5395.219672829394,0.5432,979.7939989576856
5395.259683502129,0.5595,923.5367089621466
5395.309696843052,0.5727,881.4547325493054
5395.349707515796,0.578,865.3637867565812
5395.389718188541,0.586,841.897427435269
5395.4297288612925,0.5836,848.8361012460364
5395.479742202235,0.5501,955.3687420933069
5395.519752874995,0.5576,929.841250420356
5395.559763547757,0.6225,746.0634940633661
5395.609776888715,0.5441,976.5553160946037
5395.649787561486,0.5298,1029.9836940841376
5395.689798234261,0.5662,901.8091399098984
5395.739811575234,0.5559,935.537038483006
5395.779822248018,0.5525,947.086748148104
5395.819832920804,0.4728,1293.2995422688325
5395.859843593595,0.4921,1193.8435065715425
5395.909856934591,0.5245,1050.9045095244628
5395.949867607388,0.5046,1135.4282174383934
5395.989878280192,0.5334,1016.1275948853346
5396.039891621201,0.5723,882.6873185785554
5396.079902294012,0.5201,1068.7608067996052
5396.119912966827,0.5417,985.2277191325676
5396.169926307852,0.5255,1046.9086861015426
5396.2099369806765,0.5699,890.1374203792418
5396.249947653502,0.5119,1103.2754155407408
5396.299960994542,0.5334,1016.1275948853346
5396.3399716673775,0.5901,830.2391247573415
5396.379982340218,0.5732,879.9176272606666
5396.419993013061,0.5805,857.9262423924343
5396.4700063541195,0.5583,927.5110348851078
5396.510017026972,0.5505,953.9808839038454
5396.550027699826,0.5576,929.841250420356
5396.600041040901,0.5348,1010.8145284460277
5396.640051713766,0.5464,968.3512683342818
5396.680062386632,0.6062,786.7243636682012
5396.730075727722,0.5475,964.4640924319102
5396.770086400599,0.5389,995.4923288563936
5396.810097073478,0.4832,1238.226937828066
5396.850107746362,0.6119,772.1355900261239
5396.90012108747,0.5651,905.3233985480716
5396.940131760362,0.5376,1000.3126500240918
5396.980142433259,0.5296,1030.7617728090972
5397.030155774383,0.5229,1057.345574680509
5397.070166447287,0.531,1025.333669517437
5397.110177120196,0.5593,924.1973205700936
5397.160190461335,0.5702,889.2010103172494
5397.200201134252,0.5472,965.5219068074904
5397.240211807171,0.5464,968.3512683342818
5397.2902251483265,0.5776,866.5627644971851
5397.330235821256,0.5447,974.4051071521571
5397.370246494187,0.5231,1056.5372080787329
5397.410257167123,0.499,1161.055726528859
5397.460270508299,0.5789,862.6751681558546
5397.500281181243,0.5997,803.870979824667
5397.540291854191,0.6226,745.8238530801342
5397.590305195381,0.4838,1235.1575953684157
5397.630315868339,0.534,1013.8454491865325
5397.670326541298,0.5426,981.962079856178
5397.720339882504,0.5257,1046.1122565411426
5397.760350555473,0.5456,971.1930848323617
5397.800361228446,0.5695,891.3882698393311
5397.850374569666,0.5963,813.0641669102398
5397.890385242647,0.6135,768.1134092276328
5397.930395915632,0.5688,893.5836096404148
5397.970406588621,0.5281,1036.6255695621835
5398.0204199298605,0.5792,861.7817459192861
5398.060430602857,0.5558,935.8737133719081
5398.1004412758575,0.5798,859.9990601141571
5398.150454617114,0.5654,904.3629299061682
5398.190465290122,0.5746,875.6350591791781
5398.230475963135,0.5662,901.8091399098984
5398.280489304406,0.56,921.8882754476978
5398.320499977427,0.5227,1058.1548693707068
5398.360510650452,0.5777,866.2627865627442
5398.4005213234805,0.5641,908.5360354571097
5398.450534664772,0.5755,872.8984684920326
5398.490545337809,0.572,883.6134555525691
5398.530556010849,0.566,902.4465723313008
5398.580569352155,0.5684,894.8417327327812
5398.620580025205,0.5487,960.2501713684544
5398.660590698258,0.5831,850.2924527753522
5398.710604039579,0.5553,937.5598170338845
5398.7506147126405,0.5572,931.1767469535738
5398.790625385705,0.5717,884.5410508797304
5398.840638727042,0.5886,834.4761054383803
5398.880649400115,0.5711,886.4006288555187
5398.920660073193,0.5153,1088.764435536215
5398.960670746274,0.5781,865.0644311279364
5399.010684087631,0.5494,957.8047921070763
5399.05069476072,0.517,1081.6160683907385
5399.090705433813,0.5216,1062.6226433972051
5399.140718775186,0.558,928.5086248880235
5399.180729448287,0.5632,911.4420521852775
5399.220740121391,0.5677,897.0498507226079
5399.270753462779,0.5991,805.4819406178253
5399.310764135892,0.5956,814.9764517121083
5399.35077480901,0.5687,893.8978915471496
5399.400788150411,0.5839,847.9640855708013
5399.440798823536,0.5606,919.9159744289254
5399.480809496667,0.5768,868.9682075071854
5399.520820169801,0.5573,930.8426032131093
5399.570833511221,0.5215,1063.0302071505123
5399.610844184363,0.5667,900.218510447377
5399.650854857509,0.5132,1097.693035670303
5399.700868198946,0.537,1002.5492301783919
5399.7408788720995,0.5489,959.5505368399215
5399.780889545257,0.5493,958.1535597139342
5399.83090288671,0.526,1044.91931515572
5399.8709135598765,0.5408,988.5096759838539
5399.910924233046,0.5461,969.4154860336092
5399.950934906219,0.5461,969.4154860336092
5400.000948247691,0.5489,959.5505368399215
5400.040958920874,0.571,886.7111285733788
5400.080969594059,0.6008,800.9300773009674
5400.130982935546,0.5803,858.5177106711278
5400.17099360874,0.5302,1028.4301773335642
5400.211004281938,0.517,1081.6160683907385
5400.261017623441,0.5169,1082.0346091532679
5400.301028296647,0.5925,823.5267704709485
5400.3410389698565,0.5379,999.1971655377853
5400.391052311375,0.5239,1053.312994225441
5400.431062984593,0.5698,890.4498857943179
5400.471073657815,0.5072,1123.8172511996224
5400.511084331041,0.6122,771.3790283054716
5400.561097672578,0.5555,936.8848292015006
5400.6011083458125,0.5657,903.403988913234
5400.64111901905,0.5398,992.1755650805592
5400.691132360602,0.5081,1119.839539101002
5400.73114303385,0.5075,1122.4889955834328
5400.7711537071,0.5377,999.9406144011457
5400.821167048667,0.5457,970.8371741417066
5400.861177721926,0.4613,1358.5859050606891
5400.901188395189,0.4424,1477.1469319652238
5400.941199068455,0.5134,1096.8379697646674
5400.991212410042,0.4775,1267.9651754641727
5401.031223083317,0.5194,1071.643499348311
5401.071233756595,0.517,1081.6160683907385
5401.121247098197,0.5134,1096.8379697646674
5401.161257771484,0.5293,1031.9305450764014
5401.201268444775,0.5481,962.3536722025697
5401.2512817863935,0.5462,969.06055195462
5401.291292459692,0.6213,748.948217490381
5401.331303132994,0.6012,799.8646584025433
5401.381316474628,0.5675,897.6822428564734
5401.421327147938,0.5515,950.5244405286498
5401.461337821252,0.5068,1125.591929222259
5401.501348494571,0.5335,1015.7467024923076
5401.551361836225,0.5385,996.9717869165338
5401.591372509551,0.5313,1024.1760836766462
5401.631383182882,0.5467,967.2888021099142
5401.681396524551,0.5529,945.7168911068417
5401.72140719789,0.5569,932.1802584113694
5401.761417871232,0.5689,893.2694934501849
5401.8114312129155,0.5353,1008.9270997828884
5401.851441886265,0.5031,1142.2088888859744
5401.891452559621,0.5574,930.5086392967389
5401.941465901319,0.5742,876.855454200019
5401.981476574681,0.5548,939.2504814212201
5402.02148724805,0.5283,1035.8408431650566
5402.06149792142,0.5362,1005.5430242840702
5402.111511263138,0.582,853.5096485932619
5402.151521936517,0.5591,924.8586412410796
5402.1915326099,0.47,1308.7549364655479
5402.241545951633,0.5367,1003.6703342134613
5402.281556625025,0.4993,1159.660928294308
5402.32156729842,0.5115,1105.0016398146865
5402.371580640169,0.4839,1234.6471479957763
5402.411591313572,0.5504,954.3275647951424
5402.451601986978,0.5965,812.5190359808184
5402.4916126603885,0.5685,894.5269529765903
5402.5416260021575,0.5379,999.1971655377853
5402.581636675577,0.5304,1027.6547366533189
5402.621647348999,0.5195,1071.230972574454
5402.671660690784,0.506,1129.1539197272748
5402.711671364216,0.5291,1032.710831320257
5402.75168203765,0.5627,913.0625344535569
5402.801695379449,0.5799,859.7024836607255
5402.841706052893,0.5694,891.701394173166
5402.88171672634,0.5258,1045.7143825247074
5402.931730068154,0.5459,970.125939443188
5402.971740741609,0.5228,1057.7501059257897
5403.011751415068,0.5006,1153.6457516058965
5403.051762088531,0.5382,998.0835458867516
5403.101775430366,0.5907,828.5533633242247
5403.141786103837,0.5375,1000.6848933137566
5403.181796777312,0.5884,835.0434857973024
5403.23181011916,0.5316,1023.0204570745707
5403.271820792644,0.5298,1029.9836940841376
5403.3118314661315,0.4933,1188.042303138004
5403.361844807995,0.5026,1144.4826150381696
5403.401855481492,0.5212,1064.2543062722139
5403.441866154991,0.5481,962.3536722025697
5403.481876828492,0.5538,942.6455582990859
5403.531890170378,0.4719,1298.2373556560365
5403.571900843889,0.5055,1131.3887567558988
5403.611911517404,0.5478,963.4080154978949
5403.661924859304,0.5579,928.841512564995
5403.7019355328275,0.5487,960.2501713684544
5403.741946206354,0.5566,933.1853929415009
5403.79195954827,0.5477,963.7598483284637
5403.831970221805,0.5705,888.2660771105999
5403.871980895345,0.5806,857.6307374381572
5403.921994237275,0.5346,1011.5709831528128
5403.962004910822,0.5765,869.8728314068702
5404.002015584374,0.6018,798.2705116538122
5404.042026257929,0.5704,888.5775576095506
5404.092039599877,0.5838,848.2546080981634
5404.132050273442,0.5567,932.8501675407693
5404.172060947009,0.5377,999.9406144011457
5404.222074288974,0.4595,1369.2507106220448
5404.26208496255,0.4484,1437.880360240333
5404.302095636129,0.4797,1256.3615859628521
5404.352108978109,0.5569,932.1802584113694
5404.392119651697,0.5575,930.1748550754526
5404.432130325289,0.5408,988.5096759838539
5404.482143667283,0.5531,945.0330768258165
5404.522154340883,0.5342,1013.0864422494996
5404.562165014487,0.5235,1054.923253468954
5404.602175688095,0.5429,980.877140867138
5404.652189030108,0.5216,1062.6226433972051
5404.692199703724,0.4909,1199.687304841341
5404.732210377344,0.532,1021.4826616739743
5404.782223719374,0.5418,984.8640665008508
5404.822234393001,0.5442,976.1964539858154
5404.8622450666335,0.5613,917.6229457270254
5404.912258408678,0.545,973.3326648013146
5404.952269082318,0.5395,993.2793088263375
5404.992279755962,0.5688,893.5836096404148
5405.03229042961,0.5493,958.1535597139342
5405.0823037716755,0.5573,930.8426032131093
5405.1223144453315,0.5761,871.0811956591552
5405.16232511899,0.5509,952.5960477185802
5405.21233846107,0.5587,926.1834138344685
5405.252349134738,0.5316,1023.0204570745707
5405.292359808411,0.5082,1119.398875126603
5405.3423731505045,0.5639,909.1806146663596
5405.382383824186,0.5512,951.5593984945763
5405.422394497869,0.5349,1010.4366192470118
5405.4724078399795,0.5193,1072.0562644616814
5405.512418513672,0.4999,1156.878861459613
5405.552429187368,0.5217,1062.2153139877214
5405.592439861068,0.5873,838.1744460472299
5405.642453203198,0.569,892.9555428599733
5405.682463876906,0.559,925.1895677923665
5405.722474550617,0.5489,959.5505368399215
5405.772487892762,0.4692,1313.2216640887073
5405.812498566483,0.4941,1184.198293845316
5405.852509240207,0.5423,983.0488199024703
5405.902522582366,0.5203,1067.9393166277416
5405.942533256098,0.5735,878.9972932243977
5405.982543929835,0.5671,898.9490349506214
5406.022554603575,0.5622,914.6873422284403
5406.072567945754,0.509,1115.882908149467
5406.112578619502,0.5534,944.0087451844009
5406.152589293254,0.6077,782.8453832801216
5406.202602635449,0.5463,968.7058127690644
5406.242613309209,0.5572,931.1767469535738
5406.282623982974,0.5375,1000.6848933137566
5406.332637325185,0.5291,1032.710831320257
5406.3726479989555,0.5134,1096.8379697646674
5406.4126586727325,0.5587,926.1834138344685
5406.462672014957,0.5635,910.4718326832079
5406.502682688742,0.5656,903.7234663721557
5406.542693362531,0.5432,979.7939989576856
5406.582704036323,0.5205,1067.1187732348485
5406.632717378568,0.4807,1251.139816986078
5406.672728052369,0.5247,1050.1035167890425
5406.712738726173,0.616,761.8913841005054
5406.762752068432,0.5851,844.489425863387
5406.802762742245,0.5393,994.0161615211024
5406.8427734160605,0.5404,989.973589661299
5406.892786758335,0.5519,949.1471210661549
5406.93279743216,0.5665,900.8542568407601
5406.9728081059875,0.551,952.2503098322956
5407.0228214482795,0.5672,898.6320856537616
5407.062832122116,0.5512,951.5593984945763
5407.102842795955,0.5645,907.2489317736907
5407.1428534698,0.5782,864.7652308067403
5407.19286681211,0.538,998.8257519889183
5407.232877485961,0.4862,1222.9936475262816
5407.27288815982,0.5237,1054.1176626319718
5407.322901502143,0.5441,976.5553160946037
5407.362912176009,0.5728,881.1469894447869
5407.402922849876,0.546,969.7706151488244
5407.452936192217,0.5479,963.0563752937616
5407.492946866094,0.5029,1143.1175655542568
5407.532957539973,0.5848,845.3560858403341
5407.572968213858,0.6454,694.0593813193516
5407.622981556218,0.5669,899.5834368002857
5407.66299223011,0.5504,954.3275647951424
5407.703002904006,0.5514,950.8692388269075
5407.753016246382,0.5315,1023.4054485217677
5407.793026920287,0.5846,845.9346005467964
5407.833037594195,0.4669,1326.1916480662221
5407.883050936585,0.4952,1178.9431697351697
5407.923061610502,0.5923,824.0830186008885
5407.963072284422,0.5189,1073.7097119857092
5408.013085626828,0.5575,930.1748550754526
5408.053096300756,0.5412,987.0490070290685
5408.093106974688,0.4934,1187.5607792213686
5408.133117648625,0.547,966.2280835192084
5408.183130991051,0.4994,1159.196554044714
5408.223141664995,0.5483,961.6517379317046
5408.263152338944,0.5142,1093.427677733282
5408.313165681384,0.5484,961.3010587534599
5408.353176355341,0.5489,959.5505368399215
5408.3931870293,0.5068,1125.591929222259
5408.443200371756,0.4836,1236.1794402395162
5408.483211045724,0.5203,1067.9393166277416
5408.523221719696,0.5799,859.7024836607255
5408.5632323936725,0.5588,925.8519539618302
5408.613245736147,0.5527,946.4014478558508
5408.653256410132,0.592,824.9184480914474
5408.69326708412,0.5476,964.1118739261865
5408.743280426611,0.5232,1056.1333723676
5408.783291100607,0.5589,925.5206719902254
5408.823301774607,0.5346,1011.5709831528128
5408.8733151171145,0.5235,1054.923253468954
5408.913325791122,0.5227,1058.1548693707068
5408.953336465133,0.535,1010.0589219394948
5409.003349807656,0.5402,990.7067662751076
5409.043360481676,0.5779,865.6632978001819
5409.0833711557,0.5496,957.107827931717
5409.123381829729,0.5054,1131.8365202888424
5409.17339517227,0.5235,1054.923253468954
5409.213405846304,0.5237,1054.1176626319718
5409.253416520345,0.5434,979.0729007696224
5409.303429862902,0.5426,981.962079856178
5409.34344053695,0.5459,970.125939443188
5409.3834512110025,0.5412,987.0490070290685
5409.433464553573,0.5572,931.1767469535738
5409.473475227634,0.6025,796.4166898318714
5409.513485901697,0.5915,826.313656388315
5409.563499244283,0.5649,905.9645612727683
5409.603509918356,0.5227,1058.1548693707068
5409.643520592433,0.5189,1073.7097119857092
5409.683531266513,0.5314,1023.7906573345717
5409.733544609118,0.54,991.4407576789393
5409.773555283206,0.5424,982.6863728569127
5409.813565957298,0.5396,992.9111896899705
5409.8635792999185,0.5625,913.7119376413864
5409.903589974019,0.5199,1069.58324520758
5409.943600648124,0.5077,1121.6047996468071
5409.99361399076,0.5169,1082.0346091532679
5410.033624664872,0.5223,1059.7762487041543
5410.073635338988,0.5547,939.5891630331851
5410.113646013108,0.5678,896.7339052214935
5410.163659355764,0.5415,985.9556288967036
5410.203670029893,0.5663,901.4906769309755
5410.243680704025,0.5389,995.4923288563936
5410.293694046695,0.529,1033.1013063631606
5410.333704720836,0.546,969.7706151488244
5410.3737153949805,0.542,984.1373649946917
5410.423728737665,0.5618,915.9903131651818
5410.463739411818,0.5223,1059.7762487041543
5410.503750085974,0.5158,1086.6546359625945
5410.553763428676,0.5351,1009.6814363650979
5410.593774102839,0.5191,1072.8825104416908
5410.633784777008,0.5428,981.2385873251068
5410.673795451181,0.5602,921.230137592458
5410.7238087939,0.5688,893.5836096404148
5410.763819468082,0.5298,1029.9836940841376
5410.803830142266,0.5733,879.6106887114819
5410.853843485001,0.5505,953.9808839038454
5410.893854159193,0.5622,914.6873422284403
5410.93386483339,0.6398,706.2623703087338
5410.983878176139,0.561,918.6046213023113
5411.023888850345,0.5507,953.2880886093942
5411.063899524553,0.5525,947.086748148104
5411.103910198766,0.5437,977.9927451833511
5411.153923541535,0.5012,1150.8852897006611
5411.193934215756,0.5279,1037.411188030026
5411.233944889979,0.5679,896.4181266073981
5411.283958232765,0.5703,888.8892019734462
5411.323968906996,0.542,984.1373649946917
5411.363979581234,0.521,1065.0715473733558
5411.413992924034,0.5387,996.2316459349382
5411.454003598278,0.5655,904.0431133298256
5411.494014272526,0.5702,889.2010103172494
5411.544027615343,0.593,822.1386116240142
5411.584038289599,0.5846,845.9346005467964
5411.6240489638585,0.5429,980.877140867138
5411.664059638124,0.4911,1198.7103628114194
5411.714072980959,0.5038,1139.0370382446706
5411.754083655231,0.5184,1075.7819061188407
5411.794094329507,0.5313,1024.1760836766462
5411.8441076723575,0.6001,802.799689401315
5411.884118346643,0.5834,849.418192534278
5411.924129020931,0.5862,841.3230484709244
5411.974142363795,0.5541,941.6251049421564
5412.0141530380915,0.562,915.3384799294006
5412.0541637123915,0.5996,804.1391374873962
5412.104177055273,0.5714,885.4701076235332
5412.14418772958,0.5368,1003.296424012863
5412.184198403893,0.5281,1036.6255695621835
5412.224209078209,0.5418,984.8640665008508
5412.274222421108,0.5566,933.1853929415009
5412.314233095433,0.5423,983.0488199024703
5412.354243769761,0.5393,994.0161615211024
5412.404257112676,0.5101,1111.0754377951027
5412.444267787012,0.5172,1080.7797150661127
5412.484278461352,0.5195,1071.230972574454
5412.534291804283,0.5299,1029.5949850582415
5412.574302478631,0.5676,897.3659632283603
5412.614313152983,0.5648,906.2853980855133
5412.65432382734,0.5485,960.9505713600305
5412.704337170288,0.5232,1056.1333723676
5412.744347844653,0.5117,1104.1380216524603
5412.784358519021,0.5438,977.6330905217195
5412.834371861986,0.5583,927.5110348851078
5412.874382536364,0.5555,936.8848292015006
5412.914393210742,0.5225,1058.9650935705931
5412.964406553723,0.5,1156.4161571154998
5413.0044172281105,0.5069,1125.1478658243093
5413.044427902502,0.5041,1137.6817168621935
5413.094441245498,0.4999,1156.878861459613
5413.134451919898,0.5263,1043.7284131759225
5413.174462594302,0.5156,1087.4978192697754
5413.214473268711,0.4905,1201.6447752203692
5413.264486611725,0.5248,1049.7033637904747
5413.304497286142,0.4952,1178.9431697351697
5413.344507960561,0.5001,1155.9537303101727
5413.394521303592,0.5492,958.5025178517768
5413.43453197802,0.5485,960.9505713600305
5413.474542652451,0.538,998.8257519889183
5413.524555995496,0.548,962.7049275754738
5413.5645666699365,0.5244,1051.3053496105772
5413.60457734438,0.5148,1090.8803855174053
5413.65459068744,0.5382,998.0835458867516
5413.694601361892,0.5068,1125.591929222259
5413.734612036348,0.4887,1210.5129540867588
5413.774622710808,0.4742,1285.6743091625206
5413.824636053888,0.5644,907.570451156009
5413.864646728355,0.5766,869.571133213382
5413.904657402828,0.5,1156.4161571154998
5413.954670745921,0.5281,1036.6255695621835
5413.994681420402,0.5265,1042.9356092309822
5414.034692094886,0.5098,1112.3834803673017
5414.084705437996,0.5542,941.2853220288995
5414.1247161124875,0.5825,852.0450273547261
5414.164726786983,0.5615,916.9693693148593
5414.204737461482,0.5214,1063.4380054274409
5414.254750804613,0.5491,958.8516666594119
5414.294761479121,0.5658,903.0846808332417
5414.334772153632,0.5033,1141.3012952627635
5414.384785496777,0.5661,902.1277716702432
5414.424796171296,0.5217,1062.2153139877214
5414.464806845821,0.6027,795.8882124949679
5414.51482018898,0.5412,987.0490070290685
5414.554830863512,0.5191,1072.8825104416908
5414.594841538047,0.546,969.7706151488244
5414.644854881221,0.566,902.4465723313008
5414.684865555767,0.5461,969.4154860336092
5414.724876230313,0.5828,851.1680634545913
5414.764886904864,0.5721,883.3045813397111
5414.814900248059,0.5778,865.9629643663386
5414.854910922619,0.5218,1061.808218742437
5414.8949215971825,0.5261,1044.5221214582007
5414.944934940391,0.5729,880.8394074760904
5414.984945614963,0.547,966.2280835192084
5415.024956289539,0.5262,1044.1251541889594
5415.074969632764,0.4971,1169.948171867344
5415.114980307348,0.5444,975.4793229458008
5415.154990981934,0.5512,951.5593984945763
5415.195001656526,0.5541,941.6251049421564
5415.2450149997685,0.5027,1144.027326991516
5415.285025674369,0.5267,1042.1437082500534
5415.325036348972,0.5596,923.2066687400835
5415.375049692231,0.5623,914.3620338943231
5415.415060366844,0.5497,956.7596310862313
5415.455071041459,0.5531,945.0330768258165
5415.505084384733,0.5707,887.643607248187
5415.545095059356,0.5664,901.1723826142894
5415.585105733982,0.5532,944.6914477753112
5415.625116408614,0.5043,1136.7795127253044
5415.675129751909,0.5001,1155.9537303101727
5415.715140426549,0.5113,1105.866271611218
5415.755151101192,0.4861,1223.4968842790454
5415.8051644444995,0.5124,1101.123317616596
5415.8451751191515,0.5169,1082.0346091532679
5415.885185793805,0.5308,1026.106484065083
5415.93519913713,0.5327,1018.7998506315072
5415.975209811793,0.5401,991.0736600528377
5416.01522048646,0.4788,1261.089179000523
5416.0652338298,0.5298,1029.9836940841376
5416.105244504475,0.5365,1004.4187819600862
5416.1452551791535,0.57,889.8251194049326
5416.195268522507,0.4555,1393.4045592447553
5416.235279197195,0.529,1033.1013063631606
5416.275289871886,0.5802,858.8136742062403
5416.315300546582,0.5454,971.9054936137012
5416.365313889955,0.5525,947.086748148104
5416.405324564658,0.6261,737.5086219431684
5416.445335239365,0.5452,972.61868655293
5416.495348582754,0.5903,829.6766330942643
5416.535359257469,0.4925,1191.9050598305041
5416.575369932188,0.5564,933.8563860641436
5416.625383275592,0.5071,1124.2605270201113
5416.6653939503185,0.4951,1179.4194613324844
5416.705404625049,0.4842,1233.1177029905946
5416.745415299784,0.5317,1022.635682829472
5416.795428643207,0.5667,900.218510447377
5416.835439317951,0.5974,810.0727183616855
5416.875449992697,0.5935,820.7539596979565
5416.925463336136,0.5757,872.2920795193461
5416.96547401089,0.5293,1031.9305450764014
5417.00548468565,0.5009,1152.264280680002
5417.055498029103,0.5843,846.8034867198543
5417.09550870387,0.5727,881.4547325493054
5417.135519378641,0.5016,1149.0504825054059
5417.185532722109,0.5274,1039.3791458920552
5417.225543396889,0.5382,998.0835458867516
5417.265554071671,0.5055,1131.3887567558988
5417.305564746457,0.4814,1247.5039245480805
5417.355578089946,0.4899,1204.5899758828084
5417.39558876474,0.5281,1036.6255695621835
5417.435599439539,0.5005,1154.1067940416572
5417.485612783042,0.466,1331.3192124802038
5417.525623457849,0.5513,951.2142247701548
5417.565634132659,0.5422,983.4114675085956
5417.6156474761765,0.4932,1188.524119981497
5417.655658150994,0.5423,983.0488199024703
5417.695668825819,0.5722,882.995869052762
5417.735679500644,0.5873,838.1744460472299
5417.7856928441815,0.5249,1049.3034394721037
5417.825703519017,0.5152,1089.187132735786
5417.865714193855,0.5969,811.4304175464016
5417.915727537408,0.5681,895.7870695703058
5417.955738212255,0.5457,970.8371741417066
5417.995748887104,0.5715,885.1602594732032
5418.045762230672,0.5449,973.689948776789
5418.08577290553,0.5667,900.218510447377
5418.125783580393,0.5284,1035.44881407101
5418.175796923975,0.5096,1113.2567924412976
5418.2158075988455,0.5505,953.9808839038454
5418.25581827372,0.564,908.8582393465673
5418.295828948598,0.5375,1000.6848933137566
5418.3458422922,0.564,908.8582393465673
5418.385852967087,0.5661,902.1277716702432
5418.425863641977,0.5011,1151.3446781773798
5418.475876985594,0.5444,975.4793229458008
5418.515887660492,0.5703,888.8892019734462
5418.555898335394,0.5455,971.549191275167
5418.6059116790275,0.4478,1441.73611845734
5418.645922353938,0.5494,957.8047921070763
5418.685933028852,0.5642,908.2140028764599
5418.735946372499,0.5959,814.1560758717126
5418.775957047422,0.5299,1029.5949850582415
5418.8159677223475,0.5441,976.5553160946037
5418.855978397277,0.4854,1227.0282546863336
5418.905991740944,0.5226,1058.559865193004
5418.946002415882,0.5464,968.3512683342818
5418.986013090824,0.5474,964.8165039866111
5419.0360264345045,0.5291,1032.710831320257
5419.076037109455,0.5267,1042.1437082500534
5419.116047784409,0.4748,1282.4269816362369
5419.166061128107,0.4931,1189.006229989493
5419.206071803069,0.518,1077.4439836285385
5419.246082478034,0.5188,1074.123671554756
5419.286093153004,0.529,1033.1013063631606
5419.33610649672,0.553,945.3748912249587
5419.376117171698,0.5723,882.6873185785554
5419.416127846679,0.5725,882.070702616203
5419.466141190412,0.5489,959.5505368399215
5419.506151865401,0.5178,1078.2764671998996
5419.546162540394,0.5419,984.5006151710747
5419.596175884141,0.5198,1069.994820456232
5419.636186559143,0.5884,835.0434857973024
5419.676197234148,0.5501,955.3687420933069
5419.716207909158,0.5577,929.5078252026706
5419.766221252924,0.5593,924.1973205700936
5419.806231927942,0.5088,1116.760345280548
5419.846242602963,0.4935,1187.0795479941883
5419.896255946744,0.473,1292.2060764047042
5419.936266621773,0.5035,1140.3947829641436
5419.976277296806,0.5842,847.0934129480099
5420.026290640603,0.5541,941.6251049421564
5420.066301315644,0.526,1044.91931515572
5420.106311990689,0.509,1115.882908149467
5420.1563253345,0.4921,1193.8435065715425
5420.196336009553,0.5508,952.9419739320118
5420.23634668461,0.5224,1059.3705546815588
5420.276357359673,0.5089,1116.3214974014788
5420.326370703502,0.563,912.0897270150829
5420.3663813785715,0.5793,861.4842469110858
5420.406392053644,0.5375,1000.6848933137566
5420.45640539749,0.5195,1071.230972574454
5420.496416072572,0.5629,912.4138233460192
5420.536426747656,0.5615,916.9693693148593
5420.586440091517,0.5002,1155.491580821712
5420.62645076661,0.5032,1141.754956801345
5420.666461441707,0.5975,809.8015874581513
5420.716474785584,0.5732,879.9176272606666
5420.756485460689,0.5727,881.4547325493054
5420.796496135797,0.5801,859.1097908124791
5420.836506810909,0.5596,923.2066687400835
5420.886520154805,0.5818,854.0965546658855
5420.9265308299255,0.5481,962.3536722025697
5420.96654150505,0.5621,915.0128241989344
5421.016554848961,0.5913,826.8727309722584
5421.0565655240935,0.5265,1042.9356092309822
5421.096576199229,0.5196,1070.8186839566488
5421.146589543157,0.489,1209.0281207651249
5421.186600218301,0.5758,871.989121958122
5421.226610893449,0.5657,903.403988913234
5421.27662423739,0.5596,923.2066687400835
5421.316634912547,0.527,1040.95754683844
5421.356645587707,0.6054,788.8049526793899
5421.396656262871,0.5596,923.2066687400835
5421.446669606831,0.5323,1020.3315894657607
5421.486680282002,0.5234,1055.3263952395218
5421.526690957178,0.5515,950.5244405286498
5421.576704301154,0.5187,1074.537870567801
5421.616714976338,0.5406,989.2412266319819
5421.656725651526,0.5322,1020.7150639233713
5421.706738995517,0.5486,960.6002756115938
5421.746749670714,0.5138,1095.1308325356395
5421.7867603459135,0.5857,842.7600993858415
5421.826771021118,0.5565,933.5207990726458
5421.876784365128,0.508,1120.2804633351318
5421.916795040338,0.5385,996.9717869165338
5421.956805715555,0.5913,826.8727309722584
5422.006819059579,0.5372,1001.8028707296373
5422.046829734804,0.5019,1147.6772550286682
5422.08684041003,0.5585,926.8468677925679
5422.136853754071,0.5662,901.8091399098984
5422.176864429307,0.5243,1051.7064190754134
5422.2168751045465,0.5043,1136.7795127253044
5422.25688577979,0.5292,1032.3205776137543
5422.30689912385,0.5202,1068.3499432752965
5422.346909799101,0.4927,1190.9376064278272
5422.386920474357,0.5679,896.4181266073981
5422.436933818431,0.5302,1028.4301773335642
5422.476944493695,0.5161,1085.3916985029048
5422.516955168961,0.5862,841.3230484709244
5422.566968513052,0.4919,1194.814503749045
5422.606979188326,0.4443,1464.5402613930946
5422.646989863606,0.5545,940.2670760473927
5422.697003207711,0.5217,1062.2153139877214
5422.737013882997,0.4872,1217.978310836665
5422.77702455829,0.5018,1148.1347238702385
5422.817035233585,0.5103,1110.2046907588485
5422.867048577708,0.5573,930.8426032131093
5422.907059253011,0.5742,876.855454200019
5422.9470699283165,0.5168,1082.4533928998014
5422.997083272456,0.5689,893.2694934501849
5423.0370939477725,0.5685,894.5269529765903
5423.077104623091,0.4267,1587.846716917672
5423.127117967245,0.4829,1239.7659011673725
5423.167128642573,0.541,987.7789365158359
5423.207139317903,0.5836,848.8361012460364
5423.257152662071,0.5893,832.4948213643896
5423.29716333741,0.5937,820.201078219877
5423.337174012753,0.5284,1035.44881407101
5423.377184688101,0.5718,884.2316902091655
5423.427198032289,0.5483,961.6517379317046
5423.467208707644,0.5259,1045.316735453755
5423.507219383002,0.5814,855.272184375535
5423.557232727206,0.5676,897.3659632283603
5423.597243402573,0.6035,793.7795546510921
5423.637254077943,0.4927,1190.9376064278272
5423.687267422161,0.4925,1191.9050598305041
5423.727278097541,0.5168,1082.4533928998014
5423.767288772923,0.5511,951.9047601364792
5423.807299448308,0.531,1025.333669517437
5423.857312792547,0.4714,1300.992814077055
5423.897323467941,0.5177,1078.6930708410175
5423.937334143339,0.5186,1074.9523092095471
5423.987347487591,0.5529,945.7168911068417
5424.027358162998,0.5392,994.3848953834057
5424.0673688384095,0.5375,1000.6848933137566
5424.117382182676,0.5835,849.1270720713545
5424.157392858094,0.501,1151.8043417639221
5424.197403533517,0.4814,1247.5039245480805
5424.2474168778,0.4913,1197.7346136264155
5424.2874275532295,0.5571,931.5110706472582
5424.327438228663,0.5965,812.5190359808184
5424.367448904102,0.4919,1194.814503749045
5424.417462248403,0.541,987.7789365158359
5424.457472923849,0.5238,1053.7152132129474
5424.4974835993,0.5123,1101.5532331490704
5424.547496943617,0.5525,947.086748148104
5424.587507619075,0.5285,1035.05700748856
5424.627518294536,0.4812,1248.5411320123533
5424.677531638869,0.5056,1130.9412588786308
5424.717542314339,0.5366,1004.0444534772402
5424.757552989813,0.5287,1034.274061185161
5424.797563665289,0.4869,1219.4796676230812
5424.847577009642,0.496,1175.1432018769394
5424.887587685127,0.4537,1404.4827959851234
5424.927598360617,0.4971,1169.948171867344
5424.977611704983,0.5787,863.271555056255
5425.017622380481,0.5769,868.6669797769345
5425.0576330559825,0.5841,847.3834880978656
5425.107646400364,0.5585,926.8468677925679
5425.147657075872,0.5708,887.3326176553029
5425.1876677513865,0.5384,997.3421667535983
5425.237681095782,0.5127,1099.8350800309834
5425.277691771305,0.4805,1252.1815631629565
5425.3177024468305,0.4821,1243.8838583157499
5425.357713122357,0.5183,1076.1970647566852
5425.407726466775,0.5324,1019.9483310699773
5425.447737142311,0.5612,917.9499959999262
5425.487747817851,0.5868,839.6034339679923
5425.537761162283,0.5516,950.1798297393217
5425.577771837832,0.5807,857.3353851336137
5425.617782513385,0.5496,957.107827931717
5425.66779585783,0.5611,918.2772211501212
5425.707806533393,0.5342,1013.0864422494996
5425.747817208958,0.5945,817.9951294467905
5425.797830553417,0.571,886.7111285733788
5425.837841228991,0.5058,1130.0470592508993
5425.877851904566,0.551,952.2503098322956
5425.917862580149,0.5695,891.3882698393311
5425.967875924629,0.561,918.6046213023113
5426.007886600218,0.5278,1037.8043322130668
5426.047897275809,0.5687,893.8978915471496
5426.097910620304,0.5325,1019.5652885737366
5426.1379212959055,0.5467,967.2888021099142
5426.1779319715115,0.5718,884.2316902091655
5426.227945316022,0.5261,1044.5221214582007
5426.267955991633,0.5099,1111.9472096394588
5426.307966667248,0.5519,949.1471210661549
5426.34797734287,0.5442,976.1964539858154
5426.397990687399,0.523,1056.941275457291
5426.438001363027,0.5642,908.2140028764599
5426.4780120386595,0.57,889.8251194049326
5426.528025383204,0.4885,1211.5043631161097
5426.568036058845,0.5179,1077.8601048578444
5426.608046734488,0.5709,887.0217914685202
5426.6580600790485,0.5767,869.2695919497598
5426.698070754699,0.5831,850.2924527753522
5426.738081430355,0.5681,895.7870695703058
5426.788094774931,0.5119,1103.2754155407408
5426.828105450594,0.5621,915.0128241989344
5426.868116126262,0.5676,897.3659632283603
5426.908126801933,0.5316,1023.0204570745707
5426.9581401465275,0.5289,1033.4920029098741
5426.998150822206,0.537,1002.5492301783919
5427.0381614978905,0.4882,1212.9937618659287
5427.088174842499,0.5454,971.9054936137012
5427.1281855181915,0.5825,852.0450273547261
5427.168196193887,0.5498,956.4116242177621
5427.2182095385115,0.5641,908.5360354571097
5427.258220214214,0.5457,970.8371741417066
5427.298230889922,0.5204,1067.5289266748855
5427.338241565632,0.5386,996.6016133613656
5427.388254910276,0.5194,1071.643499348311
5427.428265585994,0.5415,985.9556288967036
5427.4682762617185,0.5141,1093.8530937590815
5427.518289606377,0.5562,934.5281031485418
5427.558300282109,0.5675,897.6822428564734
5427.598310957844,0.5442,976.1964539858154
5427.648324302517,0.4741,1286.216729406276
5427.68833497826,0.5604,920.572704254599
5427.728345654006,0.5794,861.1869019274736
5427.778358998695,0.5435,978.71265016113
5427.818369674451,0.5551,938.2355345814976
5427.85838035021,0.5449,973.689948776789
5427.898391025971,0.5729,880.8394074760904
5427.948404370679,0.5525,947.086748148104
5427.9884150464495,0.5337,1014.9855599190778
5428.028425722225,0.5559,935.537038483006
5428.078439066947,0.5618,915.9903131651818
5428.118449742729,0.5105,1109.334966925046
5428.158460418515,0.5147,1091.304315666272
5428.208473763253,0.5026,1144.4826150381696
5428.248484439047,0.5292,1032.3205776137543
5428.288495114845,0.5561,934.8642335019064
5428.338508459599,0.5518,949.4911701438269
5428.378519135405,0.5174,1079.9443314245786
5428.418529811215,0.5451,972.9755774414413
5428.458540487029,0.5527,946.4014478558508
5428.508553831801,0.5442,976.1964539858154
5428.548564507623,0.5233,1055.7297681468283
5428.588575183449,0.5178,1078.2764671998996
5428.638588528236,0.5732,879.9176272606666
5428.67859920407,0.5762,870.7788686561303
5428.718609879908,0.5879,836.4644709309891
5428.76862322471,0.547,966.2280835192084
5428.808633900556,0.5272,1040.1678972763223
5428.848644576405,0.5526,946.7440049917923
5428.88865525226,0.5584,927.1788621331749
5428.93866859708,0.5372,1001.8028707296373
5428.978679272942,0.5286,1034.6654232493445
5429.018689948807,0.5793,861.4842469110858
5429.068703293645,0.5484,961.3010587534599
5429.108713969517,0.5499,956.0638071881317
5429.148724645394,0.5543,940.9457229971057
5429.198737990245,0.5114,1105.4338289095554
5429.238748666131,0.6162,761.3968910758081
5429.278759342021,0.46,1366.2757028410945
5429.328772686886,0.4505,1424.5063123330797
5429.368783362783,0.515,1090.0332659471562
5429.408794038684,0.5249,1049.3034394721037
5429.44880471459,0.5258,1045.7143825247074
5429.498818059475,0.5463,968.7058127690644
5429.538828735388,0.5609,918.9321965813082
5429.578839411305,0.5046,1135.4282174383934
5429.628852756206,0.5063,1127.8161944737553
5429.66886343213,0.5342,1013.0864422494996
5429.708874108059,0.5208,1065.8897301754669
5429.758887452975,0.5187,1074.537870567801
5429.798898128912,0.5259,1045.316735453755
5429.838908804852,0.5428,981.2385873251068
5429.888922149783,0.5189,1073.7097119857092
5429.928932825731,0.5707,887.643607248187
5429.968943501683,0.5303,1028.0423473235555
5430.008954177641,0.5655,904.0431133298256
5430.05896752259,0.5289,1033.4920029098741
5430.0989781985545,0.531,1025.333669517437
5430.1389888745225,0.5703,888.8892019734462
5430.189002219488,0.5529,945.7168911068417
5430.229012895464,0.5387,996.2316459349382
5430.2690235714435,0.553,945.3748912249587
5430.319036916423,0.5296,1030.7617728090972
5430.359047592412,0.5808,857.0401853736822
5430.399058268404,0.5709,887.0217914685202
5430.439068944399,0.5255,1046.9086861015426
5430.489082289397,0.5441,976.5553160946037
5430.529092965402,0.5215,1063.0302071505123
5430.56910364141,0.5769,868.6669797769345
5430.619116986422,0.5237,1054.1176626319718
5430.659127662439,0.5681,895.7870695703058
5430.6991383384575,0.5661,902.1277716702432
5430.749151683487,0.5152,1089.187132735786
5430.789162359515,0.5233,1055.7297681468283
5430.829173035546,0.5487,960.2501713684544
5430.879186380591,0.5262,1044.1251541889594
5430.91919705663,0.5179,1077.8601048578444
5430.959207732673,0.5286,1034.6654232493445
5430.99921840872,0.5215,1063.0302071505123
5431.049231753784,0.5753,873.5054899972929
5431.089242429839,0.5733,879.6106887114819
5431.129253105898,0.5431,980.1548468304095
5431.179266450977,0.507,1124.7040651593343
5431.219277127043,0.4843,1232.6085194894365
5431.259287803113,0.5234,1055.3263952395218
5431.309301148206,0.5017,1148.592466289756
5431.349311824285,0.5809,856.745138053332
5431.3893225003685,0.5342,1013.0864422494996
5431.429333176455,0.5518,949.4911701438269
5431.479346521567,0.5956,814.9764517121083
5431.519357197662,0.5988,806.2892375805699
5431.5593678737605,0.5597,922.8768054039314
5431.609381218887,0.5018,1148.1347238702385
5431.649391894995,0.55,955.7161798592889
5431.689402571104,0.5616,916.6428429267476
5431.739415916246,0.5804,858.221900101657
5431.779426592367,0.579,862.377206435135
5431.8194372684875,0.5693,892.014683526121
5431.869450613644,0.545,973.3326648013146
5431.909461289774,0.4897,1205.5741159688387
5431.949471965908,0.5316,1023.0204570745707
5431.989482642045,0.5253,1047.7060255187653
5432.039495987223,0.4851,1228.546381017488
5432.079506663369,0.503,1142.663091731818
5432.119517339519,0.5363,1005.1680672072514
5432.1695306847105,0.5513,951.2142247701548
5432.209541360868,0.5271,1040.562609699946
5432.2495520370285,0.5142,1093.427677733282
5432.299565382236,0.5233,1055.7297681468283
5432.339576058406,0.605,789.8483436347323
5432.379586734579,0.5505,953.9808839038454
5432.4296000798,0.4896,1206.0666383427674
5432.469610755982,0.5169,1082.0346091532679
5432.509621432168,0.4956,1177.040885588521
5432.5496321083565,0.5457,970.8371741417066
5432.599645453598,0.5281,1036.6255695621835
5432.639656129794,0.5175,1079.5270027665938
5432.679666805995,0.5222,1060.182175816805
5432.729680151252,0.5453,972.2619919916748
5432.769690827461,0.5612,917.9499959999262
5432.809701503674,0.5404,989.973589661299
5432.859714848943,0.5393,994.0161615211024
5432.899725525165,0.5472,965.5219068074904
5432.93973620139,0.5674,897.998689724774
5432.979746877618,0.5207,1066.2991751665827
5433.029760222908,0.5059,1129.6003570808423
5433.069770899145,0.5694,891.701394173166
5433.109781575385,0.5453,972.2619919916748
5433.159794920689,0.5268,1041.7480959426407
5433.199805596938,0.5112,1106.2989681181334
5433.23981627319,0.5537,942.9860780671753
5433.28982961851,0.5332,1016.890022687304
5433.32984029477,0.5483,961.6517379317046
5433.369850971034,0.5753,873.5054899972929
5433.419864316369,0.5801,859.1097908124791
5433.459874992642,0.5319,1021.866785292299
5433.499885668917,0.5454,971.9054936137012
5433.539896345197,0.4927,1190.9376064278272
5433.589909690552,0.4891,1208.5337833894964
5433.6299203668395,0.475,1281.3472727534543
5433.669931043131,0.4668,1326.7599132152418
5433.7199443885,0.4691,1313.7816124308574
5433.7599550648,0.509,1115.882908149467
5433.799965741104,0.5566,933.1853929415009
5433.849979086487,0.5452,972.61868655293
5433.889989762799,0.5145,1092.1529176514475
5433.930000439113,0.5323,1020.3315894657607
5433.970011115433,0.544,976.9143761231155
5434.020024460837,0.4911,1198.7103628114194
5434.060035137163,0.5205,1067.1187732348485
5434.100045813494,0.5364,1004.793319818031
5434.150059158913,0.5585,926.8468677925679
5434.190069835252,0.577,868.3659086503775
5434.230080511596,0.5552,937.8975845275681
5434.280093857028,0.5093,1114.5686901249412
5434.320104533379,0.5445,975.1210537241044
5434.3601152097335,0.5509,952.5960477185802
5434.4101285551815,0.5579,928.841512564995
5434.450139231543,0.517,1081.6160683907385
5434.49014990791,0.5605,920.2442514654936
5434.5301605842815,0.5893,832.4948213643896
5434.580173929748,0.5426,981.962079856178
5434.620184606126,0.5053,1132.2845496877774
5434.6601952825085,0.5067,1126.0362555606112
5434.71020862799,0.5152,1089.187132735786
5434.750219304381,0.5394,993.6476327194207
5434.790229980776,0.5526,946.7440049917923
5434.840243326273,0.5346,1011.5709831528128
5434.8802540026745,0.4993,1159.660928294308
5434.92026467908,0.5697,890.7625157656285
5434.9702780245925,0.5884,835.0434857973024
5435.010288701007,0.5638,909.5031615381224
5435.050299377424,0.519,1073.2959916761365
5435.090310053844,0.5514,950.8692388269075
5435.140323399378,0.537,1002.5492301783919
5435.180334075806,0.5925,823.5267704709485
5435.22034475224,0.509,1115.882908149467
5435.270358097787,0.5034,1140.847904055276
5435.310368774228,0.5321,1021.0987546052461
5435.350379450673,0.5494,957.8047921070763
5435.400392796235,0.5527,946.4014478558508
5435.440403472689,0.5331,1017.2715584179348
5435.480414149146,0.4491,1433.4014931742997
5435.520424825605,0.4794,1257.9344921806353
5435.570438171188,0.5118,1103.706592189154
5435.610448847656,0.5467,967.2888021099142
5435.650459524129,0.5282,1036.233094939221
5435.700472869724,0.5334,1016.1275948853346
5435.740483546204,0.5273,1039.7734093971208
5435.780494222689,0.5278,1037.8043322130668
5435.830507568298,0.5717,884.5410508797304
5435.870518244792,0.6007,801.1967646357931
5435.910528921288,0.5557,936.21057003402
5435.960542266914,0.4842,1233.1177029905946
5436.000552943418,0.4755,1278.6539585648195
5436.040563619925,0.5333,1016.5087015634106
5436.080574296438,0.5275,1038.9851065910004
5436.130587642083,0.5166,1083.2916900975533
5436.170598318603,0.5645,907.2489317736907
5436.210608995126,0.6176,757.9488802262666
5436.2606223407865,0.5792,861.7817459192861
5436.300633017319,0.5999,803.3350667461971
5436.340643693853,0.5225,1058.9650935705931
5436.3906570395275,0.5146,1091.7284929802274
5436.430667716073,0.4633,1346.881604827103
5436.470678392619,0.3948,1854.8099145042163
5436.51068906917,0.4704,1306.53011382406
5436.560702414864,0.5684,894.8417327327812
5436.600713091425,0.5521,948.4595836731199
5436.640723767988,0.4992,1160.1255816423575
5436.690737113697,0.4565,1387.306529316421
5436.730747790266,0.5372,1001.8028707296373
5436.770758466842,0.6225,746.0634940633661
5436.820771812567,0.5474,964.8165039866111
5436.860782489148,0.5383,997.7127530258576
5436.900793165735,0.5562,934.5281031485418
5436.950806511473,0.5448,974.0474295122355
5436.990817188068,0.5336,1015.3660242237112
5437.030827864667,0.5476,964.1118739261865
5437.07083854127,0.4906,1201.1549587264706
5437.120851887026,0.4883,1212.4969905890612
5437.160862563638,0.5855,843.3359508618738
5437.200873240252,0.4965,1172.7775440243418
5437.250886586024,0.5039,1138.5849954758182
5437.290897262647,0.5323,1020.3315894657607
5437.330907939273,0.5537,942.9860780671753
5437.38092128506,0.5533,944.3500039394598
5437.420931961694,0.5195,1071.230972574454
5437.460942638332,0.4862,1222.9936475262816
5437.510955984136,0.5515,950.5244405286498
5437.55096666078,0.5399,991.8080593044529
5437.5909773374315,0.5019,1147.6772550286682
5437.630988014084,0.5108,1108.0322961743132
5437.681001359906,0.519,1073.2959916761365
5437.721012036567,0.5016,1149.0504825054059
5437.761022713233,0.5417,985.2277191325676
5437.81103605907,0.5845,846.2240806210392
5437.851046735742,0.5197,1070.4066333116107
5437.89105741242,0.5332,1016.890022687304
5437.941070758272,0.4911,1198.7103628114194
5437.9810814349585,0.456,1390.3505294663516
5438.021092111645,0.4999,1156.878861459613
5438.061102788338,0.5571,931.5110706472582
5438.11111613421,0.5374,1001.0573444247254
5438.151126810911,0.5269,1041.3527088624144
5438.1911374876145,0.5704,888.5775576095506
5438.241150833501,0.585,844.778164379842
5438.281161510215,0.5078,1121.1630934027423
5438.32117218693,0.5406,989.2412266319819
5438.371185532831,0.45,1427.6736335234107
5438.411196209555,0.5079,1120.7216480339814
5438.451206886283,0.5063,1127.8161944737553
5438.501220232199,0.5094,1114.1311333513215
5438.541230908935,0.5057,1130.4940264469315
5438.581241585675,0.5104,1109.769701041871
5438.621252262418,0.5319,1021.866785292299
5438.671265608353,0.5394,993.6476327194207
5438.711276285105,0.5003,1155.0297084284198
5438.75128696186,0.4871,1218.4784548864684
5438.801300307811,0.5391,994.7538344584949
5438.841310984574,0.5103,1110.2046907588485
5438.881321661343,0.531,1025.333669517437
5438.931335007307,0.5261,1044.5221214582007
5438.971345684083,0.5587,926.1834138344685
5439.011356360863,0.5637,909.8258800835991
5439.051367037645,0.5414,986.3198863269058
5439.101380383629,0.5334,1016.1275948853346
5439.141391060419,0.5142,1093.427677733282
5439.181401737215,0.6125,770.6235779932622
5439.2314150832135,0.4684,1317.7112979361711
5439.271425760016,0.4857,1225.5129405620578
5439.311436436823,0.5142,1093.427677733282
5439.361449782837,0.4895,1206.559462599234
5439.401460459652,0.5168,1082.4533928998014
5439.44147113647,0.5541,941.6251049421564
5439.491484482497,0.5591,924.8586412410796
5439.5314951593255,0.5542,941.2853220288995
5439.571505836156,0.5481,962.3536722025697
5439.6115165129895,0.4818,1245.4333832677366
5439.661529859038,0.4414,1483.8475066365525
5439.701540535878,0.5118,1103.706592189154
5439.7415512127245,0.4892,1208.0397491327385
5439.791564558787,0.55,955.7161798592889
5439.831575235642,0.5465,967.996918507741
5439.8715859124995,0.54,991.4407576789393
5439.921599258577,0.552,948.8032589544008
5439.961609935442,0.5307,1026.493219028348
5440.001620612311,0.4782,1264.2557478489014
5440.051633958405,0.4737,1288.3898466755136
5440.091644635281,0.5339,1014.2252725605806
5440.131655312163,0.5432,979.7939989576856
5440.171665989048,0.5356,1007.7971789570017
5440.22167933516,0.5073,1123.3742374910528
5440.261690012053,0.5553,937.5598170338845
5440.30170068895,0.5583,927.5110348851078
5440.351714035076,0.5668,899.9008895898883
5440.391724711982,0.5863,841.0360793884629
5440.431735388891,0.5553,937.5598170338845
5440.481748735032,0.5375,1000.6848933137566
5440.521759411949,0.5375,1000.6848933137566
5440.56177008887,0.5463,968.7058127690644
5440.6017807657945,0.4986,1162.919375341307
5440.6517941119555,0.51,1111.511195515792
5440.691804788887,0.5546,939.9280278645157
5440.731815465823,0.5467,967.2888021099142
5440.781828811998,0.5345,1011.9495289780806
5440.821839488943,0.5481,962.3536722025697
5440.861850165891,0.5594,923.8669261966144
5440.91186351208,0.5464,968.3512683342818
5440.951874189038,0.5344,1012.3282873298455
5440.991884865996,0.5293,1031.9305450764014
5441.041898212201,0.5716,884.850573929856
5441.0819088891685,0.5693,892.014683526121
5441.1219195661415,0.5259,1045.316735453755
5441.161930243116,0.5612,917.9499959999262
5441.21194358934,0.5977,809.259733854835
5441.251954266324,0.5391,994.7538344584949
5441.291964943312,0.4564,1387.9145290853123
5441.341978289551,0.4807,1251.139816986078
5441.381988966547,0.5733,879.6106887114819
5441.421999643545,0.5308,1026.106484065083
5441.472012989799,0.4792,1258.984737901183
5441.512023666805,0.5691,892.6417577533958
5441.552034343817,0.5141,1093.8530937590815
5441.592045020831,0.5568,932.5151227406278
5441.642058367106,0.5131,1098.120943626918
5441.682069044128,0.4889,1209.5227615076494
5441.722079721155,0.5247,1050.1035167890425
5441.772093067441,0.5429,980.877140867138
5441.812103744476,0.5365,1004.4187819600862
5441.852114421515,0.5579,928.841512564995
5441.902127767818,0.5508,952.9419739320118
5441.942138444864,0.5977,809.259733854835
5441.982149121914,0.4996,1158.2686419471977
5442.032162468232,0.5408,988.5096759838539
5442.07217314529,0.5558,935.8737133719081
5442.112183822353,0.5051,1133.1814069259265
5442.152194499417,0.5067,1126.0362555606112
5442.202207845754,0.5483,961.6517379317046
5442.242218522826,0.5508,952.9419739320118
5442.2822291999055,0.5193,1072.0562644616814
5442.3322425462575,0.5087,1117.1994519900566
5442.372253223342,0.5124,1101.123317616596
5442.412263900432,0.5279,1037.411188030026
5442.462277246797,0.5543,940.9457229971057
5442.502287923896,0.5656,903.7234663721557
5442.542298600996,0.5349,1010.4366192470118
5442.592311947377,0.5635,910.4718326832079
5442.632322624486,0.5334,1016.1275948853346
5442.672333301599,0.5482,962.0026090347152
5442.712343978716,0.5385,996.9717869165338
5442.762357325116,0.5177,1078.6930708410175
5442.802368002241,0.5407,988.8753498353888
5442.842378679371,0.5701,889.5129827560232
5442.892392025785,0.5744,876.244937993695
5442.9324027029215,0.5786,863.5699804495599
5442.972413380063,0.5339,1014.2252725605806
5443.022426726492,0.4906,1201.1549587264706
5443.062437403641,0.5524,947.429677459498
5443.102448080793,0.4763,1274.3622853968914
5443.142458757949,0.4874,1216.978946109564
5443.192472104397,0.4965,1172.7775440243418
5443.232482781562,0.5149,1090.4567023416348
5443.272493458729,0.5102,1110.6399362763898
5443.322506805194,0.5073,1123.3742374910528
5443.362517482369,0.5517,949.8354063229852
5443.402528159549,0.4981,1165.255253108732
5443.452541506028,0.5729,880.8394074760904
5443.492552183215,0.5145,1092.1529176514475
5443.532562860407,0.5571,931.5110706472582
5443.582576206899,0.5067,1126.0362555606112
5443.6225868841,0.4597,1368.0595425768877
5443.6625975613015,0.4881,1213.490838503058
5443.702608238508,0.5519,949.1471210661549
5443.752621585022,0.5588,925.8519539618302
5443.792632262236,0.5208,1065.8897301754669
5443.832642939456,0.5153,1088.764435536215
5443.882656285982,0.516,1085.8124329091997
5443.922666963209,0.4488,1435.3184415369096
5443.962677640439,0.5162,1084.971208590703
5444.012690986983,0.5857,842.7600993858415
5444.052701664221,0.5265,1042.9356092309822
5444.092712341463,0.6044,791.4173160066457
5444.132723018708,0.517,1081.6160683907385
5444.182736365271,0.5454,971.9054936137012
5444.222747042525,0.5496,957.107827931717
5444.262757719783,0.5308,1026.106484065083
5444.312771066359,0.5183,1076.1970647566852
5444.352781743625,0.5099,1111.9472096394588
5444.392792420895,0.4937,1186.1179626597789
5444.442805767486,0.4833,1237.7145867934864
5444.482816444763,0.5211,1064.662809200516
5444.522827122044,0.5456,971.1930848323617
5444.5728404686515,0.5547,939.5891630331851
5444.612851145941,0.5011,1151.3446781773798
5444.652861823234,0.5223,1059.7762487041543
5444.69287250053,0.4953,1178.4671665948827
5444.742885847155,0.523,1056.941275457291
5444.78289652446,0.5336,1015.3660242237112
5444.822907201769,0.528,1037.0182672027852
5444.872920548409,0.5298,1029.9836940841376
5444.912931225725,0.5498,956.4116242177621
5444.952941903045,0.5525,947.086748148104
5445.002955249701,0.5066,1126.480845046997
5445.042965927029,0.4897,1205.5741159688387
5445.082976604362,0.4875,1216.4797249272438
5445.132989951032,0.4952,1178.9431697351697
5445.173000628372,0.4783,1263.727158702424
5445.2130113057165,0.5029,1143.1175655542568
5445.253021983063,0.5379,999.1971655377853
5445.303035329753,0.5093,1114.5686901249412
5445.343046007108,0.4703,1307.085787325682
5445.383056684468,0.4886,1211.008506420665
5445.433070031172,0.4999,1156.878861459613
5445.473080708541,0.5324,1019.9483310699773
5445.51309138591,0.5594,923.8669261966144
5445.563104732631,0.5005,1154.1067940416572
5445.603115410009,0.4945,1182.283281585165
5445.643126087392,0.5108,1108.0322961743132
5445.683136764778,0.513,1098.5491018460054
5445.733150111517,0.5035,1140.3947829641436
5445.773160788912,0.4949,1180.372910830912
5445.81317146631,0.5106,1108.9004882081576
5445.8631848130635,0.5408,988.5096759838539
5445.90319549047,0.5626,913.3871494759253
5445.94320616788,0.5599,922.2176088839502
5445.9932195146475,0.5589,925.5206719902254
5446.033230192066,0.5371,1002.1759462334713
5446.073240869488,0.514,1094.2787581058412
5446.12325421627,0.5202,1068.3499432752965
5446.1632648937,0.5226,1058.559865193004
5446.203275571134,0.5141,1093.8530937590815
5446.243286248571,0.5002,1155.491580821712
5446.293299595373,0.4822,1243.367992575734
5446.333310272818,0.5121,1102.4138198988185
5446.373320950267,0.5188,1074.123671554756
5446.423334297085,0.4928,1190.4543213805541
5446.4633449745415,0.5272,1040.1678972763223
5446.503355652002,0.5415,985.9556288967036
5446.553368998835,0.5586,926.5150517355426
5446.593379676304,0.5178,1078.2764671998996
5446.633390353776,0.5145,1092.1529176514475
5446.683403700624,0.5214,1063.4380054274409
5446.723414378104,0.5101,1111.0754377951027
5446.763425055588,0.543,980.5158940845888
5446.803435733077,0.5414,986.3198863269058
5446.853449079942,0.5433,979.4333503196378
5446.893459757439,0.5285,1035.05700748856
5446.9334704349385,0.5002,1155.491580821712
5446.983483781819,0.4973,1169.007322834423
5447.023494459327,0.4991,1160.5905143125651
5447.06350513684,0.6036,793.5165617796466
5447.113518483734,0.6307,726.789856744917
5447.1535291612545,0.6294,729.7952620837082
5447.193539838778,0.5827,851.4602342591339
5447.233550516305,0.551,952.2503098322956
5447.283563863219,0.5434,979.0729007696224
5447.323574540754,0.5242,1052.1077180940194
5447.363585218294,0.505,1133.6302351868142
5447.413598565222,0.5072,1123.8172511996224
5447.453609242768,0.495,1179.8960416199466
5447.49361992032,0.4763,1274.3622853968914
5447.543633267264,0.5391,994.7538344584949
5447.583643944823,0.5331,1017.2715584179348
5447.623654622385,0.5227,1058.1548693707068
5447.673667969344,0.59,830.5205851222854
5447.7136786469155,0.5308,1026.106484065083
5447.753689324489,0.5008,1152.7244951455523
5447.793700002067,0.5303,1028.0423473235555
5447.843713349045,0.5063,1127.8161944737553
5447.883724026632,0.509,1115.882908149467
5447.923734704222,0.5118,1103.706592189154
5447.973748051213,0.5327,1018.7998506315072
5448.013758728812,0.5412,987.0490070290685
5448.053769406415,0.5092,1115.006504714082
5448.103782753421,0.5273,1039.7734093971208
5448.143793431032,0.5172,1080.7797150661127
5448.183804108645,0.5243,1051.7064190754134
5448.223814786261,0.5636,910.1487704246412
5448.273828133289,0.5765,869.8728314068702
5448.313838810914,0.5069,1125.1478658243093
5448.353849488543,0.5199,1069.58324520758
5448.403862835584,0.5142,1093.427677733282
5448.443873513222,0.5349,1010.4366192470118
5448.483884190862,0.5,1156.4161571154998
5448.533897537917,0.5497,956.7596310862313
5448.573908215567,0.5311,1024.9475896040303
5448.613918893218,0.5136,1095.9839025713513
5448.663932240289,0.5203,1067.9393166277416
5448.70394291795,0.4869,1219.4796676230812
5448.743953595614,0.4766,1272.758476919301
5448.783964273283,0.53,1029.2064960351493
5448.833977620372,0.5466,967.6427631470418
5448.873988298048,0.5463,968.7058127690644
5448.913998975728,0.5084,1118.51832713805
5448.964012322833,0.6067,785.4281729871007
5449.004023000521,0.5434,979.0729007696224
5449.044033678211,0.5608,919.2599471120345
5449.094047025331,0.535,1010.0589219394948
5449.1340577030305,0.5114,1105.4338289095554
5449.174068380735,0.4995,1158.7324586700959
5449.22408172787,0.5096,1113.2567924412976
5449.2640924055795,0.5316,1023.0204570745707
5449.304103083295,0.5295,1031.1511428409294
5449.344113761014,0.5607,919.5878730195249
5449.394127108167,0.5911,827.43237314363
5449.434137785894,0.5259,1045.316735453755
5449.474148463624,0.445,1459.936353245167
5449.524161810793,0.4926,1191.4211858314457
5449.564172488531,0.541,987.7789365158359
5449.604183166273,0.4306,1559.2143697525619
5449.6541965134575,0.4963,1173.722949210072
5449.694207191207,0.4631,1348.0452148772104
5449.7342178689605,0.4652,1335.902053664092
5449.774228546718,0.55,955.7161798592889
5449.824241893922,0.5521,948.4595836731199
5449.864252571686,0.5456,971.1930848323617
5449.904263249457,0.5113,1105.866271611218
5449.954276596673,0.4833,1237.7145867934864
5449.99428727445,0.5125,1100.6936537169504
5450.034297952231,0.5017,1148.592466289756
5450.084311299463,0.5155,1087.919778993993
5450.124321977251,0.5142,1093.427677733282
5450.164332655046,0.5259,1045.316735453755
5450.214346002292,0.5458,970.4814590597539
5450.254356680092,0.5284,1035.44881407101
5450.294367357898,0.5292,1032.3205776137543
5450.334378035706,0.535,1010.0589219394948
5450.384391382971,0.4852,1228.0400260102974
5450.424402060788,0.4944,1182.7615989222363
5450.464412738609,0.4505,1424.5063123330797
5450.514426085889,0.5002,1155.491580821712
5450.554436763718,0.528,1037.0182672027852
5450.594447441549,0.5654,904.3629299061682
5450.644460788843,0.5417,985.2277191325676
5450.684471466684,0.5804,858.221900101657
5450.724482144527,0.5303,1028.0423473235555
5450.764492822375,0.5113,1105.866271611218
5450.81450616969,0.5501,955.3687420933069
5450.854516847545,0.552,948.8032589544008
5450.894527525405,0.5229,1057.345574680509
5450.944540872733,0.5311,1024.9475896040303
5450.984551550601,0.563,912.0897270150829
5451.024562228471,0.5556,936.5476086002188
5451.074575575815,0.5191,1072.8825104416908
5451.114586253694,0.5339,1014.2252725605806
5451.154596931577,0.5346,1011.5709831528128
5451.2046102789345,0.4395,1496.7048349292463
5451.244620956825,0.5222,1060.182175816805
5451.28463163472,0.5847,845.6452689870861
5451.324642312618,0.5273,1039.7734093971208
5451.374655659995,0.5828,851.1680634545913
5451.414666337902,0.4992,1160.1255816423575
5451.454677015812,0.569,892.9555428599733
5451.504690363203,0.5579,928.841512564995
5451.544701041122,0.4951,1179.4194613324844
5451.584711719043,0.4863,1222.4907211892958
5451.63472506645,0.5088,1116.760345280548
5451.674735744381,0.5489,959.5505368399215
5451.7147464223135,0.5405,989.6073065238375
5451.764759769736,0.5483,961.6517379317046
5451.804770447677,0.5439,977.2736342169196
5451.844781125623,0.5385,996.9717869165338
5451.884791803572,0.5139,1094.7046709668641
5451.934805151013,0.4863,1222.4907211892958
5451.9748158289685,0.4861,1223.4968842790454
5452.014826506929,0.5056,1130.9412588786308
5452.064839854384,0.516,1085.8124329091997
5452.104850532354,0.5013,1150.4261761142707
5452.144861210326,0.522,1060.9947300268248
5452.1948745577965,0.5047,1134.978321071157
5452.234885235776,0.5787,863.271555056255
5452.27489591376,0.5442,976.1964539858154
5452.314906591748,0.5291,1032.710831320257
5452.3649199392385,0.5188,1074.123671554756
5452.404930617235,0.5459,970.125939443188
5452.444941295234,0.5625,913.7119376413864
5452.494954642737,0.5867,839.8896700531161
5452.534965320746,0.5469,966.5814624379425
5452.574975998757,0.5128,1099.4061698525593
5452.624989346274,0.5065,1126.9256978892545
5452.6650000242935,0.5065,1126.9256978892545
5452.705010702317,0.5219,1061.4013574818985
5452.745021380343,0.5233,1055.7297681468283
5452.795034727883,0.5364,1004.793319818031
5452.835045405917,0.5303,1028.0423473235555
5452.875056083954,0.5184,1075.7819061188407
5452.925069431508,0.5373,1001.430003511728
5452.965080109554,0.543,980.5158940845888
5453.005090787604,0.531,1025.333669517437
5453.055104135171,0.5226,1058.559865193004
5453.095114813231,0.5158,1086.6546359625945
5453.1351254912925,0.5523,947.7727930608077
5453.185138838876,0.5177,1078.6930708410175
5453.225149516945,0.506,1129.1539197272748
5453.265160195018,0.5457,970.8371741417066
5453.305170873095,0.5228,1057.7501059257897
5453.355184220698,0.5308,1026.106484065083
5453.395194898782,0.5739,877.7724255631703
5453.435205576871,0.5088,1116.760345280548
5453.4852189244875,0.5719,883.9224918045992
5453.525229602586,0.4367,1515.959238053088
5453.565240280686,0.4667,1327.3285436898307
5453.615253628316,0.5035,1140.3947829641436
5453.655264306424,0.5136,1095.9839025713513
5453.695274984539,0.513,1098.5491018460054
5453.745288332183,0.575,874.4172101792738
5453.785299010306,0.5493,958.1535597139342
5453.825309688429,0.5212,1064.2543062722139
5453.865320366556,0.5239,1053.312994225441
5453.915333714221,0.5123,1101.5532331490704
5453.955344392357,0.5049,1134.0793301570409
5453.995355070496,0.525,1048.903743659714
5454.045368418176,0.5216,1062.6226433972051
5454.085379096323,0.5104,1109.769701041871
5454.125389774475,0.521,1065.0715473733558
5454.17540312217,0.524,1052.9110054935672
5454.215413800329,0.5287,1034.274061185161
5454.255424478492,0.5488,959.900258491044
5454.305437826201,0.5711,886.4006288555187
5454.345448504372,0.5434,979.0729007696224
5454.3854591825475,0.4964,1173.2501037782763
5454.425469860725,0.4803,1253.2246109774198
5454.475483208453,0.4998,1157.341843564654
5454.515493886641,0.4948,1180.8500691989707
5454.55550456483,0.5325,1019.5652885737366
5454.605517912573,0.4919,1194.814503749045
5454.645528590771,0.4664,1329.0366302008288
5454.685539268972,0.5432,979.7939989576856
5454.735552616729,0.5948,817.1701925251707
5454.77556329494,0.5061,1128.707746980918
5454.815573973154,0.5124,1101.123317616596
5454.855584651372,0.5496,957.107827931717
5454.905597999148,0.4998,1157.341843564654
5454.9456086773735,0.5323,1020.3315894657607
5454.9856193556025,0.5317,1022.635682829472
5455.035632703395,0.5331,1017.2715584179348
5455.075643381632,0.4902,1203.1160237182257
5455.115654059872,0.5388,995.8618844842383
5455.165667407678,0.5571,931.5110706472582
5455.205678085927,0.566,902.4465723313008
5455.245688764178,0.545,973.3326648013146
5455.2856994424355,0.5039,1138.5849954758182
5455.33571279026,0.4946,1181.8052543419155
5455.375723468525,0.5123,1101.5532331490704
5455.415734146793,0.52,1069.1719073828979
5455.4657474946325,0.5294,1031.5407335411048
5455.505758172909,0.5361,1005.9181912049553
5455.545768851187,0.5197,1070.4066333116107
5455.595782199042,0.5168,1082.4533928998014
5455.6357928773305,0.5296,1030.7617728090972
5455.675803555621,0.5595,923.5367089621466
5455.725816903491,0.5682,895.4717909125881
5455.76582758179,0.5309,1025.7199676163095
5455.805838260093,0.4944,1182.7615989222363
5455.8458489384,0.4663,1329.6067251131915
5455.895862286288,0.4727,1293.8467957509151
5455.935872964605,0.5281,1036.6255695621835
5455.975883642923,0.5304,1027.6547366533189
5456.0258969908255,0.5192,1072.469268098203
5456.065907669153,0.5299,1029.5949850582415
5456.105918347482,0.5478,963.4080154978949
5456.155931695399,0.4876,1215.9808108628263
5456.195942373739,0.4685,1317.1488356714751
5456.235953052081,0.4787,1261.6161137255071
5456.2859664000125,0.5174,1079.9443314245786
5456.3259770783625,0.486,1224.000431703098
5456.365987756717,0.5094,1114.1311333513215
5456.405998435072,0.4356,1523.6252473412512
5456.456011783024,0.4762,1274.8975619252815
5456.49602246139,0.5082,1119.398875126603
5456.536033139759,0.5263,1043.7284131759225
5456.586046487725,0.5455,971.549191275167
5456.626057166103,0.5399,991.8080593044529
5456.666067844483,0.526,1044.91931515572
5456.716081192463,0.5396,992.9111896899705
5456.756091870853,0.5143,1093.0025098353296
5456.796102549244,0.5562,934.5281031485418
5456.836113227641,0.5097,1112.8200079007167
5456.886126575642,0.4935,1187.0795479941883
5456.926137254046,0.5277,1038.197699921229
5456.966147932454,0.5459,970.125939443188
5457.016161280468,0.5584,927.1788621331749
5457.056171958884,0.5646,906.9275832151445
5457.096182637303,0.5414,986.3198863269058
5457.146195985333,0.5109,1107.5985824579054
5457.1862066637605,0.5103,1110.2046907588485
5457.226217342193,0.5156,1087.4978192697754
5457.276230690237,0.5298,1029.9836940841376
5457.316241368676,0.537,1002.5492301783919
5457.356252047119,0.5381,998.4545454898632
5457.396262725566,0.5802,858.8136742062403
5457.446276073629,0.5709,887.0217914685202
5457.486286752082,0.5232,1056.1333723676
5457.5262974305415,0.4937,1186.1179626597789
5457.57631077862,0.4864,1221.9881050128377
5457.616321457086,0.5259,1045.316735453755
5457.656332135555,0.5433,979.4333503196378
5457.706345483648,0.4911,1198.7103628114194
5457.746356162126,0.4965,1172.7775440243418
5457.786366840608,0.5027,1144.027326991516
5457.826377519093,0.5093,1114.5686901249412
5457.8763908672045,0.4885,1211.5043631161097
5457.916401545697,0.5031,1142.2088888859744
5457.956412224195,0.5565,933.5207990726458
5458.006425572321,0.4926,1191.4211858314457
5458.046436250827,0.4744,1284.5904975355393
5458.086446929336,0.4311,1555.599647993728
5458.1364602774765,0.523,1056.941275457291
5458.176470955994,0.5754,873.2019001231242
5458.216481634514,0.5365,1004.4187819600862
5458.26649498267,0.4944,1182.7615989222363
5458.306505661198,0.5421,983.7743158232903
5458.346516339731,0.5824,852.3376498525238
5458.396529687901,0.5185,1075.366987664874
5458.436540366442,0.5044,1136.3288130531637
5458.476551044986,0.5418,984.8640665008508
5458.516561723533,0.5696,891.0753104087428
5458.566575071723,0.4918,1195.3004466312755
5458.606585750278,0.5358,1007.0449525988851
5458.646596428837,0.5943,818.5457815704233
5458.696609777042,0.5104,1109.769701041871
5458.736620455609,0.6075,783.3609210300219
5458.776631134179,0.5299,1029.5949850582415
5458.8266444824,0.5026,1144.4826150381696
5458.866655160979,0.569,892.9555428599733
5458.9066658395595,0.5437,977.9927451833511
5458.946676518147,0.5774,867.1631880117847
5458.996689866384,0.6032,794.5693182089655
5459.036700544979,0.5428,981.2385873251068
5459.076711223577,0.5401,991.0736600528377
5459.12672457183,0.4975,1168.0676082634286
5459.1667352504355,0.4931,1189.006229989493
5459.206745929046,0.452,1415.0673333557056
5459.256759277313,0.4965,1172.7775440243418
5459.29676995593,0.5042,1137.2304805907042
5459.336780634552,0.504,1138.133221752814
5459.376791313177,0.5392,994.3848953834057
5459.4268046614625,0.5075,1122.4889955834328
5459.466815340096,0.5348,1010.8145284460277
5459.5068260187345,0.5798,859.9990601141571
5459.556839367034,0.584,847.6737122714302
5459.596850045679,0.5357,1007.4209604636427
5459.6368607243285,0.493,1189.488633399876
5459.686874072644,0.4837,1235.6683593623577
5459.7268847513005,0.5267,1042.1437082500534
5459.766895429961,0.5046,1135.4282174383934
5459.816908778291,0.5085,1118.078442714925
5459.856919456959,0.4959,1175.617192325655
5459.896930135631,0.4866,1220.9838021218188
5459.936940814306,0.4864,1221.9881050128377
5459.986954162655,0.4993,1159.660928294308
5460.02696484134,0.5173,1080.3619021286797
5460.066975520027,0.5539,942.3052229442917
5460.116988868392,0.5527,946.4014478558508
5460.156999547086,0.5096,1113.2567924412976
5460.197010225785,0.4934,1187.5607792213686
5460.247023574163,0.5166,1083.2916900975533
5460.287034252871,0.4913,1197.7346136264155
5460.327044931581,0.4869,1219.4796676230812
5460.367055610296,0.4869,1219.4796676230812
5460.417068958693,0.5031,1142.2088888859744
5460.457079637415,0.5173,1080.3619021286797
5460.497090316141,0.5252,1048.1050368568463
5460.547103664554,0.5029,1143.1175655542568
5460.587114343287,0.4961,1174.66949802874
5460.627125022025,0.5265,1042.9356092309822
5460.677138370452,0.5221,1060.5883361981062
5460.717149049197,0.5063,1127.8161944737553
5460.7571597279475,0.5323,1020.3315894657607
5460.807173076389,0.5481,962.3536722025697
5460.847183755146,0.5333,1016.5087015634106
5460.887194433907,0.526,1044.91931515572
5460.927205112673,0.5544,940.6063077141164
5460.977218461133,0.599,805.7509048352673
5461.017229139906,0.5859,842.1848375177999
5461.057239818681,0.537,1002.5492301783919
5461.107253167157,0.5133,1097.2653777811572
5461.147263845942,0.5186,1074.9523092095471
5461.18727452473,0.5115,1105.0016398146865
5461.23728787322,0.5437,977.9927451833511
5461.277298552017,0.5168,1082.4533928998014
5461.317309230815,0.5335,1015.7467024923076
5461.367322579321,0.5683,895.1566786724475
5461.407333258128,0.5221,1060.5883361981062
5461.447343936939,0.5047,1134.978321071157
5461.487354615755,0.524,1052.9110054935672
5461.537367964278,0.5296,1030.7617728090972
5461.577378643102,0.522,1060.9947300268248
5461.617389321928,0.5334,1016.1275948853346
5461.667402670465,0.5196,1070.8186839566488
5461.707413349301,0.5411,987.4138705996381
5461.74742402814,0.5603,920.9013329217227
5461.797437376693,0.5186,1074.9523092095471
5461.837448055538,0.5268,1041.7480959426407
5461.87745873439,0.5118,1103.706592189154
5461.9174694132425,0.5564,933.8563860641436
5461.967482761814,0.5876,837.3188037176443
5462.007493440677,0.535,1010.0589219394948
5462.047504119541,0.5258,1045.7143825247074
5462.097517468129,0.5054,1131.8365202888424
5462.137528147004,0.5182,1076.612463763823
5462.177538825879,0.5423,983.0488199024703
5462.227552174481,0.5232,1056.1333723676
5462.267562853367,0.5232,1056.1333723676
5462.3075735322545,0.5741,877.160951602706
5462.357586880871,0.5298,1029.9836940841376
5462.397597559769,0.528,1037.0182672027852
5462.437608238669,0.4996,1158.2686419471977
5462.477618917573,0.5037,1139.4893502730479
5462.527632266208,0.5502,955.0214937523848
5462.56764294512,0.5081,1119.839539101002
5462.607653624035,0.5221,1060.5883361981062
5462.657666972686,0.5296,1030.7617728090972
5462.6976776516085,0.5586,926.5150517355426
5462.737688330537,0.5178,1078.2764671998996
5462.7877016792,0.5278,1037.8043322130668
5462.8277123581365,0.5712,886.0902922006809
5462.867723037075,0.6032,794.5693182089655
5462.917736385753,0.5276,1038.5912913239927
5462.957747064702,0.5261,1044.5221214582007
5462.997757743651,0.5688,893.5836096404148
5463.037768422607,0.4997,1157.8051036529869
5463.087781771304,0.5064,1127.3708142954247
5463.1277924502665,0.5243,1051.7064190754134
5463.167803129233,0.5557,936.21057003402
5463.217816477946,0.5533,944.3500039394598
5463.25782715692,0.5038,1139.0370382446706
5463.297837835898,0.5579,928.841512564995
5463.347851184625,0.5876,837.3188037176443
5463.38786186361,0.518,1077.4439836285385
5463.427872542599,0.4864,1221.9881050128377
5463.467883221592,0.5321,1021.0987546052461
5463.517896570339,0.506,1129.1539197272748
5463.557907249341,0.4399,1493.9841784880139
5463.597917928344,0.4766,1272.758476919301
5463.647931277105,0.4795,1257.40986206684
5463.687941956119,0.5406,989.2412266319819
5463.727952635136,0.5685,894.5269529765903
5463.777965983912,0.5341,1013.465839136078
5463.817976662935,0.5432,979.7939989576856
5463.857987341963,0.5113,1105.866271611218
5463.908000690753,0.5666,900.5362994914126
5463.948011369789,0.5246,1050.5038986421896
5463.98802204883,0.545,973.3326648013146
5464.028032727872,0.5536,943.3267823818184
5464.078046076683,0.4735,1289.47847115177
5464.118056755734,0.5003,1155.0297084284198
5464.158067434788,0.56,921.8882754476978
5464.208080783612,0.5639,909.1806146663596
5464.248091462676,0.5028,1143.5723105688867
5464.288102141742,0.5411,987.4138705996381
5464.33811549058,0.5288,1033.8829211279656
5464.378126169655,0.511,1107.1651233425318
5464.418136848733,0.5265,1042.9356092309822
5464.4581475278155,0.5207,1066.2991751665827
5464.508160876672,0.532,1021.4826616739743
5464.548171555763,0.519,1073.2959916761365
5464.588182234856,0.5038,1139.0370382446706
5464.638195583729,0.5594,923.8669261966144
5464.678206262832,0.522,1060.9947300268248
5464.718216941935,0.5088,1116.760345280548
5464.768230290823,0.5147,1091.304315666272
5464.808240969937,0.5152,1089.187132735786
5464.848251649053,0.4686,1316.5867334586662
5464.898264997955,0.4598,1367.4645413584933
5464.938275677079,0.5216,1062.6226433972051
5464.978286356208,0.5495,957.4562148925224
5465.018297035341,0.5403,990.3400761948484
5465.068310384261,0.5447,974.4051071521571
5465.108321063401,0.5224,1059.3705546815588
5465.148331742545,0.5146,1091.7284929802274
5465.19834509148,0.4834,1237.202553692489
5465.238355770632,0.514,1094.2787581058412
5465.278366449787,0.4926,1191.4211858314457
5465.328379798737,0.5119,1103.2754155407408
5465.368390477901,0.5445,975.1210537241044
5465.4084011570685,0.5426,981.962079856178
5465.458414506032,0.5036,1139.9419317748382
5465.498425185207,0.4858,1225.008459588434
5465.538435864387,0.5115,1105.0016398146865
5465.57844654357,0.5437,977.9927451833511
5465.628459892551,0.5286,1034.6654232493445
5465.668470571742,0.4544,1400.1589467844994
5465.708481250936,0.4831,1238.7396070594991
5465.758494599935,0.5268,1041.7480959426407
5465.798505279136,0.547,966.2280835192084
5465.838515958342,0.5086,1117.6388177335878
5465.888529307355,0.5538,942.6455582990859
5465.9285399865685,0.5271,1040.562609699946
5465.968550665787,0.5206,1066.7088561259247
5466.008561345007,0.4926,1191.4211858314457
5466.05857469404,0.5387,996.2316459349382
5466.098585373268,0.5372,1001.8028707296373
5466.138596052501,0.5094,1114.1311333513215
5466.188609401546,0.5429,980.877140867138
5466.2286200807885,0.5013,1150.4261761142707
5466.268630760032,0.5302,1028.4301773335642
5466.318644109093,0.5397,992.5432751585782
5466.358654788345,0.4979,1166.1915752182533
5466.398665467601,0.5207,1066.2991751665827
5466.448678816677,0.5323,1020.3315894657607
5466.488689495942,0.4578,1379.4387534694797
5466.528700175209,0.4584,1375.8300284063523
5466.568710854481,0.526,1044.91931515572
5466.618724203575,0.5324,1019.9483310699773
5466.658734882853,0.519,1073.2959916761365
5466.6987455621365,0.5501,955.3687420933069
5466.748758911245,0.4764,1273.8273459083146
5466.7887695905365,0.4904,1202.1348913872491
5466.828780269831,0.5235,1054.923253468954
5466.878793618953,0.5319,1021.866785292299
5466.918804298257,0.4833,1237.7145867934864
5466.958814977564,0.5247,1050.1035167890425
5466.998825656873,0.5036,1139.9419317748382
5467.048839006015,0.5344,1012.3282873298455
5467.088849685334,0.5751,874.1131449151711
5467.128860364654,0.5731,880.2247264963586
5467.178873713811,0.5424,982.6863728569127
5467.218884393142,0.5267,1042.1437082500534
5467.258895072475,0.589,833.3430781567247
5467.308908421647,0.545,973.3326648013146
5467.348919100988,0.49,1204.098357678442
5467.388929780333,0.5172,1080.7797150661127
5467.438943129519,0.5562,934.5281031485418
5467.478953808873,0.5691,892.6417577533958
5467.518964488228,0.5549,938.9119828965594
5467.558975167588,0.5036,1139.9419317748382
5467.608988516794,0.4829,1239.7659011673725
5467.648999196162,0.481,1249.5796335567857
5467.689009875533,0.524,1052.9110054935672
5467.7390232247535,0.5213,1063.8460384079606
5467.779033904133,0.5181,1077.0281033258493
5467.819044583517,0.5142,1093.427677733282
5467.869057932751,0.5342,1013.0864422494996
5467.9090686121435,0.5756,872.5951949940606
5467.9490792915385,0.5144,1092.5775898722977
5467.9990926407845,0.5059,1129.6003570808423
5468.039103320189,0.5722,882.995869052762
5468.079113999596,0.5889,833.6261185428832
5468.119124679007,0.5547,939.5891630331851
5468.169138028274,0.5459,970.125939443188
5468.209148707692,0.5419,984.5006151710747
5468.249159387114,0.4946,1181.8052543419155
5468.299172736397,0.5318,1022.2511256231152
5468.339183415826,0.5782,864.7652308067403
5468.379194095261,0.5507,953.2880886093942
5468.429207444558,0.5358,1007.0449525988851
5468.469218123999,0.5504,954.3275647951424
5468.509228803444,0.5406,989.2412266319819
5468.549239482893,0.5565,933.5207990726458
5468.5992528322095,0.5479,963.0563752937616
5468.639263511665,0.5189,1073.7097119857092
5468.679274191127,0.4723,1296.0392868725044
5468.729287540456,0.5259,1045.316735453755
5468.769298219926,0.504,1138.133221752814
5468.8093088993965,0.4786,1262.1433787818778
5468.859322248742,0.5637,909.8258800835991
5468.899332928222,0.5346,1011.5709831528128
5468.939343607706,0.528,1037.0182672027852
5468.989356957067,0.5347,1011.1926496950699
5469.029367636558,0.5115,1105.0016398146865
5469.069378316054,0.4714,1300.992814077055
5469.109388995552,0.4871,1218.4784548864684
5469.159402344931,0.5497,956.7596310862313
5469.199413024438,0.5822,852.9233472656576
5469.23942370395,0.5225,1058.9650935705931
5469.289437053343,0.5245,1050.9045095244628
5469.32944773286,0.5601,921.5591183925106
5469.369458412383,0.5611,918.2772211501212
5469.419471761791,0.5887,834.1926320856663
5469.459482441321,0.5441,976.5553160946037
5469.499493120855,0.5144,1092.5775898722977
5469.539503800393,0.5151,1089.6100761423509
5469.58951714982,0.5297,1030.3726232789877
5469.629527829365,0.524,1052.9110054935672
5469.669538508914,0.4977,1167.1290263312044
5469.719551858355,0.4831,1238.7396070594991
5469.759562537913,0.4992,1160.1255816423575
5469.799573217474,0.4935,1187.0795479941883
5469.84958656693,0.4562,1389.1317283130245
5469.889597246498,0.4615,1357.4086235199018
5469.92960792607,0.5061,1128.707746980918
5469.979621275542,0.5429,980.877140867138
5470.019631955121,0.5707,887.643607248187
5470.059642634705,0.5199,1069.58324520758
5470.0996533142925,0.5435,978.71265016113
5470.149666663782,0.5853,843.9123927519214
5470.189677343377,0.486,1224.000431703098
5470.229688022978,0.5288,1033.8829211279656
5470.279701372483,0.4778,1266.3734243635404
5470.319712052089,0.5183,1076.1970647566852
5470.3597227317005,0.5076,1122.0467669717711
5470.409736081219,0.4672,1324.489041445465
5470.449746760837,0.5215,1063.0302071505123
5470.48975744046,0.5745,875.9399189679317
5470.539770789994,0.5966,812.2466760818915
5470.579781469623,0.5971,810.8869285738198
5470.6197921492585,0.5511,951.9047601364792
5470.659802828895,0.506,1129.1539197272748
5470.709816178447,0.5653,904.6829162212146
5470.749826858094,0.5056,1130.9412588786308
5470.789837537744,0.5463,968.7058127690644
5470.839850887309,0.5829,850.8760430078672
5470.879861566967,0.5491,958.8516666594119
5470.919872246627,0.4888,1210.0177058653496
5470.969885596208,0.5865,840.4625815219822
5471.0098962758775,0.5193,1072.0562644616814
5471.049906955551,0.53,1029.2064960351493
5471.089917635226,0.5398,992.1755650805592
5471.1399309848275,0.5419,984.5006151710747
5471.179941664511,0.5319,1021.866785292299
5471.219952344199,0.5375,1000.6848933137566
5471.269965693814,0.5389,995.4923288563936
5471.309976373509,0.5578,929.1745792937329
5471.34998705321,0.4708,1304.3109595071132
5471.400000402838,0.4976,1167.5981758312746
5471.440011082545,0.4857,1225.5129405620578
5471.480021762257,0.4752,1280.2689268496915
5471.530035111901,0.5286,1034.6654232493445
5471.57004579162,0.4763,1274.3622853968914
5471.610056471342,0.5224,1059.3705546815588
5471.650067151069,0.5308,1026.106484065083
5471.700080500731,0.4994,1159.196554044714
5471.740091180466,0.5165,1083.7112039255624
5471.780101860204,0.4678,1321.0936498610045
5471.830115209881,0.5507,953.2880886093942
5471.870125889628,0.599,805.7509048352673
5471.910136569378,0.5414,986.3198863269058
5471.9601499190685,0.4651,1336.4765721742015
5472.000160598825,0.4977,1167.1290263312044
5472.040171278588,0.5525,947.086748148104
5472.080181958351,0.5297,1030.3726232789877
5472.130195308062,0.5118,1103.706592189154
5472.170205987834,0.5466,967.6427631470418
5472.210216667611,0.4481,1439.8063032998894
5472.260230017337,0.5166,1083.2916900975533
5472.30024069712,0.5179,1077.8601048578444
5472.340251376909,0.5857,842.7600993858415
5472.39026472665,0.6188,755.012049962311
5472.430275406444,0.5768,868.9682075071854
5472.470286086244,0.5399,991.8080593044529
5472.520299435999,0.5553,937.5598170338845
5472.560310115807,0.5373,1001.430003511728
5472.600320795617,0.4885,1211.5043631161097
5472.6403314754325,0.4688,1315.4636079600623
5472.690344825206,0.5245,1050.9045095244628
5472.730355505029,0.5401,991.0736600528377
5472.7703661848545,0.5283,1035.8408431650566
5472.820379534643,0.4747,1282.9673479126836
5472.860390214478,0.5294,1031.5407335411048
5472.900400894316,0.4468,1448.1969344221584
5472.950414244118,0.4669,1326.1916480662221
5472.990424923964,0.5458,970.4814590597539
5473.030435603814,0.6198,752.5777106379697
5473.08044895363,0.5889,833.6261185428832
5473.120459633489,0.5527,946.4014478558508
5473.16047031335,0.5714,885.4701076235332
5473.200480993215,0.5391,994.7538344584949
5473.2504943430495,0.5481,962.3536722025697
5473.290505022923,0.5332,1016.890022687304
5473.330515702799,0.5253,1047.7060255187653
5473.380529052649,0.5007,1153.1849853807262
5473.420539732533,0.5148,1090.8803855174053
5473.460550412422,0.5554,937.2222319689786
5473.510563762286,0.5572,931.1767469535738
5473.5505744421835,0.5208,1065.8897301754669
5473.590585122082,0.5062,1128.2618386327001
5473.630595801986,0.5355,1008.1736082363086
5473.68060915187,0.5562,934.5281031485418
5473.720619831781,0.5416,985.5915732149108
5473.760630511696,0.5531,945.0330768258165
5473.810643861594,0.5687,893.8978915471496
5473.8506545415175,0.5354,1008.5502484590573
5473.890665221443,0.4818,1245.4333832677366
5473.940678571356,0.5335,1015.7467024923076
5473.980689251291,0.6331,721.2899776984669
5474.020699931229,0.4743,1285.132231968681
5474.070713281157,0.5617,916.3164909182373
5474.110723961102,0.5646,906.9275832151445
5474.150734641053,0.5529,945.7168911068417
5474.190745321005,0.5453,972.2619919916748
5474.240758670952,0.5828,851.1680634545913
5474.280769350914,0.5718,884.2316902091655
5474.320780030877,0.4983,1164.320058190439
5474.370793380839,0.5355,1008.1736082363086
5474.410804060812,0.5929,822.4159624611646
5474.450814740788,0.6229,745.1056224924322
5474.500828090763,0.5654,904.3629299061682
5474.5408387707475,0.6734,637.5413867638321
5474.580849450736,0.561,918.6046213023113
5474.620860130728,0.5157,1087.0761049894159
5474.670873480721,0.4804,1252.7029242300089
5474.710884160722,0.5504,954.3275647951424
5474.750894840725,0.5633,911.1184734412958
5474.800908190734,0.5605,920.2442514654936
5474.840918870745,0.6236,743.4337804040489
5474.88092955076,0.5724,882.3789298040251
5474.930942900783,0.5177,1078.6930708410175
5474.970953580806,0.533,1017.653308916373
5475.010964260832,0.5941,819.0969899073652
5475.06097761087,0.5628,912.738092451234
5475.100988290904,0.5759,871.6863222007174
5475.140998970943,0.5233,1055.7297681468283
5475.181009650983,0.5451,972.9755774414413
5475.231023001042,0.5593,924.1973205700936
5475.2710336810915,0.5127,1099.8350800309834
5475.311044361143,0.5202,1068.3499432752965
5475.361057711215,0.5802,858.8136742062403
5475.401068391277,0.5372,1001.8028707296373
5475.44107907134,0.4953,1178.4671665948827
5475.491092421426,0.5117,1104.1380216524603
5475.5311031015,0.5604,920.572704254599
5475.571113781576,0.5278,1037.8043322130668
5475.621127131676,0.6052,789.3263895510153
5475.66113781176,0.5195,1071.230972574454
5475.7011484918485,0.5175,1079.5270027665938
5475.741159171941,0.527,1040.95754683844
5475.791172522059,0.5077,1121.6047996468071
5475.83118320216,0.5427,981.6002336056798
5475.871193882262,0.5701,889.5129827560232
5475.921207232394,0.5613,917.6229457270254
5475.961217912506,0.5745,875.9399189679317
5476.0012285926205,0.5583,927.5110348851078
5476.05124194277,0.4746,1283.5080557959977
5476.091252622892,0.5081,1119.839539101002
5476.131263303018,0.4487,1435.9582789266462
5476.171273983148,0.4278,1579.6915894561546
5476.221287333316,0.4532,1407.5835339647383
5476.261298013453,0.5181,1077.0281033258493
5476.301308693594,0.5509,952.5960477185802
5476.351322043776,0.552,948.8032589544008
5476.391332723926,0.5803,858.5177106711278
5476.431343404079,0.5595,923.5367089621466
5476.481356754276,0.5428,981.2385873251068
5476.521367434438,0.5491,958.8516666594119
5476.561378114601,0.5826,851.7525555247356
5476.611391464811,0.5154,1088.341984352576
5476.651402144984,0.5109,1107.5985824579054
5476.691412825161,0.5471,965.8748983562648
5476.73142350534,0.5777,866.2627865627442
5476.78143685557,0.5887,834.1926320856663
5476.821447535758,0.4937,1186.1179626597789
5476.861458215948,0.5399,991.8080593044529
5476.911471566194,0.4992,1160.1255816423575
5476.951482246393,0.4992,1160.1255816423575
5476.991492926597,0.4957,1176.5660339498502
5477.041506276854,0.4965,1172.7775440243418
5477.081516957065,0.496,1175.1432018769394
5477.1215276372795,0.5575,930.1748550754526
5477.171540987552,0.5556,936.5476086002188
5477.211551667774,0.5439,977.2736342169196
5477.251562348001,0.5744,876.244937993695
5477.29157302823,0.5478,963.4080154978949
5477.341586378523,0.5366,1004.0444534772402
5477.38159705876,0.4769,1271.1576941715373
5477.421607739003,0.5798,859.9990601141571
5477.471621089309,0.5756,872.5951949940606
5477.511631769557,0.5049,1134.0793301570409
5477.55164244981,0.4836,1236.1794402395162
5477.601655800131,0.4965,1172.7775440243418
5477.641666480392,0.4602,1365.0884139685277
5477.681677160656,0.4552,1395.2418096733093
5477.7216878409245,0.5536,943.3267823818184
5477.7717011912655,0.5086,1117.6388177335878
5477.81171187154,0.5211,1064.662809200516
5477.85172255182,0.5509,952.5960477185802
5477.9017359021755,0.5127,1099.8350800309834
5477.941746582462,0.524,1052.9110054935672
5477.9817572627535,0.5034,1140.847904055276
5478.031770613123,0.5255,1046.9086861015426
5478.071781293421,0.4946,1181.8052543419155
5478.111791973725,0.4675,1322.7897115112721
5478.161805324108,0.5075,1122.4889955834328
5478.201816004419,0.5104,1109.769701041871
5478.241826684733,0.5092,1115.006504714082
5478.281837365051,0.5572,931.1767469535738
5478.331850715453,0.5312,1024.5617277118085
5478.371861395779,0.568,896.1025147628064
5478.411872076109,0.5689,893.2694934501849
5478.461885426524,0.5716,884.850573929856
5478.501896106862,0.5311,1024.9475896040303
5478.5419067872035,0.5146,1091.7284929802274
5478.591920137635,0.5458,970.4814590597539
5478.631930817983,0.491,1199.1986845992885
5478.671941498335,0.517,1081.6160683907385
5478.711952178691,0.5188,1074.123671554756
5478.761965529142,0.5231,1056.5372080787329
5478.801976209506,0.5452,972.61868655293
5478.841986889874,0.5612,917.9499959999262
5478.892000240338,0.507,1124.7040651593343
5478.932010920714,0.6023,796.9456937145474
5478.972021601093,0.506,1129.1539197272748
5479.022034951572,0.5421,983.7743158232903
5479.062045631959,0.525,1048.903743659714
5479.10205631235,0.5258,1045.7143825247074
5479.152069662844,0.541,987.7789365158359
5479.192080343242,0.5608,919.2599471120345
5479.232091023646,0.5302,1028.4301773335642
5479.272101704051,0.5585,926.8468677925679
5479.322115054563,0.5954,815.5240580011773
5479.362125734977,0.5413,986.6843456546156
5479.402136415395,0.4948,1180.8500691989707
5479.452149765922,0.5052,1132.7328451632281
5479.492160446347,0.5272,1040.1678972763223
5479.532171126778,0.5384,997.3421667535983
5479.582184477318,0.5496,957.107827931717
5479.622195157755,0.5013,1150.4261761142707
5479.662205838196,0.4961,1174.66949802874
5479.712219188751,0.5321,1021.0987546052461
5479.752229869199,0.5024,1145.394006868722
5479.792240549653,0.5113,1105.866271611218
5479.832251230108,0.5213,1063.8460384079606
5479.882264580684,0.4794,1257.9344921806353
5479.922275261148,0.5389,995.4923288563936
5479.962285941614,0.524,1052.9110054935672
5480.012299292203,0.4678,1321.0936498610045
5480.052309972678,0.5117,1104.1380216524603
5480.092320653158,0.5576,929.841250420356
5480.142334003762,0.5694,891.701394173166
5480.182344684248,0.4711,1302.6503020308103
5480.222355364739,0.5209,1065.4805209713943
5480.262366045233,0.5769,868.6669797769345
5480.312379395856,0.5451,972.9755774414413
5480.352390076358,0.5025,1144.9381749250872
5480.392400756863,0.5197,1070.4066333116107
5480.4424141075015,0.4565,1387.306529316421
5480.482424788013,0.4911,1198.7103628114194
5480.522435468531,0.471,1303.203501954943
5480.572448819182,0.5436,978.3525983477862
5480.612459499707,0.5376,1000.3126500240918
5480.652470180236,0.5015,1149.5087727355917
5480.702483530902,0.47,1308.7549364655479
5480.742494211439,0.4981,1165.255253108732
5480.782504891979,0.5167,1082.8724198184618
5480.822515572523,0.5429,980.877140867138
5480.872528923209,0.5667,900.218510447377
5480.912539603761,0.5237,1054.1176626319718
5480.952550284315,0.5219,1061.4013574818985
5481.002563635014,0.5316,1023.0204570745707
5481.042574315578,0.5365,1004.4187819600862
5481.082584996145,0.5645,907.2489317736907
5481.132598346858,0.5704,888.5775576095506
5481.172609027433,0.5815,854.978049492076
5481.212619708011,0.5497,956.7596310862313
5481.252630388593,0.5651,905.3233985480716
5481.302643739325,0.5149,1090.4567023416348
5481.3426544199165,0.5031,1142.2088888859744
5481.382665100509,0.5363,1005.1680672072514
5481.432678451257,0.4768,1271.690952698606
5481.472689131859,0.4759,1276.5054165827848
5481.512699812464,0.58,859.4060605954186
5481.5627131632245,0.5428,981.2385873251068
5481.602723843838,0.4699,1309.3120300640069
5481.642734524455,0.5373,1001.430003511728
5481.692747875232,0.514,1094.2787581058412
5481.732758555856,0.5437,977.9927451833511
5481.772769236484,0.5286,1034.6654232493445
5481.812779917116,0.511,1107.1651233425318
5481.862793267911,0.4988,1161.9869904965374
5481.902803948551,0.478,1265.3139215648107
5481.942814629194,0.4865,1221.4857987419202
5481.992827980003,0.4845,1231.5910981741854
5482.032838660654,0.5356,1007.7971789570017
5482.07284934131,0.5762,870.7788686561303
5482.122862692134,0.517,1081.6160683907385
5482.162873372796,0.4984,1163.8528828626847
5482.202884053462,0.5115,1105.0016398146865
5482.2528974043,0.5215,1063.0302071505123
5482.292908084974,0.5443,975.8377896513149
5482.332918765654,0.5565,933.5207990726458
5482.372929446335,0.5401,991.0736600528377
5482.422942797192,0.5117,1104.1380216524603
5482.462953477881,0.5555,936.8848292015006
5482.502964158574,0.5169,1082.0346091532679
5482.552977509446,0.4998,1157.341843564654
5482.592988190147,0.5593,924.1973205700936
5482.632998870852,0.5366,1004.0444534772402
5482.683012221736,0.5434,979.0729007696224
5482.72302290245,0.5535,943.6676713763937
5482.763033583166,0.5689,893.2694934501849
5482.803044263885,0.5208,1065.8897301754669
5482.8530576147905,0.5155,1087.919778993993
5482.893068295519,0.5303,1028.0423473235555
5482.93307897625,0.509,1115.882908149467
5482.983092327168,0.4829,1239.7659011673725
5483.023103007908,0.4636,1345.1390126207348
5483.06311368865,0.4746,1283.5080557959977
5483.1131270395845,0.5302,1028.4301773335642
5483.1531377203355,0.5787,863.271555056255
5483.19314840109,0.5968,811.7023669564071
5483.243161752039,0.5672,898.6320856537616
5483.283172432801,0.5278,1037.8043322130668
5483.323183113566,0.5035,1140.3947829641436
5483.3631937943355,0.4993,1159.660928294308
5483.413207145303,0.5178,1078.2764671998996
5483.45321782608,0.517,1081.6160683907385
5483.493228506862,0.5209,1065.4805209713943
5483.543241857842,0.577,868.3659086503775
5483.583252538631,0.4911,1198.7103628114194
5483.623263219425,0.5609,918.9321965813082
5483.673276570419,0.5994,804.6758555072929
5483.713287251219,0.5844,846.5137093114757
5483.753297932023,0.5383,997.7127530258576
5483.793308612833,0.5062,1128.2618386327001
5483.843321963845,0.4793,1258.4594507006973
5483.883332644662,0.4854,1227.0282546863336
5483.923343325481,0.5232,1056.1333723676
5483.97335667651,0.5366,1004.0444534772402
5484.013367357336,0.5644,907.570451156009
5484.053378038168,0.5092,1115.006504714082
5484.1033913892115,0.477,1270.6247709913305
5484.14340207005,0.4978,1166.6601595358952
5484.183412750893,0.5148,1090.8803855174053
5484.2334261019505,0.4785,1262.6709744458021
5484.273436782801,0.5858,842.4723948011446
5484.3134474636545,0.579,862.377206435135
5484.353458144511,0.5407,988.8753498353888
5484.403471495589,0.4959,1175.617192325655
5484.4434821764535,0.5341,1013.465839136078
5484.483492857323,0.5829,850.8760430078672
5484.533506208414,0.5192,1072.469268098203
5484.57351688929,0.5297,1030.3726232789877
5484.613527570172,0.5829,850.8760430078672
5484.663540921277,0.5426,981.962079856178
5484.703551602165,0.492,1194.328857142734
5484.743562283058,0.5481,962.3536722025697
5484.793575634178,0.5674,897.998689724774
5484.833586315077,0.5482,962.0026090347152
5484.873596995981,0.5576,929.841250420356
5484.913607676886,0.4889,1209.5227615076494
5484.963621028025,0.5531,945.0330768258165
5485.003631708941,0.477,1270.6247709913305
5485.04364238986,0.5188,1074.123671554756
5485.093655741012,0.5354,1008.5502484590573
5485.133666421939,0.5415,985.9556288967036
5485.173677102869,0.5737,878.3845391396067
5485.223690454036,0.5746,875.6350591791781
5485.263701134974,0.4699,1309.3120300640069
5485.303711815916,0.4868,1219.9807368164707
5485.343722496862,0.5788,862.9732843273061
5485.393735848048,0.5817,854.390234741517
5485.433746529001,0.5853,843.9123927519214
5485.4737572099575,0.5235,1054.923253468954
5485.523770561158,0.4847,1230.5749360410614
5485.563781242124,0.517,1081.6160683907385
5485.603791923091,0.5551,938.2355345814976
5485.653805274306,0.5031,1142.2088888859744
5485.693815955283,0.5686,894.2123392869777
5485.733826636262,0.539,995.1229788986755
5485.783839987493,0.4835,1236.6908382620745
5485.823850668481,0.5321,1021.0987546052461
5485.863861349472,0.5672,898.6320856537616
5485.903872030466,0.5537,942.9860780671753
5485.953885381715,0.5395,993.2793088263375
5485.993896062717,0.5618,915.9903131651818
5486.0339067437235,0.5513,951.2142247701548
5486.083920094987,0.4402,1491.948551447289
5486.1239307760015,0.5957,814.7028553787508
5486.163941457019,0.5726,881.76263690222
5486.213954808294,0.526,1044.91931515572
5486.253965489322,0.4877,1215.4822036644475
5486.293976170351,0.4763,1274.3622853968914
5486.333986851384,0.4934,1187.5607792213686
5486.384000202679,0.5201,1068.7608067996052
5486.42401088372,0.592,824.9184480914474
5486.464021564765,0.5538,942.6455582990859
5486.514034916075,0.5397,992.5432751585782
5486.554045597128,0.4895,1206.559462599234
5486.594056278183,0.5345,1011.9495289780806
5486.6440696295085,0.5614,917.2960702068292
5486.684080310573,0.5453,972.2619919916748
5486.72409099164,0.5335,1015.7467024923076
5486.77410434298,0.5124,1101.123317616596
5486.8141150240535,0.4296,1566.481713607033
5486.854125705133,0.5368,1003.296424012863
5486.894136386217,0.5173,1080.3619021286797
5486.944149737575,0.5928,822.693453669652
5486.984160418664,0.5661,902.1277716702432
5487.024171099759,0.509,1115.882908149467
5487.074184451131,0.5098,1112.3834803673017
5487.114195132233,0.5448,974.0474295122355
5487.154205813339,0.5411,987.4138705996381
5487.204219164726,0.5958,814.4293967961048
5487.24422984584,0.5321,1021.0987546052461
5487.284240526956,0.4647,1338.7783563677644
5487.334253878357,0.5096,1113.2567924412976
5487.374264559484,0.5564,933.8563860641436
5487.4142752406115,0.5276,1038.5912913239927
5487.4542859217445,0.5161,1085.3916985029048
5487.504299273162,0.5789,862.6751681558546
5487.5443099543045,0.6002,802.53220140585
5487.584320635448,0.5703,888.8892019734462
5487.634333986882,0.5462,969.06055195462
5487.674344668033,0.5452,972.61868655293
5487.714355349187,0.5242,1052.1077180940194
5487.7643687006375,0.515,1090.0332659471562
5487.804379381801,0.4919,1194.814503749045
5487.844390062966,0.4849,1229.5600310130676
5487.884400744137,0.4909,1199.687304841341
5487.9344140956055,0.4713,1301.5449583905672
5487.974424776782,0.5262,1044.1251541889594
5488.014435457965,0.4969,1170.8901571890192
5488.064448809448,0.5257,1046.1122565411426
5488.104459490636,0.5161,1085.3916985029048
5488.14447017183,0.4632,1347.4632214442033
5488.194483523327,0.4901,1203.6070403720828
5488.234494204527,0.52,1069.1719073828979
5488.274504885732,0.5242,1052.1077180940194
5488.31451556694,0.5556,936.5476086002188
5488.364528918456,0.5431,980.1548468304095
5488.404539599672,0.4945,1182.283281585165
5488.444550280891,0.543,980.5158940845888
5488.494563632421,0.5397,992.5432751585782
5488.5345743136495,0.5395,993.2793088263375
5488.574584994881,0.5044,1136.3288130531637
5488.624598346425,0.4882,1212.9937618659287
5488.664609027664,0.5404,989.973589661299
5488.704619708906,0.5875,837.6038721906413
5488.754633060465,0.5147,1091.304315666272
5488.794643741715,0.5019,1147.6772550286682
5488.83465442297,0.5022,1146.3064877930408
5488.874665104228,0.5447,974.4051071521571
5488.9246784558045,0.4511,1420.719420370574
5488.96468913707,0.4633,1346.881604827103
5489.00469981834,0.5234,1055.3263952395218
5489.054713169931,0.5265,1042.9356092309822
5489.094723851208,0.4854,1227.0282546863336
5489.134734532488,0.4924,1192.3892286643404
5489.184747884095,0.553,945.3748912249587
5489.224758565383,0.4922,1193.3584517949132
5489.264769246676,0.5511,951.9047601364792
5489.314782598297,0.5383,997.7127530258576
5489.354793279597,0.5313,1024.1760836766462
5489.3948039609,0.5697,890.7625157656285
5489.434814642209,0.5413,986.6843456546156
5489.484827993846,0.4941,1184.198293845316
5489.524838675164,0.4713,1301.5449583905672
5489.564849356481,0.4384,1504.225076870734
5489.614862708135,0.4671,1325.0562124937098
5489.654873389461,0.5147,1091.304315666272
5489.694884070792,0.6313,725.409004543698
5489.744897422459,0.5368,1003.296424012863
5489.784908103798,0.512,1102.8444915097286
5489.824918785141,0.5325,1019.5652885737366
5489.874932136821,0.5446,974.7629818411904
5489.914942818172,0.5388,995.8618844842383
5489.954953499525,0.5221,1060.5883361981062
5489.994964180883,0.4973,1169.007322834423
5490.044977532583,0.486,1224.000431703098
5490.084988213948,0.5136,1095.9839025713513
5490.124998895316,0.4653,1335.3279055315045
5490.175012247032,0.4901,1203.6070403720828
5490.215022928407,0.5124,1101.123317616596
5490.2550336097875,0.5227,1058.1548693707068
5490.305046961516,0.5613,917.6229457270254
5490.345057642906,0.5787,863.271555056255
5490.385068324297,0.5403,990.3400761948484
5490.42507900569,0.5037,1139.4893502730479
5490.475092357439,0.517,1081.6160683907385
5490.515103038842,0.5116,1104.569704128345
5490.555113720249,0.5347,1011.1926496950699
5490.605127072011,0.5488,959.900258491044
5490.645137753426,0.4886,1211.008506420665
5490.6851484348435,0.5284,1035.44881407101
5490.73516178662,0.5376,1000.3126500240918
5490.7751724680475,0.4897,1205.5741159688387
5490.815183149477,0.4885,1211.5043631161097
5490.855193830908,0.5533,944.3500039394598
5490.905207182706,0.5475,964.4640924319102
5490.945217864147,0.5565,933.5207990726458
5490.985228545591,0.4568,1385.484925188547
5491.035241897401,0.5379,999.1971655377853
5491.075252578853,0.4941,1184.198293845316
5491.115263260309,0.5736,878.6908360626231
5491.165276612135,0.582,853.5096485932619
5491.205287293598,0.5696,891.0753104087428
5491.245297975064,0.5598,922.5471188273096
5491.295311326905,0.5199,1069.58324520758
5491.335322008379,0.5075,1122.4889955834328
5491.375332689858,0.5521,948.4595836731199
5491.425346041712,0.4646,1339.3547315519152
5491.465356723198,0.5428,981.2385873251068
5491.505367404689,0.5495,957.4562148925224
5491.545378086183,0.4988,1161.9869904965374
5491.595391438054,0.479,1260.0362994414845
5491.635402119557,0.4699,1309.3120300640069
5491.675412801062,0.5138,1095.1308325356395
5491.725426152948,0.569,892.9555428599733
5491.765436834461,0.5564,933.8563860641436
5491.805447515978,0.5311,1024.9475896040303
5491.85546086788,0.4923,1192.8736925725354
5491.895471549404,0.4664,1329.0366302008288
5491.9354822309315,0.5185,1075.366987664874
5491.975492912464,0.5456,971.1930848323617
5492.025506264384,0.5205,1067.1187732348485
5492.065516945923,0.5283,1035.8408431650566
5492.1055276274665,0.5289,1033.4920029098741
5492.155540979401,0.5495,957.4562148925224
5492.195551660953,0.5558,935.8737133719081
5492.235562342507,0.5045,1135.8783813616633
5492.2855756944555,0.5116,1104.569704128345
5492.325586376018,0.4636,1345.1390126207348
5492.365597057585,0.5008,1152.7244951455523
5492.405607739153,0.4793,1258.4594507006973
5492.455621091121,0.5096,1113.2567924412976
5492.495631772698,0.4889,1209.5227615076494
5492.53564245428,0.4721,1297.137622874947
5492.585655806262,0.5223,1059.7762487041543
5492.625666487851,0.5446,974.7629818411904
5492.665677169443,0.5321,1021.0987546052461
5492.715690521439,0.5467,967.2888021099142
5492.755701203039,0.5148,1090.8803855174053
5492.795711884644,0.5291,1032.710831320257
5492.845725236653,0.5492,958.5025178517768
5492.885735918266,0.5363,1005.1680672072514
5492.925746599882,0.5448,974.0474295122355
5492.965757281501,0.4795,1257.40986206684
5493.015770633529,0.4656,1333.6076802176287
5493.055781315157,0.5023,1145.8501110857446
5493.095791996788,0.5262,1044.1251541889594
5493.14580534883,0.5319,1021.866785292299
5493.18581603047,0.5527,946.4014478558508
5493.225826712112,0.5656,903.7234663721557
5493.27584006417,0.5137,1095.5572430058462
5493.315850745819,0.5281,1036.6255695621835
5493.3558614274725,0.5712,886.0902922006809
5493.405874779545,0.4853,1227.5339839858761
5493.445885461207,0.4861,1223.4968842790454
5493.485896142872,0.4966,1172.305269718185
5493.5259068245405,0.5088,1116.760345280548
5493.575920176631,0.5266,1042.5395459557474
5493.615930858308,0.5453,972.2619919916748
5493.655941539988,0.5615,916.9693693148593
5493.705954892092,0.5701,889.5129827560232
5493.745965573781,0.5589,925.5206719902254
5493.785976255473,0.5371,1002.1759462334713
5493.835989607592,0.5174,1079.9443314245786
5493.876000289292,0.4596,1368.6549322186838
5493.916010970994,0.5421,983.7743158232903
5493.956021652701,0.5515,950.5244405286498
5494.006035004839,0.4975,1168.0676082634286
5494.046045686553,0.5066,1126.480845046997
5494.086056368271,0.5405,989.6073065238375
5494.136069720424,0.5504,954.3275647951424
5494.176080402149,0.563,912.0897270150829
5494.216091083879,0.5672,898.6320856537616
5494.266104436046,0.4997,1157.8051036529869
5494.3061151177835,0.5535,943.6676713763937
5494.346125799524,0.5724,882.3789298040251
5494.396139151706,0.4853,1227.5339839858761
5494.436149833454,0.4194,1643.6031822386528
5494.476160515206,0.4658,1332.4627094030113
5494.516171196962,0.4805,1252.1815631629565
5494.566184549162,0.506,1129.1539197272748
5494.6061952309265,0.5251,1048.5042761792565
5494.646205912693,0.5394,993.6476327194207
5494.696219264908,0.5449,973.689948776789
5494.736229946683,0.5351,1009.6814363650979
5494.776240628462,0.5388,995.8618844842383
5494.826253980689,0.4913,1197.7346136264155
5494.866264662478,0.5094,1114.1311333513215
5494.906275344269,0.4795,1257.40986206684
5494.946286026061,0.511,1107.1651233425318
5494.996299378309,0.5353,1008.9270997828884
5495.036310060111,0.5629,912.4138233460192
5495.076320741916,0.5584,927.1788621331749
5495.126334094179,0.5209,1065.4805209713943
5495.166344775991,0.5286,1034.6654232493445
5495.206355457806,0.5347,1011.1926496950699
5495.256368810083,0.4995,1158.7324586700959
5495.296379491908,0.5227,1058.1548693707068
5495.336390173736,0.5667,900.218510447377
5495.386403526025,0.5065,1126.9256978892545
5495.426414207863,0.5464,968.3512683342818
5495.466424889702,0.5158,1086.6546359625945
5495.506435571546,0.5415,985.9556288967036
5495.556448923854,0.5004,1154.5681129088198
5495.596459605705,0.4994,1159.196554044714
5495.63647028756,0.4948,1180.8500691989707
5495.686483639883,0.5132,1097.693035670303
5495.726494321746,0.4892,1208.0397491327385
5495.76650500361,0.4622,1353.3001663266134
5495.816518355949,0.5115,1105.0016398146865
5495.856529037823,0.5428,981.2385873251068
5495.896539719701,0.5127,1099.8350800309834
5495.946553072052,0.5668,899.9008895898883
5495.986563753939,0.5502,955.0214937523848
5496.026574435827,0.4166,1665.7709368353176
5496.06658511772,0.4792,1258.984737901183
5496.116598470089,0.5227,1058.1548693707068
5496.156609151991,0.5478,963.4080154978949
5496.196619833895,0.5508,952.9419739320118
5496.24663318628,0.5529,945.7168911068417
5496.28664386819,0.5451,972.9755774414413
5496.3266545501065,0.5327,1018.7998506315072
5496.376667902507,0.5299,1029.5949850582415
5496.41667858443,0.5217,1062.2153139877214
5496.456689266357,0.5052,1132.7328451632281
5496.496699948286,0.5239,1053.312994225441
5496.546713300705,0.5374,1001.0573444247254
5496.586723982644,0.5218,1061.808218742437
5496.626734664585,0.5289,1033.4920029098741
5496.6767480170165,0.5671,898.9490349506214
5496.716758698967,0.574,877.4666086866548
5496.756769380919,0.5368,1003.296424012863
5496.806782733367,0.495,1179.8960416199466
5496.846793415328,0.501,1151.8043417639221
5496.886804097292,0.5123,1101.5532331490704
5496.936817449753,0.4841,1233.6272020681035
5496.976828131726,0.486,1224.000431703098
5497.016838813702,0.5544,940.6063077141164
5497.0568494956815,0.5296,1030.7617728090972
5497.106862848162,0.45,1427.6736335234107
5497.14687353015,0.4901,1203.6070403720828
5497.18688421214,0.4947,1181.327516957951
5497.236897564634,0.4893,1207.5460177470795
5497.276908246633,0.4717,1299.3384875851957
5497.3169189286355,0.4631,1348.0452148772104
5497.366932281144,0.5176,1079.1099159676914
5497.406942963154,0.5134,1096.8379697646674
5497.446953645169,0.5285,1035.05700748856
5497.486964327186,0.5323,1020.3315894657607
5497.536977679713,0.4837,1235.6683593623577
5497.576988361739,0.4543,1400.7754160624208
5497.616999043767,0.4633,1346.881604827103
5497.667012396308,0.4483,1438.5219116668125
5497.707023078346,0.497,1170.419022377767
5497.747033760385,0.5558,935.8737133719081
5497.797047112941,0.5032,1141.754956801345
5497.837057794989,0.5718,884.2316902091655
5497.8770684770425,0.5036,1139.9419317748382
5497.92708182961,0.4908,1200.17622378084
5497.96709251167,0.5276,1038.5912913239927
5498.007103193734,0.5071,1124.2605270201113
5498.047113875802,0.5399,991.8080593044529
5498.097127228388,0.5212,1064.2543062722139
5498.137137910463,0.4731,1291.6598634359175
5498.177148592542,0.4935,1187.0795479941883
5498.227161945145,0.5476,964.1118739261865
5498.267172627231,0.5588,925.8519539618302
5498.30718330932,0.52,1069.1719073828979
5498.357196661938,0.4921,1193.8435065715425
5498.397207344035,0.4949,1180.372910830912
5498.437218026136,0.5504,954.3275647951424
5498.487231378769,0.5558,935.8737133719081
5498.527242060876,0.4472,1445.6074066477165
5498.567252742989,0.4866,1220.9838021218188
5498.607263425105,0.517,1081.6160683907385
5498.657276777754,0.5481,962.3536722025697
5498.697287459879,0.5239,1053.312994225441
5498.737298142008,0.5024,1145.394006868722
5498.7873114946715,0.5181,1077.0281033258493
5498.827322176807,0.558,928.5086248880235
5498.867332858946,0.5788,862.9732843273061
5498.917346211625,0.5525,947.086748148104
5498.957356893772,0.5308,1026.106484065083
5498.997367575923,0.5345,1011.9495289780806
5499.037378258076,0.4886,1211.008506420665
5499.087391610773,0.5014,1149.9673371989336
5499.127402292935,0.5654,904.3629299061682
5499.167412975101,0.4913,1197.7346136264155
5499.21742632781,0.5243,1051.7064190754134
5499.257437009985,0.5307,1026.493219028348
5499.297447692162,0.5231,1056.5372080787329
5499.347461044887,0.525,1048.903743659714
5499.38747172707,0.5249,1049.3034394721037
5499.427482409261,0.539,995.1229788986755
5499.477495761999,0.5545,940.2670760473927
5499.517506444196,0.5444,975.4793229458008
5499.557517126395,0.5156,1087.4978192697754
5499.597527808598,0.5028,1143.5723105688867
5499.647541161357,0.5194,1071.643499348311
5499.687551843569,0.545,973.3326648013146
5499.727562525783,0.5733,879.6106887114819
5499.7775758785565,0.5519,949.1471210661549
5499.817586560778,0.5172,1080.7797150661127
5499.857597243005,0.4759,1276.5054165827848
5499.907610595793,0.5913,826.8727309722584
5499.947621278027,0.5673,898.3153039511918
5499.987631960264,0.5071,1124.2605270201113
5500.027642642505,0.5364,1004.793319818031
5500.077655995311,0.5427,981.6002336056798
5500.11766667756,0.5186,1074.9523092095471
5500.157677359813,0.5168,1082.4533928998014
5500.207690712632,0.5141,1093.8530937590815
5500.247701394893,0.5206,1066.7088561259247
5500.287712077155,0.5403,990.3400761948484
5500.337725429992,0.542,984.1373649946917
5500.377736112262,0.5317,1022.635682829472
5500.417746794537,0.5035,1140.3947829641436
5500.467760147385,0.5011,1151.3446781773798
5500.5077708296685,0.5203,1067.9393166277416
5500.547781511956,0.4767,1272.2245468539559
5500.5877921942465,0.495,1179.8960416199466
5500.637805547114,0.5017,1148.592466289756
5500.677816229412,0.5044,1136.3288130531637
5500.717826911714,0.558,928.5086248880235
5500.767840264595,0.5194,1071.643499348311
5500.807850946905,0.4977,1167.1290263312044
5500.847861629217,0.5141,1093.8530937590815
5500.8978749821135,0.51,1111.511195515792
5500.937885664434,0.4915,1196.7600553451705
5500.977896346759,0.5374,1001.0573444247254
5501.027909699668,0.5713,885.7801184947057
5501.067920382002,0.5255,1046.9086861015426
5501.107931064337,0.4915,1196.7600553451705
5501.147941746676,0.4864,1221.9881050128377
5501.197955099607,0.4501,1427.0393247621703
5501.237965781952,0.4838,1235.1575953684157
5501.277976464303,0.5663,901.4906769309755
5501.327989817248,0.492,1194.328857142734
5501.368000499606,0.5219,1061.4013574818985
5501.408011181967,0.5689,893.2694934501849
5501.458024534926,0.5388,995.8618844842383
5501.498035217295,0.5467,967.2888021099142
5501.538045899668,0.5043,1136.7795127253044
5501.578056582047,0.5248,1049.7033637904747
5501.628069935021,0.5434,979.0729007696224
5501.668080617407,0.5028,1143.5723105688867
5501.708091299796,0.5292,1032.3205776137543
5501.758104652785,0.5123,1101.5532331490704
5501.798115335183,0.523,1056.941275457291
5501.838126017582,0.559,925.1895677923665
5501.888139370585,0.5552,937.8975845275681
5501.928150052994,0.5506,953.6343918876548
5501.968160735405,0.5439,977.2736342169196
5502.0181740884245,0.5366,1004.0444534772402
5502.058184770844,0.5706,887.9547603617323
5502.098195453266,0.5434,979.0729007696224
5502.138206135693,0.5637,909.8258800835991
5502.188219488731,0.5422,983.4114675085956
5502.228230171164,0.5412,987.0490070290685
5502.268240853601,0.4458,1454.701276935136
5502.318254206653,0.529,1033.1013063631606
5502.358264889101,0.5512,951.5593984945763
5502.398275571548,0.502,1147.2200595470765
5502.448288924616,0.5354,1008.5502484590573
5502.488299607072,0.5022,1146.3064877930408
5502.528310289532,0.5072,1123.8172511996224
5502.568320971996,0.5135,1096.41081142621
5502.6183343250805,0.5273,1039.7734093971208
5502.658345007551,0.5411,987.4138705996381
5502.698355690029,0.5263,1043.7284131759225
5502.748369043127,0.511,1107.1651233425318
5502.78837972561,0.525,1048.903743659714
5502.828390408097,0.5193,1072.0562644616814
5502.87840376121,0.5054,1131.8365202888424
5502.918414443705,0.5468,966.9350352542177
5502.958425126203,0.5616,916.6428429267476
5503.008438479331,0.5546,939.9280278645157
5503.048449161838,0.5359,1006.6691552055291
5503.088459844347,0.5329,1018.0352743438405
5503.128470526861,0.5786,863.5699804495599
5503.178483880005,0.4932,1188.524119981497
5503.218494562526,0.5018,1148.1347238702385
5503.258505245051,0.4851,1228.546381017488
5503.308518598212,0.513,1098.5491018460054
5503.348529280743,0.5351,1009.6814363650979
5503.388539963279,0.5349,1010.4366192470118
5503.438553316454,0.5277,1038.197699921229
5503.478563998998,0.4775,1267.9651754641727
5503.518574681545,0.4796,1256.885560085441
5503.568588034734,0.5145,1092.1529176514475
5503.608598717289,0.5133,1097.2653777811572
5503.648609399849,0.5181,1077.0281033258493
5503.68862008241,0.5005,1154.1067940416572
5503.738633435619,0.4916,1196.2732221879248
5503.778644118187,0.4982,1164.7875148638027
5503.8186548007625,0.5029,1143.1175655542568
5503.868668153983,0.5142,1093.427677733282
5503.908678836566,0.5,1156.4161571154998
5503.948689519149,0.5068,1125.591929222259
5503.998702872386,0.5338,1014.6053094180899
5504.038713554979,0.5215,1063.0302071505123
5504.0787242375745,0.5177,1078.6930708410175
5504.1187349201755,0.5548,939.2504814212201
5504.16874827343,0.5319,1021.866785292299
5504.208758956038,0.4708,1304.3109595071132
5504.248769638649,0.5164,1084.1309614911586
5504.2987829919175,0.5372,1001.8028707296373
5504.3387936745385,0.4484,1437.880360240333
5504.37880435716,0.4661,1330.748015937813
5504.428817710443,0.5567,932.8501675407693
5504.468828393072,0.5259,1045.316735453755
5504.508839075706,0.5694,891.701394173166
5504.558852429003,0.5446,974.7629818411904
5504.598863111646,0.5345,1011.9495289780806
5504.638873794292,0.5543,940.9457229971057
5504.678884476941,0.5475,964.4640924319102
5504.728897830258,0.4843,1232.6085194894365
5504.768908512913,0.4949,1180.372910830912
5504.808919195573,0.527,1040.95754683844
5504.858932548905,0.5292,1032.3205776137543
5504.898943231572,0.5422,983.4114675085956
5504.938953914244,0.5453,972.2619919916748
5504.988967267588,0.503,1142.663091731818
5505.028977950268,0.4669,1326.1916480662221
5505.068988632951,0.4836,1236.1794402395162
5505.108999315638,0.4904,1202.1348913872491
5505.159012669002,0.4944,1182.7615989222363
5505.199023351696,0.5012,1150.8852897006611
5505.239034034394,0.4809,1250.0993702819037
5505.289047387772,0.5128,1099.4061698525593
5505.329058070478,0.488,1213.988220750769
5505.369068753186,0.478,1265.3139215648107
5505.4190821065795,0.5214,1063.4380054274409
5505.459092789296,0.4943,1183.2402065879041
5505.499103472017,0.4756,1278.1163148115493
5505.549116825422,0.4972,1169.4776054290521
5505.589127508152,0.4849,1229.5600310130676
5505.629138190884,0.4902,1203.1160237182257
5505.669148873619,0.4656,1333.6076802176287
5505.719162227042,0.5012,1150.8852897006611
5505.759172909787,0.4873,1217.4784746619107
5505.799183592534,0.4826,1241.3077354030543
5505.849196945972,0.5413,986.6843456546156
5505.889207628727,0.524,1052.9110054935672
5505.929218311486,0.5468,966.9350352542177
5505.979231664938,0.5755,872.8984684920326
5506.019242347705,0.5467,967.2888021099142
5506.059253030475,0.5286,1034.6654232493445
5506.109266383942,0.5053,1132.2845496877774
5506.14927706672,0.5019,1147.6772550286682
5506.189287749501,0.5315,1023.4054485217677
5506.229298432286,0.497,1170.419022377767
5506.279311785771,0.4685,1317.1488356714751
5506.319322468563,0.5089,1116.3214974014788
5506.35933315136,0.5057,1130.4940264469315
5506.409346504861,0.4958,1176.0914696061323
5506.449357187664,0.5234,1055.3263952395218
5506.489367870471,0.5215,1063.0302071505123
5506.539381223985,0.5263,1043.7284131759225
5506.579391906801,0.5476,964.1118739261865
5506.61940258962,0.5703,888.8892019734462
5506.659413272442,0.5108,1108.0322961743132
5506.7094266259755,0.4921,1193.8435065715425
5506.749437308806,0.4742,1285.6743091625206
5506.7894479916395,0.4877,1215.4822036644475
5506.8394613451865,0.487,1218.9789070642205
5506.8794720280275,0.5169,1082.0346091532679
5506.919482710872,0.494,1184.6777739077975
5506.969496064432,0.5541,941.6251049421564
5507.009506747286,0.4832,1238.226937828066
5507.049517430144,0.5288,1033.8829211279656
5507.0995307837175,0.5177,1078.6930708410175
5507.139541466583,0.511,1107.1651233425318
5507.1795521494505,0.4813,1248.0223666546256
5507.2195628323225,0.4631,1348.0452148772104
5507.269576185915,0.495,1179.8960416199466
5507.309586868795,0.4892,1208.0397491327385
5507.349597551677,0.5048,1134.5286920479655
5507.399610905286,0.5044,1136.3288130531637
5507.439621588176,0.5232,1056.1333723676
5507.479632271071,0.4822,1243.367992575734
5507.529645624692,0.4464,1450.793426395466
5507.569656307594,0.478,1265.3139215648107
5507.609666990499,0.4377,1509.0402339438197
5507.649677673408,0.4926,1191.4211858314457
5507.699691027051,0.5135,1096.41081142621
5507.7397017099665,0.4933,1188.042303138004
5507.779712392887,0.4658,1332.4627094030113
5507.829725746543,0.4547,1398.3119787078176
5507.869736429472,0.4479,1441.0924158646494
5507.909747112402,0.4581,1377.6326184837558
5507.959760466072,0.4869,1219.4796676230812
5507.999771149012,0.5205,1067.1187732348485
5508.039781831954,0.4971,1169.948171867344
5508.089795185639,0.4728,1293.2995422688325
5508.12980586859,0.5112,1106.2989681181334
5508.169816551544,0.5134,1096.8379697646674
5508.209827234502,0.5063,1127.8161944737553
5508.259840588204,0.5123,1101.5532331490704
5508.299851271169,0.501,1151.8043417639221
5508.339861954139,0.4839,1234.6471479957763
5508.389875307856,0.4761,1275.4331757766815
5508.429885990832,0.508,1120.2804633351318
5508.469896673812,0.5104,1109.769701041871
5508.519910027543,0.5067,1126.0362555606112
5508.559920710532,0.5103,1110.2046907588485
5508.5999313935245,0.5162,1084.971208590703
5508.649944747269,0.5051,1133.1814069259265
5508.689955430269,0.518,1077.4439836285385
5508.729966113272,0.5335,1015.7467024923076
5508.7699767962795,0.507,1124.7040651593343
5508.819990150043,0.5092,1115.006504714082
5508.860000833057,0.5435,978.71265016113
5508.900011516076,0.4372,1512.4938013701942
5508.950024869853,0.4518,1416.3204342025333
5508.99003555288,0.5818,854.0965546658855
5509.030046235909,0.4427,1475.1456085913833
5509.080059589701,0.5034,1140.847904055276
5509.120070272739,0.5165,1083.7112039255624
5509.160080955779,0.4681,1319.4008481189398
5509.200091638824,0.4535,1405.7218605021355
5509.250104992635,0.4725,1294.942345284297
5509.290115675688,0.4772,1269.559929547299
5509.330126358742,0.5301,1028.818226848869
5509.380139712568,0.4645,1339.9314790305655
5509.420150395631,0.4956,1177.040885588521
5509.460161078699,0.5053,1132.2845496877774
5509.510174432536,0.509,1115.882908149467
5509.550185115613,0.5243,1051.7064190754134
5509.59019579869,0.4839,1234.6471479957763
5509.640209152542,0.4979,1166.1915752182533
5509.680219835629,0.498,1165.7232731514118
5509.720230518719,0.5437,977.9927451833511
5509.760241201812,0.5331,1017.2715584179348
5509.810254555686,0.4616,1356.8205565136163
5509.850265238786,0.4704,1306.53011382406
5509.890275921891,0.532,1021.4826616739743
5509.940289275776,0.4792,1258.984737901183
5509.980299958889,0.497,1170.419022377767
5510.020310642006,0.5312,1024.5617277118085
5510.070323995904,0.4967,1171.833280629954
5510.110334679029,0.5223,1059.7762487041543
5510.150345362157,0.5227,1058.1548693707068
5510.200358716072,0.522,1060.9947300268248
5510.240369399205,0.5029,1143.1175655542568
5510.280380082345,0.5176,1079.1099159676914
5510.320390765487,0.5208,1065.8897301754669
5510.3704041194205,0.5116,1104.569704128345
5510.410414802571,0.5372,1001.8028707296373
5510.450425485724,0.5483,961.6517379317046
5510.500438839671,0.5067,1126.0362555606112
5510.540449522832,0.4664,1329.0366302008288
5510.580460205997,0.5193,1072.0562644616814
5510.630473559959,0.485,1229.0530492656042
5510.670484243131,0.5097,1112.8200079007167
5510.710494926308,0.5425,982.3241262240581
5510.750505609488,0.524,1052.9110054935672
5510.800518963467,0.5432,979.7939989576856
5510.840529646654,0.5353,1008.9270997828884
5510.880540329846,0.5117,1104.1380216524603
5510.930553683838,0.5074,1122.9314856877918
5510.970564367039,0.4884,1212.000524422391
5511.010575050241,0.5154,1088.341984352576
5511.060588404249,0.548,962.7049275754738
5511.100599087459,0.5604,920.572704254599
5511.140609770673,0.5325,1019.5652885737366
5511.190623124696,0.5601,921.5591183925106
5511.230633807917,0.5336,1015.3660242237112
5511.270644491142,0.5566,933.1853929415009
5511.310655174371,0.5402,990.7067662751076
5511.360668528412,0.4858,1225.008459588434
5511.400679211649,0.4536,1405.1021233723059
5511.440689894887,0.4774,1268.49642612105
5511.490703248944,0.4777,1266.9036748646342
5511.530713932192,0.4852,1228.0400260102974
5511.5707246154425,0.4769,1271.1576941715373
5511.620737969512,0.5181,1077.0281033258493
5511.660748652771,0.4853,1227.5339839858761
5511.700759336033,0.5019,1147.6772550286682
5511.740770019301,0.5036,1139.9419317748382
5511.790783373388,0.5172,1080.7797150661127
5511.830794056662,0.5138,1095.1308325356395
5511.87080473994,0.5231,1056.5372080787329
5511.920818094042,0.5333,1016.5087015634106
5511.960828777327,0.5428,981.2385873251068
5512.000839460616,0.5419,984.5006151710747
5512.050852814731,0.5259,1045.316735453755
5512.09086349803,0.5172,1080.7797150661127
5512.130874181329,0.4977,1167.1290263312044
5512.180887535459,0.5047,1134.978321071157
5512.220898218766,0.5362,1005.5430242840702
5512.260908902078,0.5633,911.1184734412958
5512.300919585394,0.5791,862.0793990584727
5512.350932939542,0.5333,1016.5087015634106
5512.390943622865,0.5498,956.4116242177621
5512.430954306192,0.5366,1004.0444534772402
5512.4809676603545,0.5335,1015.7467024923076
5512.5209783436885,0.5204,1067.5289266748855
5512.560989027026,0.5188,1074.123671554756
5512.6110023812025,0.5137,1095.5572430058462
5512.65101306455,0.4984,1163.8528828626847
5512.691023747898,0.5043,1136.7795127253044
5512.74103710209,0.5463,968.7058127690644
5512.7810477854455,0.562,915.3384799294006
5512.821058468807,0.5483,961.6517379317046
5512.861069152171,0.5124,1101.123317616596
5512.911082506381,0.488,1213.988220750769
5512.951093189752,0.4987,1162.4530426969004
5512.991103873128,0.5414,986.3198863269058
5513.0411172273525,0.5115,1105.0016398146865
5513.081127910735,0.5305,1027.2673451574876
5513.1211385941215,0.5682,895.4717909125881
5513.17115194836,0.5203,1067.9393166277416
5513.211162631754,0.519,1073.2959916761365
5513.251173315153,0.5094,1114.1311333513215
5513.291183998553,0.5258,1045.7143825247074
5513.341197352809,0.5132,1097.693035670303
5513.381208036219,0.5444,975.4793229458008
5513.421218719632,0.5578,929.1745792937329
5513.471232073901,0.5158,1086.6546359625945
5513.511242757322,0.5188,1074.123671554756
5513.551253440748,0.5135,1096.41081142621
5513.601266795031,0.4991,1160.5905143125651
5513.641277478463,0.508,1120.2804633351318
5513.681288161899,0.5189,1073.7097119857092
5513.731301516197,0.5336,1015.3660242237112
5513.771312199641,0.5396,992.9111896899705
5513.811322883088,0.4998,1157.341843564654
5513.851333566538,0.548,962.7049275754738
5513.901346920856,0.5483,961.6517379317046
5513.941357604314,0.5076,1122.0467669717711
5513.981368287776,0.5388,995.8618844842383
5514.031381642108,0.5013,1150.4261761142707
5514.071392325576,0.4906,1201.1549587264706
5514.111403009049,0.5054,1131.8365202888424
5514.161416363396,0.6437,697.7302129455305
5514.201427046876,0.534,1013.8454491865325
5514.24143773036,0.5063,1127.8161944737553
5514.281448413849,0.5286,1034.6654232493445
5514.331461768213,0.57,889.8251194049326
5514.371472451708,0.5373,1001.430003511728
5514.411483135208,0.4729,1292.7526359179374
5514.461496489587,0.5181,1077.0281033258493
5514.501507173093,0.542,984.1373649946917
5514.541517856604,0.5304,1027.6547366533189
5514.591531210996,0.5253,1047.7060255187653
5514.631541894514,0.4776,1267.4342584718213
5514.6715525780355,0.503,1142.663091731818
5514.721565932442,0.4519,1415.6936758075458
5514.761576615972,0.5294,1031.5407335411048
5514.801587299506,0.5054,1131.8365202888424
5514.8415979830415,0.5295,1031.1511428409294
5514.891611337466,0.5385,996.9717869165338
5514.93162202101,0.5253,1047.7060255187653
5514.971632704558,0.5254,1047.3072419914602
5515.021646058998,0.5343,1012.7072583672283
5515.061656742554,0.5344,1012.3282873298455
5515.101667426113,0.4955,1177.5160247540905
5515.1516807805665,0.503,1142.663091731818
5515.191691464133,0.5208,1065.8897301754669
5515.231702147703,0.5539,942.3052229442917
5515.281715502172,0.5363,1005.1680672072514
5515.321726185749,0.4746,1283.5080557959977
5515.361736869331,0.4941,1184.198293845316
5515.401747552916,0.5168,1082.4533928998014
5515.451760907404,0.5338,1014.6053094180899
5515.491771590996,0.5019,1147.6772550286682
5515.531782274593,0.453,1408.8267049582864
5515.581795629094,0.4778,1266.3734243635404
5515.621806312698,0.5421,983.7743158232903
5515.661816996306,0.5525,947.086748148104
5515.71183035082,0.5304,1027.6547366533189
5515.751841034436,0.5048,1134.5286920479655
5515.791851718055,0.5206,1066.7088561259247
5515.831862401677,0.5315,1023.4054485217677
5515.881875756211,0.5625,913.7119376413864
5515.921886439842,0.5094,1114.1311333513215
5515.961897123474,0.4941,1184.198293845316
5516.011910478022,0.4834,1237.202553692489
5516.051921161665,0.4592,1371.040381788672
5516.09193184531,0.4752,1280.2689268496915
5516.14194519987,0.4717,1299.3384875851957
5516.181955883523,0.6165,760.6560537016675
5516.22196656718,0.4837,1235.6683593623577
5516.271979921756,0.4401,1492.6266312753953
5516.31199060542,0.5458,970.4814590597539
5516.352001289089,0.5423,983.0488199024703
5516.39201197276,0.4977,1167.1290263312044
5516.442025327354,0.5738,878.0784023436545
5516.4820360110325,0.5044,1136.3288130531637
5516.522046694717,0.5621,915.0128241989344
5516.572060049323,0.5537,942.9860780671753
5516.612070733015,0.5026,1144.4826150381696
5516.652081416708,0.5676,897.3659632283603
5516.702094771331,0.5494,957.8047921070763
5516.742105455032,0.4824,1242.3372233635284
5516.782116138737,0.4472,1445.6074066477165
5516.822126822446,0.4911,1198.7103628114194
5516.872140177087,0.5235,1054.923253468954
5516.912150860803,0.5312,1024.5617277118085
5516.952161544524,0.4937,1186.1179626597789
5517.002174899179,0.5057,1130.4940264469315
5517.042185582906,0.5183,1076.1970647566852
5517.082196266639,0.5122,1101.983400510904
5517.132209621308,0.4851,1228.546381017488
5517.172220305046,0.5003,1155.0297084284198
5517.212230988789,0.4975,1168.0676082634286
5517.262244343472,0.5037,1139.4893502730479
5517.302255027223,0.4642,1341.6639584422499
5517.342265710978,0.4651,1336.4765721742015
5517.382276394734,0.4992,1160.1255816423575
5517.432289749436,0.4876,1215.9808108628263
5517.472300433201,0.5257,1046.1122565411426
5517.512311116969,0.5552,937.8975845275681
5517.562324471685,0.5957,814.7028553787508
5517.602335155462,0.5435,978.71265016113
5517.642345839243,0.4725,1294.942345284297
5517.692359193972,0.5465,967.996918507741
5517.732369877759,0.5317,1022.635682829472
5517.7723805615515,0.5123,1101.5532331490704
5517.822393916296,0.5219,1061.4013574818985
5517.862404600095,0.5469,966.5814624379425
5517.902415283898,0.5465,967.996918507741
5517.9424259677035,0.4787,1261.6161137255071
5517.9924393224655,0.5302,1028.4301773335642
5518.03245000628,0.5547,939.5891630331851
5518.0724606900985,0.596,813.8828925131941
5518.122474044875,0.5549,938.9119828965594
5518.1624847286985,0.5014,1149.9673371989336
5518.202495412527,0.5437,977.9927451833511
5518.252508767319,0.5291,1032.710831320257
5518.292519451156,0.505,1133.6302351868142
5518.332530134996,0.4857,1225.5129405620578
5518.372540818839,0.5227,1058.1548693707068
5518.422554173649,0.5636,910.1487704246412
5518.462564857501,0.564,908.8582393465673
5518.502575541354,0.5417,985.2277191325676
5518.552588896178,0.4839,1234.6471479957763
5518.592599580041,0.4832,1238.226937828066
5518.632610263906,0.5232,1056.1333723676
5518.6826236187435,0.5384,997.3421667535983
5518.722634302618,0.4836,1236.1794402395162
5518.762644986495,0.4911,1198.7103628114194
5518.812658341347,0.55,955.7161798592889
5518.852669025232,0.498,1165.7232731514118
5518.89267970912,0.4698,1309.8694794426067
5518.932690393013,0.4943,1183.2402065879041
5518.982703747883,0.5081,1119.839539101002
5519.022714431783,0.468,1319.9647536701873
5519.062725115687,0.4634,1346.300364700683
5519.1127384705715,0.4494,1431.4883825370425
5519.152749154482,0.5286,1034.6654232493445
5519.192759838397,0.539,995.1229788986755
5519.242773193295,0.5308,1026.106484065083
5519.282783877217,0.5473,965.1691087313933
5519.322794561144,0.5067,1126.0362555606112
5519.362805245073,0.501,1151.8043417639221
5519.412818599991,0.4933,1188.042303138004
5519.452829283927,0.5075,1122.4889955834328
5519.492839967868,0.5044,1136.3288130531637
5519.5428533228,0.5187,1074.537870567801
5519.5828640067475,0.5251,1048.5042761792565
5519.6228746907,0.4933,1188.042303138004
5519.672888045645,0.5463,968.7058127690644
5519.7128987296055,0.5646,906.9275832151445
5519.752909413569,0.5485,960.9505713600305
5519.802922768528,0.5602,921.230137592458
5519.842933452498,0.5498,956.4116242177621
5519.882944136473,0.5217,1062.2153139877214
5519.922954820452,0.4943,1183.2402065879041
5519.972968175428,0.5348,1010.8145284460277
5520.012978859415,0.5305,1027.2673451574876
5520.052989543405,0.5133,1097.2653777811572
5520.103002898396,0.5411,987.4138705996381
5520.143013582393,0.4876,1215.9808108628263
5520.183024266394,0.4911,1198.7103628114194
5520.233037621399,0.5335,1015.7467024923076
5520.273048305407,0.5155,1087.919778993993
5520.313058989419,0.5141,1093.8530937590815
5520.36307234444,0.5245,1050.9045095244628
5520.403083028459,0.5059,1129.6003570808423
5520.443093712483,0.5235,1054.923253468954
5520.483104396509,0.5283,1035.8408431650566
5520.533117751547,0.5384,997.3421667535983
5520.5731284355825,0.5349,1010.4366192470118
5520.6131391196195,0.501,1151.8043417639221
5520.663152474672,0.4779,1265.8435066897616
5520.703163158719,0.4979,1166.1915752182533
5520.743173842769,0.5721,883.3045813397111
5520.793187197834,0.5445,975.1210537241044
5520.833197881892,0.498,1165.7232731514118
5520.873208565953,0.4945,1182.283281585165
5520.913219250017,0.5258,1045.7143825247074
5520.963232605102,0.517,1081.6160683907385
5521.003243289173,0.5071,1124.2605270201113
5521.043253973249,0.5155,1087.919778993993
5521.093267328347,0.5087,1117.1994519900566
5521.133278012431,0.4911,1198.7103628114194
5521.173288696517,0.4892,1208.0397491327385
5521.2233020516305,0.4919,1194.814503749045
5521.263312735723,0.5355,1008.1736082363086
5521.303323419823,0.5524,947.429677459498
5521.3433341039245,0.5694,891.701394173166
5521.393347459055,0.525,1048.903743659714
5521.433358143164,0.5473,965.1691087313933
5521.473368827276,0.5359,1006.6691552055291
5521.523382182422,0.4836,1236.1794402395162
5521.563392866544,0.5776,866.5627644971851
5521.603403550668,0.4882,1212.9937618659287
5521.653416905828,0.4931,1189.006229989493
5521.693427589958,0.5083,1118.9584712071476
5521.733438274093,0.5302,1028.4301773335642
5521.783451629267,0.5448,974.0474295122355
5521.82346231341,0.4921,1193.8435065715425
5521.8634729975565,0.5088,1116.760345280548
5521.913486352745,0.5321,1021.0987546052461
5521.953497036899,0.53,1029.2064960351493
5521.993507721057,0.512,1102.8444915097286
5522.033518405218,0.5315,1023.4054485217677
5522.083531760425,0.4963,1173.722949210072
5522.123542444594,0.5291,1032.710831320257
5522.163553128767,0.5256,1046.5103576757897
5522.213566483986,0.4704,1306.53011382406
5522.253577168167,0.51,1111.511195515792
5522.29358785235,0.5704,888.5775576095506
5522.3436012075845,0.4676,1322.22399489936
5522.383611891778,0.4965,1172.7775440243418
5522.423622575972,0.5059,1129.6003570808423
5522.46363326017,0.5235,1054.923253468954
5522.513646615423,0.4913,1197.7346136264155
5522.55365729963,0.5139,1094.7046709668641
5522.59366798384,0.536,1006.2935681265214
5522.6436813391065,0.5344,1012.3282873298455
5522.683692023323,0.5633,911.1184734412958
5522.723702707544,0.5574,930.5086392967389
5522.773716062826,0.4914,1197.2471857439914
5522.813726747055,0.4877,1215.4822036644475
5522.853737431286,0.4822,1243.367992575734
5522.903750786582,0.4872,1217.978310836665
5522.943761470821,0.5119,1103.2754155407408
5522.983772155065,0.5174,1079.9443314245786
5523.023782839313,0.5161,1085.3916985029048
5523.073796194626,0.4893,1207.5460177470795
5523.1138068788805,0.4979,1166.1915752182533
5523.1538175631395,0.5054,1131.8365202888424
5523.203830918468,0.4983,1164.320058190439
5523.243841602733,0.494,1184.6777739077975
5523.283852287002,0.4996,1158.2686419471977
5523.333865642344,0.5167,1082.8724198184618
5523.373876326623,0.5026,1144.4826150381696
5523.413887010904,0.4698,1309.8694794426067
5523.453897695187,0.5061,1128.707746980918
5523.503911050547,0.5143,1093.0025098353296
5523.543921734839,0.4891,1208.5337833894964
5523.583932419135,0.4762,1274.8975619252815
5523.633945774509,0.4814,1247.5039245480805
5523.673956458812,0.5156,1087.4978192697754
5523.713967143119,0.4748,1282.4269816362369
5523.7639804985065,0.5207,1066.2991751665827
5523.803991182823,0.4957,1176.5660339498502
5523.84400186714,0.4495,1430.8515300487486
5523.884012551462,0.5027,1144.027326991516
5523.934025906869,0.5056,1130.9412588786308
5523.974036591197,0.488,1213.988220750769
5524.014047275529,0.5655,904.0431133298256
5524.064060630952,0.6114,773.3990019503906
5524.104071315292,0.5652,905.0030723951014
5524.144081999634,0.558,928.5086248880235
5524.194095355071,0.5473,965.1691087313933
5524.234106039423,0.5433,979.4333503196378
5524.274116723777,0.5277,1038.197699921229
5524.324130079227,0.486,1224.000431703098
5524.36414076359,0.4805,1252.1815631629565
5524.404151447957,0.5199,1069.58324520758
5524.454164803419,0.501,1151.8043417639221
5524.494175487794,0.4967,1171.833280629954
5524.534186172172,0.4932,1188.524119981497
5524.574196856552,0.4928,1190.4543213805541
5524.624210212035,0.5594,923.8669261966144
5524.664220896422,0.5323,1020.3315894657607
5524.704231580815,0.4872,1217.978310836665
5524.754244936312,0.4671,1325.0562124937098
5524.794255620712,0.5577,929.5078252026706
5524.834266305114,0.5365,1004.4187819600862
5524.884279660624,0.5365,1004.4187819600862
5524.924290345037,0.5667,900.218510447377
5524.964301029451,0.5143,1093.0025098353296
5525.004311713871,0.5233,1055.7297681468283
5525.054325069398,0.5281,1036.6255695621835
5525.094335753825,0.4582,1377.0313617043578
5525.1343464382535,0.5718,884.2316902091655
5525.184359793795,0.4963,1173.722949210072
5525.224370478233,0.5007,1153.1849853807262
5525.264381162674,0.4884,1212.000524422391
5525.314394518229,0.5451,972.9755774414413
5525.354405202678,0.5732,879.9176272606666
5525.394415887131,0.5509,952.5960477185802
5525.434426571587,0.5334,1016.1275948853346
5525.4844399271615,0.536,1006.2935681265214
5525.524450611624,0.5391,994.7538344584949
5525.564461296091,0.5834,849.418192534278
5525.61447465168,0.5149,1090.4567023416348
5525.654485336155,0.4798,1255.8379394257734
5525.694496020634,0.47,1308.7549364655479
5525.744509376236,0.5328,1018.4174548617103
5525.784520060722,0.4591,1371.6377186272919
5525.824530745212,0.5101,1111.0754377951027
5525.874544100828,0.5247,1050.1035167890425
5525.914554785325,0.5228,1057.7501059257897
5525.954565469826,0.526,1044.91931515572
5525.99457615433,0.5648,906.2853980855133
5526.044589509965,0.5684,894.8417327327812
5526.084600194477,0.5779,865.6632978001819
5526.124610878992,0.5911,827.43237314363
5526.174624234642,0.5355,1008.1736082363086
5526.214634919164,0.5392,994.3848953834057
5526.254645603691,0.485,1229.0530492656042
5526.304658959354,0.5071,1124.2605270201113
5526.344669643889,0.4994,1159.196554044714
5526.384680328427,0.5552,937.8975845275681
5526.434693684103,0.5338,1014.6053094180899
5526.474704368648,0.53,1029.2064960351493
5526.514715053198,0.5199,1069.58324520758
5526.554725737751,0.5404,989.973589661299
5526.6047390934455,0.5214,1063.4380054274409
5526.6447497780055,0.5121,1102.4138198988185
5526.68476046257,0.5008,1152.7244951455523
5526.734773818279,0.5276,1038.5912913239927
5526.774784502852,0.501,1151.8043417639221
5526.814795187426,0.5335,1015.7467024923076
5526.8648085431505,0.5028,1143.5723105688867
5526.904819227732,0.4901,1203.6070403720828
5526.94482991232,0.4774,1268.49642612105
5526.994843268057,0.4998,1157.341843564654
5527.034853952652,0.5252,1048.1050368568463
5527.0748646372485,0.5208,1065.8897301754669
5527.1148753218495,0.5292,1032.3205776137543
5527.164888677606,0.4314,1553.4368452752667
5527.204899362215,0.464,1342.8208120779395
5527.244910046827,0.5091,1115.4445773213295
5527.294923402596,0.5267,1042.1437082500534
5527.334934087216,0.4775,1267.9651754641727
5527.374944771841,0.4554,1394.016572633305
5527.424958127624,0.4936,1186.5986092192993
5527.464968812255,0.4597,1368.0595425768877
5527.50497949689,0.5219,1061.4013574818985
5527.544990181528,0.4934,1187.5607792213686
5527.595003537332,0.4861,1223.4968842790454
5527.635014221976,0.4809,1250.0993702819037
5527.675024906626,0.549,959.2010062757732
5527.7250382624425,0.5563,934.192154046051
5527.7650489471,0.5429,980.877140867138
5527.805059631761,0.5198,1069.994820456232
5527.85507298759,0.4738,1287.8460513338018
5527.895083672261,0.5277,1038.197699921229
5527.935094356932,0.5779,865.6632978001819
5527.975105041606,0.4817,1245.9505350518498
5528.025118397456,0.5374,1001.0573444247254
5528.065129082138,0.5201,1068.7608067996052
5528.105139766825,0.5089,1116.3214974014788
5528.155153122688,0.493,1189.488633399876
5528.195163807382,0.4781,1264.784668710492
5528.235174492081,0.4855,1226.5228378540453
5528.285187847958,0.5148,1090.8803855174053
5528.325198532663,0.466,1331.3192124802038
5528.3652092173725,0.5427,981.6002336056798
5528.415222573263,0.4843,1232.6085194894365
5528.45523325798,0.507,1124.7040651593343
5528.4952439427,0.4757,1277.5790100867284
5528.5352546274235,0.4604,1363.90267204869
5528.585267983333,0.5553,937.5598170338845
5528.625278668065,0.4998,1157.341843564654
5528.665289352799,0.4914,1197.2471857439914
5528.715302708722,0.518,1077.4439836285385
5528.755313393466,0.5288,1033.8829211279656
5528.795324078212,0.4819,1244.9165533950484
5528.845337434149,0.4508,1422.6109762704702
5528.8853481189035,0.4617,1356.232871574937
5528.925358803661,0.3389,2517.156373470811
5528.975372159612,0.4724,1295.4906419242016
5529.015382844376,0.4878,1214.9839030805012
5529.055393529145,0.5178,1078.2764671998996
5529.095404213918,0.5208,1065.8897301754669
5529.145417569886,0.4838,1235.1575953684157
5529.1854282546665,0.5406,989.2412266319819
5529.225438939449,0.5415,985.9556288967036
5529.275452295434,0.5291,1032.710831320257
5529.315462980225,0.4792,1258.984737901183
5529.355473665019,0.5117,1104.1380216524603
5529.4054870210175,0.5161,1085.3916985029048
5529.44549770582,0.4672,1324.489041445465
5529.485508390625,0.5447,974.4051071521571
5529.525519075434,0.5365,1004.4187819600862
5529.5755324314505,0.5366,1004.0444534772402
5529.615543116268,0.5344,1012.3282873298455
5529.655553801087,0.5332,1016.890022687304
5529.705567157118,0.4889,1209.5227615076494
5529.745577841946,0.5175,1079.5270027665938
5529.785588526777,0.5224,1059.3705546815588
5529.835601882822,0.5445,975.1210537241044
5529.875612567662,0.5447,974.4051071521571
5529.915623252506,0.536,1006.2935681265214
5529.965636608563,0.5179,1077.8601048578444
5530.005647293415,0.492,1194.328857142734
5530.045657978268,0.5289,1033.4920029098741
5530.085668663125,0.5024,1145.394006868722
5530.135682019201,0.485,1229.0530492656042
5530.175692704068,0.5505,953.9808839038454
5530.215703388936,0.57,889.8251194049326
5530.265716745026,0.5444,975.4793229458008
5530.305727429903,0.5311,1024.9475896040303
5530.345738114784,0.5309,1025.7199676163095
5530.395751470886,0.4907,1200.6654416612967
5530.435762155775,0.4874,1216.978946109564
5530.475772840666,0.487,1218.9789070642205
5530.5157835255595,0.4731,1291.6598634359175
5530.565796881683,0.5316,1023.0204570745707
5530.605807566585,0.5236,1054.5203426585674
5530.645818251492,0.5866,840.1760525378279
5530.695831607628,0.5609,918.9321965813082
5530.735842292542,0.5168,1082.4533928998014
5530.775852977459,0.5219,1061.4013574818985
5530.825866333611,0.5401,991.0736600528377
5530.865877018536,0.5044,1136.3288130531637
5530.905887703463,0.4759,1276.5054165827848
5530.955901059629,0.5229,1057.345574680509
5530.995911744564,0.5159,1086.2334119991733
5531.035922429504,0.5295,1031.1511428409294
5531.075933114446,0.5128,1099.4061698525593
5531.125946470631,0.5521,948.4595836731199
5531.165957155581,0.5679,896.4181266073981
5531.205967840534,0.5077,1121.6047996468071
5531.255981196732,0.5129,1098.977510522758
5531.295991881693,0.5656,903.7234663721557
5531.33600256666,0.5051,1133.1814069259265
5531.386015922871,0.4658,1332.4627094030113
5531.426026607844,0.474,1286.7594929894713
5531.46603729282,0.483,1239.2525947513288
5531.516050649044,0.4756,1278.1163148115493
5531.55606133403,0.5502,955.0214937523848
5531.596072019019,0.4845,1231.5910981741854
5531.63608270401,0.5401,991.0736600528377
5531.686096060252,0.5182,1076.612463763823
5531.72610674525,0.5613,917.6229457270254
5531.766117430253,0.5515,950.5244405286498
5531.81613078651,0.5412,987.0490070290685
5531.856141471521,0.4798,1255.8379394257734
5531.896152156535,0.4791,1259.5103540565356
5531.946165512806,0.5053,1132.2845496877774
5531.986176197828,0.5194,1071.643499348311
5532.026186882853,0.5772,867.7642357742964
5532.066197567881,0.5722,882.995869052762
5532.116210924171,0.527,1040.95754683844
5532.156221609206,0.5491,958.8516666594119
5532.196232294245,0.5534,944.0087451844009
5532.246245650551,0.4931,1189.006229989493
5532.2862563355975,0.4949,1180.372910830912
5532.326267020649,0.4694,1312.1028408235914
5532.376280376967,0.4871,1218.4784548864684
5532.416291062024,0.5418,984.8640665008508
5532.456301747086,0.5209,1065.4805209713943
5532.506315103419,0.5156,1087.4978192697754
5532.5463257884885,0.5853,843.9123927519214
5532.586336473561,0.5921,824.6398304948517
5532.626347158637,0.5622,914.6873422284403
5532.676360514989,0.4685,1317.1488356714751
5532.716371200073,0.5863,841.0360793884629
5532.75638188516,1.0225,276.5211879030688
5532.806395241524,1.6753,103.00782122594563
5532.846405926621,1.7419,95.28158210026398
5532.886416611718,1.6035,112.43911703665374
5532.9364299680965,1.5705,117.21399336842525
5532.976440653203,1.3758,152.7371403445911
5533.016451338313,0.929,334.9835909259717
5533.056462023428,0.5297,1030.3726232789877
5533.106475379824,0.5613,917.6229457270254
5533.146486064944,0.4901,1203.6070403720828
5533.186496750069,0.5004,1154.5681129088198
5533.23651010648,0.4957,1176.5660339498502
5533.276520791613,0.5505,953.9808839038454
5533.316531476748,0.5284,1035.44881407101
5533.366544833174,0.5179,1077.8601048578444
5533.406555518317,0.5366,1004.0444534772402
5533.4465662034645,0.5612,917.9499959999262
5533.496579559903,0.5712,886.0902922006809
5533.536590245057,0.56,921.8882754476978
5533.576600930216,0.5011,1151.3446781773798
5533.616611615377,0.4637,1344.558900018506
5533.666624971834,0.4826,1241.3077354030543
5533.706635657003,0.4922,1193.3584517949132
5533.746646342177,0.45,1427.6736335234107
5533.796659698648,0.4482,1439.163892558862
5533.836670383828,0.49,1204.098357678442
5533.876681069013,0.4859,1224.5042900542148
5533.926694425498,0.5502,955.0214937523848
5533.96670511069,0.5418,984.8640665008508
5534.006715795885,0.5165,1083.7112039255624
5534.056729152384,0.5342,1013.0864422494996
5534.096739837587,0.5457,970.8371741417066
5534.136750522793,0.4743,1285.132231968681
5534.176761208003,0.4887,1210.5129540867588
5534.226774564519,0.5224,1059.3705546815588
5534.266785249736,0.4931,1189.006229989493
5534.306795934958,0.4937,1186.1179626597789
5534.35680929149,0.5329,1018.0352743438405
5534.396819976718,0.5498,956.4116242177621
5534.43683066195,0.476,1275.9691272345856
5534.486844018496,0.357,2268.386382521974
5534.526854703736,0.5051,1133.1814069259265
5534.56686538898,0.4814,1247.5039245480805
5534.606876074226,0.5338,1014.6053094180899
5534.65688943079,0.5196,1070.8186839566488
5534.696900116045,0.4886,1211.008506420665
5534.736910801304,0.5006,1153.6457516058965
5534.786924157879,0.4934,1187.5607792213686
5534.826934843146,0.4866,1220.9838021218188
5534.866945528415,0.4962,1174.1960805500444
5534.916958885007,0.4755,1278.6539585648195
5534.956969570284,0.4691,1313.7816124308574
5534.996980255564,0.5221,1060.5883361981062
5535.04699361217,0.5579,928.841512564995
5535.087004297458,0.5401,991.0736600528377
5535.127014982751,0.5551,938.2355345814976
5535.1670256680445,0.4939,1185.1575452403517
5535.217039024668,0.5404,989.973589661299
5535.257049709972,0.5456,971.1930848323617
5535.297060395278,0.4868,1219.9807368164707
5535.347073751915,0.4827,1240.7934712287347
5535.3870844372295,0.4927,1190.9376064278272
5535.427095122548,0.466,1331.3192124802038
5535.477108479198,0.4765,1273.292743176652
5535.517119164523,0.5615,916.9693693148593
5535.5571298498535,0.5332,1016.890022687304
5535.597140535185,0.5641,908.5360354571097
5535.647153891855,0.5041,1137.6817168621935
5535.6871645771935,0.5098,1112.3834803673017
5535.7271752625375,0.5252,1048.1050368568463
5535.777188619221,0.5031,1142.2088888859744
5535.817199304572,0.5458,970.4814590597539
5535.857209989927,0.5694,891.701394173166
5535.907223346625,0.5241,1052.50924684161
5535.947234031987,0.5504,954.3275647951424
5535.987244717352,0.5368,1003.296424012863
5536.037258074064,0.5301,1028.818226848869
5536.077268759437,0.5273,1039.7734093971208
5536.117279444815,0.5079,1120.7216480339814
5536.157290130195,0.4798,1255.8379394257734
5536.2073034869245,0.4877,1215.4822036644475
5536.247314172312,0.4835,1236.6908382620745
5536.287324857704,0.4668,1326.7599132152418
5536.337338214448,0.5122,1101.983400510904
5536.377348899848,0.4942,1183.719104817181
5536.41735958525,0.4647,1338.7783563677644
5536.467372942008,0.4903,1202.6253074716162
5536.507383627419,0.5515,950.5244405286498
5536.547394312832,0.5522,948.116095086989
5536.597407669605,0.5552,937.8975845275681
5536.637418355026,0.5183,1076.1970647566852
5536.677429040451,0.5155,1087.919778993993
5536.71743972588,0.4949,1180.372910830912
5536.767453082669,0.5022,1146.3064877930408
5536.807463768106,0.5231,1056.5372080787329
5536.847474453545,0.5281,1036.6255695621835
5536.897487810349,0.545,973.3326648013146
5536.937498495795,0.5482,962.0026090347152
5536.977509181246,0.545,973.3326648013146
5537.027522538066,0.524,1052.9110054935672
5537.067533223523,0.5212,1064.2543062722139
5537.107543908985,0.4874,1216.978946109564
5537.147554594451,0.4796,1256.885560085441
5537.197567951287,0.5122,1101.983400510904
5537.23757863676,0.5185,1075.366987664874
5537.277589322237,0.5004,1154.5681129088198
5537.327602679087,0.4962,1174.1960805500444
5537.36761336457,0.5311,1024.9475896040303
5537.407624050059,0.4738,1287.8460513338018
5537.457637406923,0.5087,1117.1994519900566
5537.49764809242,0.541,987.7789365158359
5537.537658777917,0.531,1025.333669517437
5537.587672134796,0.5516,950.1798297393217
5537.627682820302,0.6465,691.6995525982916
5537.667693505812,0.5416,985.5915732149108
5537.707704191326,0.4988,1161.9869904965374
5537.757717548223,0.4446,1462.5644950500978
5537.797728233742,0.4622,1353.3001663266134
5537.837738919267,0.486,1224.000431703098
5537.887752276179,0.5194,1071.643499348311
5537.927762961712,0.5231,1056.5372080787329
5537.967773647248,0.4829,1239.7659011673725
5538.017787004171,0.5658,903.0846808332417
5538.057797689716,0.5399,991.8080593044529
5538.097808375262,0.519,1073.2959916761365
5538.137819060813,0.4672,1324.489041445465
5538.187832417754,0.4435,1469.8285873325551
5538.227843103311,0.4976,1167.5981758312746
5538.267853788873,0.5431,980.1548468304095
5538.317867145831,0.5328,1018.4174548617103
5538.3578778314,0.5133,1097.2653777811572
5538.397888516973,0.4455,1456.6611258345708
5538.447901873943,0.4325,1545.5450368441907
5538.487912559524,0.4853,1227.5339839858761
5538.527923245108,0.4885,1211.5043631161097
5538.5779366020915,0.5095,1113.6938341908365
5538.617947287684,0.5188,1074.123671554756
5538.657957973278,0.4804,1252.7029242300089
5538.6979686588775,0.4497,1429.579099387816
5538.747982015881,0.5126,1100.2642412537955
5538.787992701487,0.5175,1079.5270027665938
5538.828003387095,0.4909,1199.687304841341
5538.878016744113,0.5063,1127.8161944737553
5538.91802742973,0.5641,908.5360354571097
5538.958038115351,0.539,995.1229788986755
5539.008051472381,0.5003,1155.0297084284198
5539.04806215801,0.5237,1054.1176626319718
5539.088072843641,0.5652,905.0030723951014
5539.138086200686,0.5328,1018.4174548617103
5539.178096886327,0.5717,884.5410508797304
5539.218107571969,0.4796,1256.885560085441
5539.258118257616,0.5131,1098.120943626918
5539.308131614679,0.551,952.2503098322956
5539.348142300333,0.5264,1043.3318982471792
5539.38815298599,0.5408,988.5096759838539
5539.438166343066,0.5426,981.962079856178
5539.478177028731,0.5139,1094.7046709668641
5539.5181877144005,0.5504,954.3275647951424
5539.568201071491,0.546,969.7706151488244
5539.608211757168,0.5404,989.973589661299
5539.648222442848,0.5826,851.7525555247356
5539.688233128531,0.5172,1080.7797150661127
5539.738246485641,0.4976,1167.5981758312746
5539.7782571713315,0.5065,1126.9256978892545
5539.818267857026,0.5462,969.06055195462
5539.868281214149,0.5588,925.8519539618302
5539.908291899852,0.4889,1209.5227615076494
5539.948302585556,0.491,1199.1986845992885
5539.998315942694,0.5406,989.2412266319819
5540.038326628408,0.5713,885.7801184947057
5540.078337314123,0.552,948.8032589544008
5540.128350671275,0.5612,917.9499959999262
5540.168361356999,0.5234,1055.3263952395218
5540.208372042728,0.498,1165.7232731514118
5540.248382728459,0.5231,1056.5372080787329
5540.298396085628,0.5304,1027.6547366533189
5540.338406771367,0.4598,1367.4645413584933
5540.37841745711,0.5566,933.1853929415009
5540.428430814293,0.5682,895.4717909125881
5540.468441500043,0.5281,1036.6255695621835
5540.508452185796,0.516,1085.8124329091997
5540.558465542993,0.5257,1046.1122565411426
5540.598476228754,0.5357,1007.4209604636427
5540.63848691452,0.4986,1162.919375341307
5540.68850027173,0.4728,1293.2995422688325
5540.728510957503,0.54,991.4407576789393
5540.768521643278,0.4959,1175.617192325655
5540.808532329058,0.52,1069.1719073828979
5540.858545686287,0.5065,1126.9256978892545
5540.898556372074,0.5184,1075.7819061188407
5540.938567057865,0.4972,1169.4776054290521
5540.988580415108,0.4921,1193.8435065715425
5541.028591100906,0.493,1189.488633399876
5541.0686017867065,0.4792,1258.984737901183
5541.118615143964,0.4738,1287.8460513338018
5541.158625829775,0.509,1115.882908149467
5541.198636515587,0.4908,1200.17622378084
5541.238647201402,0.4815,1246.9858054242095
5541.288660558679,0.5122,1101.983400510904
5541.328671244502,0.4915,1196.7600553451705
5541.36868193033,0.4638,1343.9791626095569
5541.41869528762,0.4572,1383.0616954010031
5541.458705973454,0.4528,1410.0715236233611
5541.498716659293,0.4771,1270.0921828768608
5541.548730016596,0.509,1115.882908149467
5541.588740702442,0.4198,1640.4725176751188
5541.628751388293,0.4934,1187.5607792213686
5541.6787647456085,0.5072,1123.8172511996224
5541.718775431466,0.532,1021.4826616739743
5541.758786117327,0.4678,1321.0936498610045
5541.79879680319,0.5112,1106.2989681181334
5541.848810160526,0.5118,1103.706592189154
5541.888820846398,0.5301,1028.818226848869
5541.928831532274,0.5706,887.9547603617323
5541.978844889622,0.5444,975.4793229458008
5542.018855575506,0.5393,994.0161615211024
5542.058866261393,0.4807,1251.139816986078
5542.108879618755,0.4846,1231.0828598397704
5542.148890304648,0.5152,1089.187132735786
5542.188900990546,0.5168,1082.4533928998014
5542.228911676447,0.4953,1178.4671665948827
5542.278925033828,0.4899,1204.5899758828084
5542.318935719738,0.5073,1123.3742374910528
5542.3589464056495,0.519,1073.2959916761365
5542.4089597630455,0.5027,1144.027326991516
5542.448970448964,0.4707,1304.8652177344577
5542.4889811348885,0.4341,1534.1729606223234
5542.538994492297,0.5513,951.2142247701548
5542.579005178229,0.5209,1065.4805209713943
5542.619015864162,0.5019,1147.6772550286682
5542.669029221585,0.5035,1140.3947829641436
5542.709039907528,0.4995,1158.7324586700959
5542.749050593474,0.4853,1227.5339839858761
5542.789061279423,0.5148,1090.8803855174053
5542.839074636863,0.5757,872.2920795193461
5542.879085322821,0.548,962.7049275754738
5542.919096008781,0.4544,1400.1589467844994
5542.969109366236,0.4771,1270.0921828768608
5543.009120052205,0.594,819.3728028899526
5543.049130738174,0.5125,1100.6936537169504
5543.099144095644,0.4878,1214.9839030805012
5543.139154781624,0.52,1069.1719073828979
5543.179165467605,0.5119,1103.2754155407408
5543.229178825089,0.5103,1110.2046907588485
5543.2691895110775,0.5354,1008.5502484590573
5543.309200197072,0.5345,1011.9495289780806
5543.34921088307,0.5581,928.1759161345013
5543.399224240569,0.5785,863.8685606141713
5543.439234926574,0.4763,1274.3622853968914
5543.4792456125815,0.4636,1345.1390126207348
5543.529258970097,0.4755,1278.6539585648195
5543.569269656114,0.4604,1363.90267204869
5543.6092803421325,0.518,1077.4439836285385
5543.659293699662,0.5226,1058.559865193004
5543.699304385688,0.4899,1204.5899758828084
5543.739315071718,0.4919,1194.814503749045
5543.779325757752,0.4793,1258.4594507006973
5543.829339115299,0.4902,1203.1160237182257
5543.869349801341,0.5532,944.6914477753112
5543.909360487386,0.4515,1418.2032087321716
5543.959373844947,0.4885,1211.5043631161097
5543.999384530999,0.5361,1005.9181912049553
5544.039395217055,0.5432,979.7939989576856
5544.08940857463,0.5482,962.0026090347152
5544.129419260693,0.5187,1074.537870567801
5544.169429946761,0.4778,1266.3734243635404
5544.21944330435,0.4815,1246.9858054242095
5544.259453990425,0.5237,1054.1176626319718
5544.299464676503,0.5745,875.9399189679317
5544.339475362585,0.5228,1057.7501059257897
5544.389488720192,0.4553,1394.6289893246785
5544.429499406281,0.517,1081.6160683907385
5544.469510092375,0.4587,1374.0309739665263
5544.519523449993,0.5108,1108.0322961743132
5544.559534136096,0.5212,1064.2543062722139
5544.5995448222,0.499,1161.055726528859
5544.649558179833,0.5098,1112.3834803673017
5544.689568865945,0.5097,1112.8200079007167
5544.7295795520595,0.467,1325.6237479298925
5544.769590238177,0.5285,1035.05700748856
5544.819603595832,0.5404,989.973589661299
5544.859614281958,0.4875,1216.4797249272438
5544.899624968087,0.5132,1097.693035670303
5544.949638325754,0.4883,1212.4969905890612
5544.989649011891,0.4814,1247.5039245480805
5545.029659698032,0.4758,1277.0420441053695
5545.079673055712,0.5241,1052.50924684161
5545.119683741861,0.5162,1084.971208590703
5545.159694428013,0.4601,1365.6818648676008
5545.209707785708,0.4877,1215.4822036644475
5545.249718471867,0.5265,1042.9356092309822
5545.289729158029,0.5525,947.086748148104
5545.329739844196,0.4893,1207.5460177470795
5545.379753201909,0.5127,1099.8350800309834
5545.419763888082,0.5262,1044.1251541889594
5545.45977457426,0.5458,970.4814590597539
5545.509787931988,0.5425,982.3241262240581
5545.549798618173,0.525,1048.903743659714
5545.589809304361,0.5053,1132.2845496877774
5545.639822662102,0.4872,1217.978310836665
5545.679833348298,0.4854,1227.0282546863336
5545.719844034496,0.5089,1116.3214974014788
5545.769857392252,0.5187,1074.537870567801
5545.809868078459,0.4847,1230.5749360410614
5545.84987876467,0.5076,1122.0467669717711
5545.889889450884,0.4624,1352.129747146518
5545.939902808656,0.4773,1269.0280107221095
5545.979913494879,0.5533,944.3500039394598
5546.019924181102,0.5749,874.7214341272412
5546.069937538891,0.5642,908.2140028764599
5546.109948225124,0.5472,965.5219068074904
5546.149958911359,0.5246,1050.5038986421896
5546.199972269159,0.5232,1056.1333723676
5546.239982955404,0.5503,954.674434698847
5546.279993641651,0.5243,1051.7064190754134
5546.320004327901,0.5227,1058.1548693707068
5546.370017685722,0.4857,1225.5129405620578
5546.41002837198,0.5192,1072.469268098203
5546.4500390582425,0.4676,1322.22399489936
5546.500052416074,0.5103,1110.2046907588485
5546.540063102344,0.5086,1117.6388177335878
5546.5800737886175,0.5252,1048.1050368568463
5546.630087146464,0.5324,1019.9483310699773
5546.670097832744,0.5465,967.996918507741
5546.710108519028,0.5393,994.0161615211024
5546.760121876889,0.4707,1304.8652177344577
5546.800132563181,0.4737,1288.3898466755136
5546.840143249476,0.4885,1211.5043631161097
5546.880153935775,0.4936,1186.5986092192993
5546.9301672936535,0.4435,1469.8285873325551
5546.97017797996,0.5568,932.5151227406278
5547.010188666271,0.5495,957.4562148925224
5547.060202024161,0.5047,1134.978321071157
5547.10021271048,0.4965,1172.7775440243418
5547.140223396801,0.5042,1137.2304805907042
5547.190236754707,0.5159,1086.2334119991733
5547.230247441035,0.5061,1128.707746980918
5547.270258127366,0.4915,1196.7600553451705
5547.310268813702,0.513,1098.5491018460054
5547.360282171627,0.4915,1196.7600553451705
5547.400292857969,0.5023,1145.8501110857446
5547.4403035443165,0.5136,1095.9839025713513
5547.490316902255,0.5035,1140.3947829641436
5547.530327588608,0.467,1325.6237479298925
5547.570338274967,0.55,955.7161798592889
5547.620351632918,0.5006,1153.6457516058965
5547.660362319285,0.4771,1270.0921828768608
5547.700373005653,0.5058,1130.0470592508993
5547.750386363618,0.5172,1080.7797150661127
5547.790397049995,0.4938,1185.6376080789441
5547.8304077363755,0.4798,1255.8379394257734
5547.870418422758,0.5043,1136.7795127253044
5547.920431780743,0.5424,982.6863728569127
5547.960442467134,0.5658,903.0846808332417
5548.000453153529,0.4886,1211.008506420665
5548.050466511527,0.4922,1193.3584517949132
5548.090477197928,0.5523,947.7727930608077
5548.130487884334,0.5545,940.2670760473927
5548.180501242346,0.5107,1108.466264691188
5548.220511928758,0.4675,1322.7897115112721
5548.260522615175,0.4566,1386.6989289771332
5548.310535973201,0.4642,1341.6639584422499
5548.350546659624,0.4545,1399.5428843713316
5548.390557346052,0.4695,1311.5439652910325
5548.430568032483,0.5215,1063.0302071505123
5548.480581390527,0.4913,1197.7346136264155
5548.520592076965,0.4657,1333.035010415591
5548.5606027634085,0.4799,1255.3146202011887
5548.610616121465,0.4908,1200.17622378084
5548.650626807916,0.5207,1066.2991751665827
5548.690637494368,0.5036,1139.9419317748382
5548.74065085244,0.5121,1102.4138198988185
5548.780661538901,0.5292,1032.3205776137543
5548.820672225365,0.5262,1044.1251541889594
5548.860682911833,0.5098,1112.3834803673017
5548.910696269923,0.5103,1110.2046907588485
5548.950706956399,0.4868,1219.9807368164707
5548.990717642877,0.4255,1596.815452089362
5549.0407310009805,0.4135,1690.8409929626996
5549.080741687468,0.4722,1296.5882804242879
5549.120752373957,0.4987,1162.4530426969004
5549.170765732075,0.518,1077.4439836285385
5549.210776418573,0.5098,1112.3834803673017
5549.250787105073,0.4795,1257.40986206684
5549.300800463205,0.494,1184.6777739077975
5549.340811149714,0.4827,1240.7934712287347
5549.3808218362265,0.4955,1177.5160247540905
5549.420832522742,0.5033,1141.3012952627635
5549.47084588089,0.5144,1092.5775898722977
5549.510856567414,0.5323,1020.3315894657607
5549.55086725394,0.5164,1084.1309614911586
5549.600880612103,0.5012,1150.8852897006611
5549.640891298638,0.5472,965.5219068074904
5549.680901985175,0.5839,847.9640855708013
5549.7309153433525,0.5388,995.8618844842383
5549.770926029897,0.4769,1271.1576941715373
5549.810936716446,0.5048,1134.5286920479655
5549.850947403001,0.463,1348.6275854517014
5549.900960761192,0.4307,1558.4904181662673
5549.940971447753,0.4445,1463.222639356914
5549.980982134317,0.4616,1356.8205565136163
5550.030995492526,0.4773,1269.0280107221095
5550.071006179096,0.4935,1187.0795479941883
5550.1110168656705,0.4876,1215.9808108628263
5550.161030223894,0.508,1120.2804633351318
5550.201040910475,0.5297,1030.3726232789877
5550.241051597061,0.5461,969.4154860336092
5550.291064955298,0.5306,1026.8801726708493
5550.3310756418905,0.4523,1413.1907979814157
5550.371086328488,0.5235,1054.923253468954
5550.411097015088,0.5317,1022.635682829472
5550.461110373343,0.4785,1262.6709744458021
5550.501121059951,0.5768,868.9682075071854
5550.541131746561,0.499,1161.055726528859
5550.5911451048305,0.4701,1308.1981983445353
5550.631155791449,0.5058,1130.0470592508993
5550.671166478071,0.5185,1075.366987664874
5550.721179836353,0.4889,1209.5227615076494
5550.761190522984,0.5027,1144.027326991516
5550.801201209616,0.5033,1141.3012952627635
5550.851214567912,0.4991,1160.5905143125651
5550.891225254553,0.5026,1144.4826150381696
5550.931235941198,0.4888,1210.0177058653496
5550.971246627847,0.4798,1255.8379394257734
5551.021259986159,0.4928,1190.4543213805541
5551.061270672815,0.476,1275.9691272345856
5551.101281359473,0.441,1486.5405081523327
5551.151294717802,0.5219,1061.4013574818985
5551.191305404467,0.5391,994.7538344584949
5551.231316091138,0.4949,1180.372910830912
5551.28132944948,0.4981,1165.255253108732
5551.321340136158,0.4836,1236.1794402395162
5551.361350822838,0.5271,1040.562609699946
5551.401361509524,0.5121,1102.4138198988185
5551.451374867883,0.5067,1126.0362555606112
5551.491385554576,0.4669,1326.1916480662221
5551.531396241271,0.4186,1649.8914567533886
5551.581409599646,0.4236,1611.172139282459
5551.621420286348,0.4882,1212.9937618659287
5551.661430973054,0.5179,1077.8601048578444
5551.711444331443,0.4774,1268.49642612105
5551.751455018156,0.5007,1153.1849853807262
5551.791465704875,0.47,1308.7549364655479
5551.841479063277,0.4933,1188.042303138004
5551.881489750001,0.5172,1080.7797150661127
5551.92150043673,0.5227,1058.1548693707068
5551.961511123462,0.5516,950.1798297393217
5552.011524481882,0.479,1260.0362994414845
5552.051535168621,0.4569,1384.8785210407952
5552.091545855364,0.4883,1212.4969905890612
5552.141559213798,0.496,1175.1432018769394
5552.181569900549,0.5236,1054.5203426585674
5552.221580587303,0.5129,1098.977510522758
5552.271593945749,0.4886,1211.008506420665
5552.311604632512,0.5132,1097.693035670303
5552.351615319278,0.5431,980.1548468304095
5552.391626006047,0.5349,1010.4366192470118
5552.441639364511,0.5192,1072.469268098203
5552.481650051287,0.522,1060.9947300268248
5552.521660738066,0.553,945.3748912249587
5552.571674096545,0.4973,1169.007322834423
5552.611684783334,0.5196,1070.8186839566488
5552.651695470124,0.5062,1128.2618386327001
5552.7017088286175,0.455,1396.4686627620285
5552.741719515416,0.518,1077.4439836285385
5552.781730202218,0.5416,985.5915732149108
5552.831743560726,0.5335,1015.7467024923076
5552.871754247535,0.5317,1022.635682829472
5552.911764934348,0.4979,1166.1915752182533
5552.951775621164,0.4962,1174.1960805500444
5553.001788979688,0.495,1179.8960416199466
5553.041799666513,0.4419,1480.4915331530192
5553.08181035334,0.4244,1605.1037139894731
5553.131823711879,0.4745,1284.0491055741813
5553.171834398714,0.5419,984.5006151710747
5553.211845085553,0.5555,936.8848292015006
5553.261858444105,0.5158,1086.6546359625945
5553.301869130953,0.5282,1036.233094939221
5553.341879817802,0.5107,1108.466264691188
5553.391893176368,0.5293,1031.9305450764014
5553.431903863226,0.5027,1144.027326991516
5553.471914550085,0.4535,1405.7218605021355
5553.5119252369495,0.4848,1230.0673265185683
5553.561938595533,0.4845,1231.5910981741854
5553.601949282406,0.5026,1144.4826150381696
5553.641959969281,0.5399,991.8080593044529
5553.691973327879,0.4917,1195.7866860304719
5553.731984014761,0.5298,1029.9836940841376
5553.771994701647,0.4987,1162.4530426969004
5553.82200806026,0.4908,1200.17622378084
5553.862018747153,0.5209,1065.4805209713943
5553.90202943405,0.518,1077.4439836285385
5553.942040120952,0.5214,1063.4380054274409
5553.992053479582,0.5184,1075.7819061188407
5554.032064166489,0.4915,1196.7600553451705
5554.072074853401,0.4961,1174.66949802874
5554.122088212046,0.5161,1085.3916985029048
5554.162098898965,0.5134,1096.8379697646674
5554.202109585887,0.512,1102.8444915097286
5554.252122944545,0.492,1194.328857142734
5554.292133631476,0.5135,1096.41081142621
5554.3321443184095,0.499,1161.055726528859
5554.382157677081,0.4729,1292.7526359179374
5554.4221683640235,0.508,1120.2804633351318
5554.462179050968,0.4039,1772.1726911885942
5554.502189737915,0.5105,1109.334966925046
5554.552203096605,0.5249,1049.3034394721037
5554.5922137835605,0.5292,1032.3205776137543
5554.632224470521,0.5076,1122.0467669717711
5554.682237829225,0.4719,1298.2373556560365
5554.722248516192,0.4948,1180.8500691989707
5554.76225920316,0.4617,1356.232871574937
5554.812272561879,0.4653,1335.3279055315045
5554.852283248858,0.5045,1135.8783813616633
5554.892293935837,0.5171,1081.1977704242731
5554.942307294568,0.4933,1188.042303138004
5554.982317981558,0.487,1218.9789070642205
5555.0223286685505,0.5151,1089.6100761423509
5555.062339355547,0.5115,1105.0016398146865
5555.1123527142945,0.4923,1192.8736925725354
5555.152363401299,0.4964,1173.2501037782763
5555.192374088305,0.4946,1181.8052543419155
5555.24238744707,0.4784,1263.1989009937358
5555.2823981340825,0.5125,1100.6936537169504
5555.322408821102,0.4942,1183.719104817181
5555.3724221798775,0.521,1065.0715473733558
5555.412432866904,0.5026,1144.4826150381696
5555.452443553932,0.4907,1200.6654416612967
5555.492454240965,0.4975,1168.0676082634286
5555.542467599759,0.4633,1346.881604827103
5555.5824782868,0.4777,1266.9036748646342
5555.622488973842,0.5017,1148.592466289756
5555.6725023326535,0.4928,1190.4543213805541
5555.712513019703,0.5152,1089.187132735786
5555.7525237067575,0.4967,1171.833280629954
5555.802537065581,0.5205,1067.1187732348485
5555.842547752643,0.4903,1202.6253074716162
5555.882558439707,0.4821,1243.8838583157499
5555.932571798544,0.4998,1157.341843564654
5555.972582485617,0.5171,1081.1977704242731
5556.012593172694,0.5421,983.7743158232903
5556.052603859774,0.5396,992.9111896899705
5556.102617218628,0.5101,1111.0754377951027
5556.142627905717,0.4846,1231.0828598397704
5556.182638592807,0.4964,1173.2501037782763
5556.232651951675,0.5097,1112.8200079007167
5556.272662638773,0.5148,1090.8803855174053
5556.312673325876,0.5231,1056.5372080787329
5556.362686684756,0.5649,905.9645612727683
5556.402697371866,0.5249,1049.3034394721037
5556.442708058979,0.5134,1096.8379697646674
5556.482718746095,0.4489,1434.6790317021032
5556.532732104996,0.4486,1436.5985442525905
5556.57274279212,0.4996,1158.2686419471977
5556.612753479248,0.5154,1088.341984352576
5556.662766838162,0.4993,1159.660928294308
5556.702777525296,0.5164,1084.1309614911586
5556.742788212435,0.5217,1062.2153139877214
5556.792801571363,0.4564,1387.9145290853123
5556.832812258509,0.4632,1347.4632214442033
5556.872822945659,0.5205,1067.1187732348485
5556.922836304601,0.5145,1092.1529176514475
5556.962846991757,0.5437,977.9927451833511
5557.002857678919,0.526,1044.91931515572
5557.042868366081,0.5032,1141.754956801345
5557.0928817250415,0.5106,1108.9004882081576
5557.132892412213,0.5119,1103.2754155407408
5557.172903099387,0.5167,1082.8724198184618
5557.222916458361,0.4993,1159.660928294308
5557.262927145544,0.4636,1345.1390126207348
5557.302937832731,0.489,1209.0281207651249
5557.352951191718,0.5366,1004.0444534772402
5557.392961878911,0.5272,1040.1678972763223
5557.432972566108,0.5064,1127.3708142954247
5557.482985925109,0.5061,1128.707746980918
5557.522996612313,0.5116,1104.569704128345
5557.563007299521,0.4733,1290.5684759603728
5557.603017986733,0.4664,1329.0366302008288
5557.6530313457515,0.4481,1439.8063032998894
5557.69304203297,0.5291,1032.710831320257
5557.733052720194,0.5448,974.0474295122355
5557.783066079226,0.4956,1177.040885588521
5557.823076766456,0.4722,1296.5882804242879
5557.86308745369,0.4946,1181.8052543419155
5557.913100812737,0.5402,990.7067662751076
5557.953111499978,0.4953,1178.4671665948827
5557.993122187221,0.5522,948.116095086989
5558.0331328744705,0.5438,977.6330905217195
5558.083146233535,0.4589,1372.833564018644
5558.12315692079,0.5533,944.3500039394598
5558.16316760805,0.5327,1018.7998506315072
5558.213180967128,0.534,1013.8454491865325
5558.253191654395,0.4889,1209.5227615076494
5558.293202341664,0.4634,1346.300364700683
5558.343215700756,0.4985,1163.385988654809
5558.383226388035,0.4718,1298.787746578822
5558.423237075315,0.525,1048.903743659714
5558.473250434421,0.5159,1086.2334119991733
5558.513261121711,0.4862,1222.9936475262816
5558.553271809002,0.4532,1407.5835339647383
5558.593282496297,0.4773,1269.0280107221095
5558.643295855423,0.5038,1139.0370382446706
5558.6833065427245,0.4992,1160.1255816423575
5558.723317230032,0.4894,1207.052588985
5558.773330589169,0.4725,1294.942345284297
5558.813341276484,0.5305,1027.2673451574876
5558.8533519638,0.5606,919.9159744289254
5558.903365322952,0.5194,1071.643499348311
5558.943376010277,0.493,1189.488633399876
5558.983386697605,0.4611,1359.7647188516887
5559.023397384938,0.4962,1174.1960805500444
5559.073410744108,0.4934,1187.5607792213686
5559.113421431447,0.4982,1164.7875148638027
5559.15343211879,0.5262,1044.1251541889594
5559.203445477973,0.5453,972.2619919916748
5559.243456165324,0.4714,1300.992814077055
5559.2834668526775,0.5004,1154.5681129088198
5559.333480211874,0.4494,1431.4883825370425
5559.373490899237,0.5353,1008.9270997828884
5559.413501586601,0.504,1138.133221752814
5559.463514945813,0.4554,1394.016572633305
5559.503525633185,0.5486,960.6002756115938
5559.543536320561,0.4857,1225.5129405620578
5559.58354700794,0.4565,1387.306529316421
5559.6335603671705,0.507,1124.7040651593343
5559.673571054556,0.5037,1139.4893502730479
5559.713581741945,0.5341,1013.465839136078
5559.763595101189,0.4827,1240.7934712287347
5559.803605788587,0.4442,1465.1997399230706
5559.843616475989,0.5036,1139.9419317748382
5559.8936298352455,0.4831,1238.7396070594991
5559.933640522655,0.5444,975.4793229458008
5559.973651210066,0.49,1204.098357678442
5560.023664569337,0.4651,1336.4765721742015
5560.063675256757,0.4776,1267.4342584718213
5560.103685944181,0.4676,1322.22399489936
5560.143696631607,0.4719,1298.2373556560365
5560.193709990895,0.4955,1177.5160247540905
5560.233720678329,0.5028,1143.5723105688867
5560.273731365767,0.4727,1293.8467957509151
5560.3237447250685,0.5045,1135.8783813616633
5560.363755412514,0.4994,1159.196554044714
5560.403766099963,0.499,1161.055726528859
5560.453779459279,0.5017,1148.592466289756
5560.493790146736,0.5138,1095.1308325356395
5560.533800834195,0.5081,1119.839539101002
5560.57381152166,0.5167,1082.8724198184618
5560.623824880993,0.4871,1218.4784548864684
5560.663835568464,0.48,1254.7916280163665
5560.7038462559385,0.5069,1125.1478658243093
5560.753859615286,0.5313,1024.1760836766462
5560.793870302767,0.5125,1100.6936537169504
5560.8338809902525,0.4957,1176.5660339498502
5560.883894349616,0.5338,1014.6053094180899
5560.923905037107,0.5279,1037.411188030026
5560.963915724603,0.5338,1014.6053094180899
5561.003926412102,0.5338,1014.6053094180899
5561.053939771482,0.493,1189.488633399876
5561.09395045899,0.5235,1054.923253468954
5561.1339611465,0.524,1052.9110054935672
5561.183974505895,0.4977,1167.1290263312044
5561.223985193413,0.4993,1159.660928294308
5561.263995880933,0.539,995.1229788986755
5561.314009240342,0.5349,1010.4366192470118
5561.354019927871,0.4787,1261.6161137255071
5561.394030615402,0.4885,1211.5043631161097
5561.444043974823,0.4913,1197.7346136264155
5561.484054662364,0.4941,1184.198293845316
5561.524065349907,0.5062,1128.2618386327001
5561.564076037455,0.4948,1180.8500691989707
5561.614089396892,0.4701,1308.1981983445353
5561.654100084446,0.4864,1221.9881050128377
5561.694110772006,0.4996,1158.2686419471977
5561.744124131457,0.5252,1048.1050368568463
5561.784134819023,0.4844,1232.0996513040652
5561.824145506593,0.5099,1111.9472096394588
5561.874158866059,0.5152,1089.187132735786
5561.9141695536355,0.4912,1198.2223392347175
5561.954180241216,0.4867,1220.4821148980695
5562.004193600696,0.4543,1400.7754160624208
5562.044204288282,0.4886,1211.008506420665
5562.084214975875,0.4646,1339.3547315519152
5562.124225663469,0.4803,1253.2246109774198
5562.174239022966,0.5026,1144.4826150381696
5562.214249710569,0.5996,804.1391374873962
5562.254260398174,0.5078,1121.1630934027423
5562.304273757686,0.4717,1299.3384875851957
5562.344284445298,0.4688,1315.4636079600623
5562.384295132914,0.5343,1012.7072583672283
5562.43430849244,0.5149,1090.4567023416348
5562.474319180064,0.5549,938.9119828965594
5562.514329867692,0.4663,1329.6067251131915
5562.564343227233,0.4895,1206.559462599234
5562.604353914866,0.4851,1228.546381017488
5562.644364602505,0.5081,1119.839539101002
5562.684375290147,0.5571,931.5110706472582
5562.734388649703,0.4714,1300.992814077055
5562.774399337353,0.4821,1243.8838583157499
5562.8144100250065,0.5355,1008.1736082363086
5562.864423384576,0.4103,1717.3180943094253
5562.904434072237,0.4127,1697.402565812021
5562.944444759902,0.5024,1145.394006868722
5562.994458119485,0.525,1048.903743659714
5563.034468807158,0.5106,1108.9004882081576
5563.074479494831,0.5331,1017.2715584179348
5563.114490182509,0.5426,981.962079856178
5563.164503542113,0.5095,1113.6938341908365
5563.204514229798,0.5147,1091.304315666272
5563.244524917488,0.5037,1139.4893502730479
5563.294538277104,0.5089,1116.3214974014788
5563.334548964802,0.4353,1525.7260699059564
5563.374559652501,0.515,1090.0332659471562
5563.424573012133,0.507,1124.7040651593343
5563.464583699839,0.4446,1462.5644950500978
5563.504594387551,0.5318,1022.2511256231152
5563.544605075265,0.5573,930.8426032131093
5563.594618434913,0.5103,1110.2046907588485
5563.6346291226355,0.5033,1141.3012952627635
5563.674639810361,0.5267,1042.1437082500534
5563.724653170024,0.5526,946.7440049917923
5563.764663857756,0.5411,987.4138705996381
5563.804674545494,0.428,1578.215590565032
5563.854687905167,0.4688,1315.4636079600623
5563.894698592912,0.493,1189.488633399876
5563.93470928066,0.4809,1250.0993702819037
5563.984722640348,0.4849,1229.5600310130676
5564.024733328103,0.5202,1068.3499432752965
5564.064744015863,0.4956,1177.040885588521
5564.104754703624,0.538,998.8257519889183
5564.154768063332,0.5656,903.7234663721557
5564.194778751101,0.4879,1214.4859088596388
5564.234789438874,0.5001,1155.9537303101727
5564.284802798595,0.4833,1237.7145867934864
5564.324813486376,0.5419,984.5006151710747
5564.36482417416,0.5178,1078.2764671998996
5564.414837533894,0.4919,1194.814503749045
5564.454848221686,0.4937,1186.1179626597789
5564.494858909481,0.55,955.7161798592889
5564.54487226923,0.4948,1180.8500691989707
5564.584882957032,0.5212,1064.2543062722139
5564.624893644838,0.4752,1280.2689268496915
5564.664904332646,0.4896,1206.0666383427674
5564.714917692413,0.468,1319.9647536701873
5564.754928380231,0.4989,1161.5212185153907
5564.79493906805,0.5141,1093.8530937590815
5564.84495242783,0.512,1102.8444915097286
5564.884963115658,0.4999,1156.878861459613
5564.92497380349,0.5014,1149.9673371989336
5564.974987163284,0.4645,1339.9314790305655
5565.014997851122,0.5011,1151.3446781773798
5565.055008538966,0.4748,1282.4269816362369
5565.09501922681,0.4784,1263.1989009937358
5565.145032586623,0.4743,1285.132231968681
5565.185043274476,0.4933,1188.042303138004
5565.225053962332,0.5435,978.71265016113
5565.275067322157,0.5469,966.5814624379425
5565.315078010021,0.5202,1068.3499432752965
5565.355088697889,0.5488,959.900258491044
5565.405102057728,0.5537,942.9860780671753
5565.445112745603,0.5156,1087.4978192697754
5565.485123433482,0.5228,1057.7501059257897
5565.535136793335,0.5029,1143.1175655542568
5565.575147481221,0.4988,1161.9869904965374
5565.615158169111,0.5278,1037.8043322130668
5565.655168857003,0.5251,1048.5042761792565
5565.705182216874,0.5624,914.036899073097
5565.745192904774,0.5093,1114.5686901249412
5565.785203592678,0.4671,1325.0562124937098
5565.835216952563,0.4872,1217.978310836665
5565.875227640474,0.5101,1111.0754377951027
5565.915238328389,0.5327,1018.7998506315072
5565.965251688289,0.5289,1033.4920029098741
5566.005262376211,0.5076,1122.0467669717711
5566.0452730641355,0.5067,1126.0362555606112
5566.085283752066,0.5272,1040.1678972763223
5566.135297111982,0.495,1179.8960416199466
5566.175307799918,0.4818,1245.4333832677366
5566.21531848786,0.5182,1076.612463763823
5566.265331847789,0.5166,1083.2916900975533
5566.3053425357375,0.5176,1079.1099159676914
5566.345353223688,0.5091,1115.4445773213295
5566.395366583631,0.5262,1044.1251541889594
5566.435377271591,0.5038,1139.0370382446706
5566.475387959554,0.5045,1135.8783813616633
5566.52540131951,0.5319,1021.866785292299
5566.5654120074805,0.5111,1106.7319186289553
5566.605422695453,0.5897,831.3658255151122
5566.645433383429,0.5543,940.9457229971057
5566.695446743404,0.5245,1050.9045095244628
5566.735457431388,0.5138,1095.1308325356395
5566.775468119376,0.4631,1348.0452148772104
5566.8254814793645,0.48,1254.7916280163665
5566.865492167359,0.4964,1173.2501037782763
5566.9055028553585,0.54,991.4407576789393
5566.955516215361,0.4735,1289.47847115177
5566.995526903367,0.4491,1433.4014931742997
5567.035537591376,0.4976,1167.5981758312746
5567.085550951394,0.5212,1064.2543062722139
5567.125561639409,0.4861,1223.4968842790454
5567.165572327431,0.5099,1111.9472096394588
5567.205583015454,0.5101,1111.0754377951027
5567.2555963754885,0.5187,1074.537870567801
5567.295607063521,0.4876,1215.9808108628263
5567.335617751554,0.5592,924.5278922093041
5567.385631111603,0.5108,1108.0322961743132
5567.425641799645,0.4855,1226.5228378540453
5567.465652487691,0.4969,1170.8901571890192
5567.515665847753,0.5399,991.8080593044529
5567.555676535807,0.481,1249.5796335567857
5567.595687223863,0.4719,1298.2373556560365
5567.635697911923,0.4407,1488.5650733027067
5567.685711272003,0.5057,1130.4940264469315
5567.725721960071,0.5328,1018.4174548617103
5567.765732648141,0.5424,982.6863728569127
5567.815746008235,0.5542,941.2853220288995
5567.855756696314,0.5523,947.7727930608077
5567.895767384395,0.5004,1154.5681129088198
5567.945780744502,0.4994,1159.196554044714
5567.985791432591,0.5473,965.1691087313933
5568.025802120684,0.5186,1074.9523092095471
5568.075815480805,0.5184,1075.7819061188407
5568.115826168905,0.5023,1145.8501110857446
5568.155836857009,0.5011,1151.3446781773798
5568.1958475451165,0.541,987.7789365158359
5568.245860905256,0.5185,1075.366987664874
5568.285871593371,0.4509,1421.9800381158689
5568.325882281488,0.4765,1273.292743176652
5568.375895641641,0.4902,1203.1160237182257
5568.415906329767,0.5267,1042.1437082500534
5568.455917017897,0.5128,1099.4061698525593
5568.505930378063,0.4637,1344.558900018506
5568.5459410662,0.5085,1118.078442714925
5568.5859517543395,0.5268,1041.7480959426407
5568.625962442483,0.4283,1576.005467964796
5568.6759758026665,0.5389,995.4923288563936
5568.715986490818,0.5014,1149.9673371989336
5568.755997178972,0.5059,1129.6003570808423
5568.8060105391705,0.5166,1083.2916900975533
5568.846021227333,0.5259,1045.316735453755
5568.886031915498,0.5281,1036.6255695621835
5568.936045275709,0.4992,1160.1255816423575
5568.976055963883,0.5154,1088.341984352576
5569.016066652059,0.5689,893.2694934501849
5569.066080012284,0.5402,990.7067662751076
5569.106090700469,0.4929,1189.9713304507738
5569.1461013886565,0.5223,1059.7762487041543
5569.186112076847,0.5116,1104.569704128345
5569.236125437089,0.5032,1141.754956801345
5569.276136125287,0.5286,1034.6654232493445
5569.3161468134895,0.463,1348.6275854517014
5569.366160173745,0.505,1133.6302351868142
5569.406170861955,0.538,998.8257519889183
5569.446181550167,0.5527,946.4014478558508
5569.496194910438,0.55,955.7161798592889
5569.53620559866,0.4963,1173.722949210072
5569.576216286881,0.5307,1026.493219028348
5569.626229647166,0.5095,1113.6938341908365
5569.666240335397,0.5421,983.7743158232903
5569.706251023631,0.5017,1148.592466289756
5569.74626171187,0.4793,1258.4594507006973
5569.796275072172,0.4508,1422.6109762704702
5569.836285760418,0.4504,1425.1389327979073
5569.876296448665,0.4601,1365.6818648676008
5569.926309808983,0.4451,1459.2804246569701
5569.966320497238,0.3889,1911.515293266269
5570.006331185498,0.4396,1496.0239745124306
5570.056344545828,0.4942,1183.719104817181
5570.0963552340945,0.4841,1233.6272020681035
5570.136365922366,0.5104,1109.769701041871
5570.17637661064,0.4557,1392.1817409603325
5570.226389970987,0.4654,1334.7541274581438
5570.2664006592695,0.5117,1104.1380216524603
5570.306411347554,0.5003,1155.0297084284198
5570.356424707915,0.4918,1195.3004466312755
5570.396435396208,0.4974,1168.5373238552181
5570.4364460845045,0.5296,1030.7617728090972
5570.486459444878,0.5298,1029.9836940841376
5570.526470133183,0.5486,960.6002756115938
5570.56648082149,0.5078,1121.1630934027423
5570.616494181877,0.5135,1096.41081142621
5570.656504870191,0.5037,1139.4893502730479
5570.696515558509,0.4838,1235.1575953684157
5570.73652624683,0.5063,1127.8161944737553
5570.7865396072375,0.4777,1266.9036748646342
5570.8265502955655,0.4987,1162.4530426969004
5570.866560983897,0.4657,1333.035010415591
5570.916574344318,0.4958,1176.0914696061323
5570.956585032657,0.4574,1381.8524638327276
5570.996595721001,0.5529,945.7168911068417
5571.046609081434,0.4989,1161.5212185153907
5571.086619769785,0.4881,1213.490838503058
5571.126630458139,0.472,1297.6873145201898
5571.166641146498,0.5099,1111.9472096394588
5571.2166545069485,0.4689,1314.9025840607626
5571.256665195314,0.4786,1262.1433787818778
5571.296675883682,0.5674,897.998689724774
5571.3466892441475,0.4832,1238.226937828066
5571.386699932524,0.473,1292.2060764047042
5571.426710620903,0.4713,1301.5449583905672
5571.476723981381,0.488,1213.988220750769
5571.516734669769,0.4842,1233.1177029905946
5571.556745358159,0.4596,1368.6549322186838
5571.606758718652,0.4831,1238.7396070594991
5571.646769407049,0.4769,1271.1576941715373
5571.6867800954515,0.4618,1355.645568372962
5571.726790783856,0.4546,1398.9272284649592
5571.776804144365,0.4741,1286.216729406276
5571.816814832779,0.5104,1109.769701041871
5571.856825521194,0.5862,841.3230484709244
5571.906838881717,0.5494,957.8047921070763
5571.94684957014,0.5236,1054.5203426585674
5571.986860258566,0.5535,943.6676713763937
5572.036873619103,0.5789,862.6751681558546
5572.0768843075375,0.5137,1095.5572430058462
5572.116894995976,0.5279,1037.411188030026
5572.1669083565275,0.5239,1053.312994225441
5572.206919044973,0.46,1366.2757028410945
5572.24692973342,0.5213,1063.8460384079606
5572.286940421873,0.545,973.3326648013146
5572.336953782442,0.5117,1104.1380216524603
5572.376964470902,0.4886,1211.008506420665
5572.416975159363,0.4602,1365.0884139685277
5572.466988519946,0.5217,1062.2153139877214
5572.506999208416,0.5061,1128.707746980918
5572.547009896892,0.5362,1005.5430242840702
5572.597023257488,0.5043,1136.7795127253044
5572.637033945968,0.4721,1297.137622874947
5572.677044634453,0.5316,1023.0204570745707
5572.71705532294,0.4904,1202.1348913872491
5572.767068683555,0.5076,1122.0467669717711
5572.807079372051,0.4594,1369.8468781255021
5572.84709006055,0.5455,971.549191275167
5572.897103421178,0.5279,1037.411188030026
5572.937114109684,0.51,1111.511195515792
5572.9771247981935,0.5024,1145.394006868722
5573.027138158835,0.4849,1229.5600310130676
5573.0671488473545,0.5423,983.0488199024703
5573.107159535874,0.4931,1189.006229989493
5573.157172896528,0.4804,1252.7029242300089
5573.197183585056,0.4856,1226.0177332316516
5573.237194273589,0.4955,1177.5160247540905
5573.2772049621235,0.4813,1248.0223666546256
5573.327218322796,0.4724,1295.4906419242016
5573.36722901134,0.4588,1373.4320732525046
5573.4072396998845,0.5362,1005.5430242840702
5573.457253060573,0.4674,1323.3557912656213
5573.4972637491255,0.5059,1129.6003570808423
5573.537274437682,0.4706,1305.419829329377
5573.587287798384,0.4264,1590.08180355032
5573.627298486947,0.509,1115.882908149467
5573.667309175516,0.5313,1024.1760836766462
5573.71732253623,0.488,1213.988220750769
5573.757333224805,0.4844,1232.0996513040652
5573.797343913384,0.4895,1206.559462599234
5573.837354601967,0.4864,1221.9881050128377
5573.887367962699,0.5117,1104.1380216524603
5573.927378651288,0.5311,1024.9475896040303
5573.96738933988,0.5192,1072.469268098203
5574.017402700627,0.5191,1072.8825104416908
5574.057413389228,0.5342,1013.0864422494996
5574.097424077832,0.5476,964.1118739261865
5574.14743743859,0.514,1094.2787581058412
5574.1874481272025,0.5152,1089.187132735786
5574.227458815816,0.4776,1267.4342584718213
5574.267469504435,0.4422,1478.4834110561321
5574.317482865214,0.5621,915.0128241989344
5574.357493553839,0.5697,890.7625157656285
5574.397504242467,0.5284,1035.44881407101
5574.447517603257,0.5438,977.6330905217195
5574.487528291895,0.5321,1021.0987546052461
5574.527538980534,0.5083,1118.9584712071476
5574.5775523413395,0.522,1060.9947300268248
5574.617563029986,0.5284,1035.44881407101
5574.657573718639,0.5453,972.2619919916748
5574.707587079456,0.5513,951.2142247701548
5574.747597768115,0.5221,1060.5883361981062
5574.787608456776,0.5176,1079.1099159676914
5574.8276191454415,0.4947,1181.327516957951
5574.877632506278,0.5384,997.3421667535983
5574.917643194951,0.5206,1066.7088561259247
5574.957653883626,0.4291,1570.1344535607302
5575.0076672444775,0.4592,1371.040381788672
5575.04767793316,0.5268,1041.7480959426407
5575.087688621848,0.4899,1204.5899758828084
5575.1377019827105,0.5071,1124.2605270201113
5575.177712671406,0.4768,1271.690952698606
5575.217723360104,0.4971,1169.948171867344
5575.257734048805,0.5161,1085.3916985029048
5575.307747409686,0.4588,1373.4320732525046
5575.347758098395,0.5018,1148.1347238702385
5575.387768787108,0.4875,1216.4797249272438
5575.437782148003,0.4899,1204.5899758828084
5575.477792836723,0.4665,1328.4669018689062
5575.517803525445,0.461,1360.3547011720896
5575.567816886354,0.5364,1004.793319818031
5575.607827575084,0.5527,946.4014478558508
5575.647838263819,0.5214,1063.4380054274409
5575.697851624739,0.5032,1141.754956801345
5575.737862313482,0.5224,1059.3705546815588
5575.777873002226,0.5148,1090.8803855174053
5575.8178836909765,0.4916,1196.2732221879248
5575.867897051915,0.4916,1196.2732221879248
5575.90790774067,0.5077,1121.6047996468071
5575.947918429431,0.5053,1132.2845496877774
5575.997931790385,0.4644,1340.5085991244164
5576.037942479151,0.4469,1447.5489005588067
5576.077953167921,0.53,1029.2064960351493
5576.1279665288885,0.5368,1003.296424012863
5576.167977217667,0.4885,1211.5043631161097
5576.207987906447,0.4776,1267.4342584718213
5576.258001267429,0.4576,1380.6448174453774
5576.298011956216,0.5181,1077.0281033258493
5576.338022645009,0.4768,1271.690952698606
5576.378033333804,0.5006,1153.6457516058965
5576.428046694804,0.4816,1246.468009014783
5576.468057383607,0.5342,1013.0864422494996
5576.508068072413,0.5048,1134.5286920479655
5576.558081433425,0.418,1654.631375327397
5576.598092122238,0.4493,1432.1256603015036
5576.638102811055,0.5621,915.0128241989344
5576.688116172083,0.5327,1018.7998506315072
5576.728126860906,0.4998,1157.341843564654
5576.768137549735,0.466,1331.3192124802038
5576.808148238565,0.4649,1337.626721601882
5576.85816159961,0.4868,1219.9807368164707
5576.89817228845,0.5307,1026.493219028348
5576.938182977291,0.5443,975.8377896513149
5576.988196338348,0.5098,1112.3834803673017
5577.028207027198,0.504,1138.133221752814
5577.068217716052,0.5103,1110.2046907588485
5577.118231077123,0.5005,1154.1067940416572
5577.158241765983,0.543,980.5158940845888
5577.1982524548475,0.4801,1254.2689625988596
5577.2482658159315,0.5524,947.429677459498
5577.2882765048025,0.5217,1062.2153139877214
5577.328287193678,0.4529,1409.448908149971
5577.368297882556,0.4539,1403.2453689945967
5577.418311243659,0.4985,1163.385988654809
5577.458321932546,0.4977,1167.1290263312044
5577.498332621435,0.4848,1230.0673265185683
5577.548345982551,0.4987,1162.4530426969004
5577.588356671448,0.5165,1083.7112039255624
5577.628367360348,0.4717,1299.3384875851957
5577.678380721479,0.4619,1355.0586465771494
5577.718391410386,0.4885,1211.5043631161097
5577.758402099297,0.5114,1105.4338289095554
5577.798412788212,0.4889,1209.5227615076494
5577.848426149359,0.4932,1188.524119981497
5577.888436838281,0.5108,1108.0322961743132
5577.928447527207,0.4932,1188.524119981497
5577.978460888367,0.4946,1181.8052543419155
5578.018471577302,0.5151,1089.6100761423509
5578.058482266237,0.5136,1095.9839025713513
5578.108495627412,0.4894,1207.052588985
5578.148506316356,0.4874,1216.978946109564
5578.188517005303,0.4997,1157.8051036529869
5578.23853036649,0.4571,1383.6669064951052
5578.278541055445,0.5141,1093.8530937590815
5578.318551744405,0.4989,1161.5212185153907
5578.358562433366,0.4918,1195.3004466312755
5578.408575794571,0.5402,990.7067662751076
5578.448586483541,0.5184,1075.7819061188407
5578.4885971725125,0.4639,1343.399800070411
5578.538610533732,0.4197,1641.2543447144405
5578.578621222712,0.4741,1286.216729406276
5578.618631911695,0.4287,1573.065852295999
5578.668645272929,0.4726,1294.3943966580207
5578.70865596192,0.635,716.9800610844911
5578.748666650913,0.7126,569.3286535170392
5578.79868001216,0.5275,1038.9851065910004
5578.838690701164,0.7248,550.3238427541322
5578.878701390167,0.6479,688.7135003311564
5578.918712079176,0.5596,923.2066687400835
5578.968725440441,0.7984,453.5380748441664
5579.008736129457,0.4006,1801.48992898979
5579.048746818476,0.2706,3948.1814376588104
5579.098760179754,0.4406,1489.2408475282255
5579.138770868782,0.512,1102.8444915097286
5579.178781557811,0.5218,1061.808218742437
5579.228794919104,0.5218,1061.808218742437
5579.2688056081415,0.4937,1186.1179626597789
5579.308816297182,0.4853,1227.5339839858761
5579.348826986226,0.5139,1094.7046709668641
5579.398840347537,0.542,984.1373649946917
5579.438851036589,0.5696,891.0753104087428
5579.4788617256445,0.5504,954.3275647951424
5579.528875086967,0.5724,882.3789298040251
5579.56888577603,0.5567,932.8501675407693
5579.608896465097,0.5115,1105.0016398146865
5579.658909826432,0.465,1337.0514613804712
5579.698920515506,0.4698,1309.8694794426067
5579.738931204583,0.4824,1242.3372233635284
5579.788944565934,0.546,969.7706151488244
5579.828955255019,0.4918,1195.3004466312755
5579.868965944107,0.4752,1280.2689268496915
5579.908976633198,0.4666,1327.8975398032023
5579.958989994566,0.5174,1079.9443314245786
5579.999000683664,0.5059,1129.6003570808423
5580.039011372767,0.4884,1212.000524422391
5580.08902473415,0.5315,1023.4054485217677
5580.12903542326,0.5399,991.8080593044529
5580.169046112373,0.4948,1180.8500691989707
5580.2190594737685,0.4639,1343.399800070411
5580.25907016289,0.4533,1406.9625654362299
5580.299080852013,0.4546,1398.9272284649592
5580.33909154114,0.479,1260.0362994414845
5580.389104902554,0.4994,1159.196554044714
5580.429115591688,0.4818,1245.4333832677366
5580.469126280827,0.5631,911.7658033357058
5580.519139642254,1.1997,200.86758355304403
5580.559150331399,1.4331,140.767467887269
5580.599161020548,1.4514,137.2401110458944
5580.649174381989,1.4419,139.0544881100869
5580.689185071146,1.2831,175.60392137907783
5580.729195760306,0.6448,695.3516540656999
5580.77920912176,0.5009,1152.264280680002
5580.819219810929,0.4733,1290.5684759603728
5580.859230500098,0.4737,1288.3898466755136
5580.899241189273,0.4726,1294.3943966580207
5580.949254550744,0.4948,1180.8500691989707
5580.989265239927,0.4561,1389.7409284733658
5581.029275929111,0.4364,1518.0442199450974
5581.079289290596,0.4786,1262.1433787818778
5581.1192999797895,0.466,1331.3192124802038
5581.159310668985,0.4871,1218.4784548864684
5581.209324030485,0.4947,1181.327516957951
5581.249334719688,0.4762,1274.8975619252815
5581.289345408894,0.5065,1126.9256978892545
5581.339358770407,0.4751,1280.8079295726286
5581.379369459622,0.4908,1200.17622378084
5581.419380148839,0.4926,1191.4211858314457
5581.45939083806,0.4873,1217.4784746619107
5581.509404199592,0.5016,1149.0504825054059
5581.549414888819,0.5216,1062.6226433972051
5581.589425578051,0.5571,931.5110706472582
5581.6394389395955,0.5681,895.7870695703058
5581.679449628836,0.5411,987.4138705996381
5581.719460318078,0.5064,1127.3708142954247
5581.769473679636,0.5108,1108.0322961743132
5581.809484368885,0.5152,1089.187132735786
5581.84949505814,0.5384,997.3421667535983
5581.889505747396,0.5186,1074.9523092095471
5581.9395191089725,0.4974,1168.5373238552181
5581.979529798236,0.5105,1109.334966925046
5582.019540487504,0.5451,972.9755774414413
5582.069553849094,0.5716,884.850573929856
5582.109564538368,0.5437,977.9927451833511
5582.149575227649,0.5108,1108.0322961743132
5582.19958858925,0.5588,925.8519539618302
5582.239599278536,0.5439,977.2736342169196
5582.279609967825,0.5142,1093.427677733282
5582.329623329442,0.5202,1068.3499432752965
5582.36963401874,0.539,995.1229788986755
5582.409644708039,0.5568,932.5151227406278
5582.449655397344,0.5698,890.4498857943179
5582.499668758978,0.5438,977.6330905217195
5582.539679448289,0.541,987.7789365158359
5582.579690137603,0.464,1342.8208120779395
5582.629703499251,0.4677,1321.6586411193412
5582.669714188573,0.5133,1097.2653777811572
5582.709724877899,0.527,1040.95754683844
5582.759738239562,0.4714,1300.992814077055
5582.799748928894,0.5402,990.7067662751076
5582.83975961823,0.5033,1141.3012952627635
5582.87977030757,0.4692,1313.2216640887073
5582.929783669249,0.4607,1362.126953830703
5582.969794358596,0.4516,1417.575200295858
5583.009805047946,0.4629,1349.2103334936057
5583.059818409639,0.5345,1011.9495289780806
5583.099829098998,0.4943,1183.2402065879041
5583.139839788359,0.4456,1456.0074030301819
5583.1898531500665,0.5038,1139.0370382446706
5583.229863839434,0.5176,1079.1099159676914
5583.269874528807,0.5024,1145.394006868722
5583.319887890526,0.5202,1068.3499432752965
5583.359898579905,0.5639,909.1806146663596
5583.399909269288,0.4473,1444.9611099417361
5583.439919958676,0.4357,1522.925937309937
5583.489933320413,0.4775,1267.9651754641727
5583.529944009807,0.5085,1118.078442714925
5583.5699546992055,0.5225,1058.9650935705931
5583.619968060955,0.5169,1082.0346091532679
5583.659978750361,0.5187,1074.537870567801
5583.6999894397695,0.4796,1256.885560085441
5583.750002801534,0.5743,876.550116367386
5583.790013490949,0.5516,950.1798297393217
5583.830024180368,0.527,1040.95754683844
5583.880037542148,0.5311,1024.9475896040303
5583.920048231574,0.5619,915.6643095435448
5583.960058921004,0.554,941.9650718696544
5584.000069610437,0.4624,1352.129747146518
5584.050082972233,0.4959,1175.617192325655
5584.090093661674,0.4703,1307.085787325682
5584.130104351118,0.4384,1504.225076870734
5584.180117712928,0.4388,1501.4838990340006
5584.2201284023795,0.495,1179.8960416199466
5584.2601390918335,0.5527,946.4014478558508
5584.310152453658,0.5011,1151.3446781773798
5584.350163143121,0.5092,1115.006504714082
5584.390173832587,0.5611,918.2772211501212
5584.430184522054,0.5211,1064.662809200516
5584.480197883896,0.4532,1407.5835339647383
5584.520208573374,0.4115,1707.3167726335496
5584.560219262852,0.4289,1571.5991277272612
5584.610232624707,0.4909,1199.687304841341
5584.650243314195,0.4702,1307.6418153985974
5584.690254003685,0.5062,1128.2618386327001
5584.740267365553,0.5192,1072.469268098203
5584.780278055053,0.4893,1207.5460177470795
5584.820288744554,0.5024,1145.394006868722
5584.870302106436,0.557,931.845574423404
5584.910312795945,0.5668,899.9008895898883
5584.950323485457,0.5964,812.7915328929626
5584.990334174973,0.5012,1150.8852897006611
5585.040347536873,0.4835,1236.6908382620745
5585.080358226396,0.5191,1072.8825104416908
5585.120368915923,0.5052,1132.7328451632281
5585.170382277836,0.4746,1283.5080557959977
5585.21039296737,0.4901,1203.6070403720828
5585.250403656909,0.5204,1067.5289266748855
5585.300417018834,0.4656,1333.6076802176287
5585.34042770838,0.5204,1067.5289266748855
5585.380438397929,0.5107,1108.466264691188
5585.430451759868,0.5075,1122.4889955834328
5585.470462449424,0.5131,1098.120943626918
5585.510473138985,0.5171,1081.1977704242731
5585.550483828546,0.5186,1074.9523092095471
5585.600497190505,0.4869,1219.4796676230812
5585.640507880074,0.5466,967.6427631470418
5585.6805185696485,0.5065,1126.9256978892545
5585.73053193162,0.5171,1081.1977704242731
5585.7705426212015,0.5201,1068.7608067996052
5585.8105533107855,0.503,1142.663091731818
5585.860566672771,0.4786,1262.1433787818778
5585.900577362361,0.42,1638.9105386037259
5585.940588051958,0.5071,1124.2605270201113
5585.980598741557,0.5367,1003.6703342134613
5586.030612103558,0.5074,1122.9314856877918
5586.070622793165,0.5114,1105.4338289095554
5586.110633482774,0.5444,975.4793229458008
5586.16064684479,0.5372,1001.8028707296373
5586.200657534407,0.4533,1406.9625654362299
5586.240668224028,0.5136,1095.9839025713513
5586.290681586056,0.5064,1127.3708142954247
5586.330692275685,0.5402,990.7067662751076
5586.370702965316,0.4964,1173.2501037782763
5586.4207163273595,0.5209,1065.4805209713943
5586.460727016999,0.5471,965.8748983562648
5586.500737706639,0.5058,1130.0470592508993
5586.540748396285,0.5231,1056.5372080787329
5586.590761758345,0.6231,744.6273783283174
5586.630772447999,0.5021,1146.7631372077121
5586.670783137654,0.4811,1249.060220890051
5586.720796499731,0.4945,1182.283281585165
5586.760807189394,0.4619,1355.0586465771494
5586.80081787906,0.4258,1594.5661577988085
5586.850831241149,0.4614,1357.997072925053
5586.890841930823,0.5018,1148.1347238702385
5586.9308526205,0.433,1541.9777178498093
5586.970863310181,0.5517,949.8354063229852
5587.020876672288,0.5369,1002.9227227197055
5587.060887361976,0.533,1017.653308916373
5587.100898051668,0.5419,984.5006151710747
5587.150911413788,0.5157,1087.0761049894159
5587.1909221034875,0.4644,1340.5085991244164
5587.230932793191,0.5462,969.06055195462
5587.280946155323,0.4708,1304.3109595071132
5587.320956845034,0.4307,1558.4904181662673
5587.360967534748,0.4816,1246.468009014783
5587.410980896893,0.4837,1235.6683593623577
5587.450991586614,0.4753,1279.730264298153
5587.491002276339,0.5005,1154.1067940416572
5587.531012966067,0.5104,1109.769701041871
5587.581026328232,0.4647,1338.7783563677644
5587.621037017967,0.4966,1172.305269718185
5587.661047707705,0.4604,1363.90267204869
5587.711061069884,0.4709,1303.7570543472125
5587.751071759629,0.4939,1185.1575452403517
5587.791082449379,0.4947,1181.327516957951
5587.84109581157,0.4976,1167.5981758312746
5587.881106501327,0.5503,954.674434698847
5587.921117191087,0.4949,1180.372910830912
5587.971130553293,0.5029,1143.1175655542568
5588.0111412430615,0.5123,1101.5532331490704
5588.051151932832,0.4882,1212.9937618659287
5588.091162622606,0.5238,1053.7152132129474
5588.141175984829,0.5345,1011.9495289780806
5588.18118667461,0.4763,1274.3622853968914
5588.221197364396,0.4737,1288.3898466755136
5588.2712107266325,0.523,1056.941275457291
5588.311221416425,0.4778,1266.3734243635404
5588.351232106221,0.5199,1069.58324520758
5588.401245468472,0.5396,992.9111896899705
5588.441256158275,0.5496,957.107827931717
5588.481266848081,0.522,1060.9947300268248
5588.521277537891,0.4723,1296.0392868725044
5588.5712909001595,0.4776,1267.4342584718213
5588.611301589977,0.4729,1292.7526359179374
5588.651312279798,0.5527,946.4014478558508
5588.701325642078,0.4905,1201.6447752203692
5588.7413363319065,0.4755,1278.6539585648195
5588.781347021739,0.5003,1155.0297084284198
5588.831360384034,0.5283,1035.8408431650566
5588.871371073874,0.5346,1011.5709831528128
5588.911381763715,0.5164,1084.1309614911586
5588.961395126024,0.4938,1185.6376080789441
5589.001405815874,0.5116,1104.569704128345
5589.041416505728,0.4781,1264.784668710492
5589.081427195585,0.5082,1119.398875126603
5589.131440557911,0.522,1060.9947300268248
5589.171451247775,0.5183,1076.1970647566852
5589.211461937643,0.5129,1098.977510522758
5589.261475299982,0.5036,1139.9419317748382
5589.301485989858,0.4857,1225.5129405620578
5589.341496679735,0.4953,1178.4671665948827
5589.391510042089,0.4813,1248.0223666546256
5589.431520731974,0.4683,1318.2741205603256
5589.471531421864,0.4686,1316.5867334586662
5589.511542111756,0.4881,1213.490838503058
5589.561555474127,0.5135,1096.41081142621
5589.601566164028,0.5285,1035.05700748856
5589.641576853931,0.5279,1037.411188030026
5589.6915902163155,0.4626,1350.9608456883727
5589.731600906227,0.4471,1446.2541370603844
5589.77161159614,0.5345,1011.9495289780806
5589.821624958538,0.5208,1065.8897301754669
5589.861635648461,0.4937,1186.1179626597789
5589.901646338387,0.5068,1125.591929222259
5589.951659700796,0.5172,1080.7797150661127
5589.991670390728,0.4741,1286.216729406276
5590.031681080664,0.5095,1113.6938341908365
5590.071691770604,0.5443,975.8377896513149
5590.121705133033,0.5142,1093.427677733282
5590.161715822978,0.5506,953.6343918876548
5590.201726512931,0.5742,876.855454200019
5590.251739875372,0.5686,894.2123392869777
5590.29175056533,0.5327,1018.7998506315072
5590.331761255291,0.4878,1214.9839030805012
5590.381774617746,0.4904,1202.1348913872491
5590.421785307714,0.447,1446.9013015678875
5590.461795997686,0.5177,1078.6930708410175
5590.511809360156,0.512,1102.8444915097286
5590.551820050136,0.5034,1140.847904055276
5590.591830740118,0.5051,1133.1814069259265
5590.631841430104,0.4658,1332.4627094030113
5590.681854792592,0.4193,1644.3872486613288
5590.721865482585,0.466,1331.3192124802038
5590.761876172582,0.5456,971.1930848323617
5590.811889535082,0.478,1265.3139215648107
5590.851900225087,0.4945,1182.283281585165
5590.891910915094,0.4776,1267.4342584718213
5590.9419242776075,0.4848,1230.0673265185683
5590.981934967622,0.5007,1153.1849853807262
5591.0219456576415,0.512,1102.8444915097286
5591.061956347663,0.5309,1025.7199676163095
5591.111969710195,0.5605,920.2442514654936
5591.151980400225,0.5085,1118.078442714925
5591.191991090256,0.5675,897.6822428564734
5591.242004452801,0.5217,1062.2153139877214
5591.282015142841,0.5405,989.6073065238375
5591.322025832885,0.4849,1229.5600310130676
5591.372039195444,0.4795,1257.40986206684
5591.412049885494,0.5052,1132.7328451632281
5591.452060575548,0.4923,1192.8736925725354
5591.502073938121,0.5388,995.8618844842383
5591.542084628182,0.5857,842.7600993858415
5591.582095318247,0.5169,1082.0346091532679
5591.622106008315,0.5154,1088.341984352576
5591.6721193709045,0.4661,1330.748015937813
5591.7121300609815,0.442,1479.8217047783712
5591.752140751059,0.467,1325.6237479298925
5591.802154113663,0.5212,1064.2543062722139
5591.842164803749,0.555,938.5736673272595
5591.882175493841,0.523,1056.941275457291
5591.932188856457,0.5179,1077.8601048578444
5591.972199546555,0.4937,1186.1179626597789
5592.012210236655,0.512,1102.8444915097286
5592.052220926759,0.4955,1177.5160247540905
5592.102234289394,0.4744,1284.5904975355393
5592.142244979506,0.4324,1546.259986048045
5592.182255669621,0.4143,1684.3173938709692
5592.232269032269,0.4558,1391.5709353575337
5592.272279722391,0.4903,1202.6253074716162
5592.312290412517,0.5241,1052.50924684161
5592.362303775178,0.4743,1285.132231968681
5592.402314465311,0.4537,1404.4827959851234
5592.442325155448,0.5207,1066.2991751665827
5592.492338518122,0.4949,1180.372910830912
5592.532349208265,0.5118,1103.706592189154
5592.572359898414,0.5301,1028.818226848869
5592.612370588566,0.4896,1206.0666383427674
5592.662383951257,0.5127,1099.8350800309834
5592.702394641415,0.4999,1156.878861459613
5592.742405331575,0.5378,999.5687862904765
5592.792418694283,0.449,1434.040049041376
5592.832429384451,0.4839,1234.6471479957763
5592.872440074622,0.4828,1240.27952657172
5592.922453437344,0.4889,1209.5227615076494
5592.962464127523,0.4926,1191.4211858314457
5593.002474817706,0.4758,1277.0420441053695
5593.052488180439,0.4673,1323.9222344732827
5593.092498870629,0.4715,1300.4410210368762
5593.132509560824,0.5623,914.3620338943231
5593.172520251021,0.4772,1269.559929547299
5593.222533613771,0.4866,1220.9838021218188
5593.262544303976,0.4759,1276.5054165827848
5593.302554994183,0.5051,1133.1814069259265
5593.352568356949,0.5349,1010.4366192470118
5593.392579047164,0.5313,1024.1760836766462
5593.432589737383,0.5113,1105.866271611218
5593.48260310016,0.491,1199.1986845992885
5593.5226137903865,0.467,1325.6237479298925
5593.562624480616,0.5075,1122.4889955834328
5593.602635170849,0.4593,1370.4434350679549
5593.652648533645,0.4627,1350.3769632851308
5593.692659223884,0.47,1308.7549364655479
5593.732669914129,0.526,1044.91931515572
5593.782683276937,0.5239,1053.312994225441
5593.822693967189,0.471,1303.203501954943
5593.862704657444,0.4965,1172.7775440243418
5593.912718020264,0.4674,1323.3557912656213
5593.9527287105275,0.4999,1156.878861459613
5593.992739400793,0.5385,996.9717869165338
5594.032750091061,0.4897,1205.5741159688387
5594.082763453902,0.5482,962.0026090347152
5594.122774144176,0.5409,988.1442049273115
5594.162784834456,0.5141,1093.8530937590815
5594.21279819731,0.478,1265.3139215648107
5594.252808887597,0.4424,1477.1469319652238
5594.292819577886,0.4857,1225.5129405620578
5594.342832940753,0.5352,1009.3041623655902
5594.382843631052,0.4784,1263.1989009937358
5594.422854321353,0.5147,1091.304315666272
5594.472867684233,0.5069,1125.1478658243093
5594.512878374542,0.4881,1213.490838503058
5594.552889064853,0.4502,1426.4054386376931
5594.592899755168,0.4524,1412.5661156265442
5594.642913118068,0.4581,1377.6326184837558
5594.682923808389,0.4495,1430.8515300487486
5594.722934498716,0.5086,1117.6388177335878
5594.7729478616275,0.5147,1091.304315666272
5594.812958551961,0.4762,1274.8975619252815
5594.852969242296,0.518,1077.4439836285385
5594.902982605223,0.4893,1207.5460177470795
5594.942993295565,0.4993,1159.660928294308
5594.9830039859135,0.4949,1180.372910830912
5595.033017348852,0.5095,1113.6938341908365
5595.073028039208,0.5185,1075.366987664874
5595.113038729565,0.4999,1156.878861459613
5595.153049419927,0.5037,1139.4893502730479
5595.2030627828835,0.481,1249.5796335567857
5595.243073473251,0.4497,1429.579099387816
5595.283084163624,0.5003,1155.0297084284198
5595.333097526594,0.4966,1172.305269718185
5595.373108216974,0.4932,1188.524119981497
5595.413118907356,0.5371,1002.1759462334713
5595.463132270341,0.5338,1014.6053094180899
5595.50314296073,0.5002,1155.491580821712
5595.543153651124,0.4844,1232.0996513040652
5595.593167014122,0.4828,1240.27952657172
5595.6331777045225,0.5293,1031.9305450764014
5595.673188394927,0.4224,1620.3395080944822
5595.713199085335,0.4868,1219.9807368164707
5595.76321244835,0.4865,1221.4857987419202
5595.803223138765,0.4666,1327.8975398032023
5595.843233829184,0.5154,1088.341984352576
5595.893247192212,0.5601,921.5591183925106
5595.933257882639,0.5071,1124.2605270201113
5595.973268573068,0.4323,1546.9754314560896
5596.023281936109,0.4582,1377.0313617043578
5596.063292626545,0.5124,1101.123317616596
5596.103303316985,0.4711,1302.6503020308103
5596.14331400743,0.4689,1314.9025840607626
5596.193327370488,0.4572,1383.0616954010031
5596.23333806094,0.4596,1368.6549322186838
5596.273348751395,0.4846,1231.0828598397704
5596.323362114467,0.4954,1177.9914516787394
5596.363372804928,0.4943,1183.2402065879041
5596.403383495394,0.4833,1237.7145867934864
5596.453396858479,0.4523,1413.1907979814157
5596.493407548952,0.4327,1544.1166252145536
5596.533418239427,0.5016,1149.0504825054059
5596.573428929909,0.4997,1157.8051036529869
5596.62344229301,0.4818,1245.4333832677366
5596.663452983498,0.4778,1266.3734243635404
5596.703463673988,0.4819,1244.9165533950484
5596.753477037105,0.4505,1424.5063123330797
5596.793487727601,0.4796,1256.885560085441
5596.833498418103,0.4701,1308.1981983445353
5596.883511781234,0.4426,1475.812264226447
5596.923522471742,0.4559,1390.9605316437046
5596.963533162252,0.4652,1335.902053664092
5597.013546525398,0.4941,1184.198293845316
5597.053557215917,0.4485,1437.2392378964437
5597.09356790644,0.4857,1225.5129405620578
5597.133578596964,0.4934,1187.5607792213686
5597.183591960125,0.4952,1178.9431697351697
5597.22360265066,0.4924,1192.3892286643404
5597.263613341195,0.5209,1065.4805209713943
5597.313626704371,0.5246,1050.5038986421896
5597.3536373949155,0.4967,1171.833280629954
5597.393648085463,0.4878,1214.9839030805012
5597.44366144865,0.5141,1093.8530937590815
5597.483672139206,0.5314,1023.7906573345717
5597.523682829764,0.4919,1194.814503749045
5597.573696192966,0.4777,1266.9036748646342
5597.613706883531,0.482,1244.4000451666666
5597.6537175741005,0.4986,1162.919375341307
5597.693728264671,0.5239,1053.312994225441
5597.743741627891,0.4566,1386.6989289771332
5597.783752318471,0.4541,1402.0095766463241
5597.823763009053,0.4676,1322.22399489936
5597.873776372287,0.4846,1231.0828598397704
5597.913787062877,0.5481,962.3536722025697
5597.95379775347,0.4979,1166.1915752182533
5598.003811116717,0.4383,1504.9115442409377
5598.043821807318,0.4716,1299.8895789721207
5598.083832497922,0.4408,1487.8897589429112
5598.1238431885295,0.4246,1603.5919646646933
5598.173856551794,0.4712,1302.097454275638
5598.213867242409,0.4824,1242.3372233635284
5598.253877933028,0.4836,1236.1794402395162
5598.303891296307,0.4794,1257.9344921806353
5598.343901986932,0.4665,1328.4669018689062
5598.38391267756,0.4646,1339.3547315519152
5598.4339260408515,0.4829,1239.7659011673725
5598.473936731488,0.4944,1182.7615989222363
5598.513947422128,0.5197,1070.4066333116107
5598.563960785434,0.4873,1217.4784746619107
5598.60397147608,0.4498,1428.9435204598053
5598.643982166732,0.5036,1139.9419317748382
5598.6839928573845,0.5136,1095.9839025713513
5598.734006220709,0.4702,1307.6418153985974
5598.774016911369,0.4914,1197.2471857439914
5598.814027602034,0.4932,1188.524119981497
5598.864040965369,0.4624,1352.129747146518
5598.904051656041,0.4749,1281.886956678959
5598.944062346718,0.5155,1087.919778993993
5598.994075710065,0.5504,954.3275647951424
5599.0340864007485,0.5556,936.5476086002188
5599.074097091436,0.5034,1140.847904055276
5599.114107782125,0.5221,1060.5883361981062
5599.164121145492,0.5251,1048.5042761792565
5599.204131836188,0.5102,1110.6399362763898
5599.244142526889,0.5012,1150.8852897006611
5599.294155890269,0.519,1073.2959916761365
5599.334166580978,0.5423,983.0488199024703
5599.374177271688,0.5224,1059.3705546815588
5599.424190635083,0.4802,1253.7466236765042
5599.464201325799,0.4743,1285.132231968681
5599.504212016523,0.4736,1288.933986517818
5599.554225379929,0.5,1156.4161571154998
5599.5942360706595,0.4767,1272.2245468539559
5599.634246761392,0.4616,1356.8205565136163
5599.674257452128,0.4539,1403.2453689945967
5599.724270815552,0.4752,1280.2689268496915
5599.764281506295,0.4826,1241.3077354030543
5599.804292197042,0.5201,1068.7608067996052
5599.85430556048,0.5254,1047.3072419914602
5599.894316251233,0.5119,1103.2754155407408
5599.9343269419915,0.4974,1168.5373238552181
5599.984340305443,0.489,1209.0281207651249
5600.024350996208,0.5071,1124.2605270201113
5600.064361686977,0.4654,1334.7541274581438
5600.114375050442,0.4925,1191.9050598305041
5600.154385741217,0.52,1069.1719073828979
5600.194396431996,0.457,1384.2725149257385
5600.234407122778,0.5006,1153.6457516058965
5600.28442048626,0.4973,1169.007322834423
5600.324431177051,0.5031,1142.2088888859744
5600.364441867844,0.4773,1269.0280107221095
5600.414455231338,0.4479,1441.0924158646494
5600.454465922139,0.4589,1372.833564018644
5600.494476612944,0.4937,1186.1179626597789
5600.5444899764525,0.5052,1132.7328451632281
5600.5845006672635,0.4806,1251.6605275052295
5600.624511358078,0.4496,1430.2151024583052
5600.664522048897,0.47,1308.7549364655479
5600.714535412424,0.476,1275.9691272345856
5600.75454610325,0.4484,1437.880360240333
5600.794556794077,0.451,1421.3495196065924
5600.844570157618,0.4831,1238.7396070594991
5600.884580848453,0.4945,1182.283281585165
5600.924591539293,0.5025,1144.9381749250872
5600.974604902847,0.4923,1192.8736925725354
5601.014615593694,0.5134,1096.8379697646674
5601.054626284545,0.512,1102.8444915097286
5601.1046396481115,0.4637,1344.558900018506
5601.14465033897,0.4724,1295.4906419242016
5601.184661029831,0.4876,1215.9808108628263
5601.2246717206945,0.4609,1360.9450675530516
5601.274685084279,0.4887,1210.5129540867588
5601.3146957751505,0.4723,1296.0392868725044
5601.354706466025,0.556,935.2005452365526
5601.404719829625,0.4475,1443.66981609942
5601.444730520508,0.4691,1313.7816124308574
5601.484741211391,0.4705,1305.9747945923216
5601.534754575004,0.4671,1325.0562124937098
5601.574765265897,0.4715,1300.4410210368762
5601.614775956793,0.4474,1444.3152465547305
5601.654786647694,0.4392,1498.7502073260982
5601.704800011322,0.4715,1300.4410210368762
5601.744810702229,0.4813,1248.0223666546256
5601.784821393138,0.502,1147.2200595470765
5601.8348347567835,0.4606,1362.7184743953221
5601.8748454477,0.4588,1373.4320732525046
5601.914856138621,0.4411,1485.866570888651
5601.964869502278,0.5314,1023.7906573345717
5602.004880193206,0.4936,1186.5986092192993
5602.044890884138,0.4506,1423.874113005976
5602.094904247808,0.4523,1413.1907979814157
5602.134914938747,0.4812,1248.5411320123533
5602.174925629689,0.514,1094.2787581058412
5602.214936320635,0.4839,1234.6471479957763
5602.264949684322,0.4373,1511.8021400813905
5602.304960375276,0.4442,1465.1997399230706
5602.3449710662335,0.4677,1321.6586411193412
5602.394984429933,0.4844,1232.0996513040652
5602.434995120898,0.4784,1263.1989009937358
5602.475005811865,0.4395,1496.7048349292463
5602.525019175579,0.4191,1645.9570655878204
5602.565029866555,0.5005,1154.1067940416572
5602.605040557532,0.4927,1190.9376064278272
5602.65505392126,0.5064,1127.3708142954247
5602.695064612246,0.4548,1397.6971347427357
5602.735075303234,0.4651,1336.4765721742015
5602.775085994227,0.4462,1452.0942917631978
5602.825099357971,0.4379,1507.6621182269616
5602.8651100489715,0.4702,1307.6418153985974
5602.905120739974,0.4918,1195.3004466312755
5602.955134103732,0.4764,1273.8273459083146
5602.995144794743,0.4696,1310.9854467526186
5603.035155485756,0.4946,1181.8052543419155
5603.085168849529,0.4771,1270.0921828768608
5603.125179540551,0.4831,1238.7396070594991
5603.165190231573,0.4613,1358.5859050606891
5603.205200922601,0.4754,1279.1919416318249
5603.255214286391,0.4776,1267.4342584718213
5603.295224977427,0.4597,1368.0595425768877
5603.335235668465,0.5441,976.5553160946037
5603.385249032268,0.5248,1049.7033637904747
5603.425259723314,0.5009,1152.264280680002
5603.465270414364,0.5134,1096.8379697646674
5603.515283778179,0.5016,1149.0504825054059
5603.555294469235,0.4809,1250.0993702819037
5603.5953051602955,0.4945,1182.283281585165
5603.645318524124,0.5151,1089.6100761423509
5603.685329215193,0.5185,1075.366987664874
5603.725339906264,0.5243,1051.7064190754134
5603.765350597338,0.4994,1159.196554044714
5603.815363961185,0.5101,1111.0754377951027
5603.855374652266,0.5807,857.3353851336137
5603.895385343351,0.4823,1242.852447680331
5603.945398707212,0.5433,979.4333503196378
5603.985409398304,0.5207,1066.2991751665827
5604.0254200894,0.4849,1229.5600310130676
5604.075433453274,0.4451,1459.2804246569701
5604.115444144376,0.4871,1218.4784548864684
5604.1554548354825,0.4583,1376.4304984596768
5604.205468199369,0.458,1378.2342691416054
5604.245478890482,0.4902,1203.1160237182257
5604.2854895816,0.4713,1301.5449583905672
5604.325500272721,0.4374,1511.1109531277311
5604.3755136366235,0.4397,1495.3435785814756
5604.415524327752,0.4511,1420.719420370574
5604.455535018883,0.4492,1432.7633637208694
5604.505548382802,0.4669,1326.1916480662221
5604.545559073939,0.444,1466.5200340117067
5604.585569765082,0.5251,1048.5042761792565
5604.635583129013,0.4969,1170.8901571890192
5604.675593820162,0.4991,1160.5905143125651
5604.715604511314,0.4948,1180.8500691989707
5604.75561520247,0.4994,1159.196554044714
5604.805628566421,0.4465,1450.143649143505
5604.845639257584,0.4369,1514.5716355911854
5604.88564994875,0.4438,1467.842113483742
5604.935663312712,0.4599,1366.869928225705
5604.975674003886,0.5006,1153.6457516058965
5605.015684695063,0.4987,1162.4530426969004
5605.06569805904,0.4397,1495.3435785814756
5605.105708750223,0.4108,1713.1402247548112
5605.1457194414115,0.4346,1530.6449189414664
5605.195732805401,0.4777,1266.9036748646342
5605.235743496598,0.4963,1173.722949210072
5605.275754187795,0.4403,1491.270933577813
5605.315764878997,0.488,1213.988220750769
5605.365778243005,0.5735,878.9972932243977
5605.405788934213,0.5142,1093.427677733282
5605.445799625425,0.5012,1150.8852897006611
5605.495812989445,0.466,1331.3192124802038
5605.535823680666,0.4936,1186.5986092192993
5605.57583437189,0.4826,1241.3077354030543
5605.625847735923,0.4934,1187.5607792213686
5605.665858427153,0.5073,1123.3742374910528
5605.705869118387,0.4592,1371.040381788672
5605.745879809626,0.4561,1389.7409284733658
5605.795893173677,0.4762,1274.8975619252815
5605.835903864922,0.4775,1267.9651754641727
5605.875914556169,0.4753,1279.730264298153
5605.925927920233,0.4726,1294.3943966580207
5605.965938611489,0.5135,1096.41081142621
5606.0059493027475,0.4805,1252.1815631629565
5606.055962666826,0.4675,1322.7897115112721
5606.095973358092,0.41,1719.8321560505697
5606.135984049362,0.4385,1503.5390790929098
5606.185997413453,0.509,1115.882908149467
5606.226008104731,0.5593,924.1973205700936
5606.266018796012,0.4226,1618.8061884029125
5606.306029487293,0.461,1360.3547011720896
5606.356042851403,0.4766,1272.758476919301
5606.396053542694,0.4443,1464.5402613930946
5606.436064233989,0.4255,1596.815452089362
5606.4860775981115,0.4917,1195.7866860304719
5606.526088289413,0.446,1453.3969075624564
5606.566098980718,0.4956,1177.040885588521
5606.616112344853,0.5427,981.6002336056798
5606.656123036166,0.546,969.7706151488244
5606.696133727481,0.5145,1092.1529176514475
5606.74614709163,0.4732,1291.1139967186725
5606.7861577829535,0.5243,1051.7064190754134
5606.826168474281,0.5126,1100.2642412537955
5606.8661791656095,0.5457,970.8371741417066
5606.916192529777,0.534,1013.8454491865325
5606.956203221113,0.4631,1348.0452148772104
5606.996213912454,0.3968,1836.1594019688443
5607.0462272766335,0.4022,1787.185386407062
5607.086237967981,0.4477,1442.3802524369244
5607.126248659331,0.4576,1380.6448174453774
5607.176262023526,0.4633,1346.881604827103
5607.216272714883,0.3645,2175.9977825694973
5607.2562834062455,0.4978,1166.6601595358952
5607.29629409761,0.4908,1200.17622378084
5607.346307461821,0.4868,1219.9807368164707
5607.386318153195,0.4724,1295.4906419242016
5607.426328844571,0.4676,1322.22399489936
5607.476342208794,0.4435,1469.8285873325551
5607.516352900178,0.4469,1447.5489005588067
5607.556363591564,0.4503,1425.7719747745948
5607.606376955803,0.4299,1564.2961846494466
5607.646387647197,0.4405,1489.9170820370996
5607.686398338593,0.4827,1240.7934712287347
5607.736411702845,0.4901,1203.6070403720828
5607.7764223942495,0.5083,1118.9584712071476
5607.816433085657,0.6438,697.5134763997344
5607.856443777069,0.6507,682.7991132216392
5607.906457141336,0.6548,674.2752655747248
5607.946467832756,0.6459,692.9852372302136
5607.986478524177,0.6411,703.4010108793157
5608.036491888459,0.6212,749.1893660074528
5608.076502579889,0.6261,737.5086219431684
5608.116513271322,0.6956,597.4966867607984
5608.166526635617,0.6001,802.799689401315
5608.206537327056,0.5844,846.5137093114757
5608.246548018499,0.6097,777.7178771692187
5608.286558709947,0.6725,639.2489565499707
5608.336572074259,0.6265,736.5671732500487
5608.3765827657135,0.6319,724.0320838978145
5608.41659345717,0.6337,719.9247625343668
5608.4666068214965,0.6483,687.8638937032126
5608.5066175129605,0.6236,743.4337804040489
5608.54662820443,0.593,822.1386116240142
5608.596641568769,0.61,776.9530981258581
5608.636652260245,0.6202,751.6072703809402
5608.676662951723,0.63,728.4058400204123
5608.726676316077,0.6481,688.2885003796387
5608.766687007562,0.6384,709.3634039581964
5608.806697699053,0.6366,713.3805490470355
5608.846708390545,0.6173,758.6857652046328
5608.896721754915,0.6297,729.1000545943117
5608.936732446416,0.6402,705.3800952324849
5608.976743137919,0.6119,772.1355900261239
5609.026756502302,0.6202,751.6072703809402
5609.066767193813,0.6346,717.8841958382136
5609.1067778853285,0.6542,675.5126549479436
5609.156791249724,0.6242,742.0052473345843
5609.196801941247,0.6219,747.5037684267336
5609.236812632771,0.613,769.3669580288118
5609.286825997181,0.6199,752.3349244481767
5609.326836688714,0.5904,829.395601602356
5609.366847380251,0.6053,789.0656065064129
5609.4068580717885,0.6192,754.0368988454171
5609.456871436217,0.6579,667.9359265758965
5609.496882127763,0.659,665.707959345291
5609.536892819311,0.6388,708.4753135365233
5609.586906183752,0.658,667.7329222729719
5609.626916875311,0.6259,737.980023301183
5609.66692756687,0.6186,755.5003350452662
5609.716940931326,0.5843,846.8034867198543
5609.756951622891,0.5833,849.7094627374298
5609.796962314463,0.6168,759.9162970512541
5609.836973006037,0.6232,744.3884288926855
5609.886986370509,0.6133,768.6144608494056
5609.926997062091,0.6019,798.0052839172871
5609.967007753676,0.6186,755.5003350452662
5610.017021118161,0.6496,685.1135029572015
5610.057031809754,0.6469,690.8444162452548
5610.097042501348,0.6156,762.8818164250316
5610.147055865848,0.6146,765.3663631413497
5610.187066557452,0.6459,692.9852372302136
5610.227077249057,0.6431,699.0327561483768
5610.27709061357,0.647,690.6308799360243
5610.317101305183,0.6134,768.3638737753795
5610.357111996801,0.6217,747.9847867964511
5610.397122688422,0.631,726.0989382651799
5610.4471360529515,0.6204,751.1227539976607
5610.487146744579,0.5755,872.8984684920326
5610.527157436209,0.6351,716.75429428049
5610.577170800752,0.6087,780.2753124658304
5610.617181492391,0.6035,793.7795546510921
5610.657192184033,0.6185,755.7446552355829
5610.707205548588,0.6397,706.4831977180535
5610.747216240237,0.5849,845.0670510050529
5610.78722693189,0.6272,734.9239701933515
5610.827237623545,0.6101,776.6984224495395
5610.877250988119,0.6105,775.6809709122496
5610.917261679782,0.6676,648.6672020355408
5610.957272371448,0.6385,709.1412248684735
5611.0072857360365,0.653,677.9976741357431
5611.04729642771,0.6943,599.7362712550296
5611.087307119386,0.6519,680.2876741839065
5611.137320483988,0.658,667.7329222729719
5611.177331175672,0.664,655.7199994995949
5611.21734186736,0.6469,690.8444162452548
5611.267355231974,0.6474,689.7777239785446
5611.307365923669,0.6415,702.5240903914139
5611.347376615367,0.6193,753.7934062559386
5611.387387307069,0.0,289105195696188.5
5611.4374006717,0.0,289105195696188.5
5611.4774113634085,0.0,289105195696188.5
5611.517422055122,0.0,289105195696188.5
5675.124423308679,0.0,289105195696188.5
5675.174436679734,0.0,289105195696188.5
5675.224450050792,0.0,289105195696188.5
5675.274463421857,0.0,289105195696188.5
5675.324476792926,0.0,289105195696188.5
5675.384492838216,0.0,289105195696188.5
5675.434506209295,0.0,289105195696188.5
5675.484519580381,0.0,289105195696188.5
5675.534532951472,221365000000.0,5.899809451796972e-21
5675.584546322567,0.494,1184.6777739077975
5675.634559693666,0.4786,1262.1433787818778
5675.684573064772,0.4865,1221.4857987419202
5675.734586435881,0.4608,1361.535818327995
5675.784599806995,0.4715,1300.4410210368762
5675.834613178115,0.4664,1329.0366302008288
5675.894629223466,0.4083,1734.1833393548445
5675.944642594596,0.3897,1903.6752178832025
5675.994655965732,0.3661,2157.0194760110217
5676.044669336873,0.3545,2300.4932722275803
5676.094682708019,0.4385,1503.5390790929098
5676.144696079167,0.5051,1133.1814069259265
5676.194709450324,0.6004,801.9976263232816
5676.244722821483,0.4613,1358.5859050606891
5676.294736192649,0.4584,1375.8300284063523
5676.344749563819,0.4944,1182.7615989222363
5676.394762934994,0.5517,949.8354063229852
5676.45477898041,0.5032,1141.754956801345
5676.504792351596,0.4916,1196.2732221879248
5676.554805722786,0.3912,1889.1045070992632
5676.604819093983,0.4392,1498.7502073260982
5676.654832465184,0.3938,1864.2419114958523
5676.70484583639,0.5559,935.537038483006
5676.754859207601,0.4184,1651.4691640622464
5676.804872578815,0.3857,1943.364956129773
5676.854885950036,0.4236,1611.172139282459
5676.904899321261,0.4596,1368.6549322186838
5676.964915366739,0.4963,1173.722949210072
5677.0149287379745,0.6035,793.7795546510921
5677.064942109217,0.5742,876.855454200019
5677.114955480463,0.5012,1150.8852897006611
5677.164968851714,0.4753,1279.730264298153
5677.21498222297,0.5134,1096.8379697646674
5677.264995594232,0.5376,1000.3126500240918
5677.315008965497,0.4299,1564.2961846494466
5677.365022336769,0.4299,1564.2961846494466
5677.415035708044,0.477,1270.6247709913305
5677.475051753581,0.5257,1046.1122565411426
5677.525065124869,0.6136,767.8630671262991
5677.57507849616,0.4306,1559.2143697525619
5677.625091867457,0.661,661.6855700394424
5677.675105238758,0.5231,1056.5372080787329
5677.725118610064,0.5886,834.4761054383803
5677.775131981376,0.5784,864.1672956571327
5677.825145352692,0.4172,1660.9831061699726
5677.875158724013,0.4266,1588.591221886647
5677.925172095341,0.5992,805.2131110505792
5677.975185466671,0.5626,913.3871494759253
5678.035201512274,0.4393,1498.0679509124736
5678.0852148836175,0.4957,1176.5660339498502
5678.135228254965,0.5079,1120.7216480339814
5678.1852416263155,0.4177,1657.008997934381
5678.235254997672,0.4387,1502.1684906020266
5678.285268369035,0.4256,1596.0651588068135
5678.335281740401,0.4828,1240.27952657172
5678.385295111773,0.5171,1081.1977704242731
5678.43530848315,0.505,1133.6302351868142
5678.485321854531,0.5435,978.71265016113
5678.5453379001965,0.4255,1596.815452089362
5678.595351271589,0.3652,2167.6640778401247
5678.6453646429845,0.5159,1086.2334119991733
5678.695378014387,0.5187,1074.537870567801
5678.745391385794,0.5219,1061.4013574818985
5678.7954047572075,0.4707,1304.8652177344577
5678.845418128624,0.397,1834.3098379682813
5678.8954315000465,0.535,1010.0589219394948
5678.945444871472,0.5873,838.1744460472299
5678.995458242905,0.5971,810.8869285738198
5679.045471614343,0.5752,873.8092382245923
5679.105487660072,0.3588,2245.6838056686843
5679.1555010315205,0.4297,1565.752695318583
5679.205514402973,0.5402,990.7067662751076
5679.255527774431,0.5847,845.6452689870861
5679.305541145894,0.4771,1270.0921828768608
5679.35555451736,0.5332,1016.890022687304
5679.405567888833,0.5245,1050.9045095244628
5679.455581260309,0.5043,1136.7795127253044
5679.505594631793,0.5721,883.3045813397111
5679.555608003279,0.4831,1238.7396070594991
5679.61562404907,0.4391,1499.4329299200076
5679.665637420569,0.4413,1484.520070545796
5679.715650792072,0.4356,1523.6252473412512
5679.765664163579,0.3824,1977.0509344038917
5679.815677535092,0.4545,1399.5428843713316
5679.865690906609,0.5798,859.9990601141571
5679.915704278133,0.6237,743.1954052268944
5679.965717649659,0.5561,934.8642335019064
5680.015731021192,0.4862,1222.9936475262816
5680.065744392729,0.4658,1332.4627094030113
5680.1157577642725,0.451,1421.3495196065924
5680.1757738101305,0.4502,1426.4054386376931
5680.225787181682,0.4923,1192.8736925725354
5680.275800553241,0.5006,1153.6457516058965
5680.325813924803,0.4709,1303.7570543472125
5680.375827296371,0.5176,1079.1099159676914
5680.4258406679455,0.5134,1096.8379697646674
5680.475854039522,0.4597,1368.0595425768877
5680.5258674111055,0.5192,1072.469268098203
5680.575880782693,0.5026,1144.4826150381696
5680.625894154287,0.4394,1497.3861602548054
5680.685910200203,0.429,1570.8665345826798
5680.735923571807,0.3765,2039.4996195893573
5680.785936943415,0.4707,1304.8652177344577
5680.835950315029,0.3681,2133.64372187485
5680.885963686647,0.4199,1639.691249148831
5680.93597705827,0.4744,1284.5904975355393
5680.985990429898,0.5278,1037.8043322130668
5681.0360038015315,0.5615,916.9693693148593
5681.08601717317,0.4431,1472.4834980920878
5681.136030544813,0.5755,872.8984684920326
5681.1960465907905,0.5368,1003.296424012863
5681.2460599624455,0.4561,1389.7409284733658
5681.296073334104,0.4705,1305.9747945923216
5681.3460867057665,0.5648,906.2853980855133
5681.396100077435,0.4505,1424.5063123330797
5681.446113449109,0.3563,2277.308222525568
5681.496126820788,0.5414,986.3198863269058
5681.54614019247,0.567,899.266151960014
5681.59615356416,0.5564,933.8563860641436
5681.646166935852,0.5065,1126.9256978892545
5681.69618030755,0.5013,1150.4261761142707
5681.756196353596,0.4455,1456.6611258345708
5681.806209725303,0.4786,1262.1433787818778
5681.8562230970165,0.5749,874.7214341272412
5681.906236468736,0.6097,777.7178771692187
5681.956249840461,0.6223,746.5431226559259
5682.00626321219,0.5303,1028.0423473235555
5682.056276583923,0.4214,1628.0388826597073
5682.106289955661,0.4565,1387.306529316421
5682.156303327405,0.5066,1126.480845046997
5682.206316699153,0.4687,1316.0249909905006
5682.266332745257,0.4553,1394.6289893246785
5682.316346117016,0.4904,1202.1348913872491
5682.366359488781,0.5155,1087.919778993993
5682.416372860551,0.5011,1151.3446781773798
5682.466386232324,0.3742,2064.6479495583703
5682.516399604103,0.4804,1252.7029242300089
5682.566412975886,0.5022,1146.3064877930408
5682.616426347675,0.4325,1545.5450368441907
5682.666439719469,0.5029,1143.1175655542568
5682.716453091268,0.3901,1899.773255618172
5682.766466463071,0.5031,1142.2088888859744
5682.826482509242,0.5594,923.8669261966144
5682.876495881057,0.4462,1452.0942917631978
5682.926509252876,0.5001,1155.9537303101727
5682.976522624701,0.5713,885.7801184947057
5683.026535996528,0.4832,1238.226937828066
5683.076549368364,0.4547,1398.3119787078176
5683.126562740203,0.4975,1168.0676082634286
5683.176576112048,0.6005,801.7305390581657
5683.226589483896,0.4418,1481.161816418565
5683.276602855749,0.4764,1273.8273459083146
5683.33661890198,0.4539,1403.2453689945967
5683.386632273845,0.54,991.4407576789393
5683.436645645714,0.4443,1464.5402613930946
5683.486659017588,0.3714,2095.896146807121
5683.536672389468,0.5546,939.9280278645157
5683.586685761352,0.481,1249.5796335567857
5683.636699133242,0.6258,738.2158934855183
5683.686712505135,0.5512,951.5593984945763
5683.736725877035,0.4867,1220.4821148980695
5683.786739248939,0.259,4309.759294532942
5683.84675529523,0.4186,1649.8914567533886
5683.896768667143,0.462,1354.4721058573127
5683.946782039064,0.5138,1095.1308325356395
5683.996795410988,0.483,1239.2525947513288
5684.046808782918,0.5091,1115.4445773213295
5684.096822154854,0.5131,1098.120943626918
5684.1468355267925,0.4179,1655.423347275121
5684.196848898737,0.399,1815.966900665108
5684.2468622706865,0.4316,1551.9974816769593
5684.29687564264,0.3546,2299.1959443043597
5684.3468890146,0.4053,1759.9508771195162
5684.406905060956,0.4491,1433.4014931742997
5684.456918432927,0.428,1578.215590565032
5684.506931804903,0.4971,1169.948171867344
5684.556945176881,0.471,1303.203501954943
5684.606958548865,0.5011,1151.3446781773798
5684.656971920855,0.524,1052.9110054935672
5684.706985292849,0.4692,1313.2216640887073
5684.756998664849,0.4692,1313.2216640887073
5684.807012036852,0.4339,1535.5875934877472
5684.857025408862,0.4747,1282.9673479126836
5684.907038780877,0.5538,942.6455582990859
5684.967054827301,0.5326,1019.1824618149067
5685.017068199325,0.495,1179.8960416199466
5685.067081571355,0.4756,1278.1163148115493
5685.11709494339,0.4775,1267.9651754641727
5685.16710831543,0.5257,1046.1122565411426
5685.217121687474,0.4643,1341.0860921545136
5685.267135059523,0.4469,1447.5489005588067
5685.317148431578,0.586,841.897427435269
5685.367161803637,0.5357,1007.4209604636427
5685.417175175701,0.5128,1099.4061698525593
5685.477191222186,0.5855,843.3359508618738
5685.527204594261,0.5381,998.4545454898632
5685.577217966342,0.5018,1148.1347238702385
5685.627231338426,0.4559,1390.9605316437046
5685.677244710515,0.5037,1139.4893502730479
5685.72725808261,0.5151,1089.6100761423509
5685.777271454709,0.4408,1487.8897589429112
5685.827284826815,0.4554,1394.016572633305
5685.877298198923,0.4975,1168.0676082634286
5685.927311571038,0.4815,1246.9858054242095
5685.987327617582,0.4337,1537.0041838663208
5686.037340989707,0.4341,1534.1729606223234
5686.087354361838,0.4821,1243.8838583157499
5686.137367733973,0.4699,1309.3120300640069
5686.187381106112,0.4648,1338.2023531577572
5686.237394478258,0.4084,1733.3341881404458
5686.287407850407,0.4223,1621.1069850147878
5686.337421222562,0.4828,1240.27952657172
5686.387434594722,0.45,1427.6736335234107
5686.437447966887,0.4921,1193.8435065715425
5686.487461339057,0.5611,918.2772211501212
5686.547477385667,0.4762,1274.8975619252815
5686.5974907578475,0.3847,1953.4813362188652
5686.647504130031,0.4466,1449.4943083244016
5686.697517502222,0.3609,2219.625604012873
5686.747530874416,0.4181,1653.8399715753246
5686.797544246617,0.4959,1175.617192325655
5686.847557618823,0.5248,1049.7033637904747
5686.89757099103,0.4497,1429.579099387816
5686.9475843632445,0.4632,1347.4632214442033
5686.997597735464,0.5293,1031.9305450764014
5687.057613782135,0.4451,1459.2804246569701
5687.107627154364,0.4883,1212.4969905890612
5687.157640526601,0.4201,1638.1303855085825
5687.207653898841,0.5111,1106.7319186289553
5687.2576672710875,0.4248,1602.0823500713632
5687.3076806433355,0.4465,1450.143649143505
5687.357694015592,0.4454,1457.3152890036117
5687.407707387852,0.4584,1375.8300284063523
5687.457720760116,0.5231,1056.5372080787329
5687.507734132386,0.4912,1198.2223392347175
5687.55774750466,0.4899,1204.5899758828084
5687.617763551396,0.427,1585.6163395743351
5687.667776923682,0.4395,1496.7048349292463
5687.717790295973,0.4586,1374.6302665022022
5687.767803668266,0.4233,1613.4566740281666
5687.817817040568,0.4651,1336.4765721742015
5687.8678304128725,0.4952,1178.9431697351697
5687.917843785182,0.4761,1275.4331757766815
5687.967857157498,0.4903,1202.6253074716162
5688.017870529817,0.4492,1432.7633637208694
5688.06788390214,0.4245,1604.347572234197
5688.127899948938,0.4912,1198.2223392347175
5688.177913321274,0.4613,1358.5859050606891
5688.227926693614,0.4977,1167.1290263312044
5688.277940065959,0.4921,1193.8435065715425
5688.32795343831,0.4483,1438.5219116668125
5688.377966810664,0.4966,1172.305269718185
5688.427980183025,0.5229,1057.345574680509
5688.477993555388,0.517,1081.6160683907385
5688.52800692776,0.4996,1158.2686419471977
5688.578020300134,0.5008,1152.7244951455523
5688.63803634699,0.4327,1544.1166252145536
5688.688049719375,0.436,1520.8308934965942
5688.738063091765,0.4591,1371.6377186272919
5688.788076464161,0.4163,1668.1726189947817
5688.838089836561,0.4764,1273.8273459083146
5688.888103208967,0.4984,1163.8528828626847
5688.938116581377,0.4549,1397.0826962129347
5688.988129953792,0.4548,1397.6971347427357
5689.038143326212,0.4845,1231.5910981741854
5689.088156698636,0.5425,982.3241262240581
5689.138170071065,0.5524,947.429677459498
5689.1981861179875,0.5846,845.9346005467964
5689.248199490428,0.5051,1133.1814069259265
5689.298212862875,0.4907,1200.6654416612967
5689.348226235325,0.4772,1269.559929547299
5689.398239607778,0.437,1513.8785486902225
5689.44825298024,0.4668,1326.7599132152418
5689.4982663527035,0.4396,1496.0239745124306
5689.548279725175,0.5107,1108.466264691188
5689.59829309765,0.468,1319.9647536701873
5689.648306470129,0.5501,955.3687420933069
5689.698319842611,0.5291,1032.710831320257
5689.758335889601,0.4496,1430.2151024583052
5689.808349262097,0.4971,1169.948171867344
5689.858362634597,0.55,955.7161798592889
5689.908376007102,0.4979,1166.1915752182533
5689.9583893796125,0.4956,1177.040885588521
5690.008402752128,0.5376,1000.3126500240918
5690.058416124646,0.4968,1171.3615765300285
5690.108429497172,0.4736,1288.933986517818
5690.1584428697015,0.4844,1232.0996513040652
5690.208456242236,0.4818,1245.4333832677366
5690.268472289283,0.4833,1237.7145867934864
5690.318485661829,0.4823,1242.852447680331
5690.36849903438,0.4773,1269.0280107221095
5690.4185124069345,0.4782,1264.2557478489014
5690.468525779496,0.4827,1240.7934712287347
5690.51853915206,0.4794,1257.9344921806353
5690.56855252463,0.4574,1381.8524638327276
5690.618565897205,0.4277,1580.430365499174
5690.668579269785,0.4508,1422.6109762704702
5690.71859264237,0.4984,1163.8528828626847
5690.778608689477,0.5068,1125.591929222259
5690.828622062073,0.4525,1411.9418473790408
5690.878635434673,0.4053,1759.9508771195162
5690.9286488072785,0.4202,1637.3507893328135
5690.978662179888,0.4682,1318.8373038518387
5691.028675552503,0.4584,1375.8300284063523
5691.078688925124,0.4647,1338.7783563677644
5691.128702297748,0.4829,1239.7659011673725
5691.178715670379,0.4862,1222.9936475262816
5691.228729043012,0.4991,1160.5905143125651
5691.28874509018,0.4866,1220.9838021218188
5691.338758462827,0.4876,1215.9808108628263
5691.388771835476,0.5111,1106.7319186289553
5691.438785208131,0.4824,1242.3372233635284
5691.488798580792,0.4418,1481.161816418565
5691.538811953456,0.479,1260.0362994414845
5691.588825326127,0.4853,1227.5339839858761
5691.638838698802,0.4775,1267.9651754641727
5691.688852071479,0.5146,1091.7284929802274
5691.738865444165,0.3888,1912.498706948371
5691.788878816855,0.4455,1456.6611258345708
5691.848894864089,0.4818,1245.4333832677366
5691.898908236789,0.4752,1280.2689268496915
5691.9489216094935,0.4484,1437.880360240333
5691.998934982204,0.4343,1532.7602816650608
5692.048948354918,0.4563,1388.522928633991
5692.098961727638,0.4662,1330.1771869205538
5692.148975100363,0.4884,1212.000524422391
5692.198988473093,0.4691,1313.7816124308574
5692.249001845828,0.4378,1508.350939999413
5692.299015218568,0.4768,1271.690952698606
5692.349028591312,0.5767,869.2695919497598
5692.40904463861,0.4633,1346.881604827103
5692.459058011365,0.5235,1054.923253468954
5692.5090713841255,0.543,980.5158940845888
5692.55908475689,0.5024,1145.394006868722
5692.609098129661,0.4799,1255.3146202011887
5692.659111502435,0.4968,1171.3615765300285
5692.709124875215,0.4497,1429.579099387816
5692.7591382479995,0.5005,1154.1067940416572
5692.809151620788,0.4483,1438.5219116668125
5692.859164993582,0.4587,1374.0309739665263
5692.919181040942,0.498,1165.7232731514118
5692.9691944137485,0.5115,1105.0016398146865
5693.019207786557,0.4567,1386.091727717648
5693.069221159371,0.4055,1758.215229751697
5693.119234532192,0.5016,1149.0504825054059
5693.169247905018,0.4531,1408.2049136843832
5693.219261277846,0.49,1204.098357678442
5693.269274650681,0.4406,1489.2408475282255
5693.319288023518,0.4228,1617.2750441418718
5693.369301396364,0.4722,1296.5882804242879
5693.4293174437835,0.4706,1305.419829329377
5693.479330816638,0.5101,1111.0754377951027
5693.529344189498,0.4491,1433.4014931742997
5693.579357562362,0.4998,1157.341843564654
5693.629370935232,0.4786,1262.1433787818778
5693.679384308107,0.4859,1224.5042900542148
5693.729397680985,0.4597,1368.0595425768877
5693.779411053871,0.4331,1541.265736255724
5693.82942442676,0.4263,1590.8278812283436
5693.879437799654,0.487,1218.9789070642205
5693.929451172554,0.4504,1425.1389327979073
5693.989467220038,0.4393,1498.0679509124736
5694.039480592948,0.5195,1071.230972574454
5694.089493965863,0.501,1151.8043417639221
5694.139507338783,0.5031,1142.2088888859744
5694.189520711705,0.4584,1375.8300284063523
5694.239534084635,0.4651,1336.4765721742015
5694.289547457569,0.469,1314.3419189863396
5694.339560830509,0.4778,1266.3734243635404
5694.389574203453,0.4928,1190.4543213805541
5694.439587576401,0.4602,1365.0884139685277
5694.499603623947,0.4814,1247.5039245480805
5694.549616996907,0.4725,1294.942345284297
5694.599630369871,0.46,1366.2757028410945
5694.64964374284,0.4744,1284.5904975355393
5694.699657115815,0.5167,1082.8724198184618
5694.749670488794,0.4525,1411.9418473790408
5694.799683861777,0.4517,1416.9476089090426
5694.849697234767,0.3965,1838.9389975381976
5694.89971060776,0.4816,1246.468009014783
5694.949723980759,0.4252,1599.069509019047
5694.999737353763,0.4995,1158.7324586700959
5695.059753401372,0.4893,1207.5460177470795
5695.109766774387,0.4238,1609.6518106683934
5695.159780147407,0.4662,1330.1771869205538
5695.209793520432,0.4511,1420.719420370574
5695.25980689346,0.4617,1356.232871574937
5695.309820266493,0.4463,1451.4436404714847
5695.359833639533,0.4495,1430.8515300487486
5695.409847012576,0.4601,1365.6818648676008
5695.459860385625,0.5077,1121.6047996468071
5695.5098737586795,0.469,1314.3419189863396
5695.569889806349,0.445,1459.936353245167
5695.619903179413,0.4826,1241.3077354030543
5695.669916552484,0.4867,1220.4821148980695
5695.719929925557,0.4685,1317.1488356714751
5695.769943298636,0.4635,1345.7195007400687
5695.819956671719,0.4812,1248.5411320123533
5695.869970044809,0.4875,1216.4797249272438
5695.919983417903,0.4648,1338.2023531577572
5695.969996791001,0.4787,1261.6161137255071
5696.020010164104,0.501,1151.8043417639221
5696.080026211835,0.536,1006.2935681265214
5696.1300395849485,0.5397,992.5432751585782
5696.180052958067,0.4918,1195.3004466312755
5696.230066331191,0.5411,987.4138705996381
5696.280079704319,0.3995,1811.4241573335592
5696.330093077454,0.524,1052.9110054935672
5696.380106450592,0.483,1239.2525947513288
5696.430119823736,0.4706,1305.419829329377
5696.480133196883,0.5273,1039.7734093971208
5696.530146570037,0.5166,1083.2916900975533
5696.580159943194,0.3813,1988.4744185341378
5696.640175990991,0.4771,1270.0921828768608
5696.690189364159,0.5049,1134.0793301570409
5696.740202737334,0.4384,1504.225076870734
5696.79021611051,0.5152,1089.187132735786
5696.840229483694,0.5177,1078.6930708410175
5696.8902428568845,0.4505,1424.5063123330797
5696.940256230076,0.4698,1309.8694794426067
5696.990269603275,0.4697,1310.4272849043641
5697.040282976478,0.4626,1350.9608456883727
5697.090296349685,0.4398,1494.6636467139772
5697.1403097228995,0.4445,1463.222639356914
5697.200325770759,0.3943,1859.5169427032913
5697.250339143984,0.4758,1277.0420441053695
5697.300352517212,0.5029,1143.1175655542568
5697.3503658904465,0.4808,1250.619431335032
5697.400379263682,0.4846,1231.0828598397704
5697.450392636926,0.496,1175.1432018769394
5697.500406010175,0.541,987.7789365158359
5697.550419383427,0.4688,1315.4636079600623
5697.600432756684,0.5373,1001.430003511728
5697.650446129946,0.5429,980.877140867138
5697.710462177869,0.488,1213.988220750769
5697.760475551141,0.503,1142.663091731818
5697.81048892442,0.4161,1669.7766271799992
5697.860502297702,0.4014,1794.3162758030503
5697.91051567099,0.4355,1524.3250391558333
5697.960529044284,0.5003,1155.0297084284198
5698.010542417581,0.4229,1616.5102865120118
5698.060555790884,0.5174,1079.9443314245786
5698.110569164191,0.5378,999.5687862904765
5698.160582537502,0.4819,1244.9165533950484
5698.2205985854835,0.4494,1431.4883825370425
5698.2706119588065,0.4703,1307.085787325682
5698.320625332135,0.4658,1332.4627094030113
5698.370638705467,0.4516,1417.575200295858
5698.420652078805,0.4331,1541.265736255724
5698.470665452149,0.467,1325.6237479298925
5698.520678825495,0.4742,1285.6743091625206
5698.5706921988485,0.528,1037.0182672027852
5698.620705572206,0.4667,1327.3285436898307
5698.670718945568,0.4493,1432.1256603015036
5698.730734993608,0.4968,1171.3615765300285
5698.78074836698,0.4337,1537.0041838663208
5698.830761740358,0.4372,1512.4938013701942
5698.880775113742,0.4352,1526.4273097283478
5698.930788487129,0.481,1249.5796335567857
5698.980801860521,0.4656,1333.6076802176287
5699.0308152339185,0.5119,1103.2754155407408
5699.080828607321,0.5597,922.8768054039314
5699.130841980727,0.4686,1316.5867334586662
5699.18085535414,0.4352,1526.4273097283478
5699.230868727555,0.4673,1323.9222344732827
5699.290884775663,0.4416,1482.5037492707816
5699.340898149088,0.4737,1288.3898466755136
5699.390911522522,0.4911,1198.7103628114194
5699.440924895959,0.4707,1304.8652177344577
5699.4909382694,0.4778,1266.3734243635404
5699.540951642849,0.5045,1135.8783813616633
5699.5909650163,0.5415,985.9556288967036
5699.640978389758,0.5022,1146.3064877930408
5699.690991763218,0.4476,1443.0248181889563
5699.741005136685,0.4258,1594.5661577988085
5699.791018510156,0.4894,1207.052588985
5699.851034558328,0.5355,1008.1736082363086
5699.90104793181,0.4616,1356.8205565136163
5699.951061305297,0.4491,1433.4014931742997
5700.001074678788,0.5093,1114.5686901249412
5700.051088052284,0.4906,1201.1549587264706
5700.101101425788,0.4661,1330.748015937813
5700.1511147992915,0.5199,1069.58324520758
5700.201128172805,0.4578,1379.4387534694797
5700.2511415463205,0.5279,1037.411188030026
5700.301154919843,0.5107,1108.466264691188
5700.361170968073,0.4658,1332.4627094030113
5700.411184341604,0.4834,1237.202553692489
5700.461197715142,0.5357,1007.4209604636427
5700.511211088682,0.5235,1054.923253468954
5700.561224462228,0.4559,1390.9605316437046
5700.611237835781,0.4593,1370.4434350679549
5700.661251209336,0.4163,1668.1726189947817
5700.711264582898,0.4263,1590.8278812283436
5700.761277956465,0.4801,1254.2689625988596
5700.811291330034,0.4472,1445.6074066477165
5700.8713073783265,0.4148,1680.2592979211945
5700.921320751908,0.5174,1079.9443314245786
5700.971334125494,0.5042,1137.2304805907042
5701.021347499084,0.5255,1046.9086861015426
5701.07136087268,0.4665,1328.4669018689062
5701.1213742462805,0.5006,1153.6457516058965
5701.171387619887,0.4783,1263.727158702424
5701.221400993498,0.5136,1095.9839025713513
5701.271414367113,0.4446,1462.5644950500978
5701.321427740734,0.4916,1196.2732221879248
5701.37144111436,0.4975,1168.0676082634286
5701.4314571627165,0.5025,1144.9381749250872
5701.481470536352,0.4635,1345.7195007400687
5701.531483909993,0.4905,1201.6447752203692
5701.581497283639,0.5081,1119.839539101002
5701.631510657289,0.4833,1237.7145867934864
5701.681524030945,0.4924,1192.3892286643404
5701.731537404604,0.4541,1402.0095766463241
5701.78155077827,0.5091,1115.4445773213295
5701.831564151941,0.4211,1630.3593978874933
5701.881577525616,0.4418,1481.161816418565
5701.941593574031,0.5228,1057.7501059257897
5701.991606947717,0.4556,1392.7929488049836
5702.041620321407,0.4886,1211.008506420665
5702.091633695103,0.4889,1209.5227615076494
5702.141647068804,0.4829,1239.7659011673725
5702.191660442509,0.4608,1361.535818327995
5702.241673816219,0.491,1199.1986845992885
5702.291687189932,0.4515,1418.2032087321716
5702.341700563654,0.4359,1521.5287608290023
5702.391713937378,0.4732,1291.1139967186725
5702.441727311107,0.465,1337.0514613804712
5702.501743359589,0.4504,1425.1389327979073
5702.551756733329,0.4537,1404.4827959851234
5702.601770107075,0.4613,1358.5859050606891
5702.651783480824,0.4928,1190.4543213805541
5702.70179685458,0.5247,1050.1035167890425
5702.751810228339,0.5043,1136.7795127253044
5702.8018236021035,0.5434,979.0729007696224
5702.851836975874,0.4867,1220.4821148980695
5702.901850349646,0.4321,1548.4078127224316
5702.951863723425,0.4199,1639.691249148831
5703.011879771968,0.4365,1517.3487483048875
5703.061893145757,0.5108,1108.0322961743132
5703.111906519551,0.4938,1185.6376080789441
5703.161919893352,0.4847,1230.5749360410614
5703.2119332671555,0.4718,1298.787746578822
5703.261946640965,0.4955,1177.5160247540905
5703.311960014778,0.4841,1233.6272020681035
5703.361973388599,0.4419,1480.4915331530192
5703.411986762422,0.4738,1287.8460513338018
5703.46200013625,0.4424,1477.1469319652238
5703.522016184852,0.4038,1773.0505454423383
5703.572029558691,0.494,1184.6777739077975
5703.622042932536,0.492,1194.328857142734
5703.672056306386,0.488,1213.988220750769
5703.722069680239,0.5699,890.1374203792418
5703.7720830540975,0.4843,1232.6085194894365
5703.822096427961,0.4256,1596.0651588068135
5703.8721098018295,0.458,1378.2342691416054
5703.922123175705,0.5424,982.6863728569127
5703.9721365495825,0.5336,1015.3660242237112
5704.022149923465,0.4848,1230.0673265185683
5704.082165972131,0.4087,1730.7904732594866
5704.132179346026,0.4222,1621.875007339633
5704.182192719925,0.4803,1253.2246109774198
5704.232206093829,0.4988,1161.9869904965374
5704.282219467736,0.4363,1518.7401698455026
5704.332232841651,0.521,1065.0715473733558
5704.382246215568,0.4446,1462.5644950500978
5704.432259589492,0.4642,1341.6639584422499
5704.482272963419,0.4816,1246.468009014783
5704.532286337352,0.406,1753.8873276342824
5704.592302386078,0.4408,1487.8897589429112
5704.642315760022,0.5154,1088.341984352576
5704.69232913397,0.4914,1197.2471857439914
5704.742342507923,0.4562,1389.1317283130245
5704.792355881881,0.4562,1389.1317283130245
5704.8423692558445,0.4071,1744.42201274975
5704.892382629812,0.4688,1315.4636079600623
5704.942396003784,0.4859,1224.5042900542148
5704.992409377762,0.423,1615.7460711980539
5705.042422751745,0.4936,1186.5986092192993
5705.092436125732,0.4765,1273.292743176652
5705.152452174522,0.5141,1093.8530937590815
5705.20246554852,0.4503,1425.7719747745948
5705.252478922524,0.4862,1222.9936475262816
5705.302492296531,0.4727,1293.8467957509151
5705.352505670545,0.4597,1368.0595425768877
5705.402519044561,0.4798,1255.8379394257734
5705.452532418583,0.4758,1277.0420441053695
5705.50254579261,0.4898,1205.0818952309385
5705.552559166644,0.4454,1457.3152890036117
5705.602572540681,0.4443,1464.5402613930946
5705.66258858953,0.4632,1347.4632214442033
5705.712601963578,0.4601,1365.6818648676008
5705.76261533763,0.4865,1221.4857987419202
5705.8126287116875,0.4856,1226.0177332316516
5705.862642085749,0.4934,1187.5607792213686
5705.912655459815,0.3891,1909.5507400744634
5705.9626688338885,0.4618,1355.645568372962
5706.012682207965,0.5467,967.2888021099142
5706.062695582045,0.5044,1136.3288130531637
5706.112708956133,0.4639,1343.399800070411
5706.162722330225,0.4412,1485.1930918248959
5706.22273837914,0.4625,1351.5451068662703
5706.272751753241,0.4387,1502.1684906020266
5706.322765127348,0.5385,996.9717869165338
5706.372778501461,0.4453,1457.9698929329152
5706.422791875576,0.4778,1266.3734243635404
5706.4728052496985,0.4468,1448.1969344221584
5706.522818623823,0.5044,1136.3288130531637
5706.572831997954,0.4726,1294.3943966580207
5706.6228453720905,0.4527,1410.6945517427828
5706.672858746231,0.4532,1407.5835339647383
5706.732874795207,0.4154,1675.4089124136528
5706.782888169359,0.4387,1502.1684906020266
5706.832901543515,0.4607,1362.126953830703
5706.882914917675,0.4424,1477.1469319652238
5706.932928291842,0.5075,1122.4889955834328
5706.982941666013,0.4757,1277.5790100867284
5707.032955040188,0.4494,1431.4883825370425
5707.082968414368,0.458,1378.2342691416054
5707.132981788554,0.4636,1345.1390126207348
5707.182995162746,0.4801,1254.2689625988596
5707.233008536939,0.4902,1203.1160237182257
5707.293024585981,0.5332,1016.890022687304
5707.343037960186,0.5023,1145.8501110857446
5707.393051334398,0.4778,1266.3734243635404
5707.443064708612,0.4946,1181.8052543419155
5707.493078082832,0.5093,1114.5686901249412
5707.543091457058,0.4948,1180.8500691989707
5707.593104831288,0.4544,1400.1589467844994
5707.643118205524,0.4849,1229.5600310130676
5707.693131579763,0.4509,1421.9800381158689
5707.743144954007,0.4573,1382.456881295921
5707.8031610031085,0.4525,1411.9418473790408
5707.853174377363,0.4575,1381.2484426646706
5707.903187751623,0.4409,1487.2149040316817
5707.953201125888,0.4487,1435.9582789266462
5708.003214500158,0.455,1396.4686627620285
5708.053227874432,0.4806,1251.6605275052295
5708.103241248714,0.4882,1212.9937618659287
5708.153254622996,0.5031,1142.2088888859744
5708.203267997285,0.5307,1026.493219028348
5708.253281371579,0.4628,1349.7934593292043
5708.313297420739,0.4803,1253.2246109774198
5708.3633107950445,0.4707,1304.8652177344577
5708.4133241693535,0.4277,1580.430365499174
5708.46333754367,0.4575,1381.2484426646706
5708.513350917988,0.464,1342.8208120779395
5708.563364292312,0.4881,1213.490838503058
5708.61337766664,0.524,1052.9110054935672
5708.663391040975,0.4436,1469.1659815597025
5708.713404415314,0.4436,1469.1659815597025
5708.763417789658,0.3949,1853.8706537428716
5708.813431164006,0.459,1372.2354459238227
5708.873447213229,0.4595,1369.2507106220448
5708.923460587589,0.4939,1185.1575452403517
5708.973473961953,0.4482,1439.163892558862
5709.0234873363215,0.4307,1558.4904181662673
5709.073500710696,0.391,1891.0375841530777
5709.123514085075,0.447,1446.9013015678875
5709.1735274594585,0.4738,1287.8460513338018
5709.223540833846,0.3838,1962.6537697623492
5709.273554208238,0.4778,1266.3734243635404
5709.323567582637,0.4256,1596.0651588068135
5709.383583631921,0.45,1427.6736335234107
5709.4335970063285,0.4723,1296.0392868725044
5709.483610380743,0.4944,1182.7615989222363
5709.533623755161,0.4515,1418.2032087321716
5709.5836371295845,0.4623,1352.7147668571642
5709.633650504013,0.4938,1185.6376080789441
5709.683663878445,0.4575,1381.2484426646706
5709.733677252882,0.4977,1167.1290263312044
5709.783690627325,0.4633,1346.881604827103
5709.833704001773,0.4726,1294.3943966580207
5709.883717376225,0.4989,1161.5212185153907
5709.943733425574,0.5088,1116.760345280548
5709.993746800037,0.4893,1207.5460177470795
5710.043760174504,0.4991,1160.5905143125651
5710.093773548977,0.4684,1317.7112979361711
5710.143786923456,0.4591,1371.6377186272919
5710.193800297935,0.5332,1016.890022687304
5710.243813672423,0.4664,1329.0366302008288
5710.293827046917,0.4608,1361.535818327995
5710.343840421413,0.4989,1161.5212185153907
5710.393853795914,0.4616,1356.8205565136163
5710.453869845322,0.4978,1166.6601595358952
5710.503883219834,0.5287,1034.274061185161
5710.553896594352,0.4878,1214.9839030805012
5710.603909968874,0.4415,1483.1753996828347
5710.6539233434005,0.4556,1392.7929488049836
5710.703936717932,0.4963,1173.722949210072
5710.7539500924695,0.4789,1260.5625743310457
5710.803963467011,0.4538,1403.863877979463
5710.853976841557,0.4814,1247.5039245480805
5710.903990216108,0.4899,1204.5899758828084
5710.964006265575,0.4669,1326.1916480662221
5711.014019640138,0.4421,1479.1523308830954
5711.064033014703,0.4376,1509.7300004918302
5711.114046389273,0.4389,1500.7997753484194
5711.16405976385,0.4522,1413.8158948099988
5711.2140731384325,0.4982,1164.7875148638027
5711.264086513018,0.4323,1546.9754314560896
5711.314099887608,0.459,1372.2354459238227
5711.364113262204,0.479,1260.0362994414845
5711.414126636803,0.4806,1251.6605275052295
5711.464140011411,0.4441,1465.8596639954635
5711.524156060943,0.4001,1805.995330315879
5711.574169435558,0.4111,1710.6408168554801
5711.624182810178,0.5055,1131.3887567558988
5711.674196184805,0.4422,1478.4834110561321
5711.724209559435,0.5642,908.2140028764599
5711.77422293407,0.4757,1277.5790100867284
5711.82423630871,0.4758,1277.0420441053695
5711.874249683356,0.4494,1431.4883825370425
5711.9242630580065,0.4771,1270.0921828768608
5711.974276432661,0.5171,1081.1977704242731
5712.034292482252,0.4846,1231.0828598397704
5712.084305856916,0.4796,1256.885560085441
5712.134319231589,0.4432,1471.8190964418484
5712.184332606263,0.4227,1618.0403446008854
5712.234345980942,0.4221,1622.6435755859268
5712.284359355627,0.5256,1046.5103576757897
5712.334372730317,0.5257,1046.1122565411426
5712.384386105012,0.4551,1395.8550340340214
5712.434399479712,0.4197,1641.2543447144405
5712.484412854415,0.455,1396.4686627620285
5712.534426229123,0.4595,1369.2507106220448
5712.594442278781,0.4791,1259.5103540565356
5712.644455653501,0.4096,1723.1928351813242
5712.694469028223,0.4868,1219.9807368164707
5712.7444824029535,0.4941,1184.198293845316
5712.794495777686,0.5003,1155.0297084284198
5712.844509152425,0.4911,1198.7103628114194
5712.894522527171,0.4633,1346.881604827103
5712.944535901918,0.5029,1143.1175655542568
5712.994549276671,0.4844,1232.0996513040652
5713.04456265143,0.4331,1541.265736255724
5713.104578701146,0.3981,1824.1870138916186
5713.1545920759145,0.4898,1205.0818952309385
5713.204605450689,0.4336,1537.713214251871
5713.254618825466,0.4975,1168.0676082634286
5713.304632200251,0.4769,1271.1576941715373
5713.354645575038,0.4719,1298.2373556560365
5713.404658949831,0.4582,1377.0313617043578
5713.454672324629,0.4564,1387.9145290853123
5713.504685699433,0.3877,1923.3665303242196
5713.5546990742405,0.4664,1329.0366302008288
5713.604712449053,0.507,1124.7040651593343
5713.664728498834,0.4931,1189.006229989493
5713.714741873656,0.4713,1301.5449583905672
5713.764755248484,0.4043,1768.667785623423
5713.814768623318,0.404,1771.2954887245266
5713.864781998154,0.4258,1594.5661577988085
5713.914795372997,0.466,1331.3192124802038
5713.9648087478445,0.5048,1134.5286920479655
5714.014822122696,0.4708,1304.3109595071132
5714.064835497552,0.4618,1355.645568372962
5714.114848872414,0.4423,1477.814944886885
5714.174864922255,0.5006,1153.6457516058965
5714.224878297128,0.4894,1207.052588985
5714.274891672006,0.4947,1181.327516957951
5714.324905046887,0.4997,1157.8051036529869
5714.374918421774,0.4419,1480.4915331530192
5714.424931796665,0.4673,1323.9222344732827
5714.4749451715625,0.4775,1267.9651754641727
5714.5249585464635,0.5084,1118.51832713805
5714.574971921369,0.489,1209.0281207651249
5714.62498529628,0.4436,1469.1659815597025
5714.68500134618,0.4589,1372.833564018644
5714.735014721102,0.4379,1507.6621182269616
5714.7850280960265,0.5458,970.4814590597539
5714.8350414709585,0.4655,1334.180719126056
5714.885054845896,0.4158,1672.1869806879301
5714.935068220837,0.4419,1480.4915331530192
5714.985081595781,0.4885,1211.5043631161097
5715.035094970733,0.4945,1182.283281585165
5715.085108345688,0.4223,1621.1069850147878
5715.135121720648,0.4384,1504.225076870734
5715.185135095613,0.4431,1472.4834980920878
5715.245151145578,0.467,1325.6237479298925
5715.295164520555,0.4195,1642.819676462769
5715.345177895535,0.4673,1323.9222344732827
5715.3951912705215,0.4288,1572.332233472255
5715.445204645511,0.4679,1320.5290208144695
5715.4952180205055,0.4914,1197.2471857439914
5715.545231395506,0.412,1703.1753244769654
5715.59524477051,0.4944,1182.7615989222363
5715.645258145521,0.4633,1346.881604827103
5715.695271520534,0.4538,1403.863877979463
5715.755287570558,0.4243,1605.8603904341724
5715.805300945583,0.4684,1317.7112979361711
5715.855314320614,0.4511,1420.719420370574
5715.9053276956465,0.4254,1597.5662745536467
5715.955341070687,0.4203,1636.5717495464633
5716.005354445732,0.4754,1279.1919416318249
5716.055367820782,0.4495,1430.8515300487486
5716.105381195835,0.3987,1818.7007540143074
5716.155394570893,0.398,1825.1038036396537
5716.205407945956,0.4888,1210.0177058653496
5716.255421321025,0.4856,1226.0177332316516
5716.315437371113,0.4643,1341.0860921545136
5716.365450746192,0.3964,1839.866932105428
5716.415464121276,0.4659,1331.8907768632996
5716.4654774963665,0.4344,1532.0546737777
5716.515490871459,0.4376,1509.7300004918302
5716.565504246558,0.4536,1405.1021233723059
5716.615517621661,0.4186,1649.8914567533886
5716.665530996769,0.4913,1197.7346136264155
5716.715544371883,0.4426,1475.812264226447
5716.765557747,0.4878,1214.9839030805012
5716.825573797148,0.4693,1312.6620736546047
5716.875587172275,0.5103,1110.2046907588485
5716.925600547409,0.4381,1506.2858894737865
5716.975613922547,0.4799,1255.3146202011887
5717.0256272976885,0.4631,1348.0452148772104
5717.075640672838,0.4613,1358.5859050606891
5717.12565404799,0.4377,1509.0402339438197
5717.1756674231465,0.5061,1128.707746980918
5717.2256807983085,0.4642,1341.6639584422499
5717.275694173476,0.4691,1313.7816124308574
5717.325707548648,0.4212,1629.5853418615545
5717.385723598861,0.4792,1258.984737901183
5717.435736974044,0.4384,1504.225076870734
5717.48575034923,0.4849,1229.5600310130676
5717.535763724422,0.4805,1252.1815631629565
5717.58577709962,0.5289,1033.4920029098741
5717.635790474821,0.4772,1269.559929547299
5717.685803850028,0.44,1493.3051734821413
5717.735817225239,0.4098,1721.5112655022344
5717.7858306004555,0.4449,1460.5927241805164
5717.835843975676,0.4524,1412.5661156265442
5717.895860025949,0.4295,1567.2112411630883
5717.94587340118,0.4712,1302.097454275638
5717.995886776415,0.4832,1238.226937828066
5718.045900151657,0.4851,1228.546381017488
5718.095913526902,0.4946,1181.8052543419155
5718.145926902153,0.4191,1645.9570655878204
5718.195940277409,0.416,1670.5794989620401
5718.24595365267,0.4477,1442.3802524369244
5718.295967027936,0.4436,1469.1659815597025
5718.345980403206,0.4937,1186.1179626597789
5718.395993778481,0.4183,1652.2588664851774
5718.456009828817,0.5091,1115.4445773213295
5718.506023204103,0.4925,1191.9050598305041
5718.556036579394,0.4766,1272.758476919301
5718.606049954688,0.469,1314.3419189863396
5718.656063329989,0.5327,1018.7998506315072
5718.7060767052935,0.5074,1122.9314856877918
5718.756090080603,0.4193,1644.3872486613288
5718.806103455919,0.4966,1172.305269718185
5718.856116831237,0.4768,1271.690952698606
5718.90613020656,0.4605,1363.3103803563604
5718.9661462569575,0.4814,1247.5039245480805
5719.016159632291,0.4991,1160.5905143125651
5719.06617300763,0.4093,1725.7198131484984
5719.116186382975,0.489,1209.0281207651249
5719.166199758326,0.5247,1050.1035167890425
5719.216213133678,0.4886,1211.008506420665
5719.266226509038,0.4933,1188.042303138004
5719.3162398844015,0.5078,1121.1630934027423
5719.366253259771,0.5096,1113.2567924412976
5719.416266635143,0.4462,1452.0942917631978
5719.476282685599,0.5057,1130.4940264469315
5719.526296060982,0.4415,1483.1753996828347
5719.576309436371,0.4528,1410.0715236233611
5719.626322811765,0.4508,1422.6109762704702
5719.6763361871635,0.4549,1397.0826962129347
5719.726349562567,0.5067,1126.0362555606112
5719.776362937974,0.4118,1704.830093568167
5719.826376313386,0.4458,1454.701276935136
5719.876389688805,0.5637,909.8258800835991
5719.926403064228,0.5221,1060.5883361981062
5719.976416439655,0.4598,1367.4645413584933
5720.036432490173,0.4928,1190.4543213805541
5720.0864458656115,0.4375,1510.420240075588
5720.1364592410555,0.4632,1347.4632214442033
5720.186472616502,0.4759,1276.5054165827848
5720.2364859919535,0.4661,1330.748015937813
5720.286499367412,0.5019,1147.6772550286682
5720.336512742875,0.4196,1642.0367307992838
5720.386526118341,0.4605,1363.3103803563604
5720.436539493813,0.4858,1225.008459588434
5720.486552869289,0.4619,1355.0586465771494
5720.546568919868,0.4603,1364.4953498075456
5720.596582295354,0.488,1213.988220750769
5720.646595670846,0.5035,1140.3947829641436
5720.696609046343,0.4996,1158.2686419471977
5720.746622421844,0.5471,965.8748983562648
5720.79663579735,0.5175,1079.5270027665938
5720.846649172862,0.4364,1518.0442199450974
5720.896662548378,0.3985,1820.5267540890948
5720.9466759238985,0.413,1694.9375072616515
5720.996689299425,0.3943,1859.5169427032913
5721.046702674956,0.4989,1161.5212185153907
5721.1067187255985,0.5152,1089.187132735786
5721.156732101138,0.5057,1130.4940264469315
5721.206745476684,0.4776,1267.4342584718213
5721.256758852235,0.5061,1128.707746980918
5721.306772227789,0.4314,1553.4368452752667
5721.356785603351,0.5198,1069.994820456232
5721.4067989789155,0.6216,748.225470113494
5721.456812354485,0.5547,939.5891630331851
5721.50682573006,0.5486,960.6002756115938
5721.556839105641,0.4925,1191.9050598305041
5721.616855156342,0.4416,1482.5037492707816
5721.666868531932,0.3967,1837.0852331770348
5721.716881907526,0.5233,1055.7297681468283
5721.766895283126,0.4103,1717.3180943094253
5721.816908658731,0.4411,1485.866570888651
5721.866922034341,0.4774,1268.49642612105
5721.916935409954,0.441,1486.5405081523327
5721.9669487855745,0.4436,1469.1659815597025
5722.016962161197,0.502,1147.2200595470765
5722.066975536826,0.4683,1318.2741205603256
5722.126991587586,0.4899,1204.5899758828084
5722.177004963226,0.5375,1000.6848933137566
5722.22701833887,0.4794,1257.9344921806353
5722.277031714518,0.4738,1287.8460513338018
5722.327045090172,0.5021,1146.7631372077121
5722.377058465831,0.5022,1146.3064877930408
5722.427071841494,0.4442,1465.1997399230706
5722.477085217163,0.5133,1097.2653777811572
5722.527098592834,0.4558,1391.5709353575337
5722.577111968512,0.4898,1205.0818952309385
5722.6271253441955,0.5294,1031.5407335411048
5722.687141395021,0.4508,1422.6109762704702
5722.7371547707135,0.4684,1317.7112979361711
5722.787168146411,0.5451,972.9755774414413
5722.8371815221135,0.4802,1253.7466236765042
5722.887194897822,0.5215,1063.0302071505123
5722.937208273534,0.4647,1338.7783563677644
5722.987221649251,0.4763,1274.3622853968914
5723.037235024974,0.4682,1318.8373038518387
5723.0872484007,0.4923,1192.8736925725354
5723.137261776432,0.5199,1069.58324520758
5723.187275152169,0.4164,1667.371481480432
5723.247291203058,0.4455,1456.6611258345708
5723.297304578806,0.4711,1302.6503020308103
5723.347317954556,0.4737,1288.3898466755136
5723.397331330314,0.4249,1601.3283420431965
5723.447344706075,0.5436,978.3525983477862
5723.4973580818405,0.4576,1380.6448174453774
5723.547371457611,0.4608,1361.535818327995
5723.597384833389,0.466,1331.3192124802038
5723.647398209168,0.4276,1581.1696599196719
5723.697411584953,0.5112,1106.2989681181334
5723.757427635903,0.5622,914.6873422284403
5723.807441011699,0.5226,1058.559865193004
5723.857454387499,0.5081,1119.839539101002
5723.907467763305,0.4812,1248.5411320123533
5723.957481139116,0.492,1194.328857142734
5724.007494514932,0.5086,1117.6388177335878
5724.057507890751,0.5112,1106.2989681181334
5724.107521266576,0.4847,1230.5749360410614
5724.157534642404,0.5069,1125.1478658243093
5724.20754801824,0.4176,1657.8026777359762
5724.267564069248,0.5231,1056.5372080787329
5724.317577445092,0.4971,1169.948171867344
5724.367590820942,0.4159,1671.3829499455978
5724.417604196798,0.4613,1358.5859050606891
5724.467617572655,0.4809,1250.0993702819037
5724.5176309485205,0.3971,1833.386103766989
5724.567644324389,0.5182,1076.612463763823
5724.617657700263,0.4703,1307.085787325682
5724.667671076142,0.4927,1190.9376064278272
5724.717684452025,0.4832,1238.226937828066
5724.777700503091,0.4863,1222.4907211892958
5724.827713878986,0.579,862.377206435135
5724.877727254886,0.4457,1455.3541201952778
5724.927740630788,0.4387,1502.1684906020266
5724.977754006697,0.508,1120.2804633351318
5725.02776738261,0.5105,1109.334966925046
5725.077780758528,0.5138,1095.1308325356395
5725.1277941344515,0.4351,1527.1290331077084
5725.177807510378,0.4992,1160.1255816423575
5725.227820886313,0.5607,919.5878730195249
5725.27783426225,0.4886,1211.008506420665
5725.33785031338,0.4749,1281.886956678959
5725.387863689328,0.4484,1437.880360240333
5725.437877065281,0.4609,1360.9450675530516
5725.487890441238,0.5081,1119.839539101002
5725.5379038172,0.4893,1207.5460177470795
5725.5879171931665,0.5112,1106.2989681181334
5725.637930569139,0.4626,1350.9608456883727
5725.687943945116,0.478,1265.3139215648107
5725.737957321096,0.5625,913.7119376413864
5725.7879706970825,0.4925,1191.9050598305041
5725.837984073074,0.4784,1263.1989009937358
5725.898000124271,0.4724,1295.4906419242016
5725.948013500271,0.5562,934.5281031485418
5725.998026876278,0.4411,1485.866570888651
5726.04804025229,0.5508,952.9419739320118
5726.098053628306,0.5399,991.8080593044529
5726.148067004327,0.4498,1428.9435204598053
5726.198080380352,0.4443,1464.5402613930946
5726.248093756381,0.5074,1122.9314856877918
5726.298107132417,0.5105,1109.334966925046
5726.348120508458,0.4937,1186.1179626597789
5726.408136559711,0.465,1337.0514613804712
5726.458149935762,0.4706,1305.419829329377
5726.508163311817,0.5141,1093.8530937590815
5726.558176687879,0.4824,1242.3372233635284
5726.608190063944,0.4091,1727.40755445968
5726.658203440013,0.4921,1193.8435065715425
5726.708216816088,0.5253,1047.7060255187653
5726.758230192167,0.4789,1260.5625743310457
5726.808243568251,0.4379,1507.6621182269616
5726.858256944341,0.5172,1080.7797150661127
5726.918272995653,0.4324,1546.259986048045
5726.968286371753,0.4685,1317.1488356714751
5727.018299747858,0.5497,956.7596310862313
5727.068313123966,0.52,1069.1719073828979
5727.11832650008,0.4476,1443.0248181889563
5727.168339876199,0.4199,1639.691249148831
5727.218353252322,0.4651,1336.4765721742015
5727.26836662845,0.4407,1488.5650733027067
5727.318380004583,0.4626,1350.9608456883727
5727.3683933807215,0.4566,1386.6989289771332
5727.418406756864,0.401,1797.8977355887505
5727.478422808243,0.497,1170.419022377767
5727.528436184394,0.4757,1277.5790100867284
5727.578449560554,0.4688,1315.4636079600623
5727.6284629367165,0.4122,1701.5229634841594
5727.678476312884,0.449,1434.040049041376
5727.728489689057,0.5223,1059.7762487041543
5727.778503065233,0.5147,1091.304315666272
5727.828516441415,0.515,1090.0332659471562
5727.878529817603,0.4975,1168.0676082634286
5727.928543193794,0.5554,937.2222319689786
5727.98855924523,0.5095,1113.6938341908365
5728.038572621432,0.5196,1070.8186839566488
5728.08858599764,0.4445,1463.222639356914
5728.138599373853,0.3531,2318.771755680467
5728.188612750068,0.5036,1139.9419317748382
5728.238626126289,0.4351,1527.1290331077084
5728.288639502515,0.4874,1216.978946109564
5728.338652878747,0.458,1378.2342691416054
5728.388666254981,0.5083,1118.9584712071476
5728.438679631223,0.4844,1232.0996513040652
5728.488693007467,0.4749,1281.886956678959
5728.5487090589695,0.5044,1136.3288130531637
5728.598722435225,0.4546,1398.9272284649592
5728.648735811486,0.4182,1653.0491354755022
5728.69874918775,0.4708,1304.3109595071132
5728.7487625640215,0.4528,1410.0715236233611
5728.798775940297,0.5493,958.1535597139342
5728.848789316577,0.3683,2131.3270684840286
5728.898802692862,0.524,1052.9110054935672
5728.94881606915,0.4179,1655.423347275121
5728.998829445444,0.4252,1599.069509019047
5729.058845497005,0.4785,1262.6709744458021
5729.10885887331,0.5406,989.2412266319819
5729.158872249618,0.4499,1428.308365297216
5729.208885625932,0.4102,1718.1555020294086
5729.258899002252,0.4924,1192.3892286643404
5729.308912378577,0.5008,1152.7244951455523
5729.358925754906,0.5028,1143.5723105688867
5729.408939131238,0.5578,929.1745792937329
5729.458952507577,0.4618,1355.645568372962
5729.50896588392,0.4778,1266.3734243635404
5729.5689819355375,0.4972,1169.4776054290521
5729.618995311891,0.4974,1168.5373238552181
5729.669008688249,0.5272,1040.1678972763223
5729.719022064614,0.4991,1160.5905143125651
5729.769035440981,0.4835,1236.6908382620745
5729.819048817353,0.5042,1137.2304805907042
5729.869062193732,0.5073,1123.3742374910528
5729.919075570115,0.4585,1375.2299512013976
5729.969088946501,0.4023,1786.2970151298434
5730.019102322894,0.5332,1016.890022687304
5730.06911569929,0.4464,1450.793426395466
5730.129131750972,0.4273,1583.3906582997379
5730.179145127379,0.4794,1257.9344921806353
5730.229158503793,0.4731,1291.6598634359175
5730.279171880209,0.5073,1123.3742374910528
5730.32918525663,0.5181,1077.0281033258493
5730.379198633058,0.5138,1095.1308325356395
5730.42921200949,0.4591,1371.6377186272919
5730.479225385926,0.5118,1103.706592189154
5730.529238762365,0.5174,1079.9443314245786
5730.579252138812,0.4425,1476.4793718814794
5730.62926551526,0.4109,1712.3064804887606
5730.689281567009,0.4372,1512.4938013701942
5730.73929494347,0.4621,1353.8859458836246
5730.789308319935,0.4643,1341.0860921545136
5730.839321696406,0.4544,1400.1589467844994
5730.889335072881,0.514,1094.2787581058412
5730.939348449361,0.5265,1042.9356092309822
5730.989361825846,0.516,1085.8124329091997
5731.039375202336,0.4888,1210.0177058653496
5731.08938857883,0.496,1175.1432018769394
5731.139401955329,0.4952,1178.9431697351697
5731.199418007135,0.498,1165.7232731514118
5731.249431383645,0.5238,1053.7152132129474
5731.299444760159,0.4419,1480.4915331530192
5731.3494581366795,0.4748,1282.4269816362369
5731.399471513202,0.483,1239.2525947513288
5731.449484889731,0.4992,1160.1255816423575
5731.499498266266,0.4628,1349.7934593292043
5731.549511642804,0.494,1184.6777739077975
5731.599525019348,0.5115,1105.0016398146865
5731.649538395895,0.4883,1212.4969905890612
5731.70955444776,0.4878,1214.9839030805012
5731.759567824317,0.4323,1546.9754314560896
5731.809581200881,0.4312,1554.8782121584125
5731.85959457745,0.4501,1427.0393247621703
5731.909607954022,0.4575,1381.2484426646706
5731.9596213306,0.4229,1616.5102865120118
5732.009634707183,0.4319,1549.8421843239007
5732.05964808377,0.4827,1240.7934712287347
5732.109661460362,0.4017,1791.6371991916546
5732.159674836959,-0.0575,87445.06670439757
5732.209688213561,-0.2738,3856.4897506953707
5732.269704265489,0.2313,5403.820019959806
5732.3197176421,0.2977,3262.0852743878645
5732.369731018718,0.4484,1437.880360240333
5732.41974439534,0.4721,1297.137622874947
5732.469757771966,0.5831,850.2924527753522
5732.519771148597,0.4967,1171.833280629954
5732.569784525233,0.4934,1187.5607792213686
5732.619797901875,0.4452,1458.6249380185345
5732.669811278522,0.549,959.2010062757732
5732.719824655172,0.5325,1019.5652885737366
5732.779840707159,0.4674,1323.3557912656213
5732.82985408382,0.5146,1091.7284929802274
5732.879867460485,0.4106,1714.8095411493052
5732.929880837156,0.5035,1140.3947829641436
5732.979894213831,0.4493,1432.1256603015036
5733.0299075905095,0.3791,2011.6204254990791
5733.079920967195,0.4675,1322.7897115112721
5733.129934343885,0.5176,1079.1099159676914
5733.179947720579,0.5073,1123.3742374910528
5733.22996109728,0.4346,1530.6449189414664
5733.279974473983,0.443,1473.1483497254892
5733.339990526034,0.4881,1213.490838503058
5733.3900039027485,0.4537,1404.4827959851234
5733.440017279468,0.5179,1077.8601048578444
5733.490030656191,0.4906,1201.1549587264706
5733.540044032921,0.4412,1485.1930918248959
5733.590057409655,0.457,1384.2725149257385
5733.640070786393,0.4368,1515.265198566769
5733.690084163137,0.4661,1330.748015937813
5733.740097539883,0.5069,1125.1478658243093
5733.790110916638,0.5036,1139.9419317748382
5733.850126968747,0.5016,1149.0504825054059
5733.90014034551,0.5104,1109.769701041871
5733.950153722279,0.4383,1504.9115442409377
5734.00016709905,0.4745,1284.0491055741813
5734.050180475828,0.4475,1443.66981609942
5734.100193852611,0.4626,1350.9608456883727
5734.150207229398,0.4506,1423.874113005976
5734.200220606189,0.4241,1607.375349409412
5734.250233982986,0.431,1556.3215860456448
5734.300247359788,0.4713,1301.5449583905672
5734.360263411958,0.513,1098.5491018460054
5734.410276788767,0.527,1040.95754683844
5734.460290165584,0.5102,1110.6399362763898
5734.510303542406,0.46,1366.2757028410945
5734.560316919234,0.4773,1269.0280107221095
5734.610330296065,0.5307,1026.493219028348
5734.6603436729,0.5155,1087.919778993993
5734.71035704974,0.5049,1134.0793301570409
5734.760370426587,0.4866,1220.9838021218188
5734.810383803436,0.4656,1333.6076802176287
5734.860397180291,0.3773,2030.8599926789316
5734.920413232524,0.3863,1937.3328027186367
5734.970426609389,0.3575,2262.0457006699635
5735.02043998626,0.4021,1788.0744205638096
5735.070453363134,0.4237,1610.4117058596014
5735.120466740014,0.5009,1152.264280680002
5735.170480116898,0.4874,1216.978946109564
5735.220493493788,0.4545,1399.5428843713316
5735.270506870684,0.4739,1287.3026002019349
5735.320520247581,0.4017,1791.6371991916546
5735.370533624485,0.5119,1103.2754155407408
5735.4305496767765,0.4303,1561.389253707658
5735.48056305369,0.5135,1096.41081142621
5735.5305764306095,0.4761,1275.4331757766815
5735.580589807533,0.4339,1535.5875934877472
5735.630603184461,0.4139,1687.5744650418892
5735.680616561395,0.5659,902.7655420124664
5735.730629938333,0.4597,1368.0595425768877
5735.780643315276,0.482,1244.4000451666666
5735.830656692223,0.4153,1676.2158503322269
5735.880670069177,0.4589,1372.833564018644
5735.930683446133,0.4422,1478.4834110561321
5735.990699498488,0.4496,1430.2151024583052
5736.040712875456,0.5015,1149.5087727355917
5736.090726252428,0.4606,1362.7184743953221
5736.140739629406,0.4684,1317.7112979361711
5736.190753006389,0.4704,1306.53011382406
5736.240766383375,0.526,1044.91931515572
5736.290779760367,0.4641,1342.2421983093634
5736.340793137362,0.4853,1227.5339839858761
5736.390806514363,0.4539,1403.2453689945967
5736.44081989137,0.5073,1123.3742374910528
5736.500835943783,0.4625,1351.5451068662703
5736.550849320799,0.4157,1672.991591746966
5736.600862697821,0.4167,1664.971528597376
5736.6508760748475,0.4919,1194.814503749045
5736.700889451877,0.4767,1272.2245468539559
5736.750902828913,0.445,1459.936353245167
5736.800916205953,0.4745,1284.0491055741813
5736.850929582998,0.4929,1189.9713304507738
5736.900942960048,0.4406,1489.2408475282255
5736.950956337102,0.5747,875.3303585166126
5737.010972389576,0.5876,837.3188037176443
5737.0609857666395,0.5985,807.0977488259105
5737.11099914371,0.4225,1619.5725760624193
5737.1610125207835,0.4598,1367.4645413584933
5737.211025897864,0.4607,1362.126953830703
5737.2610392749475,0.4462,1452.0942917631978
5737.311052652037,0.5082,1119.398875126603
5737.36106602913,0.4672,1324.489041445465
5737.411079406227,0.4679,1320.5290208144695
5737.461092783332,0.5598,922.5471188273096
5737.51110616044,0.5205,1067.1187732348485
5737.571122212974,0.4484,1437.880360240333
5737.621135590094,0.4152,1677.0233713672353
5737.671148967217,0.4881,1213.490838503058
5737.721162344345,0.4008,1799.6924879089784
5737.771175721478,0.4508,1422.6109762704702
5737.821189098616,0.4841,1233.6272020681035
5737.871202475758,0.5138,1095.1308325356395
5737.921215852904,0.4452,1458.6249380185345
5737.971229230057,0.515,1090.0332659471562
5738.021242607214,0.4744,1284.5904975355393
5738.071255984375,0.4877,1215.4822036644475
5738.131272036975,0.4424,1477.1469319652238
5738.181285414148,0.5054,1131.8365202888424
5738.231298791323,0.4836,1236.1794402395162
5738.281312168505,0.4573,1382.456881295921
5738.3313255456915,0.527,1040.95754683844
5738.381338922883,0.523,1056.941275457291
5738.431352300078,0.4622,1353.3001663266134
5738.4813656772785,0.4665,1328.4669018689062
5738.531379054483,0.4884,1212.000524422391
5738.5813924316935,0.4804,1252.7029242300089
5738.641408484352,0.4986,1162.919375341307
5738.691421861573,0.5036,1139.9419317748382
5738.741435238798,0.4663,1329.6067251131915
5738.791448616028,0.4655,1334.180719126056
5738.841461993263,0.4902,1203.1160237182257
5738.891475370502,0.4847,1230.5749360410614
5738.941488747747,0.4135,1690.8409929626996
5738.991502124995,0.4084,1733.3341881404458
5739.041515502248,0.4776,1267.4342584718213
5739.091528879508,0.4895,1206.559462599234
5739.151544932226,0.4877,1215.4822036644475
5739.2015583094935,0.503,1142.663091731818
5739.251571686767,0.5403,990.3400761948484
5739.301585064047,0.5094,1114.1311333513215
5739.35159844133,0.4916,1196.2732221879248
5739.401611818617,0.4862,1222.9936475262816
5739.451625195911,0.5083,1118.9584712071476
5739.501638573209,0.4605,1363.3103803563604
5739.551651950512,0.4299,1564.2961846494466
5739.601665327818,0.4633,1346.881604827103
5739.6516787051305,0.5345,1011.9495289780806
5739.711694757911,0.496,1175.1432018769394
5739.761708135234,0.4353,1525.7260699059564
5739.811721512561,0.4054,1759.0827323373608
5739.861734889893,0.5507,953.2880886093942
5739.911748267229,0.4491,1433.4014931742997
5739.96176164457,0.5616,916.6428429267476
5740.011775021918,0.5398,992.1755650805592
5740.061788399268,0.4487,1435.9582789266462
5740.111801776624,0.4807,1251.139816986078
5740.161815153984,0.4128,1696.580282450271
5740.221831206824,0.4468,1448.1969344221584
5740.271844584196,0.4042,1769.54303658584
5740.3218579615705,0.5686,894.2123392869777
5740.371871338951,0.5154,1088.341984352576
5740.421884716337,0.4989,1161.5212185153907
5740.471898093727,0.5086,1117.6388177335878
5740.521911471121,0.4603,1364.4953498075456
5740.57192484852,0.4204,1635.793265620205
5740.621938225925,0.4411,1485.866570888651
5740.671951603335,0.4962,1174.1960805500444
5740.721964980748,0.4031,1779.2138296856015
5740.781981033651,0.449,1434.040049041376
5740.831994411076,0.4648,1338.2023531577572
5740.882007788505,0.491,1199.1986845992885
5740.932021165938,0.4668,1326.7599132152418
5740.982034543378,0.5193,1072.0562644616814
5741.032047920821,0.5189,1073.7097119857092
5741.082061298268,0.4428,1474.479404568006
5741.132074675722,0.4493,1432.1256603015036
5741.1820880531795,0.3928,1873.746036598102
5741.2321014306435,0.4107,1713.974578110514
5741.292117483603,0.4361,1520.1335061818775
5741.342130861077,0.4592,1371.040381788672
5741.3921442385545,0.5073,1123.3742374910528
5741.442157616038,0.4835,1236.6908382620745
5741.492170993523,0.4269,1586.3592762514531
5741.5421843710155,0.4446,1462.5644950500978
5741.592197748512,0.4354,1525.0253131963445
5741.6422111260135,0.4267,1587.846716917672
5741.69222450352,0.459,1372.2354459238227
5741.742237881031,0.4339,1535.5875934877472
5741.802253934051,0.4818,1245.4333832677366
5741.852267311572,0.4722,1296.5882804242879
5741.902280689099,0.4615,1357.4086235199018
5741.952294066629,0.5257,1046.1122565411426
5742.002307444164,0.4824,1242.3372233635284
5742.0523208217055,0.4777,1266.9036748646342
5742.10233419925,0.4804,1252.7029242300089
5742.152347576801,0.4186,1649.8914567533886
5742.202360954355,0.4593,1370.4434350679549
5742.252374331914,0.4757,1277.5790100867284
5742.30238770948,0.4619,1355.0586465771494
5742.362403762563,0.4217,1625.7233181452123
5742.412417140135,0.4093,1725.7198131484984
5742.462430517716,0.4811,1249.060220890051
5742.5124438953,0.4646,1339.3547315519152
5742.56245727289,0.4814,1247.5039245480805
5742.6124706504825,0.4951,1179.4194613324844
5742.662484028081,0.4509,1421.9800381158689
5742.712497405685,0.4586,1374.6302665022022
5742.762510783294,0.413,1694.9375072616515
5742.812524160906,0.3969,1835.2342704675614
5742.872540214046,0.4006,1801.48992898979
5742.92255359167,0.3857,1943.364956129773
5742.972566969298,0.4136,1690.0234724111947
5743.022580346933,0.4869,1219.4796676230812
5743.072593724568,0.4523,1413.1907979814157
5743.122607102211,0.4665,1328.4669018689062
5743.172620479859,0.5035,1140.3947829641436
5743.22263385751,0.4828,1240.27952657172
5743.272647235166,0.4833,1237.7145867934864
5743.322660612827,0.4329,1542.6901929034786
5743.372673990493,0.4535,1405.7218605021355
5743.4326900437,0.4793,1258.4594507006973
5743.482703421376,0.4666,1327.8975398032023
5743.532716799057,0.4674,1323.3557912656213
5743.582730176743,0.5297,1030.3726232789877
5743.632743554434,0.4727,1293.8467957509151
5743.6827569321285,0.3736,2071.284888494839
5743.732770309829,0.4437,1468.503823744665
5743.782783687534,0.4674,1323.3557912656213
5743.8327970652435,0.4227,1618.0403446008854
5743.882810442958,0.4217,1625.7233181452123
5743.942826496223,0.4223,1621.1069850147878
5743.992839873948,0.4206,1634.2379632338043
5744.042853251676,0.4208,1632.6848779515715
5744.092866629411,0.4196,1642.0367307992838
5744.142880007151,0.418,1654.631375327397
5744.192893384896,0.4193,1644.3872486613288
5744.242906762643,0.4193,1644.3872486613288
5744.292920140396,0.4215,1627.2664784382723
5744.3429335181545,0.4231,1614.9823976873527
5744.392946895917,0.425,1600.5748661921205
5744.442960273685,0.4694,1312.1028408235914
5744.502976327012,0.5188,1074.123671554756
5744.552989704792,0.4872,1217.978310836665
5744.603003082574,0.466,1331.3192124802038
5744.653016460362,0.476,1275.9691272345856
5744.703029838153,0.4624,1352.129747146518
5744.753043215951,0.4226,1618.8061884029125
5744.803056593752,0.4736,1288.933986517818
5744.85306997156,0.5073,1123.3742374910528
5744.903083349372,0.4563,1388.522928633991
5744.953096727186,0.4739,1287.3026002019349
5745.013112780573,0.5078,1121.1630934027423
5745.063126158399,0.503,1142.663091731818
5745.113139536232,0.4352,1526.4273097283478
5745.163152914067,0.4362,1519.4365984447224
5745.213166291908,0.4084,1733.3341881404458
5745.263179669753,0.4509,1421.9800381158689
5745.313193047605,0.5069,1125.1478658243093
5745.363206425459,0.5012,1150.8852897006611
5745.4132198033185,0.4596,1368.6549322186838
5745.463233181182,0.477,1270.6247709913305
5745.523249234628,0.4547,1398.3119787078176
5745.573262612501,0.4693,1312.6620736546047
5745.623275990381,0.4701,1308.1981983445353
5745.673289368266,0.4798,1255.8379394257734
5745.723302746154,0.4676,1322.22399489936
5745.773316124049,0.422,1623.4126902711898
5745.823329501947,0.457,1384.2725149257385
5745.873342879852,0.4845,1231.5910981741854
5745.923356257759,0.4923,1192.8736925725354
5745.973369635673,0.4941,1184.198293845316
5746.02338301359,0.45,1427.6736335234107
5746.083399067097,0.4461,1452.745380662683
5746.133412445027,0.4494,1431.4883825370425
5746.183425822958,0.432,1549.1247495008993
5746.233439200897,0.4288,1572.332233472255
5746.2834525788385,0.441,1486.5405081523327
5746.333465956785,0.481,1249.5796335567857
5746.383479334739,0.5583,927.5110348851078
5746.433492712695,0.5035,1140.3947829641436
5746.483506090656,0.494,1184.6777739077975
5746.533519468621,0.5163,1084.550962983194
5746.593535522188,0.4496,1430.2151024583052
5746.643548900165,0.4161,1669.7766271799992
5746.693562278146,0.5017,1148.592466289756
5746.743575656132,0.4343,1532.7602816650608
5746.793589034122,0.4621,1353.8859458836246
5746.843602412119,0.491,1199.1986845992885
5746.893615790118,0.5179,1077.8601048578444
5746.943629168124,0.4644,1340.5085991244164
5746.993642546134,0.4096,1723.1928351813242
5747.043655924148,0.4745,1284.0491055741813
5747.093669302167,0.4447,1461.9067946844727
5747.153685355797,0.4455,1456.6611258345708
5747.203698733826,0.4303,1561.389253707658
5747.25371211186,0.464,1342.8208120779395
5747.303725489899,0.301,3190.950152216929
5747.353738867943,0.3676,2139.451907329717
5747.403752245992,0.2562,4404.476078929378
5747.453765624045,0.4704,1306.53011382406
5747.503779002105,0.5308,1026.106484065083
5747.553792380166,0.4077,1739.2913751241624
5747.603805758235,0.5695,891.3882698393311
5747.663821811921,0.4689,1314.9025840607626
5747.713835190001,0.464,1342.8208120779395
5747.763848568083,0.4175,1658.5969279133433
5747.813861946171,0.4209,1631.9091654078732
5747.863875324263,0.4543,1400.7754160624208
5747.913888702359,0.4337,1537.0041838663208
5747.963902080462,0.5371,1002.1759462334713
5748.013915458568,0.4296,1566.481713607033
5748.06392883668,0.4368,1515.265198566769
5748.113942214796,0.4208,1632.6848779515715
5748.163955592916,0.4652,1335.902053664092
5748.223971646667,0.3116,2977.544159916792
5748.273985024798,0.3852,1948.413297704552
5748.323998402934,0.4984,1163.8528828626847
5748.374011781073,0.4864,1221.9881050128377
5748.42402515922,0.4831,1238.7396070594991
5748.47403853737,0.4453,1457.9698929329152
5748.524051915525,0.4594,1369.8468781255021
5748.574065293684,0.4388,1501.4838990340006
5748.624078671848,0.497,1170.419022377767
5748.674092050019,0.4532,1407.5835339647383
5748.734108103828,0.4286,1573.7999846773905
5748.784121482007,0.4747,1282.9673479126836
5748.834134860191,0.4854,1227.0282546863336
5748.88414823838,0.5195,1071.230972574454
5748.934161616574,0.4864,1221.9881050128377
5748.984174994771,0.5002,1155.491580821712
5749.034188372974,0.5065,1126.9256978892545
5749.084201751183,0.514,1094.2787581058412
5749.134215129396,0.4937,1186.1179626597789
5749.184228507614,0.46,1366.2757028410945
5749.244244561481,0.4287,1573.065852295999
5749.294257939709,0.4299,1564.2961846494466
5749.344271317941,0.4554,1394.016572633305
5749.394284696178,0.4358,1522.227108619736
5749.44429807442,0.4247,1602.8368907779036
5749.494311452667,0.471,1303.203501954943
5749.544324830918,0.4983,1164.320058190439
5749.594338209175,0.5505,953.9808839038454
5749.644351587435,0.4807,1251.139816986078
5749.694364965702,0.4455,1456.6611258345708
5749.74437834397,0.4405,1489.9170820370996
5749.804394397903,0.4816,1246.468009014783
5749.8544077761835,0.473,1292.2060764047042
5749.904421154469,0.4668,1326.7599132152418
5749.9544345327595,0.4508,1422.6109762704702
5750.004447911054,0.4505,1424.5063123330797
5750.054461289354,0.498,1165.7232731514118
5750.104474667659,0.4681,1319.4008481189398
5750.154488045968,0.568,896.1025147628064
5750.204501424281,0.4226,1618.8061884029125
5750.2545148026,0.5092,1115.006504714082
5750.314530856589,0.4774,1268.49642612105
5750.364544234919,0.4658,1332.4627094030113
5750.414557613252,0.4623,1352.7147668571642
5750.46457099159,0.524,1052.9110054935672
5750.514584369934,0.4004,1803.290064204663
5750.564597748283,0.5064,1127.3708142954247
5750.614611126636,0.509,1115.882908149467
5750.664624504993,0.4428,1474.479404568006
5750.714637883355,0.4325,1545.5450368441907
5750.764651261722,0.4266,1588.591221886647
5750.814664640094,0.5016,1149.0504825054059
5750.874680694146,0.5637,909.8258800835991
5750.924694072528,0.4738,1287.8460513338018
5750.974707450916,0.4443,1464.5402613930946
5751.024720829307,0.474,1286.7594929894713
5751.074734207703,0.4669,1326.1916480662221
5751.124747586104,0.4774,1268.49642612105
5751.174760964511,0.4977,1167.1290263312044
5751.224774342921,0.4665,1328.4669018689062
5751.274787721336,0.4642,1341.6639584422499
5751.324801099755,0.4391,1499.4329299200076
5751.384817153867,0.4154,1675.4089124136528
5751.434830532297,0.5236,1054.5203426585674
5751.484843910732,0.5226,1058.559865193004
5751.534857289172,0.5238,1053.7152132129474
5751.584870667616,0.5087,1117.1994519900566
5751.634884046066,0.4899,1204.5899758828084
5751.68489742452,0.4499,1428.308365297216
5751.734910802979,0.422,1623.4126902711898
5751.784924181442,0.4142,1685.1307770907742
5751.83493755991,0.4973,1169.007322834423
5751.884950938384,0.498,1165.7232731514118
5751.944966992557,0.5265,1042.9356092309822
5751.994980371041,0.4197,1641.2543447144405
5752.04499374953,0.5486,960.6002756115938
5752.095007128022,0.4573,1382.456881295921
5752.14502050652,0.4205,1635.0153370253413
5752.195033885022,0.4839,1234.6471479957763
5752.245047263528,0.5072,1123.8172511996224
5752.29506064204,0.4964,1173.2501037782763
5752.345074020557,0.4327,1544.1166252145536
5752.395087399078,0.4067,1747.855060325814
5752.45510345331,0.456,1390.3505294663516
5752.505116831841,0.4486,1436.5985442525905
5752.555130210379,0.4327,1544.1166252145536
5752.605143588919,0.4876,1215.9808108628263
5752.655156967466,0.4799,1255.3146202011887
5752.705170346015,0.4596,1368.6549322186838
5752.755183724571,0.5155,1087.919778993993
5752.805197103131,0.4653,1335.3279055315045
5752.855210481696,0.4383,1504.9115442409377
5752.905223860265,0.4509,1421.9800381158689
5752.965239914553,0.4371,1513.1859374282647
5753.015253293133,0.4637,1344.558900018506
5753.06526667172,0.4697,1310.4272849043641
5753.115280050309,0.4828,1240.27952657172
5753.165293428902,0.4387,1502.1684906020266
5753.2153068075,0.402,1788.9641182597488
5753.265320186105,0.4323,1546.9754314560896
5753.315333564713,0.4208,1632.6848779515715
5753.365346943327,0.4766,1272.758476919301
5753.415360321944,0.4766,1272.758476919301
5753.465373700566,0.5111,1106.7319186289553
5753.525389754919,0.4328,1543.4031618728463
5753.575403133551,0.4552,1395.2418096733093
5753.62541651219,0.4722,1296.5882804242879
5753.675429890831,0.422,1623.4126902711898
5753.725443269479,0.4728,1293.2995422688325
5753.775456648131,0.4832,1238.226937828066
5753.825470026786,0.4917,1195.7866860304719
5753.875483405447,0.5291,1032.710831320257
5753.925496784113,0.4711,1302.6503020308103
5753.975510162784,0.4735,1289.47847115177
5754.035526217194,0.5201,1068.7608067996052
5754.085539595875,0.5007,1153.1849853807262
5754.135552974562,0.4861,1223.4968842790454
5754.185566353252,0.4371,1513.1859374282647
5754.235579731948,0.4405,1489.9170820370996
5754.285593110647,0.4575,1381.2484426646706
5754.335606489352,0.4595,1369.2507106220448
5754.385619868061,0.4321,1548.4078127224316
5754.435633246775,0.4374,1511.1109531277311
5754.485646625495,0.4323,1546.9754314560896
5754.535660004218,0.4088,1729.9438125212876
5754.595676058692,0.5391,994.7538344584949
5754.645689437425,0.4433,1471.1551443687872
5754.695702816165,0.4648,1338.2023531577572
5754.745716194908,0.454,1402.627268670195
5754.795729573657,0.4329,1542.6901929034786
5754.84574295241,0.4604,1363.90267204869
5754.895756331166,0.424,1608.133632950225
5754.94576970993,0.4759,1276.5054165827848
5754.995783088694,0.524,1052.9110054935672
5755.045796467467,0.5178,1078.2764671998996
5755.105812522,0.4659,1331.8907768632996
5755.155825900782,0.4729,1292.7526359179374
5755.205839279568,0.463,1348.6275854517014
5755.255852658359,0.454,1402.627268670195
5755.305866037154,0.4328,1543.4031618728463
5755.355879415957,0.4011,1797.0013660383067
5755.405892794763,0.4071,1744.42201274975
5755.455906173572,0.5093,1114.5686901249412
5755.505919552387,0.4926,1191.4211858314457
5755.555932931208,0.5206,1066.7088561259247
5755.615948985798,0.4869,1219.4796676230812
5755.665962364627,0.4103,1717.3180943094253
5755.715975743463,0.4352,1526.4273097283478
5755.765989122302,0.3713,2097.0252460466118
5755.816002501147,0.4698,1309.8694794426067
5755.866015879997,0.4717,1299.3384875851957
5755.91602925885,0.4743,1285.132231968681
5755.966042637709,0.5009,1152.264280680002
5756.016056016571,0.4425,1476.4793718814794
5756.06606939544,0.4139,1687.5744650418892
5756.116082774312,0.4455,1456.6611258345708
5756.176098828966,0.4625,1351.5451068662703
5756.226112207848,0.4392,1498.7502073260982
5756.276125586737,0.3991,1815.0569859350119
5756.326138965628,0.4047,1765.173267499399
5756.3761523445255,0.4515,1418.2032087321716
5756.4261657234265,0.4955,1177.5160247540905
5756.476179102334,0.5245,1050.9045095244628
5756.526192481246,0.5649,905.9645612727683
5756.57620586016,0.5034,1140.847904055276
5756.626219239082,0.4455,1456.6611258345708
5756.676232618008,0.4135,1690.8409929626996
5756.736248672725,0.4655,1334.180719126056
5756.78626205166,0.4627,1350.3769632851308
5756.8362754306,0.4485,1437.2392378964437
5756.886288809546,0.4438,1467.842113483742
5756.936302188496,0.4324,1546.259986048045
5756.986315567452,0.4924,1192.3892286643404
5757.03632894641,0.4602,1365.0884139685277
5757.086342325375,0.4341,1534.1729606223234
5757.136355704345,0.4763,1274.3622853968914
5757.186369083317,0.4958,1176.0914696061323
5757.246385138092,0.4714,1300.992814077055
5757.296398517075,0.3868,1932.3274365177497
5757.346411896064,0.4165,1666.5709209452514
5757.396425275059,0.4541,1402.0095766463241
5757.446438654057,0.4728,1293.2995422688325
5757.496452033059,0.4957,1176.5660339498502
5757.546465412066,0.4498,1428.9435204598053
5757.59647879108,0.4208,1632.6848779515715
5757.646492170096,0.5744,876.244937993695
5757.696505549118,0.4905,1201.6447752203692
5757.756521603949,0.4691,1313.7816124308574
5757.806534982981,0.4433,1471.1551443687872
5757.85654836202,0.4719,1298.2373556560365
5757.9065617410615,0.4551,1395.8550340340214
5757.956575120106,0.5071,1124.2605270201113
5758.006588499157,0.4564,1387.9145290853123
5758.056601878214,0.4157,1672.991591746966
5758.106615257274,0.4454,1457.3152890036117
5758.156628636338,0.4335,1538.4227353713493
5758.206642015409,0.4295,1567.2112411630883
5758.256655394483,0.5029,1143.1175655542568
5758.316671449378,0.5099,1111.9472096394588
5758.366684828463,0.5096,1113.2567924412976
5758.416698207552,0.4446,1462.5644950500978
5758.466711586646,0.4708,1304.3109595071132
5758.516724965746,0.4689,1314.9025840607626
5758.566738344849,0.441,1486.5405081523327
5758.616751723958,0.4563,1388.522928633991
5758.666765103071,0.4683,1318.2741205603256
5758.716778482189,0.4764,1273.8273459083146
5758.7667918613115,0.4937,1186.1179626597789
5758.8268079162635,0.4524,1412.5661156265442
5758.876821295397,0.4531,1408.2049136843832
5758.926834674536,0.4718,1298.787746578822
5758.976848053678,0.4733,1290.5684759603728
5759.026861432823,0.4376,1509.7300004918302
5759.076874811974,0.4419,1480.4915331530192
5759.126888191133,0.4109,1712.3064804887606
5759.176901570293,0.4514,1418.8316345875842
5759.226914949459,0.4105,1715.6451144653452
5759.276928328631,0.4019,1789.8544801553628
5759.3269417078045,0.4774,1268.49642612105
5759.386957762822,0.5006,1153.6457516058965
5759.436971142008,0.4749,1281.886956678959
5759.486984521199,0.4216,1626.4946237738457
5759.536997900393,0.4231,1614.9823976873527
5759.587011279593,0.4119,1704.002407717934
5759.637024658797,0.4114,1708.1468747834967
5759.687038038006,0.4256,1596.0651588068135
5759.737051417221,0.4286,1573.7999846773905
5759.787064796438,0.4676,1322.22399489936
5759.837078175662,0.4742,1285.6743091625206
5759.897094230738,0.4848,1230.0673265185683
5759.947107609971,0.5143,1093.0025098353296
5759.997120989209,0.4624,1352.129747146518
5760.047134368452,0.459,1372.2354459238227
5760.0971477477,0.4088,1729.9438125212876
5760.147161126953,0.4236,1611.172139282459
5760.197174506209,0.4627,1350.3769632851308
5760.24718788547,0.4682,1318.8373038518387
5760.297201264739,0.4711,1302.6503020308103
5760.34721464401,0.4211,1630.3593978874933
5760.407230699142,0.4084,1733.3341881404458
5760.457244078423,0.4544,1400.1589467844994
5760.50725745771,0.4237,1610.4117058596014
5760.557270837,0.492,1194.328857142734
5760.607284216297,0.4776,1267.4342584718213
5760.657297595598,0.5044,1136.3288130531637
5760.707310974902,0.4563,1388.522928633991
5760.757324354212,0.4308,1557.766970664847
5760.807337733527,0.4015,1793.4225829730103
5760.857351112845,0.4806,1251.6605275052295
5760.907364492171,0.4535,1405.7218605021355
5760.967380547364,0.4845,1231.5910981741854
5761.017393926699,0.4702,1307.6418153985974
5761.067407306038,0.4798,1255.8379394257734
5761.117420685383,0.4563,1388.522928633991
5761.1674340647305,0.4602,1365.0884139685277
5761.217447444083,0.4362,1519.4365984447224
5761.267460823441,0.4149,1679.449438793963
5761.317474202804,0.4304,1560.6637870540155
5761.3674875821725,0.4165,1666.5709209452514
5761.417500961544,0.4886,1211.008506420665
5761.477517016796,0.4113,1708.977582477601
5761.527530396179,0.4804,1252.7029242300089
5761.577543775566,0.4964,1173.2501037782763
5761.627557154958,0.4183,1652.2588664851774
5761.677570534354,0.4302,1562.1152263231425
5761.727583913756,0.4904,1202.1348913872491
5761.777597293162,0.4771,1270.0921828768608
5761.827610672572,0.4467,1448.8454035473942
5761.8776240519865,0.4343,1532.7602816650608
5761.927637431407,0.4737,1288.3898466755136
5761.977650810832,0.4516,1417.575200295858
5762.0376668661465,0.442,1479.8217047783712
5762.087680245583,0.4375,1510.420240075588
5762.1376936250235,0.4513,1419.460478232107
5762.1877070044675,0.4653,1335.3279055315045
5762.237720383917,0.5088,1116.760345280548
5762.28773376337,0.4756,1278.1163148115493
5762.3377471428275,0.4574,1381.8524638327276
5762.3877605222915,0.4669,1326.1916480662221
5762.43777390176,0.4483,1438.5219116668125
5762.487787281232,0.4948,1180.8500691989707
5762.547803336607,0.4501,1427.0393247621703
5762.597816716089,0.4912,1198.2223392347175
5762.647830095577,0.5433,979.4333503196378
5762.697843475069,0.4599,1366.869928225705
5762.747856854567,0.4556,1392.7929488049836
5762.797870234068,0.4468,1448.1969344221584
5762.8478836135755,0.4699,1309.3120300640069
5762.897896993086,0.4718,1298.787746578822
5762.947910372602,0.4835,1236.6908382620745
5762.997923752121,0.4739,1287.3026002019349
5763.057939807552,0.4343,1532.7602816650608
5763.107953187084,0.4689,1314.9025840607626
5763.15796656662,0.4856,1226.0177332316516
5763.207979946159,0.5277,1038.197699921229
5763.257993325705,0.3858,1942.3576424654373
5763.308006705255,0.426,1593.0692675592338
5763.358020084809,0.4926,1191.4211858314457
5763.408033464369,0.4423,1477.814944886885
5763.458046843933,0.4204,1635.793265620205
5763.508060223501,0.4167,1664.971528597376
5763.558073603073,0.3593,2239.438008220025
5763.618089658568,0.418,1654.631375327397
5763.668103038152,0.4041,1770.418937405041
5763.718116417739,0.3819,1982.2311909397943
5763.768129797332,0.4421,1479.1523308830954
5763.81814317693,0.4488,1435.3184415369096
5763.868156556534,0.5221,1060.5883361981062
5763.918169936139,0.4301,1562.841705371075
5763.968183315753,0.4209,1631.9091654078732
5764.018196695368,0.4262,1591.5744841270034
5764.068210074989,0.4496,1430.2151024583052
5764.118223454617,0.4691,1313.7816124308574
5764.178239510173,0.4479,1441.0924158646494
5764.228252889809,0.4243,1605.8603904341724
5764.278266269451,0.4524,1412.5661156265442
5764.328279649094,0.4959,1175.617192325655
5764.378293028744,0.4511,1420.719420370574
5764.4283064084,0.4449,1460.5927241805164
5764.478319788061,0.395,1852.9321062520214
5764.528333167725,0.4833,1237.7145867934864
5764.578346547392,0.4546,1398.9272284649592
5764.628359927067,0.4678,1321.0936498610045
5764.688375982682,0.4868,1219.9807368164707
5764.738389362366,0.4836,1236.1794402395162
5764.788402742055,0.5102,1110.6399362763898
5764.838416121747,0.435,1527.8312404887383
5764.888429501446,0.4303,1561.389253707658
5764.93844288115,0.4196,1642.0367307992838
5764.988456260857,0.4109,1712.3064804887606
5765.038469640568,0.4586,1374.6302665022022
5765.088483020287,0.5055,1131.3887567558988
5765.138496400007,0.4852,1228.0400260102974
5765.19851245568,0.4982,1164.7875148638027
5765.248525835412,0.5116,1104.569704128345
5765.298539215148,0.4436,1469.1659815597025
5765.348552594888,0.458,1378.2342691416054
5765.398565974635,0.4927,1190.9376064278272
5765.448579354385,0.5205,1067.1187732348485
5765.498592734142,0.4696,1310.9854467526186
5765.548606113902,0.5289,1033.4920029098741
5765.598619493667,0.477,1270.6247709913305
5765.648632873437,0.4359,1521.5287608290023
5765.69864625321,0.45,1427.6736335234107
5765.758662308945,0.442,1479.8217047783712
5765.80867568873,0.4403,1491.270933577813
5765.858689068519,0.4466,1449.4943083244016
5765.908702448313,0.4895,1206.559462599234
5765.958715828111,0.4734,1290.0233008687312
5766.008729207914,0.4158,1672.1869806879301
5766.058742587723,0.4216,1626.4946237738457
5766.108755967536,0.4152,1677.0233713672353
5766.158769347354,0.4536,1405.1021233723059
5766.208782727174,0.4849,1229.5600310130676
5766.268798782968,0.4779,1265.8435066897616
5766.318812162801,0.4626,1350.9608456883727
5766.368825542638,0.5098,1112.3834803673017
5766.418838922479,0.4982,1164.7875148638027
5766.468852302325,0.5152,1089.187132735786
5766.5188656821765,0.4779,1265.8435066897616
5766.568879062033,0.4558,1391.5709353575337
5766.618892441893,0.4619,1355.0586465771494
5766.668905821758,0.4495,1430.8515300487486
5766.7189192016285,0.4305,1559.9388258921547
5766.768932581503,0.3966,1838.0117647979248
5766.828948637358,0.4308,1557.766970664847
5766.878962017243,0.3991,1815.0569859350119
5766.928975397132,0.4346,1530.6449189414664
5766.978988777027,0.4599,1366.869928225705
5767.029002156926,0.5034,1140.847904055276
5767.079015536829,0.4507,1423.2423344428748
5767.129028916738,0.5194,1071.643499348311
5767.1790422966515,0.481,1249.5796335567857
5767.229055676569,0.4714,1300.992814077055
5767.279069056492,0.4639,1343.399800070411
5767.339085112404,0.4711,1302.6503020308103
5767.3890984923355,0.4544,1400.1589467844994
5767.439111872275,0.5289,1033.4920029098741
5767.4891252522175,0.3936,1866.1369428082617
5767.539138632163,0.4345,1531.3495530192665
5767.589152012113,0.4268,1587.1027352026822
5767.639165392071,0.4609,1360.9450675530516
5767.689178772031,0.513,1098.5491018460054
5767.7391921519975,0.511,1107.1651233425318
5767.789205531966,0.4981,1165.255253108732
5767.849221587938,0.4862,1222.9936475262816
5767.899234967918,0.4975,1168.0676082634286
5767.949248347904,0.4421,1479.1523308830954
5767.999261727892,0.4344,1532.0546737777
5768.049275107887,0.4355,1524.3250391558333
5768.099288487888,0.451,1421.3495196065924
5768.149301867891,0.4508,1422.6109762704702
5768.1993152479,0.4323,1546.9754314560896
5768.249328627912,0.4653,1335.3279055315045
5768.29934200793,0.4117,1705.6583826132187
5768.349355387954,0.4569,1384.8785210407952
5768.409371443988,0.4686,1316.5867334586662
5768.45938482402,0.46,1366.2757028410945
5768.509398204057,0.4657,1333.035010415591
5768.5594115841,0.4405,1489.9170820370996
5768.6094249641465,0.4535,1405.7218605021355
5768.6594383442,0.472,1297.6873145201898
5768.709451724255,0.4208,1632.6848779515715
5768.7594651043155,0.5025,1144.9381749250872
5768.809478484382,0.4235,1611.9331114453887
5768.859491864453,0.4654,1334.7541274581438
5768.909505244528,0.4461,1452.745380662683
5768.9695213006235,0.417,1662.5767535928867
5769.01953468071,0.5136,1095.9839025713513
5769.069548060799,0.4897,1205.5741159688387
5769.119561440894,0.4688,1315.4636079600623
5769.169574820994,0.4504,1425.1389327979073
5769.219588201097,0.4436,1469.1659815597025
5769.269601581207,0.4131,1694.1170142784895
5769.319614961321,0.4155,1674.602557050219
5769.369628341439,0.4575,1381.2484426646706
5769.419641721562,0.4557,1392.1817409603325
5769.479657777716,0.4769,1271.1576941715373
5769.5296711578485,0.4361,1520.1335061818775
5769.579684537986,0.5523,947.7727930608077
5769.629697918129,0.5162,1084.971208590703
5769.679711298278,0.5275,1038.9851065910004
5769.729724678429,0.538,998.8257519889183
5769.779738058586,0.4751,1280.8079295726286
5769.829751438746,0.4507,1423.2423344428748
5769.879764818911,0.4914,1197.2471857439914
5769.929778199084,0.4988,1161.9869904965374
5769.989794255295,0.4904,1202.1348913872491
5770.039807635474,0.4797,1256.3615859628521
5770.089821015661,0.4689,1314.9025840607626
5770.139834395851,0.4313,1554.1572780739841
5770.189847776045,0.4117,1705.6583826132187
5770.239861156247,0.3941,1861.4047722498944
5770.28987453645,0.4387,1502.1684906020266
5770.339887916661,0.4059,1754.7516287206524
5770.389901296873,0.4555,1393.4045592447553
5770.439914677091,0.4196,1642.0367307992838
5770.49993073336,0.4543,1400.7754160624208
5770.549944113589,0.4244,1605.1037139894731
5770.599957493821,0.4562,1389.1317283130245
5770.649970874059,0.4322,1547.691373527612
5770.699984254303,0.4521,1414.4414064790437
5770.74999763455,0.5201,1068.7608067996052
5770.800011014803,0.4713,1301.5449583905672
5770.850024395058,0.4029,1780.980671098687
5770.90003777532,0.468,1319.9647536701873
5770.950051155588,0.4576,1380.6448174453774
5771.000064535857,0.4824,1242.3372233635284
5771.060080592189,0.435,1527.8312404887383
5771.110093972469,0.5023,1145.8501110857446
5771.160107352756,0.4676,1322.22399489936
5771.210120733045,0.496,1175.1432018769394
5771.260134113341,0.4592,1371.040381788672
5771.310147493641,0.445,1459.936353245167
5771.3601608739455,0.4726,1294.3943966580207
5771.410174254254,0.4615,1357.4086235199018
5771.460187634568,0.5026,1144.4826150381696
5771.510201014887,0.487,1218.9789070642205
5771.56021439521,0.4713,1301.5449583905672
5771.620230451605,0.4558,1391.5709353575337
5771.670243831938,0.4611,1359.7647188516887
5771.720257212275,0.4932,1188.524119981497
5771.770270592618,0.5333,1016.5087015634106
5771.8202839729665,0.4842,1233.1177029905946
5771.870297353318,0.4562,1389.1317283130245
5771.920310733674,0.4195,1642.819676462769
5771.970324114036,0.4546,1398.9272284649592
5772.020337494404,0.4746,1283.5080557959977
5772.070350874774,0.4607,1362.126953830703
5772.130366931225,0.4437,1468.503823744665
5772.180380311606,0.4416,1482.5037492707816
5772.2303936919925,0.4827,1240.7934712287347
5772.280407072382,0.4972,1169.4776054290521
5772.330420452778,0.4579,1378.836314022018
5772.3804338331765,0.4477,1442.3802524369244
5772.430447213582,0.3999,1807.802224463103
5772.480460593991,0.4762,1274.8975619252815
5772.530473974406,0.451,1421.3495196065924
5772.580487354824,0.46,1366.2757028410945
5772.640503411332,0.4451,1459.2804246569701
5772.690516791761,0.4181,1653.8399715753246
5772.740530172196,0.4264,1590.08180355032
5772.790543552632,0.4197,1641.2543447144405
5772.840556933075,0.4654,1334.7541274581438
5772.890570313524,0.4641,1342.2421983093634
5772.940583693976,0.4628,1349.7934593292043
5772.990597074432,0.3927,1874.7004444596494
5773.040610454894,0.4897,1205.5741159688387
5773.09062383536,0.4253,1598.3176266974267
5773.140637215831,0.5054,1131.8365202888424
5773.200653272403,0.4893,1207.5460177470795
5773.250666652884,0.4758,1277.0420441053695
5773.300680033369,0.418,1654.631375327397
5773.35069341386,0.4581,1377.6326184837558
5773.400706794356,0.3808,1993.6996670855497
5773.450720174856,0.4076,1740.1449082274803
5773.500733555359,0.4349,1528.533932316649
5773.55074693587,0.4524,1412.5661156265442
5773.600760316382,0.4831,1238.7396070594991
5773.6507736969015,0.4749,1281.886956678959
5773.71078975353,0.4718,1298.787746578822
5773.760803134058,0.4516,1417.575200295858
5773.810816514592,0.5247,1050.1035167890425
5773.86082989513,0.4635,1345.7195007400687
5773.910843275674,0.4895,1206.559462599234
5773.96085665622,0.4126,1698.225447124094
5774.010870036772,0.4639,1343.399800070411
5774.06088341733,0.4952,1178.9431697351697
5774.110896797892,0.415,1678.6401650351165
5774.160910178459,0.4882,1212.9937618659287
5774.210923559028,0.4412,1485.1930918248959
5774.270939615719,0.4544,1400.1589467844994
5774.320952996301,0.4893,1207.5460177470795
5774.370966376887,0.4242,1606.6176020725386
5774.420979757476,0.4239,1608.8924532010099
5774.470993138072,0.4972,1169.4776054290521
5774.521006518672,0.4969,1170.8901571890192
5774.5710198992765,0.5118,1103.706592189154
5774.621033279886,0.4804,1252.7029242300089
5774.671046660498,0.4348,1529.2371090371641
5774.721060041117,0.4453,1457.9698929329152
5774.781076097866,0.4437,1468.503823744665
5774.831089478494,0.436,1520.8308934965942
5774.881102859128,0.4686,1316.5867334586662
5774.931116239766,0.5019,1147.6772550286682
5774.981129620409,0.4983,1164.320058190439
5775.031143001058,0.5039,1138.5849954758182
5775.081156381709,0.4901,1203.6070403720828
5775.131169762366,0.4997,1157.8051036529869
5775.181183143027,0.4394,1497.3861602548054
5775.231196523692,0.5487,960.2501713684544
5775.291212580498,0.418,1654.631375327397
5775.341225961175,0.4291,1570.1344535607302
5775.391239341855,0.4065,1749.5753857724062
5775.441252722543,0.4419,1480.4915331530192
5775.491266103232,0.4711,1302.6503020308103
5775.541279483927,0.49,1204.098357678442
5775.591292864627,0.4177,1657.008997934381
5775.641306245331,0.4432,1471.8190964418484
5775.69131962604,0.4553,1394.6289893246785
5775.741333006754,0.4133,1692.4778146489757
5775.791346387471,0.4831,1238.7396070594991
5775.85136244434,0.4393,1498.0679509124736
5775.901375825069,0.4559,1390.9605316437046
5775.951389205801,0.4727,1293.8467957509151
5776.00140258654,0.4586,1374.6302665022022
5776.051415967282,0.4768,1271.690952698606
5776.10142934803,0.4371,1513.1859374282647
5776.151442728781,0.4743,1285.132231968681
5776.201456109539,0.4809,1250.0993702819037
5776.251469490298,0.4826,1241.3077354030543
5776.301482871065,0.4765,1273.292743176652
5776.36149892799,0.4351,1527.1290331077084
5776.411512308767,0.4648,1338.2023531577572
5776.461525689548,0.436,1520.8308934965942
5776.511539070333,0.5099,1111.9472096394588
5776.561552451123,0.4715,1300.4410210368762
5776.6115658319195,0.4812,1248.5411320123533
5776.661579212719,0.4641,1342.2421983093634
5776.711592593522,0.4439,1467.1808503736863
5776.76160597433,0.4222,1621.875007339633
5776.811619355144,0.4945,1182.283281585165
5776.861632735962,0.4738,1287.8460513338018
5776.92164879295,0.4289,1571.5991277272612
5776.971662173779,0.4678,1321.0936498610045
5777.021675554612,0.4695,1311.5439652910325
5777.071688935449,0.4185,1650.6800276652534
5777.121702316293,0.4565,1387.306529316421
5777.171715697139,0.5208,1065.8897301754669
5777.221729077991,0.4609,1360.9450675530516
5777.271742458848,0.4322,1547.691373527612
5777.321755839709,0.4421,1479.1523308830954
5777.371769220574,0.3415,2478.973802637167
5777.431785277619,0.4545,1399.5428843713316
5777.481798658494,0.4545,1399.5428843713316
5777.531812039375,0.4881,1213.490838503058
5777.58182542026,0.45,1427.6736335234107
5777.6318388011505,0.4656,1333.6076802176287
5777.681852182046,0.4648,1338.2023531577572
5777.731865562945,0.4711,1302.6503020308103
5777.78187894385,0.537,1002.5492301783919
5777.831892324757,0.484,1234.1370169827965
5777.88190570567,0.4779,1265.8435066897616
5777.931919086589,0.442,1479.8217047783712
5777.9919351436965,0.441,1486.5405081523327
5778.041948524623,0.4162,1668.9743340428865
5778.091961905557,0.3996,1810.5176543452153
5778.141975286494,0.4509,1421.9800381158689
5778.191988667438,0.4899,1204.5899758828084
5778.242002048383,0.4334,1539.1327476777224
5778.292015429334,0.3939,1863.2954781163417
5778.342028810291,0.493,1189.488633399876
5778.39204219125,0.4412,1485.1930918248959
5778.442055572216,0.3991,1815.0569859350119
5778.502071629381,0.4617,1356.232871574937
5778.552085010357,0.4502,1426.4054386376931
5778.602098391338,0.4363,1518.7401698455026
5778.652111772322,0.4289,1571.5991277272612
5778.702125153312,0.4078,1738.4384698479823
5778.752138534306,0.4624,1352.129747146518
5778.802151915304,0.4193,1644.3872486613288
5778.852165296309,0.4257,1595.3153942088259
5778.902178677317,0.4797,1256.3615859628521
5778.95219205833,0.4297,1565.752695318583
5779.002205439348,0.4612,1359.1751202587882
5779.062221496576,0.4615,1357.4086235199018
5779.1122348776025,0.4272,1584.1320310866959
5779.162248258635,0.4363,1518.7401698455026
5779.212261639672,0.5089,1116.3214974014788
5779.262275020714,0.4922,1193.3584517949132
5779.312288401759,0.5081,1119.839539101002
5779.362301782813,0.4791,1259.5103540565356
5779.412315163868,0.4394,1497.3861602548054
5779.462328544928,0.4426,1475.812264226447
5779.512341925993,0.4554,1394.016572633305
5779.5723579832775,0.4722,1296.5882804242879
5779.622371364353,0.4695,1311.5439652910325
5779.672384745433,0.4855,1226.5228378540453
5779.722398126517,0.5049,1134.0793301570409
5779.772411507606,0.4779,1265.8435066897616
5779.8224248887,0.4748,1282.4269816362369
5779.872438269799,0.5388,995.8618844842383
5779.922451650903,0.5176,1079.1099159676914
5779.9724650320095,0.5199,1069.58324520758
5780.022478413122,0.444,1466.5200340117067
5780.082494470463,0.4657,1333.035010415591
5780.1325078515865,0.5032,1141.754956801345
5780.182521232714,0.5343,1012.7072583672283
5780.232534613847,0.5298,1029.9836940841376
5780.282547994982,0.4513,1419.460478232107
5780.332561376124,0.5107,1108.466264691188
5780.382574757269,0.441,1486.5405081523327
5780.43258813842,0.4979,1166.1915752182533
5780.482601519577,0.4976,1167.5981758312746
5780.532614900736,0.4154,1675.4089124136528
5780.582628281901,0.4521,1414.4414064790437
5780.642644339304,0.4745,1284.0491055741813
5780.6926577204795,0.4741,1286.216729406276
5780.742671101659,0.4794,1257.9344921806353
5780.792684482843,0.4301,1562.841705371075
5780.842697864033,0.3755,2050.3769026018344
5780.892711245227,0.4286,1573.7999846773905
5780.942724626425,0.4605,1363.3103803563604
5780.992738007628,0.4528,1410.0715236233611
5781.042751388834,0.4403,1491.270933577813
5781.092764770046,0.4888,1210.0177058653496
5781.152780827508,0.3786,2016.9372333002268
5781.202794208731,0.4174,1659.3917490131432
5781.252807589955,0.4312,1554.8782121584125
5781.302820971187,0.4475,1443.66981609942
5781.352834352425,0.4637,1344.558900018506
5781.402847733664,0.4247,1602.8368907779036
5781.452861114911,0.4782,1264.2557478489014
5781.502874496159,0.479,1260.0362994414845
5781.552887877416,0.4723,1296.0392868725044
5781.602901258674,0.464,1342.8208120779395
5781.65291463994,0.4579,1378.836314022018
5781.712930697462,0.5337,1014.9855599190778
5781.762944078736,0.4711,1302.6503020308103
5781.812957460016,0.4418,1481.161816418565
5781.8629708413,0.5477,963.7598483284637
5781.912984222588,0.465,1337.0514613804712
5781.962997603881,0.5165,1083.7112039255624
5782.013010985179,0.5474,964.8165039866111
5782.063024366482,0.4458,1454.701276935136
5782.113037747788,0.5029,1143.1175655542568
5782.1630511291005,0.4418,1481.161816418565
5782.223067186679,0.4727,1293.8467957509151
5782.273080568001,0.5229,1057.345574680509
5782.323093949328,0.4443,1464.5402613930946
5782.37310733066,0.4603,1364.4953498075456
5782.423120711996,0.5024,1145.394006868722
5782.473134093335,0.5148,1090.8803855174053
5782.523147474681,0.4878,1214.9839030805012
5782.573160856029,0.4436,1469.1659815597025
5782.623174237385,0.4911,1198.7103628114194
5782.673187618743,0.4636,1345.1390126207348
5782.723201000108,0.4036,1774.8082119032342
5782.783217057749,0.4513,1419.460478232107
5782.833230439123,0.456,1390.3505294663516
5782.883243820501,0.4614,1357.997072925053
5782.933257201884,0.5643,907.892141483197
5782.983270583271,0.5121,1102.4138198988185
5783.033283964666,0.4858,1225.008459588434
5783.083297346063,0.4189,1647.529131530155
5783.133310727464,0.4949,1180.372910830912
5783.183324108871,0.4333,1539.84325162448
5783.233337490282,0.3855,1945.3819356657482
5783.293353547981,0.4659,1331.8907768632996
5783.343366929402,0.5014,1149.9673371989336
5783.393380310828,0.3827,1973.9525217618798
5783.443393692259,0.38,2002.1030062043053
5783.4934070736945,0.4893,1207.5460177470795
5783.543420455133,0.4928,1190.4543213805541
5783.593433836578,0.4942,1183.719104817181
5783.643447218028,0.5141,1093.8530937590815
5783.69346059948,0.5148,1090.8803855174053
5783.743473980939,0.5365,1004.4187819600862
5783.803490038696,0.4907,1200.6654416612967
5783.853503420163,0.4464,1450.793426395466
5783.903516801637,0.4639,1343.399800070411
5783.953530183116,0.4412,1485.1930918248959
5784.003543564597,0.3973,1831.5407274467302
5784.053556946085,0.4802,1253.7466236765042
5784.1035703275775,0.4163,1668.1726189947817
5784.153583709073,0.4582,1377.0313617043578
5784.203597090575,0.4577,1380.0415878288527
5784.25361047208,0.4041,1770.418937405041
5784.30362385359,0.4434,1470.4916414673792
5784.363639911411,0.4185,1650.6800276652534
5784.413653292931,0.4266,1588.591221886647
5784.4636666744545,0.4462,1452.0942917631978
5784.513680055987,0.4878,1214.9839030805012
5784.563693437521,0.3914,1887.1743926078207
5784.61370681906,0.3964,1839.866932105428
5784.663720200603,0.4506,1423.874113005976
5784.713733582151,0.406,1753.8873276342824
5784.763746963704,0.4794,1257.9344921806353
5784.813760345262,0.4721,1297.137622874947
5784.873776403138,0.5052,1132.7328451632281
5784.923789784706,0.4675,1322.7897115112721
5784.973803166277,0.4426,1475.812264226447
5785.023816547857,0.4441,1465.8596639954635
5785.073829929437,0.4039,1772.1726911885942
5785.123843311026,0.3368,2548.643856803184
5785.173856692614,0.4572,1383.0616954010031
5785.223870074211,0.4573,1382.456881295921
5785.273883455812,0.5112,1106.2989681181334
5785.323896837417,0.4586,1374.6302665022022
5785.373910219026,0.483,1239.2525947513288
5785.433926276964,0.5561,934.8642335019064
5785.483939658584,0.4164,1667.371481480432
5785.533953040209,0.4927,1190.9376064278272
5785.583966421837,0.4906,1201.1549587264706
5785.633979803471,0.4409,1487.2149040316817
5785.683993185111,0.4772,1269.559929547299
5785.734006566753,0.5116,1104.569704128345
5785.784019948402,0.4702,1307.6418153985974
5785.834033330053,0.48,1254.7916280163665
5785.884046711711,0.458,1378.2342691416054
5785.944062769705,0.4828,1240.27952657172
5785.994076151373,0.4652,1335.902053664092
5786.044089533045,0.5041,1137.6817168621935
5786.094102914721,0.491,1199.1986845992885
5786.144116296403,0.3852,1948.413297704552
5786.194129678089,0.4596,1368.6549322186838
5786.24414305978,0.3983,1822.3555055380702
5786.294156441474,0.4264,1590.08180355032
5786.344169823173,0.3916,1885.2472346280906
5786.394183204878,0.4434,1470.4916414673792
5786.454199262929,0.4192,1645.1718762658281
5786.504212644643,0.4328,1543.4031618728463
5786.554226026363,0.4347,1529.9407710965204
5786.604239408086,0.5055,1131.3887567558988
5786.654252789816,0.4732,1291.1139967186725
5786.7042661715495,0.4676,1322.22399489936
5786.754279553286,0.5109,1107.5985824579054
5786.804292935029,0.3676,2139.451907329717
5786.854306316775,0.4364,1518.0442199450974
5786.904319698528,0.4296,1566.481713607033
5786.9543330802835,0.4531,1408.2049136843832
5787.014349138397,0.4746,1283.5080557959977
5787.064362520164,0.4092,1726.5633744681006
5787.114375901935,0.4783,1263.727158702424
5787.16438928371,0.4612,1359.1751202587882
5787.2144026654905,0.4825,1241.82231935959
5787.2644160472755,0.4755,1278.6539585648195
5787.314429429064,0.4565,1387.306529316421
5787.364442810859,0.4875,1216.4797249272438
5787.414456192659,0.4416,1482.5037492707816
5787.464469574462,0.4087,1730.7904732594866
5787.524485632633,0.4475,1443.66981609942
5787.574499014447,0.5541,941.6251049421564
5787.624512396266,0.4609,1360.9450675530516
5787.674525778087,0.4945,1182.283281585165
5787.724539159915,0.4906,1201.1549587264706
5787.774552541747,0.5608,919.2599471120345
5787.8245659235845,0.5389,995.4923288563936
5787.874579305427,0.5037,1139.4893502730479
5787.924592687271,0.4734,1290.0233008687312
5787.974606069122,0.4564,1387.9145290853123
5788.024619450978,0.4872,1217.978310836665
5788.08463550921,0.4263,1590.8278812283436
5788.134648891077,0.4004,1803.290064204663
5788.184662272947,0.4541,1402.0095766463241
5788.234675654822,0.441,1486.5405081523327
5788.284689036703,0.5293,1031.9305450764014
5788.334702418585,0.4332,1540.554247665635
5788.384715800474,0.4533,1406.9625654362299
5788.434729182368,0.4267,1587.846716917672
5788.484742564266,0.5144,1092.5775898722977
5788.534755946169,0.5073,1123.3742374910528
5788.594772004458,0.5095,1113.6938341908365
5788.644785386371,0.5474,964.8165039866111
5788.694798768289,0.5171,1081.1977704242731
5788.74481215021,0.543,980.5158940845888
5788.794825532136,0.4714,1300.992814077055
5788.8448389140685,0.4512,1420.0897400361598
5788.8948522960045,0.5357,1007.4209604636427
5788.944865677946,0.4786,1262.1433787818778
5788.994879059891,0.5171,1081.1977704242731
5789.04489244184,0.5263,1043.7284131759225
5789.094905823794,0.4726,1294.3943966580207
5789.1549218821465,0.4602,1365.0884139685277
5789.2049352641125,0.5352,1009.3041623655902
5789.254948646081,0.4964,1173.2501037782763
5789.304962028054,0.4916,1196.2732221879248
5789.354975410033,0.4527,1410.6945517427828
5789.4049887920155,0.4608,1361.535818327995
5789.455002174005,0.5053,1132.2845496877774
5789.505015555996,0.5386,996.6016133613656
5789.5550289379935,0.5658,903.0846808332417
5789.605042319995,0.4718,1298.787746578822
5789.665058378405,0.4657,1333.035010415591
5789.715071760415,0.4812,1248.5411320123533
5789.765085142432,0.5128,1099.4061698525593
5789.815098524455,0.4603,1364.4953498075456
5789.865111906479,0.4532,1407.5835339647383
5789.915125288511,0.4661,1330.748015937813
5789.965138670545,0.545,973.3326648013146
5790.015152052585,0.5437,977.9927451833511
5790.065165434629,0.5163,1084.550962983194
5790.115178816678,0.4975,1168.0676082634286
5790.165192198731,0.4367,1515.959238053088
5790.225208257201,0.4734,1290.0233008687312
5790.275221639266,0.4845,1231.5910981741854
5790.325235021335,0.495,1179.8960416199466
5790.375248403408,0.4443,1464.5402613930946
5790.4252617854845,0.4953,1178.4671665948827
5790.475275167567,0.4638,1343.9791626095569
5790.525288549655,0.4487,1435.9582789266462
5790.575301931745,0.4774,1268.49642612105
5790.625315313841,0.5214,1063.4380054274409
5790.675328695942,0.4307,1558.4904181662673
5790.73534475447,0.4057,1756.482148637624
5790.785358136581,0.4686,1316.5867334586662
5790.835371518696,0.475,1281.3472727534543
5790.885384900817,0.4307,1558.4904181662673
5790.935398282941,0.4533,1406.9625654362299
5790.98541166507,0.5873,838.1744460472299
5791.0354250472055,0.493,1189.488633399876
5791.085438429343,0.4195,1642.819676462769
5791.135451811487,0.4718,1298.787746578822
5791.185465193634,0.4612,1359.1751202587882
5791.245481252218,0.4698,1309.8694794426067
5791.295494634376,0.463,1348.6275854517014
5791.3455080165395,0.4245,1604.347572234197
5791.3955213987065,0.4374,1511.1109531277311
5791.445534780878,0.4579,1378.836314022018
5791.495548163057,0.4993,1159.660928294308
5791.545561545236,0.4936,1186.5986092192993
5791.595574927422,0.4425,1476.4793718814794
5791.645588309612,0.4655,1334.180719126056
5791.6956016918075,0.4746,1283.5080557959977
5791.745615074009,0.4761,1275.4331757766815
5791.805631132654,0.3962,1841.7249095555205
5791.855644514863,0.426,1593.0692675592338
5791.9056578970785,0.4404,1490.5937772474354
5791.955671279297,0.4738,1287.8460513338018
5792.005684661521,0.4374,1511.1109531277311
5792.055698043749,0.5013,1150.4261761142707
5792.105711425982,0.4821,1243.8838583157499
5792.15572480822,0.4802,1253.7466236765042
5792.205738190462,0.5231,1056.5372080787329
5792.2557515727085,0.5087,1117.1994519900566
5792.315767631411,0.4842,1233.1177029905946
5792.365781013668,0.3891,1909.5507400744634
5792.41579439593,0.4501,1427.0393247621703
5792.465807778195,0.4777,1266.9036748646342
5792.515821160468,0.4988,1161.9869904965374
5792.565834542742,0.539,995.1229788986755
5792.615847925023,0.4875,1216.4797249272438
5792.665861307309,0.4837,1235.6683593623577
5792.715874689597,0.4426,1475.812264226447
5792.765888071891,0.3836,1964.70086078572
5792.81590145419,0.4679,1320.5290208144695
5792.875917512954,0.5051,1133.1814069259265
5792.925930895262,0.5116,1104.569704128345
5792.975944277576,0.4213,1628.8118369599838
5793.0259576598955,0.4493,1432.1256603015036
5793.075971042216,0.504,1138.133221752814
5793.125984424545,0.4345,1531.3495530192665
5793.175997806877,0.4394,1497.3861602548054
5793.226011189213,0.4623,1352.7147668571642
5793.2760245715535,0.4192,1645.1718762658281
5793.3260379539,0.5203,1067.9393166277416
5793.38605401272,0.5216,1062.6226433972051
5793.436067395076,0.458,1378.2342691416054
5793.486080777437,0.4416,1482.5037492707816
5793.536094159803,0.4316,1551.9974816769593
5793.586107542172,0.437,1513.8785486902225
5793.636120924546,0.4849,1229.5600310130676
5793.686134306925,0.515,1090.0332659471562
5793.73614768931,0.5081,1119.839539101002
5793.786161071698,0.4069,1746.1372709790962
5793.83617445409,0.497,1170.419022377767
5793.896190512966,0.5437,977.9927451833511
5793.946203895371,0.4506,1423.874113005976
5793.996217277778,0.5634,910.7950669813674
5794.046230660191,0.4859,1224.5042900542148
5794.096244042607,0.4651,1336.4765721742015
5794.146257425029,0.4984,1163.8528828626847
5794.196270807454,0.3976,1828.7778826517167
5794.246284189886,0.4736,1288.933986517818
5794.296297572319,0.5452,972.61868655293
5794.346310954761,0.4887,1210.5129540867588
5794.396324337205,0.4431,1472.4834980920878
5794.456340396146,0.4324,1546.259986048045
5794.506353778599,0.3702,2109.5057894734764
5794.556367161058,0.4583,1376.4304984596768
5794.606380543523,0.4321,1548.4078127224316
5794.656393925991,0.4398,1494.6636467139772
5794.706407308464,0.461,1360.3547011720896
5794.756420690942,0.4701,1308.1981983445353
5794.806434073425,0.4535,1405.7218605021355
5794.856447455912,0.5325,1019.5652885737366
5794.906460838404,0.4887,1210.5129540867588
5794.9564742208995,0.4461,1452.745380662683
5795.0164902799015,0.4448,1461.249537860857
5795.066503662408,0.4343,1532.7602816650608
5795.1165170449185,0.4517,1416.9476089090426
5795.166530427436,0.4545,1399.5428843713316
5795.216543809954,0.4699,1309.3120300640069
5795.266557192478,0.4729,1292.7526359179374
5795.316570575008,0.4093,1725.7198131484984
5795.366583957542,0.3854,1946.3916031652084
5795.416597340082,0.502,1147.2200595470765
5795.466610722624,0.5089,1116.3214974014788
5795.526626781683,0.4662,1330.1771869205538
5795.576640164237,0.4981,1165.255253108732
5795.626653546794,0.4909,1199.687304841341
5795.6766669293565,0.395,1852.9321062520214
5795.726680311924,0.4837,1235.6683593623577
5795.776693694495,0.5337,1014.9855599190778
5795.826707077073,0.4126,1698.225447124094
5795.876720459654,0.3717,2092.514315150649
5795.926733842239,0.4226,1618.8061884029125
5795.9767472248295,0.4257,1595.3153942088259
5796.036763283945,0.4654,1334.7541274581438
5796.086776666545,0.4022,1787.185386407062
5796.136790049149,0.4323,1546.9754314560896
5796.1868034317595,0.4725,1294.942345284297
5796.236816814374,0.4345,1531.3495530192665
5796.286830196993,0.4562,1389.1317283130245
5796.336843579617,0.5287,1034.274061185161
5796.386856962245,0.4437,1468.503823744665
5796.436870344877,0.5303,1028.0423473235555
5796.486883727514,0.4886,1211.008506420665
5796.546899786686,0.4831,1238.7396070594991
5796.596913169333,0.4522,1413.8158948099988
5796.646926551985,0.4819,1244.9165533950484
5796.696939934642,0.4523,1413.1907979814157
5796.7469533173025,0.4401,1492.6266312753953
5796.796966699969,0.3523,2329.3145788790966
5796.84698008264,0.4831,1238.7396070594991
5796.896993465315,0.4894,1207.052588985
5796.947006847994,0.4499,1428.308365297216
5796.9970202306795,0.4826,1241.3077354030543
5797.047033613368,0.486,1224.000431703098
5797.1070496726015,0.4509,1421.9800381158689
5797.157063055301,0.4619,1355.0586465771494
5797.207076438003,0.4487,1435.9582789266462
5797.257089820711,0.4637,1344.558900018506
5797.307103203426,0.4258,1594.5661577988085
5797.357116586143,0.4012,1796.1056666690201
5797.407129968864,0.4616,1356.8205565136163
5797.457143351591,0.4385,1503.5390790929098
5797.507156734324,0.4381,1506.2858894737865
5797.557170117058,0.4578,1379.4387534694797
5797.6071834998,0.481,1249.5796335567857
5797.667199559094,0.4626,1350.9608456883727
5797.717212941845,0.4681,1319.4008481189398
5797.7672263246,0.4446,1462.5644950500978
5797.8172397073595,0.4359,1521.5287608290023
5797.867253090125,0.4007,1800.590872018783
5797.917266472895,0.4321,1548.4078127224316
5797.9672798556685,0.5082,1119.398875126603
5798.017293238447,0.4655,1334.180719126056
5798.06730662123,0.4124,1699.8730059195104
5798.117320004017,0.4522,1413.8158948099988
5798.177336063369,0.4684,1317.7112979361711
5798.227349446167,0.4232,1614.2192654678684
5798.277362828968,0.4539,1403.2453689945967
5798.327376211775,0.4837,1235.6683593623577
5798.377389594587,0.4788,1261.089179000523
5798.4274029774015,0.5109,1107.5985824579054
5798.477416360223,0.5061,1128.707746980918
5798.52742974305,0.5031,1142.2088888859744
5798.577443125878,0.5032,1141.754956801345
5798.627456508714,0.5008,1152.7244951455523
5798.687472568121,0.5004,1154.5681129088198
5798.7374859509655,0.4976,1167.5981758312746
5798.787499333815,0.4986,1162.919375341307
5798.837512716668,0.4972,1169.4776054290521
5798.887526099527,0.4963,1173.722949210072
5798.937539482389,0.4859,1224.5042900542148
5798.987552865258,0.482,1244.4000451666666
5799.03756624813,0.513,1098.5491018460054
5799.087579631007,0.5165,1083.7112039255624
5799.137593013888,0.4378,1508.350939999413
5799.187606396776,0.4247,1602.8368907779036
5799.247622456244,0.4726,1294.3943966580207
5799.297635839141,0.5033,1141.3012952627635
5799.347649222041,0.4522,1413.8158948099988
5799.397662604946,0.4439,1467.1808503736863
5799.447675987856,0.4253,1598.3176266974267
5799.497689370772,0.4432,1471.8190964418484
5799.54770275369,0.4443,1464.5402613930946
5799.5977161366145,0.4453,1457.9698929329152
5799.647729519542,0.4368,1515.265198566769
5799.697742902477,0.427,1585.6163395743351
5799.757758962001,0.5327,1018.7998506315072
5799.807772344945,0.4653,1335.3279055315045
5799.857785727892,0.4794,1257.9344921806353
5799.907799110845,0.432,1549.1247495008993
5799.9578124938025,0.4465,1450.143649143505
5800.0078258767635,0.465,1337.0514613804712
5800.05783925973,0.4225,1619.5725760624193
5800.107852642702,0.4389,1500.7997753484194
5800.157866025677,0.5199,1069.58324520758
5800.2078794086565,0.4958,1176.0914696061323
5800.25789279164,0.4682,1318.8373038518387
5800.317908851229,0.4522,1413.8158948099988
5800.3679222342225,0.3877,1923.3665303242196
5800.4179356172235,0.395,1852.9321062520214
5800.467949000227,0.4241,1607.375349409412
5800.517962383235,0.4286,1573.7999846773905
5800.567975766248,0.4805,1252.1815631629565
5800.617989149267,0.4607,1362.126953830703
5800.668002532288,0.4331,1541.265736255724
5800.718015915315,0.4257,1595.3153942088259
5800.768029298347,0.4487,1435.9582789266462
5800.828045357991,0.4255,1596.815452089362
5800.878058741033,0.4529,1409.448908149971
5800.9280721240775,0.4908,1200.17622378084
5800.9780855071285,0.4381,1506.2858894737865
5801.028098890184,0.5022,1146.3064877930408
5801.078112273245,0.5287,1034.274061185161
5801.12812565631,0.4389,1500.7997753484194
5801.178139039378,0.5231,1056.5372080787329
5801.228152422452,0.4513,1419.460478232107
5801.27816580553,0.475,1281.3472727534543
5801.338181865231,0.5275,1038.9851065910004
5801.38819524832,0.4298,1565.0241858238378
5801.438208631413,0.5064,1127.3708142954247
5801.48822201451,0.4821,1243.8838583157499
5801.538235397612,0.4786,1262.1433787818778
5801.5882487807185,0.4499,1428.308365297216
5801.63826216383,0.5166,1083.2916900975533
5801.688275546947,0.4333,1539.84325162448
5801.738288930067,0.4357,1522.925937309937
5801.7883023131935,0.4238,1609.6518106683934
5801.838315696322,0.4703,1307.085787325682
5801.898331756085,0.4426,1475.812264226447
5801.948345139225,0.4858,1225.008459588434
5801.998358522369,0.4575,1381.2484426646706
5802.048371905517,0.4511,1420.719420370574
5802.098385288673,0.3931,1870.8871819270046
5802.148398671831,0.4222,1621.875007339633
5802.198412054994,0.4565,1387.306529316421
5802.248425438161,0.4253,1598.3176266974267
5802.298438821334,0.3911,1890.0706749271033
5802.348452204509,0.4594,1369.8468781255021
5802.398465587692,0.4579,1378.836314022018
5802.458481647515,0.4509,1421.9800381158689
5802.508495030706,0.5035,1140.3947829641436
5802.558508413902,0.4424,1477.1469319652238
5802.608521797104,0.4322,1547.691373527612
5802.658535180309,0.4804,1252.7029242300089
5802.708548563519,0.4591,1371.6377186272919
5802.758561946733,0.4896,1206.0666383427674
5802.808575329952,0.5129,1098.977510522758
5802.858588713176,0.4464,1450.793426395466
5802.908602096404,0.4211,1630.3593978874933
5802.968618156284,0.3931,1870.8871819270046
5803.018631539521,0.4353,1525.7260699059564
5803.068644922765,0.4771,1270.0921828768608
5803.118658306013,0.5127,1099.8350800309834
5803.1686716892655,0.4537,1404.4827959851234
5803.218685072521,0.414,1686.7593121064167
5803.268698455781,0.4351,1527.1290331077084
5803.318711839049,0.4298,1565.0241858238378
5803.36872522232,0.4633,1346.881604827103
5803.4187386055955,0.4513,1419.460478232107
5803.478754665531,0.4781,1264.784668710492
5803.528768048815,0.5219,1061.4013574818985
5803.578781432105,0.5088,1116.760345280548
5803.6287948153995,0.4503,1425.7719747745948
5803.678808198699,0.4313,1554.1572780739841
5803.728821582002,0.4546,1398.9272284649592
5803.778834965309,0.4725,1294.942345284297
5803.828848348623,0.4811,1249.060220890051
5803.878861731941,0.4803,1253.2246109774198
5803.928875115262,0.4369,1514.5716355911854
5803.988891175255,0.4344,1532.0546737777
5804.038904558587,0.4775,1267.9651754641727
5804.088917941924,0.4649,1337.626721601882
5804.138931325263,0.4194,1643.6031822386528
5804.18894470861,0.4324,1546.259986048045
5804.23895809196,0.4001,1805.995330315879
5804.2889714753155,0.4191,1645.9570655878204
5804.338984858675,0.4872,1217.978310836665
5804.388998242039,0.5058,1130.0470592508993
5804.439011625407,0.5047,1134.978321071157
5804.48902500878,0.4804,1252.7029242300089
5804.549041068835,0.4566,1386.6989289771332
5804.599054452218,0.4427,1475.1456085913833
5804.649067835606,0.3723,2085.7751610749897
5804.699081218998,0.4042,1769.54303658584
5804.749094602396,0.4258,1594.5661577988085
5804.7991079857975,0.4816,1246.468009014783
5804.849121369203,0.4173,1660.187141582695
5804.899134752615,0.3993,1813.239206938869
5804.949148136031,0.4746,1283.5080557959977
5804.99916151945,0.3892,1908.5695990068446
5805.049174902876,0.4138,1688.390209023367
5805.10919096299,0.4351,1527.1290331077084
5805.159204346426,0.5177,1078.6930708410175
5805.2092177298655,0.54,991.4407576789393
5805.2592311133085,0.477,1270.6247709913305
5805.309244496757,0.4108,1713.1402247548112
5805.359257880212,0.439,1500.1161191190156
5805.409271263669,0.4471,1446.2541370603844
5805.4592846471305,0.4336,1537.713214251871
5805.509298030598,0.4075,1740.9990697742826
5805.559311414068,0.4874,1216.978946109564
5805.619327474241,0.4968,1171.3615765300285
5805.669340857723,0.5433,979.4333503196378
5805.719354241208,0.4812,1248.5411320123533
5805.7693676247,0.4743,1285.132231968681
5805.819381008195,0.5014,1149.9673371989336
5805.869394391695,0.4365,1517.3487483048875
5805.919407775199,0.3923,1878.525377234028
5805.9694211587075,0.442,1479.8217047783712
5806.019434542222,0.4215,1627.2664784382723
5806.069447925741,0.404,1771.2954887245266
5806.129463985968,0.3973,1831.5407274467302
5806.1794773694955,0.4566,1386.6989289771332
5806.2294907530295,0.42,1638.9105386037259
5806.279504136567,0.4023,1786.2970151298434
5806.329517520108,0.4525,1411.9418473790408
5806.379530903656,0.4916,1196.2732221879248
5806.429544287207,0.4759,1276.5054165827848
5806.479557670763,0.4377,1509.0402339438197
5806.529571054323,0.4778,1266.3734243635404
5806.579584437887,0.5134,1096.8379697646674
5806.629597821458,0.4724,1295.4906419242016
5806.689613881747,0.4239,1608.8924532010099
5806.739627265328,0.4358,1522.227108619736
5806.789640648912,0.4665,1328.4669018689062
5806.839654032498,0.4844,1232.0996513040652
5806.889667416093,0.479,1260.0362994414845
5806.939680799691,0.4537,1404.4827959851234
5806.989694183294,0.4001,1805.995330315879
5807.039707566901,0.4065,1749.5753857724062
5807.089720950512,0.4284,1575.2697920314936
5807.139734334129,0.4004,1803.290064204663
5807.199750394476,0.435,1527.8312404887383
5807.249763778102,0.4153,1676.2158503322269
5807.299777161733,0.5517,949.8354063229852
5807.349790545369,0.44,1493.3051734821413
5807.399803929008,0.4673,1323.9222344732827
5807.449817312652,0.5019,1147.6772550286682
5807.4998306963025,0.5095,1113.6938341908365
5807.549844079956,0.4065,1749.5753857724062
5807.599857463614,0.4472,1445.6074066477165
5807.649870847277,0.368,2134.8034652550755
5807.699884230946,0.4326,1544.8305833857692
5807.759900291353,0.5071,1124.2605270201113
5807.809913675031,0.4786,1262.1433787818778
5807.859927058713,0.4143,1684.3173938709692
5807.9099404424,0.4188,1648.3160092250364
5807.959953826091,0.4164,1667.371481480432
5808.009967209787,0.4356,1523.6252473412512
5808.059980593486,0.4413,1484.520070545796
5808.109993977192,0.4198,1640.4725176751188
5808.1600073609025,0.4601,1365.6818648676008
5808.2100207446165,0.4559,1390.9605316437046
5808.27003680508,0.4492,1432.7633637208694
5808.320050188805,0.4227,1618.0403446008854
5808.370063572534,0.466,1331.3192124802038
5808.420076956267,0.4721,1297.137622874947
5808.470090340005,0.4134,1691.659106850523
5808.520103723748,0.4102,1718.1555020294086
5808.570117107496,0.4936,1186.5986092192993
5808.620130491247,0.4796,1256.885560085441
5808.670143875003,0.4629,1349.2103334936057
5808.720157258764,0.4105,1715.6451144653452
5808.780173319284,0.4223,1621.1069850147878
5808.830186703057,0.5181,1077.0281033258493
5808.880200086831,0.4611,1359.7647188516887
5808.93021347061,0.3981,1824.1870138916186
5808.980226854395,0.4405,1489.9170820370996
5809.030240238185,0.434,1534.8800325913983
5809.080253621979,0.4532,1407.5835339647383
5809.130267005779,0.4771,1270.0921828768608
5809.180280389581,0.459,1372.2354459238227
5809.230293773389,0.4625,1351.5451068662703
5809.280307157202,0.4411,1485.866570888651
5809.340323217782,0.4288,1572.332233472255
5809.390336601605,0.4845,1231.5910981741854
5809.440349985432,0.5136,1095.9839025713513
5809.490363369264,0.4459,1454.0488728554749
5809.540376753099,0.4136,1690.0234724111947
5809.59039013694,0.4486,1436.5985442525905
5809.640403520784,0.4554,1394.016572633305
5809.690416904636,0.4094,1724.8768698964814
5809.74043028849,0.4157,1672.991591746966
5809.790443672348,0.4004,1803.290064204663
5809.8404570562125,0.4109,1712.3064804887606
5809.900473116855,0.4511,1420.719420370574
5809.950486500728,0.4373,1511.8021400813905
5810.000499884607,0.441,1486.5405081523327
5810.050513268488,0.4201,1638.1303855085825
5810.100526652376,0.4265,1589.3362506004048
5810.1505400362685,0.4861,1223.4968842790454
5810.200553420164,0.4653,1335.3279055315045
5810.250566804067,0.4727,1293.8467957509151
5810.300580187971,0.4366,1516.653754486756
5810.350593571881,0.4803,1253.2246109774198
5810.41060963258,0.485,1229.0530492656042
5810.4606230165,0.469,1314.3419189863396
5810.510636400426,0.4852,1228.0400260102974
5810.5606497843555,0.4096,1723.1928351813242
5810.61066316829,0.4275,1581.9094732027334
5810.660676552227,0.4913,1197.7346136264155
5810.710689936172,0.4204,1635.793265620205
5810.7607033201175,0.4082,1735.0331147141287
5810.810716704072,0.4805,1252.1815631629565
5810.860730088027,0.4465,1450.143649143505
5810.920746148783,0.4392,1498.7502073260982
5810.970759532749,0.442,1479.8217047783712
5811.020772916721,0.4207,1633.4611437181522
5811.070786300696,0.4314,1553.4368452752667
5811.120799684677,0.455,1396.4686627620285
5811.170813068663,0.4401,1492.6266312753953
5811.220826452653,0.4507,1423.2423344428748
5811.270839836648,0.4207,1633.4611437181522
5811.320853220645,0.4281,1577.4783667495853
5811.37086660465,0.4671,1325.0562124937098
5811.420879988657,0.479,1260.0362994414845
5811.480896049472,0.4634,1346.300364700683
5811.530909433492,0.4279,1578.953331306092
5811.580922817514,0.4541,1402.0095766463241
5811.630936201541,0.4253,1598.3176266974267
5811.680949585573,0.4553,1394.6289893246785
5811.730962969609,0.4131,1694.1170142784895
5811.780976353651,0.4237,1610.4117058596014
5811.830989737696,0.4612,1359.1751202587882
5811.881003121746,0.4634,1346.300364700683
5811.9310165058005,0.4686,1316.5867334586662
5811.991032566672,0.4421,1479.1523308830954
5812.041045950738,0.4333,1539.84325162448
5812.091059334805,0.4371,1513.1859374282647
5812.141072718879,0.4354,1525.0253131963445
5812.191086102959,0.4138,1688.390209023367
5812.241099487042,0.4434,1470.4916414673792
5812.291112871129,0.4453,1457.9698929329152
5812.341126255222,0.4825,1241.82231935959
5812.391139639318,0.492,1194.328857142734
5812.44115302342,0.4581,1377.6326184837558
5812.491166407526,0.4087,1730.7904732594866
5812.551182468458,0.4256,1596.0651588068135
5812.601195852574,0.4974,1168.5373238552181
5812.651209236695,0.5031,1142.2088888859744
5812.701222620821,0.443,1473.1483497254892
5812.75123600495,0.4661,1330.748015937813
5812.801249389083,0.4686,1316.5867334586662
5812.8512627732225,0.4357,1522.925937309937
5812.901276157367,0.449,1434.040049041376
5812.9512895415155,0.4837,1235.6683593623577
5813.001302925666,0.4476,1443.0248181889563
5813.061318986655,0.4177,1657.008997934381
5813.111332370817,0.4146,1681.8807745402341
5813.161345754985,0.4588,1373.4320732525046
5813.211359139158,0.4183,1652.2588664851774
5813.261372523333,0.4503,1425.7719747745948
5813.311385907514,0.4929,1189.9713304507738
5813.3613992917,0.5076,1122.0467669717711
5813.411412675889,0.4815,1246.9858054242095
5813.461426060084,0.4747,1282.9673479126836
5813.511439444283,0.4429,1473.8136517484947
5813.571455505327,0.4771,1270.0921828768608
5813.621468889537,0.4973,1169.007322834423
5813.67148227375,0.4303,1561.389253707658
5813.721495657968,0.4942,1183.719104817181
5813.771509042191,0.4758,1277.0420441053695
5813.821522426418,0.4872,1217.978310836665
5813.87153581065,0.4836,1236.1794402395162
5813.921549194886,0.4295,1567.2112411630883
5813.971562579127,0.4572,1383.0616954010031
5814.021575963374,0.4992,1160.1255816423575
5814.071589347624,0.4982,1164.7875148638027
5814.131605408731,0.4169,1663.3744375277597
5814.18161879299,0.4285,1574.5346310958837
5814.231632177254,0.4806,1251.6605275052295
5814.281645561524,0.4512,1420.0897400361598
5814.331658945799,0.44,1493.3051734821413
5814.381672330077,0.4667,1327.3285436898307
5814.4316857143585,0.4493,1432.1256603015036
5814.4816990986465,0.4456,1456.0074030301819
5814.53171248294,0.5112,1106.2989681181334
5814.581725867237,0.4248,1602.0823500713632
5814.641741928398,0.3986,1819.613410475035
5814.691755312705,0.4329,1542.6901929034786
5814.741768697016,0.4585,1375.2299512013976
5814.791782081332,0.4778,1266.3734243635404
5814.841795465651,0.4309,1557.044026780419
5814.891808849977,0.47,1308.7549364655479
5814.941822234307,0.4591,1371.6377186272919
5814.991835618641,0.4512,1420.0897400361598
5815.04184900298,0.4083,1734.1833393548445
5815.091862387322,0.44,1493.3051734821413
5815.14187577167,0.4191,1645.9570655878204
5815.201891832894,0.4064,1750.4365010935394
5815.251905217252,0.3778,2025.4880743308552
5815.3019186016145,0.4054,1759.0827323373608
5815.3519319859815,0.4718,1298.787746578822
5815.401945370352,0.5089,1116.3214974014788
5815.451958754728,0.4244,1605.1037139894731
5815.50197213911,0.4855,1226.5228378540453
5815.551985523495,0.4761,1275.4331757766815
5815.601998907883,0.4793,1258.4594507006973
5815.652012292278,0.4825,1241.82231935959
5815.712028353559,0.4669,1326.1916480662221
5815.762041737962,0.4975,1168.0676082634286
5815.81205512237,0.424,1608.133632950225
5815.8620685067835,0.4637,1344.558900018506
5815.912081891202,0.5069,1125.1478658243093
5815.962095275626,0.4603,1364.4953498075456
5816.012108660053,0.444,1466.5200340117067
5816.062122044484,0.417,1662.5767535928867
5816.11213542892,0.4183,1652.2588664851774
5816.162148813361,0.4177,1657.008997934381
5816.212162197808,0.4385,1503.5390790929098
5816.272178259146,0.3906,1894.9126502279455
5816.322191643603,0.4738,1287.8460513338018
5816.372205028062,0.4209,1631.9091654078732
5816.422218412527,0.4603,1364.4953498075456
5816.472231796995,0.4313,1554.1572780739841
5816.52224518147,0.4558,1391.5709353575337
5816.572258565948,0.4753,1279.730264298153
5816.62227195043,0.4562,1389.1317283130245
5816.672285334919,0.4415,1483.1753996828347
5816.72229871941,0.4387,1502.1684906020266
5816.782314780806,0.4675,1322.7897115112721
5816.832328165308,0.4974,1168.5373238552181
5816.882341549815,0.4879,1214.4859088596388
5816.932354934325,0.447,1446.9013015678875
5816.982368318841,0.4953,1178.4671665948827
5817.032381703361,0.4079,1737.5861917833486
5817.082395087887,0.4426,1475.812264226447
5817.132408472416,0.4474,1444.3152465547305
5817.182421856948,0.432,1549.1247495008993
5817.232435241487,0.4099,1720.6714035480557
5817.29245130294,0.427,1585.6163395743351
5817.342464687487,0.4692,1313.2216640887073
5817.392478072041,0.4595,1369.2507106220448
5817.442491456599,0.4234,1612.694622857416
5817.492504841161,0.3974,1830.619083924156
5817.542518225728,0.3848,1952.4661478455794
5817.592531610298,0.4478,1441.73611845734
5817.642544994873,0.3638,2184.379638929639
5817.692558379455,0.4342,1533.4663771301593
5817.742571764039,0.3647,2173.6118268084447
5817.792585148629,0.4173,1660.187141582695
5817.852601210141,0.4397,1495.3435785814756
5817.902614594741,0.4678,1321.0936498610045
5817.952627979345,0.5034,1140.847904055276
5818.002641363953,0.4802,1253.7466236765042
5818.052654748566,0.4916,1196.2732221879248
5818.102668133183,0.4503,1425.7719747745948
5818.152681517807,0.4105,1715.6451144653452
5818.202694902432,0.4252,1599.069509019047
5818.252708287064,0.3851,1949.4253263786022
5818.302721671699,0.4395,1496.7048349292463
5818.362737733269,0.3934,1868.0348650838
5818.412751117915,0.4401,1492.6266312753953
5818.462764502565,0.4898,1205.0818952309385
5818.51277788722,0.4227,1618.0403446008854
5818.562791271879,0.4465,1450.143649143505
5818.612804656543,0.4307,1558.4904181662673
5818.662818041212,0.4387,1502.1684906020266
5818.712831425885,0.4755,1278.6539585648195
5818.7628448105625,0.4747,1282.9673479126836
5818.812858195246,0.4197,1641.2543447144405
5818.8628715799305,0.4076,1740.1449082274803
5818.922887641562,0.4381,1506.2858894737865
5818.972901026258,0.4154,1675.4089124136528
5819.02291441096,0.488,1213.988220750769
5819.072927795666,0.4195,1642.819676462769
5819.122941180376,0.4255,1596.815452089362
5819.1729545650915,0.4037,1773.9290521316534
5819.2229679498105,0.4349,1528.533932316649
5819.272981334535,0.4385,1503.5390790929098
5819.322994719265,0.4114,1708.1468747834967
5819.373008103998,0.4244,1605.1037139894731
5819.4330241656835,0.4724,1295.4906419242016
5819.483037550426,0.4364,1518.0442199450974
5819.533050935174,0.4437,1468.503823744665
5819.583064319927,0.3963,1840.7955692080818
5819.633077704684,0.3998,1808.7066885901158
5819.683091089444,0.4069,1746.1372709790962
5819.73310447421,0.4615,1357.4086235199018
5819.783117858981,0.4836,1236.1794402395162
5819.833131243757,0.4823,1242.852447680331
5819.883144628536,0.4582,1377.0313617043578
5819.93315801332,0.4299,1564.2961846494466
5819.993174075067,0.4501,1427.0393247621703
5820.043187459862,0.4384,1504.225076870734
5820.09320084466,0.4263,1590.8278812283436
5820.143214229464,0.4201,1638.1303855085825
5820.193227614272,0.4351,1527.1290331077084
5820.243240999084,0.5266,1042.5395459557474
5820.2932543839,0.5184,1075.7819061188407
5820.3432677687215,0.462,1354.4721058573127
5820.393281153548,0.4288,1572.332233472255
5820.443294538379,0.4391,1499.4329299200076
5820.503310600181,0.4212,1629.5853418615545
5820.553323985022,0.4416,1482.5037492707816
5820.603337369867,0.435,1527.8312404887383
5820.653350754716,0.4623,1352.7147668571642
5820.703364139572,0.4387,1502.1684906020266
5820.753377524431,0.4745,1284.0491055741813
5820.803390909292,0.4175,1658.5969279133433
5820.85340429416,0.4884,1212.000524422391
5820.903417679033,0.4861,1223.4968842790454
5820.953431063911,0.4823,1242.852447680331
5821.013447125769,0.4888,1210.0177058653496
5821.063460510655,0.4657,1333.035010415591
5821.113473895548,0.4352,1526.4273097283478
5821.1634872804425,0.4171,1661.7796433236067
5821.213500665343,0.4348,1529.2371090371641
5821.263514050248,0.4669,1326.1916480662221
5821.313527435158,0.4942,1183.719104817181
5821.3635408200735,0.4309,1557.044026780419
5821.413554204992,0.4158,1672.1869806879301
5821.463567589916,0.4485,1437.2392378964437
5821.513580974842,0.4644,1340.5085991244164
5821.573597036761,0.4742,1285.6743091625206
5821.6236104217,0.4933,1188.042303138004
5821.673623806644,0.4522,1413.8158948099988
5821.72363719159,0.3404,2495.021212025843
5821.773650576541,0.4105,1715.6451144653452
5821.823663961496,0.4295,1567.2112411630883
5821.873677346458,0.4272,1584.1320310866959
5821.9236907314225,0.4596,1368.6549322186838
5821.973704116392,0.4718,1298.787746578822
5822.023717501365,0.4873,1217.4784746619107
5822.083733563341,0.4588,1373.4320732525046
5822.133746948326,0.44,1493.3051734821413
5822.183760333313,0.459,1372.2354459238227
5822.233773718307,0.4918,1195.3004466312755
5822.283787103304,0.4277,1580.430365499174
5822.333800488308,0.428,1578.215590565032
5822.3838138733145,0.4788,1261.089179000523
5822.433827258325,0.4463,1451.4436404714847
5822.483840643342,0.5048,1134.5286920479655
5822.533854028364,0.4627,1350.3769632851308
5822.583867413388,0.4615,1357.4086235199018
5822.643883475424,0.4651,1336.4765721742015
5822.693896860459,0.4911,1198.7103628114194
5822.743910245498,0.4629,1349.2103334936057
5822.793923630543,0.4573,1382.456881295921
5822.84393701559,0.4451,1459.2804246569701
5822.893950400646,0.4058,1755.6165688450542
5822.943963785703,0.4445,1463.222639356914
5822.993977170764,0.4748,1282.4269816362369
5823.043990555832,0.5045,1135.8783813616633
5823.094003940903,0.4541,1402.0095766463241
5823.154020002994,0.4539,1403.2453689945967
5823.204033388075,0.4438,1467.842113483742
5823.254046773162,0.4658,1332.4627094030113
5823.304060158252,0.4135,1690.8409929626996
5823.354073543346,0.3867,1933.3269567073844
5823.404086928446,0.4026,1783.6358719910297
5823.454100313551,0.4624,1352.129747146518
5823.50411369866,0.4764,1273.8273459083146
5823.554127083773,0.5013,1150.4261761142707
5823.60414046889,0.4697,1310.4272849043641
5823.654153854014,0.4636,1345.1390126207348
5823.714169916166,0.4537,1404.4827959851234
5823.764183301297,0.449,1434.040049041376
5823.814196686434,0.4342,1533.4663771301593
5823.864210071576,0.4527,1410.6945517427828
5823.914223456723,0.4123,1700.697684564763
5823.964236841872,0.4603,1364.4953498075456
5824.014250227027,0.4157,1672.991591746966
5824.064263612187,0.4481,1439.8063032998894
5824.114276997349,0.4592,1371.040381788672
5824.16429038252,0.5014,1149.9673371989336
5824.224306444727,0.4537,1404.4827959851234
5824.274319829907,0.4439,1467.1808503736863
5824.32433321509,0.3996,1810.5176543452153
5824.374346600277,0.4329,1542.6901929034786
5824.424359985469,0.4592,1371.040381788672
5824.4743733706655,0.4371,1513.1859374282647
5824.5243867558665,0.4662,1330.1771869205538
5824.574400141073,0.4189,1647.529131530155
5824.624413526283,0.4063,1751.2982523136398
5824.674426911499,0.4532,1407.5835339647383
5824.73444297376,0.4745,1284.0491055741813
5824.784456358987,0.4666,1327.8975398032023
5824.834469744215,0.4115,1707.3167726335496
5824.88448312945,0.369,2123.24842456157
5824.934496514687,0.427,1585.6163395743351
5824.98450989993,0.4589,1372.833564018644
5825.034523285178,0.4125,1699.0489269663897
5825.084536670431,0.4185,1650.6800276652534
5825.134550055687,0.4162,1668.9743340428865
5825.184563440948,0.4279,1578.953331306092
5825.234576826213,0.4556,1392.7929488049836
5825.294592888538,0.4018,1790.745506911955
5825.344606273813,0.4422,1478.4834110561321
5825.394619659094,0.4649,1337.626721601882
5825.444633044378,0.4759,1276.5054165827848
5825.494646429668,0.4623,1352.7147668571642
5825.544659814961,0.4361,1520.1335061818775
5825.59467320026,0.3951,1851.9942713096439
5825.644686585562,0.4592,1371.040381788672
5825.694699970869,0.4973,1169.007322834423
5825.744713356183,0.4294,1567.9412784612027
5825.804729418563,0.4844,1232.0996513040652
5825.854742803884,0.4499,1428.308365297216
5825.904756189211,0.4627,1350.3769632851308
5825.954769574541,0.5071,1124.2605270201113
5826.004782959877,0.4247,1602.8368907779036
5826.054796345216,0.4648,1338.2023531577572
5826.10480973056,0.4268,1587.1027352026822
5826.1548231159095,0.4312,1554.8782121584125
5826.204836501263,0.4376,1509.7300004918302
5826.254849886622,0.4235,1611.9331114453887
5826.304863271984,0.4274,1582.6498058340146
5826.364879334426,0.4382,1505.5984816322243
5826.414892719798,0.4795,1257.40986206684
5826.464906105176,0.4467,1448.8454035473942
5826.514919490557,0.4433,1471.1551443687872
5826.564932875943,0.38,2002.1030062043053
5826.614946261335,0.4547,1398.3119787078176
5826.66495964673,0.4055,1758.215229751697
5826.71497303213,0.4438,1467.842113483742
5826.764986417533,0.4405,1489.9170820370996
5826.814999802942,0.4685,1317.1488356714751
5826.875015865438,0.4408,1487.8897589429112
5826.925029250859,0.4774,1268.49642612105
5826.975042636281,0.5176,1079.1099159676914
5827.025056021709,0.416,1670.5794989620401
5827.075069407142,0.4228,1617.2750441418718
5827.12508279258,0.4309,1557.044026780419
5827.175096178021,0.443,1473.1483497254892
5827.225109563465,0.4165,1666.5709209452514
5827.275122948916,0.4234,1612.694622857416
5827.3251363343725,0.4507,1423.2423344428748
5827.385152396925,0.4311,1555.599647993728
5827.435165782389,0.5162,1084.971208590703
5827.4851791678575,0.4481,1439.8063032998894
5827.535192553332,0.4589,1372.833564018644
5827.585205938812,0.4238,1609.6518106683934
5827.635219324296,0.4349,1528.533932316649
5827.685232709782,0.4276,1581.1696599196719
5827.735246095274,0.4352,1526.4273097283478
5827.785259480771,0.4451,1459.2804246569701
5827.835272866272,0.4972,1169.4776054290521
5827.88528625178,0.4512,1420.0897400361598
5827.945302314391,0.4833,1237.7145867934864
5827.995315699906,0.4894,1207.052588985
5828.0453290854275,0.459,1372.2354459238227
5828.095342470951,0.3922,1879.483439483877
5828.145355856482,0.4893,1207.5460177470795
5828.195369242015,0.4487,1435.9582789266462
5828.245382627554,0.4195,1642.819676462769
5828.295396013097,0.3934,1868.0348650838
5828.345409398643,0.4716,1299.8895789721207
5828.395422784195,0.436,1520.8308934965942
5828.445436169753,0.428,1578.215590565032
5828.505452232427,0.4856,1226.0177332316516
5828.555465617992,0.4318,1550.5601176528533
5828.605479003563,0.4399,1493.9841784880139
5828.655492389138,0.4322,1547.691373527612
5828.705505774719,0.4255,1596.815452089362
5828.755519160303,0.4183,1652.2588664851774
5828.805532545893,0.4389,1500.7997753484194
5828.855545931487,0.4264,1590.08180355032
5828.905559317085,0.482,1244.4000451666666
5828.955572702686,0.4446,1462.5644950500978
5829.015588765416,0.4612,1359.1751202587882
5829.065602151029,0.4463,1451.4436404714847
5829.115615536646,0.45,1427.6736335234107
5829.165628922268,0.4104,1716.4812986535158
5829.215642307895,0.4133,1692.4778146489757
5829.265655693524,0.4304,1560.6637870540155
5829.31566907916,0.4208,1632.6848779515715
5829.365682464801,0.4489,1434.6790317021032
5829.4156958504445,0.4699,1309.3120300640069
5829.465709236094,0.4575,1381.2484426646706
5829.525725298878,0.4509,1421.9800381158689
5829.575738684536,0.4146,1681.8807745402341
5829.625752070199,0.4891,1208.5337833894964
5829.675765455868,0.4133,1692.4778146489757
5829.725778841541,0.425,1600.5748661921205
5829.775792227217,0.4553,1394.6289893246785
5829.825805612898,0.4514,1418.8316345875842
5829.875818998585,0.4087,1730.7904732594866
5829.925832384275,0.4453,1457.9698929329152
5829.97584576997,0.4425,1476.4793718814794
5830.02585915567,0.4655,1334.180719126056
5830.085875218516,0.4884,1212.000524422391
5830.1358886042235,0.4372,1512.4938013701942
5830.185901989938,0.4628,1349.7934593292043
5830.235915375657,0.4761,1275.4331757766815
5830.285928761379,0.3921,1880.4422348492358
5830.335942147108,0.4249,1601.3283420431965
5830.385955532839,0.4825,1241.82231935959
5830.435968918575,0.4283,1576.005467964796
5830.485982304316,0.4144,1683.5045994178975
5830.535995690063,0.4412,1485.1930918248959
5830.596011752963,0.4684,1317.7112979361711
5830.646025138718,0.4262,1591.5744841270034
5830.696038524478,0.4264,1590.08180355032
5830.746051910243,0.458,1378.2342691416054
5830.796065296013,0.466,1331.3192124802038
5830.846078681785,0.499,1161.055726528859
5830.8960920675645,0.5084,1118.51832713805
5830.946105453348,0.3975,1829.698135892351
5830.9961188391335,0.4815,1246.9858054242095
5831.0461322249275,0.4541,1402.0095766463241
5831.0961456107225,0.4489,1434.6790317021032
5831.156161673683,0.4628,1349.7934593292043
5831.20617505949,0.4388,1501.4838990340006
5831.256188445301,0.4927,1190.9376064278272
5831.306201831116,0.4602,1365.0884139685277
5831.356215216936,0.4018,1790.745506911955
5831.40622860276,0.4123,1700.697684564763
5831.456241988589,0.455,1396.4686627620285
5831.506255374423,0.4358,1522.227108619736
5831.5562687602605,0.4542,1401.3922925634465
5831.606282146102,0.4583,1376.4304984596768
5831.666298209119,0.4621,1353.8859458836246
5831.716311594971,0.4726,1294.3943966580207
5831.766324980828,0.4586,1374.6302665022022
5831.816338366689,0.4347,1529.9407710965204
5831.8663517525565,0.4417,1481.8325549869999
5831.916365138426,0.4518,1416.3204342025333
5831.966378524301,0.3778,2025.4880743308552
5832.016391910179,0.3945,1857.6319836451833
5832.066405296064,0.4403,1491.270933577813
5832.116418681953,0.4771,1270.0921828768608
5832.176434745025,0.4403,1491.270933577813
5832.226448130923,0.4338,1536.2956437622538
5832.276461516826,0.4516,1417.575200295858
5832.326474902733,0.4392,1498.7502073260982
5832.376488288646,0.4881,1213.490838503058
5832.426501674563,0.4216,1626.4946237738457
5832.476515060482,0.3903,1897.8267717404078
5832.526528446408,0.4231,1614.9823976873527
5832.576541832337,0.4573,1382.456881295921
5832.626555218273,0.4323,1546.9754314560896
5832.676568604213,0.4176,1657.8026777359762
5832.736584667345,0.4205,1635.0153370253413
5832.786598053292,0.4724,1295.4906419242016
5832.8366114392475,0.4573,1382.456881295921
5832.886624825205,0.4747,1282.9673479126836
5832.936638211167,0.4576,1380.6448174453774
5832.986651597134,0.4483,1438.5219116668125
5833.036664983107,0.3903,1897.8267717404078
5833.086678369082,0.4068,1746.9958489516641
5833.136691755063,0.4504,1425.1389327979073
5833.186705141046,0.4653,1335.3279055315045
5833.236718527037,0.4418,1481.161816418565
5833.296734590231,0.3984,1821.4407855464856
5833.346747976229,0.431,1556.3215860456448
5833.3967613622335,0.4279,1578.953331306092
5833.446774748243,0.4498,1428.9435204598053
5833.496788134255,0.4499,1428.308365297216
5833.546801520274,0.4237,1610.4117058596014
5833.596814906294,0.4242,1606.6176020725386
5833.646828292322,0.4687,1316.0249909905006
5833.696841678353,0.4284,1575.2697920314936
5833.746855064389,0.4104,1716.4812986535158
5833.806871127638,0.4103,1717.3180943094253
5833.856884513684,0.435,1527.8312404887383
5833.906897899733,0.452,1415.0673333557056
5833.956911285787,0.4485,1437.2392378964437
5834.006924671848,0.4705,1305.9747945923216
5834.05693805791,0.4442,1465.1997399230706
5834.106951443979,0.4534,1406.342007736136
5834.156964830052,0.4949,1180.372910830912
5834.206978216129,0.4271,1584.8739246822508
5834.25699160221,0.4389,1500.7997753484194
5834.317007665513,0.388,1920.3934096940575
5834.367021051606,0.437,1513.8785486902225
5834.417034437703,0.4425,1476.4793718814794
5834.467047823803,0.461,1360.3547011720896
5834.517061209907,0.4944,1182.7615989222363
5834.567074596016,0.4153,1676.2158503322269
5834.617087982132,0.467,1325.6237479298925
5834.667101368249,0.4709,1303.7570543472125
5834.717114754374,0.4445,1463.222639356914
5834.767128140501,0.3986,1819.613410475035
5834.82714420386,0.4693,1312.6620736546047
5834.877157589999,0.4867,1220.4821148980695
5834.92717097614,0.5306,1026.8801726708493
5834.977184362287,0.4506,1423.874113005976
5835.027197748437,0.4329,1542.6901929034786
5835.077211134592,0.4801,1254.2689625988596
5835.127224520754,0.4596,1368.6549322186838
5835.177237906918,0.4341,1534.1729606223234
5835.227251293087,0.4496,1430.2151024583052
5835.277264679261,0.5008,1152.7244951455523
5835.327278065439,0.4761,1275.4331757766815
5835.387294128859,0.4108,1713.1402247548112
5835.437307515047,0.4437,1468.503823744665
5835.4873209012385,0.4264,1590.08180355032
5835.537334287438,0.4504,1425.1389327979073
5835.587347673638,0.4523,1413.1907979814157
5835.637361059846,0.478,1265.3139215648107
5835.6873744460545,0.4387,1502.1684906020266
5835.73738783227,0.4751,1280.8079295726286
5835.78740121849,0.3839,1961.631423819002
5835.8374146047145,0.4462,1452.0942917631978
5835.887427990943,0.4691,1313.7816124308574
5835.947444054423,0.425,1600.5748661921205
5835.997457440662,0.3957,1846.3821848548998
5836.047470826906,0.4062,1752.1606400589749
5836.097484213153,0.361,2218.396068262282
5836.147497599404,0.4242,1606.6176020725386
5836.197510985661,0.4893,1207.5460177470795
5836.247524371924,0.4223,1621.1069850147878
5836.297537758188,0.4276,1581.1696599196719
5836.347551144458,0.4036,1774.8082119032342
5836.397564530734,0.45,1427.6736335234107
5836.457580594268,0.4557,1392.1817409603325
5836.507593980554,0.4797,1256.3615859628521
5836.557607366842,0.4646,1339.3547315519152
5836.607620753136,0.4501,1427.0393247621703
5836.657634139433,0.4777,1266.9036748646342
5836.707647525737,0.4409,1487.2149040316817
5836.757660912043,0.3727,2081.3004622987555
5836.807674298355,0.4383,1504.9115442409377
5836.857687684671,0.4813,1248.0223666546256
5836.907701070992,0.501,1151.8043417639221
5836.967717134582,0.4602,1365.0884139685277
5837.017730520913,0.4453,1457.9698929329152
5837.067743907248,0.5209,1065.4805209713943
5837.117757293588,0.4171,1661.7796433236067
5837.167770679932,0.4596,1368.6549322186838
5837.217784066282,0.4474,1444.3152465547305
5837.267797452632,0.4639,1343.399800070411
5837.317810838991,0.3754,2051.469414339503
5837.367824225354,0.4969,1170.8901571890192
5837.41783761172,0.5274,1039.3791458920552
5837.467850998092,0.5121,1102.4138198988185
5837.527867061742,0.5509,952.5960477185802
5837.577880448123,0.524,1052.9110054935672
5837.627893834509,0.4619,1355.0586465771494
5837.677907220898,0.4579,1378.836314022018
5837.727920607292,0.4761,1275.4331757766815
5837.7779339936915,0.4508,1422.6109762704702
5837.827947380096,0.4459,1454.0488728554749
5837.877960766504,0.5044,1136.3288130531637
5837.927974152916,0.5106,1108.9004882081576
5837.977987539332,0.5199,1069.58324520758
5838.038003603039,0.4647,1338.7783563677644
5838.088016989466,0.4428,1474.479404568006
5838.138030375898,0.4636,1345.1390126207348
5838.188043762333,0.3826,1974.9845161825187
5838.238057148775,0.4015,1793.4225829730103
5838.288070535218,0.4785,1262.6709744458021
5838.338083921669,0.4484,1437.880360240333
5838.388097308122,0.4445,1463.222639356914
5838.43811069458,0.4594,1369.8468781255021
5838.488124081044,0.457,1384.2725149257385
5838.538137467511,0.4741,1286.216729406276
5838.598153531278,0.4545,1399.5428843713316
5838.648166917756,0.4513,1419.460478232107
5838.698180304237,0.4258,1594.5661577988085
5838.748193690723,0.3957,1846.3821848548998
5838.798207077214,0.4368,1515.265198566769
5838.848220463709,0.4187,1649.1034507864892
5838.898233850209,0.4891,1208.5337833894964
5838.9482472367135,0.4177,1657.008997934381
5838.998260623223,0.4628,1349.7934593292043
5839.048274009736,0.4773,1269.0280107221095
5839.108290073557,0.4456,1456.0074030301819
5839.158303460081,0.4023,1786.2970151298434
5839.208316846609,0.5229,1057.345574680509
5839.2583302331395,0.4997,1157.8051036529869
5839.308343619677,0.4755,1278.6539585648195
5839.358357006218,0.4315,1552.7169132976246
5839.408370392765,0.4045,1766.919230698914
5839.458383779315,0.4142,1685.1307770907742
5839.50839716587,0.5,1156.4161571154998
5839.558410552428,0.4674,1323.3557912656213
5839.618426616305,0.41,1719.8321560505697
5839.668440002875,0.4513,1419.460478232107
5839.71845338945,0.4963,1173.722949210072
5839.768466776026,0.4525,1411.9418473790408
5839.8184801626085,0.4656,1333.6076802176287
5839.868493549196,0.4568,1385.484925188547
5839.918506935788,0.5657,903.403988913234
5839.9685203223835,0.5177,1078.6930708410175
5840.018533708983,0.4936,1186.5986092192993
5840.06854709559,0.423,1615.7460711980539
5840.118560482199,0.4516,1417.575200295858
5840.178576546136,0.4433,1471.1551443687872
5840.228589932755,0.4405,1489.9170820370996
5840.278603319381,0.4084,1733.3341881404458
5840.32861670601,0.4729,1292.7526359179374
5840.37863009264,0.526,1044.91931515572
5840.428643479279,0.4386,1502.8535504792496
5840.478656865919,0.4702,1307.6418153985974
5840.528670252567,0.4539,1403.2453689945967
5840.578683639218,0.4575,1381.2484426646706
5840.628697025875,0.4035,1775.688025404577
5840.678710412534,0.4466,1449.4943083244016
5840.738726476531,0.3936,1866.1369428082617
5840.788739863202,0.4854,1227.0282546863336
5840.838753249876,0.4521,1414.4414064790437
5840.888766636555,0.4387,1502.1684906020266
5840.938780023237,0.4417,1481.8325549869999
5840.988793409925,0.4579,1378.836314022018
5841.038806796619,0.4993,1159.660928294308
5841.088820183315,0.4103,1717.3180943094253
5841.138833570017,0.3657,2161.7407081408583
5841.188846956722,0.4635,1345.7195007400687
5841.248863020775,0.4604,1363.90267204869
5841.298876407491,0.4599,1366.869928225705
5841.34888979421,0.4203,1636.5717495464633
5841.398903180935,0.4219,1624.1823519135567
5841.448916567664,0.4584,1375.8300284063523
5841.498929954398,0.446,1453.3969075624564
5841.548943341136,0.4666,1327.8975398032023
5841.598956727879,0.4295,1567.2112411630883
5841.648970114626,0.4593,1370.4434350679549
5841.698983501378,0.4824,1242.3372233635284
5841.758999565487,0.3823,1978.0853598994886
5841.809012952246,0.418,1654.631375327397
5841.859026339013,0.4394,1497.3861602548054
5841.909039725782,0.4683,1318.2741205603256
5841.959053112559,0.4729,1292.7526359179374
5842.009066499339,0.4487,1435.9582789266462
5842.05907988612,0.4801,1254.2689625988596
5842.10909327291,0.4033,1777.4496161905456
5842.159106659702,0.4206,1634.2379632338043
5842.209120046502,0.42,1638.9105386037259
5842.269136110664,0.4386,1502.8535504792496
5842.319149497471,0.4377,1509.0402339438197
5842.369162884282,0.4335,1538.4227353713493
5842.419176271099,0.4536,1405.1021233723059
5842.46918965792,0.4522,1413.8158948099988
5842.519203044746,0.3704,2107.228326648041
5842.569216431575,0.4314,1553.4368452752667
5842.619229818409,0.4313,1554.1572780739841
5842.669243205248,0.4129,1695.7585964596465
5842.719256592091,0.4888,1210.0177058653496
5842.769269978938,0.4937,1186.1179626597789
5842.829286043163,0.4794,1257.9344921806353
5842.879299430019,0.5018,1148.1347238702385
5842.929312816884,0.4638,1343.9791626095569
5842.979326203747,0.4061,1753.0236649565852
5843.02933959062,0.3726,2082.417786061043
5843.0793529774965,0.4517,1416.9476089090426
5843.129366364376,0.5291,1032.710831320257
5843.179379751261,0.4986,1162.919375341307
5843.229393138149,0.4958,1176.0914696061323
5843.279406525042,0.4197,1641.2543447144405
5843.329419911941,0.388,1920.3934096940575
5843.389435976224,0.4292,1569.402884184187
5843.439449363132,0.4308,1557.766970664847
5843.4894627500435,0.4285,1574.5346310958837
5843.539476136961,0.4383,1504.9115442409377
5843.5894895238835,0.4449,1460.5927241805164
5843.639502910809,0.5193,1072.0562644616814
5843.68951629774,0.4604,1363.90267204869
5843.7395296846735,0.404,1771.2954887245266
5843.7895430716135,0.4575,1381.2484426646706
5843.839556458557,0.4771,1270.0921828768608
5843.899572522894,0.5037,1139.4893502730479
5843.94958590985,0.4937,1186.1179626597789
5843.999599296807,0.4578,1379.4387534694797
5844.04961268377,0.446,1453.3969075624564
5844.099626070736,0.4557,1392.1817409603325
5844.149639457709,0.4492,1432.7633637208694
5844.199652844684,0.4258,1594.5661577988085
5844.249666231665,0.452,1415.0673333557056
5844.29967961865,0.4263,1590.8278812283436
5844.349693005639,0.4429,1473.8136517484947
5844.409709070033,0.4486,1436.5985442525905
5844.459722457033,0.4708,1304.3109595071132
5844.509735844037,0.4725,1294.942345284297
5844.559749231044,0.493,1189.488633399876
5844.609762618058,0.481,1249.5796335567857
5844.659776005075,0.434,1534.8800325913983
5844.709789392097,0.4877,1215.4822036644475
5844.759802779124,0.5012,1150.8852897006611
5844.809816166155,0.4288,1572.332233472255
5844.859829553191,0.4049,1763.4298909054348
5844.90984294023,0.4423,1477.814944886885
5844.969859004684,0.4322,1547.691373527612
5845.019872391733,0.3909,1892.0052355359392
5845.069885778787,0.4626,1350.9608456883727
5845.119899165846,0.4093,1725.7198131484984
5845.169912552909,0.392,1881.401764078275
5845.219925939977,0.4213,1628.8118369599838
5845.269939327049,0.3758,2047.1045986431716
5845.319952714124,0.4209,1631.9091654078732
5845.369966101206,0.4905,1201.6447752203692
5845.419979488292,0.4547,1398.3119787078176
5845.479995552799,0.4339,1535.5875934877472
5845.530008939895,0.4919,1194.814503749045
5845.580022326995,0.4613,1358.5859050606891
5845.630035714102,0.4435,1469.8285873325551
5845.68004910121,0.5161,1085.3916985029048
5845.730062488322,0.4918,1195.3004466312755
5845.78007587544,0.4996,1158.2686419471977
5845.830089262563,0.4887,1210.5129540867588
5845.880102649689,0.5213,1063.8460384079606
5845.930116036821,0.5524,947.429677459498
5845.980129423956,0.4816,1246.468009014783
5846.040145488525,0.425,1600.5748661921205
5846.0901588756715,0.429,1570.8665345826798
5846.140172262822,0.4325,1545.5450368441907
5846.190185649975,0.4618,1355.645568372962
5846.2401990371345,0.3909,1892.0052355359392
5846.290212424298,0.4329,1542.6901929034786
5846.340225811467,0.4538,1403.863877979463
5846.390239198639,0.4363,1518.7401698455026
5846.440252585816,0.4943,1183.2402065879041
5846.490265972996,0.4516,1417.575200295858
5846.5502820376205,0.4699,1309.3120300640069
5846.6002954248115,0.4411,1485.866570888651
5846.650308812006,0.3809,1992.6529709840925
5846.700322199208,0.426,1593.0692675592338
5846.750335586413,0.4568,1385.484925188547
5846.800348973623,0.3968,1836.1594019688443
5846.850362360835,0.41,1719.8321560505697
5846.900375748053,0.428,1578.215590565032
5846.950389135276,0.4673,1323.9222344732827
5847.000402522504,0.4546,1398.9272284649592
5847.060418587182,0.4067,1747.855060325814
5847.110431974418,0.427,1585.6163395743351
5847.16044536166,0.4949,1180.372910830912
5847.2104587489075,0.5588,925.8519539618302
5847.260472136159,0.4993,1159.660928294308
5847.310485523412,0.4509,1421.9800381158689
5847.360498910672,0.4154,1675.4089124136528
5847.410512297935,0.4375,1510.420240075588
5847.460525685205,0.4573,1382.456881295921
5847.5105390724775,0.4997,1157.8051036529869
5847.560552459754,0.4225,1619.5725760624193
5847.620568524493,0.3903,1897.8267717404078
5847.670581911781,0.4285,1574.5346310958837
5847.720595299073,0.4269,1586.3592762514531
5847.770608686367,0.4485,1437.2392378964437
5847.820622073668,0.4529,1409.448908149971
5847.870635460974,0.4522,1413.8158948099988
5847.920648848282,0.4146,1681.8807745402341
5847.970662235598,0.3174,2869.718617952696
5848.020675622915,0.4061,1753.0236649565852
5848.070689010238,0.451,1421.3495196065924
5848.120702397566,0.4198,1640.4725176751188
5848.180718462366,0.404,1771.2954887245266
5848.230731849702,0.42,1638.9105386037259
5848.280745237043,0.4408,1487.8897589429112
5848.33075862439,0.4369,1514.5716355911854
5848.380772011741,0.4729,1292.7526359179374
5848.430785399096,0.4714,1300.992814077055
5848.480798786455,0.413,1694.9375072616515
5848.530812173821,0.4676,1322.22399489936
5848.580825561189,0.5076,1122.0467669717711
5848.630838948562,0.5101,1111.0754377951027
5848.690855013416,0.4636,1345.1390126207348
5848.740868400799,0.4444,1463.8812280045527
5848.790881788186,0.4283,1576.005467964796
5848.840895175578,0.4824,1242.3372233635284
5848.890908562975,0.4749,1281.886956678959
5848.940921950376,0.5464,968.3512683342818
5848.990935337782,0.4819,1244.9165533950484
5849.040948725189,0.4174,1659.3917490131432
5849.090962112605,0.4173,1660.187141582695
5849.140975500024,0.3927,1874.7004444596494
5849.200991564932,0.4377,1509.0402339438197
5849.251004952361,0.4576,1380.6448174453774
5849.301018339793,0.4642,1341.6639584422499
5849.35103172723,0.4275,1581.9094732027334
5849.401045114672,0.4643,1341.0860921545136
5849.451058502119,0.4391,1499.4329299200076
5849.50107188957,0.3977,1827.8583235035335
5849.551085277027,0.4593,1370.4434350679549
5849.601098664486,0.4753,1279.730264298153
5849.651112051951,0.4921,1193.8435065715425
5849.70112543942,0.5246,1050.5038986421896
5849.7611415043875,0.4636,1345.1390126207348
5849.811154891867,0.4134,1691.659106850523
5849.86116827935,0.4314,1553.4368452752667
5849.911181666837,0.4209,1631.9091654078732
5849.961195054329,0.4487,1435.9582789266462
5850.011208441827,0.5425,982.3241262240581
5850.061221829327,0.4903,1202.6253074716162
5850.111235216833,0.3951,1851.9942713096439
5850.161248604342,0.395,1852.9321062520214
5850.211261991857,0.4587,1374.0309739665263
5850.27127805688,0.4391,1499.4329299200076
5850.321291444405,0.3704,2107.228326648041
5850.371304831932,0.4707,1304.8652177344577
5850.421318219467,0.4601,1365.6818648676008
5850.471331607005,0.4305,1559.9388258921547
5850.521344994546,0.4542,1401.3922925634465
5850.571358382093,0.464,1342.8208120779395
5850.621371769645,0.4396,1496.0239745124306
5850.671385157199,0.483,1239.2525947513288
5850.721398544761,0.4292,1569.402884184187
5850.7714119323255,0.4181,1653.8399715753246
5850.831427997408,0.4158,1672.1869806879301
5850.881441384982,0.4519,1415.6936758075458
5850.931454772562,0.462,1354.4721058573127
5850.981468160145,0.4385,1503.5390790929098
5851.031481547732,0.4081,1735.8835148301287
5851.081494935325,0.3823,1978.0853598994886
5851.131508322923,0.4126,1698.225447124094
5851.181521710522,0.4287,1573.065852295999
5851.231535098127,0.4462,1452.0942917631978
5851.281548485739,0.4735,1289.47847115177
5851.341564550878,0.4439,1467.1808503736863
5851.391577938497,0.4399,1493.9841784880139
5851.441591326121,0.4476,1443.0248181889563
5851.491604713749,0.4093,1725.7198131484984
5851.541618101383,0.4197,1641.2543447144405
5851.591631489022,0.4505,1424.5063123330797
5851.641644876664,0.4427,1475.1456085913833
5851.691658264309,0.5377,999.9406144011457
5851.741671651963,0.379,2012.6821038640855
5851.791685039617,0.482,1244.4000451666666
5851.85170110481,0.4754,1279.1919416318249
5851.901714492476,0.4814,1247.5039245480805
5851.951727880145,0.4762,1274.8975619252815
5852.001741267821,0.3789,2013.7446229382422
5852.0517546555,0.4414,1483.8475066365525
5852.101768043181,0.4528,1410.0715236233611
5852.15178143087,0.3755,2050.3769026018344
5852.201794818562,0.4612,1359.1751202587882
5852.251808206259,0.4576,1380.6448174453774
5852.301821593961,0.426,1593.0692675592338
5852.351834981666,0.395,1852.9321062520214
5852.411851046919,0.3942,1860.4604983014183
5852.461864434635,0.3618,2208.596455973193
5852.511877822355,0.4389,1500.7997753484194
5852.561891210079,0.4263,1590.8278812283436
5852.6119045978085,0.4382,1505.5984816322243
5852.6619179855425,0.4799,1255.3146202011887
5852.711931373279,0.4922,1193.3584517949132
5852.761944761022,0.4266,1588.591221886647
5852.811958148768,0.4123,1700.697684564763
5852.86197153652,0.4413,1484.520070545796
5852.921987601828,0.3993,1813.239206938869
5852.972000989589,0.4275,1581.9094732027334
5853.022014377354,0.4417,1481.8325549869999
5853.072027765124,0.4395,1496.7048349292463
5853.122041152899,0.4432,1471.8190964418484
5853.172054540679,0.4129,1695.7585964596465
5853.222067928461,0.4129,1695.7585964596465
5853.27208131625,0.4309,1557.044026780419
5853.322094704041,0.4467,1448.8454035473942
5853.372108091839,0.48,1254.7916280163665
5853.42212147964,0.499,1161.055726528859
5853.4821375450065,0.4846,1231.0828598397704
5853.532150932818,0.4814,1247.5039245480805
5853.582164320633,0.464,1342.8208120779395
5853.632177708454,0.4097,1722.351742513086
5853.682191096279,0.435,1527.8312404887383
5853.732204484108,0.4268,1587.1027352026822
5853.782217871941,0.4003,1804.1911437952554
5853.832231259778,0.4313,1554.1572780739841
5853.882244647621,0.4302,1562.1152263231425
5853.932258035468,0.4997,1157.8051036529869
5853.992274100889,0.4542,1401.3922925634465
5854.042287488746,0.4622,1353.3001663266134
5854.092300876608,0.3885,1915.453505708019
5854.142314264473,0.4691,1313.7816124308574
5854.192327652341,0.4659,1331.8907768632996
5854.242341040218,0.4277,1580.430365499174
5854.292354428096,0.4298,1565.0241858238378
5854.342367815981,0.4256,1596.0651588068135
5854.392381203867,0.424,1608.133632950225
5854.44239459176,0.4231,1614.9823976873527
5854.502410657236,0.4185,1650.6800276652534
5854.552424045138,0.4203,1636.5717495464633
5854.6024374330445,0.4137,1689.206544622392
5854.652450820955,0.4145,1682.6923931634576
5854.702464208871,0.4309,1557.044026780419
5854.752477596792,0.3834,1966.7511562215564
5854.802490984717,0.4168,1664.1726956788334
5854.852504372644,0.3783,2020.1374420785146
5854.902517760579,0.4383,1504.9115442409377
5854.952531148516,0.4989,1161.5212185153907
5855.002544536458,0.4921,1193.8435065715425
5855.062560601995,0.4312,1554.8782121584125
5855.112573989947,0.487,1218.9789070642205
5855.162587377904,0.4558,1391.5709353575337
5855.212600765865,0.4543,1400.7754160624208
5855.262614153829,0.4595,1369.2507106220448
5855.312627541799,0.4413,1484.520070545796
5855.362640929774,0.4324,1546.259986048045
5855.412654317752,0.4665,1328.4669018689062
5855.462667705737,0.4362,1519.4365984447224
5855.512681093725,0.4374,1511.1109531277311
5855.572697159314,0.4363,1518.7401698455026
5855.622710547312,0.4559,1390.9605316437046
5855.672723935315,0.4723,1296.0392868725044
5855.722737323321,0.4271,1584.8739246822508
5855.772750711331,0.3793,2009.4995873508649
5855.822764099346,0.3951,1851.9942713096439
5855.872777487367,0.3977,1827.8583235035335
5855.922790875392,0.4024,1785.4093060733119
5855.972804263421,0.4319,1549.8421843239007
5856.022817651453,0.4317,1551.2785499497104
5856.072831039492,0.427,1585.6163395743351
5856.132847105143,0.422,1623.4126902711898
5856.182860493191,0.3971,1833.386103766989
5856.232873881242,0.3784,2019.069860062979
5856.282887269298,0.4387,1502.1684906020266
5856.3329006573595,0.456,1390.3505294663516
5856.382914045425,0.3967,1837.0852331770348
5856.432927433494,0.4035,1775.688025404577
5856.482940821566,0.4364,1518.0442199450974
5856.532954209647,0.4306,1559.2143697525619
5856.58296759773,0.4166,1665.7709368353176
5856.642983663436,0.4324,1546.259986048045
5856.692997051528,0.394,1862.3497652781
5856.743010439625,0.419,1646.7428171636127
5856.793023827727,0.4546,1398.9272284649592
5856.843037215835,0.4363,1518.7401698455026
5856.893050603944,0.4484,1437.880360240333
5856.943063992059,0.5216,1062.6226433972051
5856.99307738018,0.5077,1121.6047996468071
5857.043090768304,0.4485,1437.2392378964437
5857.093104156433,0.4022,1787.185386407062
5857.143117544565,0.3852,1948.413297704552
5857.203133610331,0.4188,1648.3160092250364
5857.253146998474,0.4309,1557.044026780419
5857.303160386619,0.4787,1261.6161137255071
5857.353173774773,0.5168,1082.4533928998014
5857.403187162928,0.5038,1139.0370382446706
5857.453200551088,0.4277,1580.430365499174
5857.503213939254,0.4797,1256.3615859628521
5857.553227327423,0.4863,1222.4907211892958
5857.603240715598,0.4896,1206.0666383427674
5857.653254103776,0.4548,1397.6971347427357
5857.7132701695955,0.4386,1502.8535504792496
5857.763283557784,0.4575,1381.2484426646706
5857.813296945976,0.4643,1341.0860921545136
5857.863310334173,0.4611,1359.7647188516887
5857.913323722377,0.4592,1371.040381788672
5857.963337110581,0.4154,1675.4089124136528
5858.013350498793,0.4499,1428.308365297216
5858.063363887006,0.4609,1360.9450675530516
5858.113377275226,0.3816,1985.349123599025
5858.16339066345,0.4602,1365.0884139685277
5858.213404051679,0.5766,869.571133213382
5858.273420117559,0.5991,805.4819406178253
5858.323433505796,0.5661,902.1277716702432
5858.373446894039,0.5256,1046.5103576757897
5858.423460282285,0.4489,1434.6790317021032
5858.473473670538,0.4525,1411.9418473790408
5858.523487058793,0.493,1189.488633399876
5858.573500447053,0.4493,1432.1256603015036
5858.623513835318,0.4955,1177.5160247540905
5858.673527223587,0.4499,1428.308365297216
5858.7235406118625,0.4542,1401.3922925634465
5858.783556677794,0.4361,1520.1335061818775
5858.833570066079,0.4243,1605.8603904341724
5858.883583454367,0.4243,1605.8603904341724
5858.933596842659,0.4464,1450.793426395466
5858.9836102309555,0.457,1384.2725149257385
5859.033623619257,0.4584,1375.8300284063523
5859.083637007562,0.466,1331.3192124802038
5859.133650395873,0.4572,1383.0616954010031
5859.183663784188,0.4567,1386.091727717648
5859.233677172506,0.4586,1374.6302665022022
5859.293693238495,0.5168,1082.4533928998014
5859.343706626824,0.4641,1342.2421983093634
5859.393720015158,0.5241,1052.50924684161
5859.443733403495,0.5026,1144.4826150381696
5859.493746791838,0.405,1762.5591709891628
5859.543760180183,0.3655,2164.1071390442476
5859.593773568536,0.4026,1783.6358719910297
5859.643786956891,0.4861,1223.4968842790454
5859.693800345251,0.4442,1465.1997399230706
5859.743813733615,0.4605,1363.3103803563604
5859.793827121985,0.4894,1207.052588985
5859.853843188032,0.469,1314.3419189863396
5859.903856576411,0.4284,1575.2697920314936
5859.953869964794,0.4473,1444.9611099417361
5860.003883353181,0.4064,1750.4365010935394
5860.053896741573,0.379,2012.6821038640855
5860.10391012997,0.4269,1586.3592762514531
5860.15392351837,0.4643,1341.0860921545136
5860.203936906777,0.4639,1343.399800070411
5860.253950295186,0.4626,1350.9608456883727
5860.303963683602,0.4597,1368.0595425768877
5860.3639797497035,0.4384,1504.225076870734
5860.413993138128,0.4162,1668.9743340428865
5860.464006526556,0.5151,1089.6100761423509
5860.51401991499,0.4442,1465.1997399230706
5860.564033303425,0.4361,1520.1335061818775
5860.614046691867,0.4844,1232.0996513040652
5860.664060080314,0.5104,1109.769701041871
5860.714073468764,0.5169,1082.0346091532679
5860.764086857221,0.4834,1237.202553692489
5860.814100245679,0.4707,1304.8652177344577
5860.864113634144,0.4295,1567.2112411630883
5860.924129700307,0.4284,1575.2697920314936
5860.97414308878,0.4346,1530.6449189414664
5861.024156477259,0.4457,1455.3541201952778
5861.07416986574,0.415,1678.6401650351165
5861.124183254227,0.4428,1474.479404568006
5861.17419664272,0.4262,1591.5744841270034
5861.224210031215,0.4285,1574.5346310958837
5861.274223419716,0.4591,1371.6377186272919
5861.324236808221,0.4489,1434.6790317021032
5861.374250196729,0.4572,1383.0616954010031
5861.434266262948,0.477,1270.6247709913305
5861.484279651465,0.4547,1398.3119787078176
5861.534293039988,0.452,1415.0673333557056
5861.584306428518,0.4815,1246.9858054242095
5861.634319817051,0.4769,1271.1576941715373
5861.684333205588,0.4972,1169.4776054290521
5861.7343465941285,0.4561,1389.7409284733658
5861.784359982674,0.4174,1659.3917490131432
5861.8343733712245,0.4208,1632.6848779515715
5861.88438675978,0.4422,1478.4834110561321
5861.934400148339,0.482,1244.4000451666666
5861.994416214616,0.4322,1547.691373527612
5862.044429603185,0.398,1825.1038036396537
5862.094442991758,0.3632,2191.6026936424773
5862.144456380334,0.3758,2047.1045986431716
5862.194469768917,0.4071,1744.42201274975
5862.244483157504,0.3943,1859.5169427032913
5862.294496546095,0.4085,1732.4856604598517
5862.34450993469,0.434,1534.8800325913983
5862.394523323291,0.4146,1681.8807745402341
5862.444536711894,0.4357,1522.925937309937
5862.504552778225,0.4825,1241.82231935959
5862.55456616684,0.4015,1793.4225829730103
5862.604579555458,0.3839,1961.631423819002
5862.654592944081,0.4392,1498.7502073260982
5862.70460633271,0.4376,1509.7300004918302
5862.7546197213405,0.4868,1219.9807368164707
5862.804633109977,0.4805,1252.1815631629565
5862.8546464986175,0.408,1736.7345403154252
5862.904659887264,0.4322,1547.691373527612
5862.954673275914,0.457,1384.2725149257385
5863.014689342299,0.4812,1248.5411320123533
5863.064702730958,0.4415,1483.1753996828347
5863.114716119622,0.4646,1339.3547315519152
5863.16472950829,0.4531,1408.2049136843832
5863.214742896963,0.4711,1302.6503020308103
5863.264756285642,0.4991,1160.5905143125651
5863.314769674321,0.4313,1554.1572780739841
5863.364783063008,0.3961,1842.6549538580014
5863.414796451699,0.4215,1627.2664784382723
5863.464809840394,0.4429,1473.8136517484947
5863.514823229093,0.5041,1137.6817168621935
5863.5748392955375,0.4177,1657.008997934381
5863.624852684248,0.4929,1189.9713304507738
5863.674866072961,0.4952,1178.9431697351697
5863.724879461678,0.4529,1409.448908149971
5863.774892850401,0.4381,1506.2858894737865
5863.824906239129,0.4845,1231.5910981741854
5863.8749196278595,0.5143,1093.0025098353296
5863.924933016596,0.4516,1417.575200295858
5863.974946405336,0.4698,1309.8694794426067
5864.02495979408,0.4855,1226.5228378540453
5864.084975860581,0.4842,1233.1177029905946
5864.134989249334,0.4538,1403.863877979463
5864.1850026380935,0.4558,1391.5709353575337
5864.235016026856,0.4594,1369.8468781255021
5864.285029415624,0.456,1390.3505294663516
5864.335042804396,0.4189,1647.529131530155
5864.385056193173,0.4269,1586.3592762514531
5864.435069581954,0.4151,1677.831476080649
5864.485082970739,0.456,1390.3505294663516
5864.535096359529,0.4638,1343.9791626095569
5864.585109748324,0.4688,1315.4636079600623
5864.645125814883,0.4582,1377.0313617043578
5864.695139203687,0.447,1446.9013015678875
5864.745152592495,0.4726,1294.3943966580207
5864.795165981308,0.4758,1277.0420441053695
5864.845179370125,0.428,1578.215590565032
5864.895192758948,0.467,1325.6237479298925
5864.945206147772,0.4482,1439.163892558862
5864.995219536604,0.416,1670.5794989620401
5865.0452329254385,0.4259,1593.8174490807532
5865.095246314279,0.4098,1721.5112655022344
5865.155262380892,0.4463,1451.4436404714847
5865.20527576974,0.4745,1284.0491055741813
5865.255289158595,0.4137,1689.206544622392
5865.305302547454,0.3538,2309.6053908218355
5865.355315936315,0.4659,1331.8907768632996
5865.405329325184,0.4604,1363.90267204869
5865.4553427140545,0.4797,1256.3615859628521
5865.505356102932,0.432,1549.1247495008993
5865.555369491811,0.4305,1559.9388258921547
5865.605382880694,0.3984,1821.4407855464856
5865.6653989473625,0.4852,1228.0400260102974
5865.715412336258,0.4166,1665.7709368353176
5865.765425725156,0.3824,1977.0509344038917
5865.81543911406,0.3961,1842.6549538580014
5865.865452502968,0.4498,1428.9435204598053
5865.91546589188,0.4015,1793.4225829730103
5865.965479280798,0.4015,1793.4225829730103
5866.01549266972,0.3568,2270.930122185546
5866.065506058642,0.3885,1915.453505708019
5866.115519447574,0.4537,1404.4827959851234
5866.165532836507,0.4243,1605.8603904341724
5866.225548903235,0.4161,1669.7766271799992
5866.2755622921795,0.4426,1475.812264226447
5866.325575681127,0.4291,1570.1344535607302
5866.375589070082,0.4563,1388.522928633991
5866.425602459039,0.4831,1238.7396070594991
5866.4756158479995,0.4649,1337.626721601882
5866.525629236967,0.4523,1413.1907979814157
5866.575642625938,0.4025,1784.5222585794427
5866.625656014913,0.375,2055.8482048567403
5866.675669403891,0.4236,1611.172139282459
5866.725682792877,0.4083,1734.1833393548445
5866.785698859662,0.4001,1805.995330315879
5866.835712248658,0.3723,2085.7751610749897
5866.885725637655,0.406,1753.8873276342824
5866.935739026658,0.3713,2097.0252460466118
5866.985752415666,0.4418,1481.161816418565
5867.035765804675,0.4171,1661.7796433236067
5867.085779193691,0.3904,1896.8546514279428
5867.135792582713,0.375,2055.8482048567403
5867.185805971738,0.4675,1322.7897115112721
5867.235819360767,0.4093,1725.7198131484984
5867.295835427607,0.4261,1592.3216127394055
5867.345848816646,0.4045,1766.919230698914
5867.395862205691,0.4206,1634.2379632338043
5867.445875594738,0.4349,1528.533932316649
5867.49588898379,0.4514,1418.8316345875842
5867.545902372846,0.4431,1472.4834980920878
5867.595915761908,0.4683,1318.2741205603256
5867.645929150974,0.4612,1359.1751202587882
5867.695942540042,0.4199,1639.691249148831
5867.745955929117,0.4002,1805.0928989405043
5867.805971996014,0.4307,1558.4904181662673
5867.855985385097,0.4329,1542.6901929034786
5867.905998774186,0.4447,1461.9067946844727
5867.9560121632785,0.4462,1452.0942917631978
5868.006025552376,0.4586,1374.6302665022022
5868.056038941479,0.465,1337.0514613804712
5868.106052330583,0.4082,1735.0331147141287
5868.156065719695,0.4088,1729.9438125212876
5868.20607910881,0.404,1771.2954887245266
5868.25609249793,0.4685,1317.1488356714751
5868.306105887054,0.4657,1333.035010415591
5868.366121954007,0.4467,1448.8454035473942
5868.416135343142,0.4853,1227.5339839858761
5868.466148732279,0.412,1703.1753244769654
5868.516162121423,0.4112,1709.8088963049827
5868.566175510568,0.4272,1584.1320310866959
5868.616188899719,0.4223,1621.1069850147878
5868.666202288876,0.4902,1203.1160237182257
5868.716215678037,0.4965,1172.7775440243418
5868.766229067201,0.4919,1194.814503749045
5868.816242456371,0.4824,1242.3372233635284
5868.876258523379,0.4896,1206.0666383427674
5868.926271912559,0.4714,1300.992814077055
5868.976285301741,0.5029,1143.1175655542568
5869.026298690928,0.4358,1522.227108619736
5869.07631208012,0.4387,1502.1684906020266
5869.126325469317,0.431,1556.3215860456448
5869.176338858519,0.378,2023.3452734045695
5869.226352247725,0.415,1678.6401650351165
5869.2763656369325,0.4308,1557.766970664847
5869.326379026148,0.4431,1472.4834980920878
5869.376392415365,0.4582,1377.0313617043578
5869.436408482434,0.4219,1624.1823519135567
5869.486421871664,0.4119,1704.002407717934
5869.536435260896,0.4698,1309.8694794426067
5869.586448650133,0.4506,1423.874113005976
5869.636462039375,0.4236,1611.172139282459
5869.686475428622,0.4422,1478.4834110561321
5869.736488817871,0.4773,1269.0280107221095
5869.786502207126,0.467,1325.6237479298925
5869.836515596386,0.4312,1554.8782121584125
5869.88652898565,0.4146,1681.8807745402341
5869.946545052771,0.487,1218.9789070642205
5869.996558442045,0.5015,1149.5087727355917
5870.0465718313235,0.455,1396.4686627620285
5870.096585220606,0.3806,1995.795534932892
5870.146598609892,0.3828,1972.9213360065417
5870.196611999183,0.3873,1927.3414433674484
5870.2466253884795,0.4227,1618.0403446008854
5870.296638777779,0.456,1390.3505294663516
5870.346652167083,0.4628,1349.7934593292043
5870.396665556393,0.4714,1300.992814077055
5870.456681623568,0.4768,1271.690952698606
5870.5066950128885,0.4423,1477.814944886885
5870.55670840221,0.4312,1554.8782121584125
5870.606721791537,0.4731,1291.6598634359175
5870.65673518087,0.4298,1565.0241858238378
5870.7067485702055,0.4353,1525.7260699059564
5870.756761959547,0.3905,1895.8832778453223
5870.806775348891,0.4491,1433.4014931742997
5870.8567887382405,0.4724,1295.4906419242016
5870.906802127595,0.4439,1467.1808503736863
5870.956815516954,0.3937,1865.1890661487946
5871.016831584189,0.4345,1531.3495530192665
5871.066844973557,0.4626,1350.9608456883727
5871.11685836293,0.5011,1151.3446781773798
5871.166871752307,0.487,1218.9789070642205
5871.216885141688,0.4755,1278.6539585648195
5871.266898531074,0.4486,1436.5985442525905
5871.316911920465,0.4361,1520.1335061818775
5871.366925309859,0.4602,1365.0884139685277
5871.416938699258,0.404,1771.2954887245266
5871.466952088662,0.4385,1503.5390790929098
5871.526968155951,0.4148,1680.2592979211945
5871.576981545363,0.4363,1518.7401698455026
5871.6269949347825,0.4562,1389.1317283130245
5871.677008324204,0.393,1871.8394060728365
5871.727021713632,0.4293,1568.6718259763823
5871.777035103061,0.4365,1517.3487483048875
5871.827048492496,0.4716,1299.8895789721207
5871.877061881936,0.4365,1517.3487483048875
5871.92707527138,0.4552,1395.2418096733093
5871.977088660829,0.4339,1535.5875934877472
5872.027102050281,0.4868,1219.9807368164707
5872.087118117631,0.4607,1362.126953830703
5872.137131507094,0.448,1440.4491442737306
5872.187144896561,0.4678,1321.0936498610045
5872.237158286031,0.4617,1356.232871574937
5872.287171675508,0.4314,1553.4368452752667
5872.337185064988,0.4185,1650.6800276652534
5872.387198454473,0.4002,1805.0928989405043
5872.437211843962,0.4132,1693.297116933064
5872.487225233454,0.4215,1627.2664784382723
5872.537238622953,0.4716,1299.8895789721207
5872.597254690356,0.4572,1383.0616954010031
5872.647268079865,0.4393,1498.0679509124736
5872.697281469376,0.4551,1395.8550340340214
5872.747294858893,0.4545,1399.5428843713316
5872.797308248413,0.414,1686.7593121064167
5872.84732163794,0.4433,1471.1551443687872
5872.897335027469,0.4509,1421.9800381158689
5872.947348417003,0.4736,1288.933986517818
5872.997361806541,0.4576,1380.6448174453774
5873.047375196084,0.4146,1681.8807745402341
5873.107391263541,0.4428,1474.479404568006
5873.157404653094,0.4224,1620.3395080944822
5873.207418042652,0.4264,1590.08180355032
5873.257431432214,0.4643,1341.0860921545136
5873.3074448217785,0.419,1646.7428171636127
5873.35745821135,0.4477,1442.3802524369244
5873.407471600924,0.4268,1587.1027352026822
5873.457484990504,0.4723,1296.0392868725044
5873.507498380086,0.4766,1272.758476919301
5873.557511769675,0.46,1366.2757028410945
5873.607525159267,0.4264,1590.08180355032
5873.667541226783,0.4829,1239.7659011673725
5873.717554616387,0.448,1440.4491442737306
5873.767568005994,0.4185,1650.6800276652534
5873.817581395604,0.4207,1633.4611437181522
5873.867594785218,0.4392,1498.7502073260982
5873.917608174838,0.4148,1680.2592979211945
5873.967621564463,0.4254,1597.5662745536467
5874.0176349540925,0.4783,1263.727158702424
5874.067648343725,0.5042,1137.2304805907042
5874.11766173336,0.4469,1447.5489005588067
5874.167675123003,0.4519,1415.6936758075458
5874.227691190579,0.482,1244.4000451666666
5874.277704580231,0.4312,1554.8782121584125
5874.327717969888,0.5223,1059.7762487041543
5874.377731359547,0.4798,1255.8379394257734
5874.427744749213,0.4673,1323.9222344732827
5874.477758138883,0.4589,1372.833564018644
5874.527771528554,0.4027,1782.7501456516816
5874.577784918232,0.4563,1388.522928633991
5874.627798307916,0.48,1254.7916280163665
5874.677811697601,0.4554,1394.016572633305
5874.7378277652315,0.389,1910.5326379014525
5874.787841154927,0.4324,1546.259986048045
5874.837854544629,0.4509,1421.9800381158689
5874.887867934334,0.4445,1463.222639356914
5874.937881324045,0.4479,1441.0924158646494
5874.987894713759,0.368,2134.8034652550755
5875.037908103476,0.4234,1612.694622857416
5875.0879214932,0.4576,1380.6448174453774
5875.137934882929,0.4295,1567.2112411630883
5875.187948272659,0.4098,1721.5112655022344
5875.247964340344,0.3959,1844.517157173602
5875.297977730085,0.3527,2324.034199781522
5875.347991119831,0.3748,2058.042859323643
5875.398004509582,0.4013,1795.2106368129657
5875.448017899335,0.3713,2097.0252460466118
5875.498031289095,0.4451,1459.2804246569701
5875.548044678858,0.4566,1386.6989289771332
5875.598058068626,0.4455,1456.6611258345708
5875.6480714583995,0.4025,1784.5222585794427
5875.698084848175,0.5043,1136.7795127253044
5875.748098237956,0.4821,1243.8838583157499
5875.808114305699,0.4431,1472.4834980920878
5875.85812769549,0.4554,1394.016572633305
5875.908141085285,0.48,1254.7916280163665
5875.9581544750845,0.4608,1361.535818327995
5876.008167864889,0.4777,1266.9036748646342
5876.058181254699,0.438,1506.9737681953077
5876.108194644511,0.4047,1765.173267499399
5876.158208034328,0.3857,1943.364956129773
5876.20822142415,0.4349,1528.533932316649
5876.258234813976,0.3817,1984.3089958248834
5876.318250881773,0.4315,1552.7169132976246
5876.3682642716085,0.4121,1702.3488432604183
5876.41827766145,0.4143,1684.3173938709692
5876.468291051293,0.4022,1787.185386407062
5876.518304441142,0.4264,1590.08180355032
5876.5683178309955,0.4136,1690.0234724111947
5876.618331220854,0.4353,1525.7260699059564
5876.668344610716,0.4483,1438.5219116668125
5876.718358000582,0.4387,1502.1684906020266
5876.768371390454,0.4309,1557.044026780419
5876.818384780328,0.4119,1704.002407717934
5876.878400848186,0.4353,1525.7260699059564
5876.928414238071,0.4728,1293.2995422688325
5876.978427627961,0.3476,2392.730923167858
5877.028441017853,0.427,1585.6163395743351
5877.078454407752,0.4474,1444.3152465547305
5877.1284677976555,0.4132,1693.297116933064
5877.178481187562,0.3986,1819.613410475035
5877.2284945774745,0.4218,1624.9525610317762
5877.27850796739,0.4301,1562.841705371075
5877.32852135731,0.4315,1552.7169132976246
5877.38853742522,0.4416,1482.5037492707816
5877.438550815152,0.4242,1606.6176020725386
5877.488564205085,0.481,1249.5796335567857
5877.5385775950235,0.4037,1773.9290521316534
5877.588590984968,0.4341,1534.1729606223234
5877.638604374915,0.4485,1437.2392378964437
5877.688617764868,0.4788,1261.089179000523
5877.738631154823,0.4931,1189.006229989493
5877.788644544785,0.4004,1803.290064204663
5877.838657934751,0.3626,2198.861634225426
5877.898674002713,0.3958,1845.4493176117253
5877.948687392689,0.3874,1926.346560705505
5877.9987007826685,0.4361,1520.1335061818775
5878.048714172653,0.4486,1436.5985442525905
5878.09872756264,0.4308,1557.766970664847
5878.1487409526335,0.4648,1338.2023531577572
5878.198754342629,0.4835,1236.6908382620745
5878.248767732631,0.412,1703.1753244769654
5878.298781122637,0.3833,1967.7775076845696
5878.348794512646,0.4298,1565.0241858238378
5878.398807902661,0.4145,1682.6923931634576
5878.458823970685,0.3814,1987.431834095056
5878.508837360709,0.4005,1802.3896594941023
5878.558850750738,0.3941,1861.4047722498944
5878.6088641407705,0.4087,1730.7904732594866
5878.658877530807,0.3745,2061.3414361071837
5878.70889092085,0.3658,2160.5589479883633
5878.7589043108965,0.4309,1557.044026780419
5878.808917700946,0.4842,1233.1177029905946
5878.858931091002,0.4475,1443.66981609942
5878.908944481061,0.4607,1362.126953830703
5878.958957871126,0.4403,1491.270933577813
5879.018973939208,0.4403,1491.270933577813
5879.06898732928,0.4768,1271.690952698606
5879.119000719359,0.4867,1220.4821148980695
5879.169014109441,0.4753,1279.730264298153
5879.219027499528,0.4829,1239.7659011673725
5879.269040889621,0.3897,1903.6752178832025
5879.319054279715,0.4548,1397.6971347427357
5879.369067669813,0.409,1728.252353728367
5879.419081059919,0.3808,1993.6996670855497
5879.469094450028,0.4045,1766.919230698914
5879.529110518162,0.4549,1397.0826962129347
5879.579123908282,0.4511,1420.719420370574
5879.629137298405,0.4515,1418.2032087321716
5879.679150688532,0.4341,1534.1729606223234
5879.729164078663,0.4433,1471.1551443687872
5879.779177468799,0.4515,1418.2032087321716
5879.82919085894,0.4698,1309.8694794426067
5879.879204249085,0.4499,1428.308365297216
5879.929217639234,0.415,1678.6401650351165
5879.979231029389,0.4398,1494.6636467139772
5880.0392470975785,0.4344,1532.0546737777
5880.089260487741,0.4445,1463.222639356914
5880.13927387791,0.4488,1435.3184415369096
5880.189287268082,0.4887,1210.5129540867588
5880.239300658258,0.4568,1385.484925188547
5880.2893140484375,0.4955,1177.5160247540905
5880.3393274386235,0.4368,1515.265198566769
5880.389340828813,0.3999,1807.802224463103
5880.439354219006,0.4026,1783.6358719910297
5880.489367609204,0.4327,1544.1166252145536
5880.54938367745,0.4537,1404.4827959851234
5880.599397067657,0.4264,1590.08180355032
5880.64941045787,0.412,1703.1753244769654
5880.699423848086,0.384,1960.6098764773408
5880.749437238308,0.4576,1380.6448174453774
5880.799450628534,0.4313,1554.1572780739841
5880.849464018765,0.462,1354.4721058573127
5880.899477408999,0.4865,1221.4857987419202
5880.949490799237,0.431,1556.3215860456448
5880.99950418948,0.4148,1680.2592979211945
5881.049517579729,0.4636,1345.1390126207348
5881.10953364803,0.4437,1468.503823744665
5881.159547038286,0.4142,1685.1307770907742
5881.20956042855,0.4512,1420.0897400361598
5881.259573818816,0.4124,1699.8730059195104
5881.309587209086,0.3334,2600.890692464452
5881.35960059936,0.4328,1543.4031618728463
5881.40961398964,0.4883,1212.4969905890612
5881.459627379923,0.4526,1411.3179928729655
5881.509640770212,0.4481,1439.8063032998894
5881.5596541605055,0.4204,1635.793265620205
5881.6096675508015,0.4137,1689.206544622392
5881.669683619163,0.383,1970.8613871142018
5881.71969700947,0.3956,1847.315759617881
5881.769710399782,0.4453,1457.9698929329152
5881.819723790097,0.436,1520.8308934965942
5881.869737180416,0.4237,1610.4117058596014
5881.919750570739,0.4072,1743.5653312504053
5881.969763961069,0.4022,1787.185386407062
5882.019777351402,0.4249,1601.3283420431965
5882.069790741739,0.4539,1403.2453689945967
5882.11980413208,0.4457,1455.3541201952778
5882.179820200497,0.4398,1494.6636467139772
5882.229833590847,0.4149,1679.449438793963
5882.279846981202,0.4104,1716.4812986535158
5882.329860371563,0.395,1852.9321062520214
5882.379873761927,0.3879,1921.3836834733113
5882.429887152297,0.4169,1663.3744375277597
5882.479900542669,0.4386,1502.8535504792496
5882.529913933047,0.4935,1187.0795479941883
5882.579927323429,0.4624,1352.129747146518
5882.629940713817,0.4273,1583.3906582997379
5882.689956782285,0.463,1348.6275854517014
5882.739970172681,0.4864,1221.9881050128377
5882.7899835630815,0.4508,1422.6109762704702
5882.839996953487,0.4577,1380.0415878288527
5882.890010343896,0.4573,1382.456881295921
5882.94002373431,0.4084,1733.3341881404458
5882.990037124728,0.3937,1865.1890661487946
5883.04005051515,0.3924,1877.5680473524706
5883.090063905577,0.3679,2135.964154461207
5883.140077296009,0.4467,1448.8454035473942
5883.190090686444,0.4143,1684.3173938709692
5883.250106754971,0.4431,1472.4834980920878
5883.300120145418,0.4784,1263.1989009937358
5883.350133535867,0.4429,1473.8136517484947
5883.400146926321,0.4845,1231.5910981741854
5883.450160316779,0.5252,1048.1050368568463
5883.5001737072425,0.4588,1373.4320732525046
5883.55018709771,0.418,1654.631375327397
5883.600200488181,0.3786,2016.9372333002268
5883.650213878657,0.3999,1807.802224463103
5883.700227269138,0.3928,1873.746036598102
5883.760243337719,0.3979,1826.0212846940292
5883.81025672821,0.4321,1548.4078127224316
5883.860270118704,0.4006,1801.48992898979
5883.910283509203,0.4391,1499.4329299200076
5883.960296899706,0.4247,1602.8368907779036
5884.010310290214,0.4415,1483.1753996828347
5884.060323680725,0.4562,1389.1317283130245
5884.110337071241,0.4589,1372.833564018644
5884.160350461762,0.4336,1537.713214251871
5884.210363852288,0.4048,1764.3012561961943
5884.260377242818,0.44,1493.3051734821413
5884.320393311457,0.4179,1655.423347275121
5884.370406701997,0.446,1453.3969075624564
5884.4204200925415,0.4609,1360.9450675530516
5884.470433483088,0.4517,1416.9476089090426
5884.520446873641,0.414,1686.7593121064167
5884.570460264197,0.4325,1545.5450368441907
5884.620473654758,0.4343,1532.7602816650608
5884.670487045324,0.4559,1390.9605316437046
5884.720500435894,0.4062,1752.1606400589749
5884.770513826469,0.397,1834.3098379682813
5884.830529895163,0.4461,1452.745380662683
5884.880543285747,0.4898,1205.0818952309385
5884.930556676335,0.4063,1751.2982523136398
5884.980570066928,0.4433,1471.1551443687872
5885.030583457525,0.4486,1436.5985442525905
5885.080596848126,0.4296,1566.481713607033
5885.1306102387325,0.4428,1474.479404568006
5885.180623629342,0.4421,1479.1523308830954
5885.230637019958,0.4508,1422.6109762704702
5885.2806504105765,0.4502,1426.4054386376931
5885.340666479325,0.4774,1268.49642612105
5885.390679869953,0.4182,1653.0491354755022
5885.440693260585,0.4459,1454.0488728554749
5885.490706651223,0.4702,1307.6418153985974
5885.540720041864,0.4411,1485.866570888651
5885.590733432511,0.417,1662.5767535928867
5885.640746823163,0.4425,1476.4793718814794
5885.690760213816,0.3971,1833.386103766989
5885.740773604475,0.4388,1501.4838990340006
5885.790786995139,0.4662,1330.1771869205538
5885.840800385807,0.4205,1635.0153370253413
5885.900816454616,0.4075,1740.9990697742826
5885.950829845292,0.446,1453.3969075624564
5886.0008432359755,0.4572,1383.0616954010031
5886.050856626662,0.4595,1369.2507106220448
5886.100870017352,0.4795,1257.40986206684
5886.150883408047,0.4313,1554.1572780739841
5886.200896798747,0.4398,1494.6636467139772
5886.25091018945,0.4751,1280.8079295726286
5886.300923580158,0.4538,1403.863877979463
5886.350936970872,0.4485,1437.2392378964437
5886.410953039732,0.4,1806.898438597692
5886.460966430455,0.4371,1513.1859374282647
5886.510979821182,0.4031,1779.2138296856015
5886.560993211912,0.4585,1375.2299512013976
5886.611006602648,0.4271,1584.8739246822508
5886.661019993388,0.3866,1934.3272526188523
5886.711033384132,0.3966,1838.0117647979248
5886.761046774882,0.4335,1538.4227353713493
5886.811060165634,0.4305,1559.9388258921547
5886.861073556392,0.4702,1307.6418153985974
5886.911086947153,0.4014,1794.3162758030503
5886.971103016073,0.3572,2265.8469144491296
5887.021116406846,0.3904,1896.8546514279428
5887.07112979762,0.4711,1302.6503020308103
5887.1211431884,0.4478,1441.73611845734
5887.171156579187,0.4474,1444.3152465547305
5887.221169969975,0.4143,1684.3173938709692
5887.271183360768,0.4525,1411.9418473790408
5887.321196751565,0.3989,1816.8774997971818
5887.371210142368,0.4064,1750.4365010935394
5887.421223533173,0.4848,1230.0673265185683
5887.481239602148,0.5059,1129.6003570808423
5887.531252992963,0.4716,1299.8895789721207
5887.581266383784,0.4076,1740.1449082274803
5887.631279774609,0.4431,1472.4834980920878
5887.681293165438,0.4089,1729.0977728800322
5887.731306556272,0.4023,1786.2970151298434
5887.781319947109,0.4029,1780.980671098687
5887.831333337952,0.4121,1702.3488432604183
5887.881346728799,0.4316,1551.9974816769593
5887.931360119651,0.484,1234.1370169827965
5887.981373510505,0.4285,1574.5346310958837
5888.041389579537,0.4382,1505.5984816322243
5888.091402970403,0.4673,1323.9222344732827
5888.141416361273,0.4242,1606.6176020725386
5888.191429752147,0.4665,1328.4669018689062
5888.241443143023,0.4285,1574.5346310958837
5888.291456533907,0.424,1608.133632950225
5888.341469924793,0.4324,1546.259986048045
5888.391483315686,0.4498,1428.9435204598053
5888.441496706581,0.4426,1475.812264226447
5888.49151009748,0.3748,2058.042859323643
5888.551526166568,0.4684,1317.7112979361711
5888.601539557478,0.4511,1420.719420370574
5888.651552948392,0.4276,1581.1696599196719
5888.701566339309,0.4049,1763.4298909054348
5888.751579730231,0.4106,1714.8095411493052
5888.801593121159,0.3861,1939.3403961422396
5888.851606512092,0.3374,2539.5874127587376
5888.9016199030275,0.4722,1296.5882804242879
5888.9516332939675,0.5462,969.06055195462
5889.001646684912,0.5631,911.7658033357058
5889.051660075861,0.4714,1300.992814077055
5889.111676145006,0.4327,1544.1166252145536
5889.161689535964,0.4461,1452.745380662683
5889.211702926929,0.399,1815.966900665108
5889.261716317895,0.3693,2119.800203161261
5889.3117297088675,0.3801,2001.0496863542671
5889.361743099844,0.4587,1374.0309739665263
5889.411756490823,0.4425,1476.4793718814794
5889.461769881808,0.4071,1744.42201274975
5889.511783272799,0.4032,1778.3313947741817
5889.561796663793,0.3984,1821.4407855464856
5889.62181273299,0.3971,1833.386103766989
5889.671826123995,0.4502,1426.4054386376931
5889.721839515003,0.4049,1763.4298909054348
5889.771852906015,0.4809,1250.0993702819037
5889.821866297029,0.5215,1063.0302071505123
5889.871879688052,0.4729,1292.7526359179374
5889.921893079077,0.3641,2180.781494900069
5889.971906470107,0.3368,2548.643856803184
5890.021919861141,0.4565,1387.306529316421
5890.071933252178,0.462,1354.4721058573127
5890.1319493214305,0.4431,1472.4834980920878
5890.181962712478,0.4369,1514.5716355911854
5890.231976103531,0.462,1354.4721058573127
5890.281989494586,0.4591,1371.6377186272919
5890.332002885648,0.4405,1489.9170820370996
5890.382016276713,0.3671,2145.2838415894075
5890.432029667783,0.417,1662.5767535928867
5890.482043058858,0.4547,1398.3119787078176
5890.532056449936,0.4006,1801.48992898979
5890.58206984102,0.4303,1561.389253707658
5890.632083232106,0.4215,1627.2664784382723
5890.692099301417,0.4148,1680.2592979211945
5890.742112692515,0.4427,1475.1456085913833
5890.792126083616,0.4047,1765.173267499399
5890.842139474721,0.4021,1788.0744205638096
5890.892152865832,0.4413,1484.520070545796
5890.942166256947,0.3997,1809.6118316575855
5890.992179648064,0.4406,1489.2408475282255
5891.042193039187,0.4311,1555.599647993728
5891.092206430315,0.4253,1598.3176266974267
5891.142219821447,0.4104,1716.4812986535158
5891.20223589081,0.4693,1312.6620736546047
5891.252249281952,0.4271,1584.8739246822508
5891.302262673098,0.4104,1716.4812986535158
5891.352276064248,0.4426,1475.812264226447
5891.402289455404,0.3856,1944.3730535920824
5891.452302846561,0.3836,1964.70086078572
5891.502316237726,0.36,2230.7375737878447
5891.552329628893,0.484,1234.1370169827965
5891.602343020065,0.2565,4394.1792760974995
5891.652356411242,0.2769,3770.568616131657
5891.702369802423,0.3952,1851.0571481946283
5891.762385871844,0.4287,1573.065852295999
5891.812399263034,0.3977,1827.8583235035335
5891.86241265423,0.4828,1240.27952657172
5891.912426045429,0.4342,1533.4663771301593
5891.962439436633,0.3822,1979.1205974501145
5892.01245282784,0.4379,1507.6621182269616
5892.062466219054,0.4676,1322.22399489936
5892.112479610269,0.4452,1458.6249380185345
5892.16249300149,0.4911,1198.7103628114194
5892.212506392716,0.5,1156.4161571154998
5892.272522462193,0.4172,1660.9831061699726
5892.322535853427,0.4377,1509.0402339438197
5892.372549244666,0.4709,1303.7570543472125
5892.42256263591,0.4167,1664.971528597376
5892.472576027159,0.4368,1515.265198566769
5892.5225894184105,0.4305,1559.9388258921547
5892.572602809668,0.4459,1454.0488728554749
5892.622616200928,0.505,1133.6302351868142
5892.6726295921935,0.4774,1268.49642612105
5892.7226429834645,0.4221,1622.6435755859268
5892.782659052993,0.4412,1485.1930918248959
5892.832672444273,0.4536,1405.1021233723059
5892.882685835557,0.4145,1682.6923931634576
5892.932699226846,0.3461,2413.5160347256206
5892.982712618139,0.3723,2085.7751610749897
5893.032726009435,0.4357,1522.925937309937
5893.082739400735,0.4323,1546.9754314560896
5893.132752792042,0.4466,1449.4943083244016
5893.182766183353,0.4761,1275.4331757766815
5893.232779574668,0.4134,1691.659106850523
5893.282792965984,0.4046,1766.0459254537939
5893.342809035574,0.4727,1293.8467957509151
5893.392822426902,0.4339,1535.5875934877472
5893.442835818235,0.3966,1838.0117647979248
5893.492849209571,0.401,1797.8977355887505
5893.5428626009125,0.5268,1041.7480959426407
5893.592875992259,0.4046,1766.0459254537939
5893.64288938361,0.4191,1645.9570655878204
5893.692902774963,0.4443,1464.5402613930946
5893.742916166322,0.4229,1616.5102865120118
5893.792929557686,0.356,2281.1479888629856
5893.852945627327,0.4293,1568.6718259763823
5893.902959018701,0.4081,1735.8835148301287
5893.952972410077,0.3798,2004.2121424640561
5894.0029858014595,0.3875,1925.3524481739246
5894.052999192845,0.4332,1540.554247665635
5894.103012584235,0.4536,1405.1021233723059
5894.15302597563,0.4221,1622.6435755859268
5894.203039367028,0.4216,1626.4946237738457
5894.253052758432,0.4173,1660.187141582695
5894.3030661498415,0.4421,1479.1523308830954
5894.353079541253,0.5296,1030.7617728090972
5894.413095610953,0.4071,1744.42201274975
5894.463109002374,0.5113,1105.866271611218
5894.5131223938015,0.5005,1154.1067940416572
5894.563135785232,0.5474,964.8165039866111
5894.613149176665,0.4454,1457.3152890036117
5894.663162568105,0.3792,2010.5595869565177
5894.713175959548,0.4281,1577.4783667495853
5894.763189350997,0.4508,1422.6109762704702
5894.813202742449,0.4637,1344.558900018506
5894.863216133905,0.4645,1339.9314790305655
5894.923232203659,0.4948,1180.8500691989707
5894.973245595125,0.4612,1359.1751202587882
5895.023258986597,0.4399,1493.9841784880139
5895.07327237807,0.3926,1875.6555817101225
5895.1232857695495,0.4583,1376.4304984596768
5895.173299161033,0.4266,1588.591221886647
5895.223312552522,0.4567,1386.091727717648
5895.273325944014,0.49,1204.098357678442
5895.323339335509,0.4515,1418.2032087321716
5895.373352727012,0.433,1541.9777178498093
5895.423366118518,0.453,1408.8267049582864
5895.483382188329,0.4999,1156.878861459613
5895.533395579844,0.4447,1461.9067946844727
5895.583408971364,0.4465,1450.143649143505
5895.633422362888,0.4534,1406.342007736136
5895.683435754417,0.3897,1903.6752178832025
5895.733449145949,0.4679,1320.5290208144695
5895.783462537485,0.472,1297.6873145201898
5895.8334759290265,0.397,1834.3098379682813
5895.883489320572,0.4065,1749.5753857724062
5895.933502712122,0.4378,1508.350939999413
5895.993518781987,0.4063,1751.2982523136398
5896.043532173547,0.5072,1123.8172511996224
5896.0935455651115,0.4466,1449.4943083244016
5896.14355895668,0.4719,1298.2373556560365
5896.193572348252,0.4113,1708.977582477601
5896.243585739829,0.346,2414.9113282696926
5896.29359913141,0.3531,2318.771755680467
5896.343612522996,0.4091,1727.40755445968
5896.393625914586,0.4847,1230.5749360410614
5896.443639306181,0.4876,1215.9808108628263
5896.503655376098,0.4525,1411.9418473790408
5896.553668767703,0.4574,1381.8524638327276
5896.603682159312,0.4408,1487.8897589429112
5896.653695550924,0.4552,1395.2418096733093
5896.70370894254,0.4153,1676.2158503322269
5896.753722334162,0.4445,1463.222639356914
5896.803735725787,0.4038,1773.0505454423383
5896.853749117419,0.4257,1595.3153942088259
5896.903762509052,0.3725,2083.536009799758
5896.95377590069,0.3995,1811.4241573335592
5897.003789292335,0.4156,1673.7967836813048
5897.063805362312,0.4229,1616.5102865120118
5897.113818753963,0.4175,1658.5969279133433
5897.16383214562,0.4309,1557.044026780419
5897.213845537282,0.4445,1463.222639356914
5897.263858928949,0.4607,1362.126953830703
5897.313872320619,0.4461,1452.745380662683
5897.363885712292,0.3908,1892.9736298354117
5897.413899103973,0.4077,1739.2913751241624
5897.463912495655,0.3995,1811.4241573335592
5897.513925887343,0.4993,1159.660928294308
5897.573941957372,0.4662,1330.1771869205538
5897.62395534907,0.5275,1038.9851065910004
5897.673968740772,0.4427,1475.1456085913833
5897.723982132478,0.3505,2353.300429020165
5897.773995524189,0.4451,1459.2804246569701
5897.824008915903,0.4493,1432.1256603015036
5897.874022307621,0.4176,1657.8026777359762
5897.924035699346,0.4421,1479.1523308830954
5897.974049091072,0.4042,1769.54303658584
5898.024062482805,0.4467,1448.8454035473942
5898.0740758745405,0.4716,1299.8895789721207
5898.13409194463,0.439,1500.1161191190156
5898.184105336376,0.483,1239.2525947513288
5898.234118728126,0.536,1006.2935681265214
5898.28413211988,0.4961,1174.66949802874
5898.334145511639,0.4545,1399.5428843713316
5898.384158903404,0.438,1506.9737681953077
5898.43417229517,0.4562,1389.1317283130245
5898.4841856869425,0.437,1513.8785486902225
5898.534199078717,0.4767,1272.2245468539559
5898.5842124705,0.4847,1230.5749360410614
5898.644228540642,0.503,1142.663091731818
5898.694241932433,0.4443,1464.5402613930946
5898.744255324226,0.464,1342.8208120779395
5898.794268716026,0.4711,1302.6503020308103
5898.844282107829,0.4213,1628.8118369599838
5898.894295499637,0.469,1314.3419189863396
5898.944308891449,0.4657,1333.035010415591
5898.994322283264,0.5068,1125.591929222259
5899.044335675086,0.4935,1187.0795479941883
5899.0943490669115,0.3849,1951.4517506288435
5899.144362458741,0.4112,1709.8088963049827
5899.204378528941,0.4467,1448.8454035473942
5899.25439192078,0.4861,1223.4968842790454
5899.304405312624,0.5683,895.1566786724475
5899.354418704472,0.5129,1098.977510522758
5899.404432096323,0.4517,1416.9476089090426
5899.45444548818,0.4941,1184.198293845316
5899.50445888004,0.5227,1058.1548693707068
5899.554472271907,0.5979,808.718423916412
5899.604485663774,0.5286,1034.6654232493445
5899.6544990556495,0.4638,1343.9791626095569
5899.714515125903,0.4997,1157.8051036529869
5899.764528517788,0.4832,1238.226937828066
5899.8145419096745,0.4231,1614.9823976873527
5899.864555301565,0.4508,1422.6109762704702
5899.914568693463,0.4929,1189.9713304507738
5899.964582085362,0.5422,983.4114675085956
5900.014595477269,0.5098,1112.3834803673017
5900.064608869177,0.509,1115.882908149467
5900.1146222610905,0.5028,1143.5723105688867
5900.164635653009,0.5316,1023.0204570745707
5900.214649044932,0.4724,1295.4906419242016
5900.274665115245,0.4919,1194.814503749045
5900.324678507176,0.3881,1919.4039012925232
5900.374691899112,0.4459,1454.0488728554749
5900.424705291055,0.36,2230.7375737878447
5900.474718682999,0.4332,1540.554247665635
5900.5247320749495,0.4841,1233.6272020681035
5900.574745466902,0.5544,940.6063077141164
5900.624758858859,0.4894,1207.052588985
5900.6747722508235,0.4564,1387.9145290853123
5900.724785642789,0.4521,1414.4414064790437
5900.7848017131555,0.4791,1259.5103540565356
5900.834815105131,0.3813,1988.4744185341378
5900.884828497114,0.4076,1740.1449082274803
5900.934841889098,0.3956,1847.315759617881
5900.984855281087,0.3985,1820.5267540890948
5901.03486867308,0.4069,1746.1372709790962
5901.084882065079,0.4146,1681.8807745402341
5901.13489545708,0.4205,1635.0153370253413
5901.184908849088,0.52,1069.1719073828979
5901.234922241099,0.4017,1791.6371991916546
5901.294938311517,0.3612,2215.9400596730707
5901.344951703539,0.3454,2423.308555191042
5901.394965095565,0.3506,2351.9581825237005
5901.444978487593,0.3692,2120.948676368314
5901.494991879627,0.3583,2251.955768915221
5901.545005271665,0.3329,2608.709364964042
5901.595018663707,0.3807,1994.747188112788
5901.645032055754,0.3256,2726.9955964298865
5901.695045447806,0.3703,2108.366596788151
5901.74505883986,0.3467,2405.169611882029
5901.795072231919,0.4099,1720.6714035480557
5901.855088302397,0.3874,1926.346560705505
5901.905101694469,0.4071,1744.42201274975
5901.95511508654,0.3499,2361.378090236533
5902.005128478618,0.3475,2394.1082286720193
5902.055141870701,0.3942,1860.4604983014183
5902.10515526279,0.3687,2126.7050665022534
5902.155168654879,0.3711,2099.2861834497726
5902.205182046974,0.363,2194.0183414663434
5902.255195439075,0.3475,2394.1082286720193
5902.305208831178,0.3132,2947.200055447972
5902.365224901709,0.3686,2127.8591564530993
5902.415238293823,0.4169,1663.3744375277597
5902.4652516859405,0.3863,1937.3328027186367
5902.515265078063,0.3541,2305.693579744868
5902.565278470191,0.4331,1541.265736255724
5902.615291862319,0.4514,1418.8316345875842
5902.665305254455,0.3885,1915.453505708019
5902.715318646596,0.3679,2135.964154461207
5902.765332038741,0.4341,1534.1729606223234
5902.815345430889,0.4174,1659.3917490131432
5902.865358823041,0.373,2077.953881221853
5902.925374893629,0.3998,1808.7066885901158
5902.975388285791,0.4009,1798.7947759891103
5903.025401677959,0.3741,2065.751888814074
5903.075415070129,0.3647,2173.6118268084447
5903.125428462304,0.4508,1422.6109762704702
5903.175441854485,0.4405,1489.9170820370996
5903.225455246668,0.3631,2192.810018592463
5903.275468638857,0.3842,1958.5691742739598
5903.3254820310485,0.4034,1776.5684932839804
5903.375495423245,0.4595,1369.2507106220448
5903.435511493889,0.3315,2630.7901738263845
5903.485524886094,0.4032,1778.3313947741817
5903.5355382783055,0.3922,1879.483439483877
5903.58555167052,0.3993,1813.239206938869
5903.635565062741,0.3912,1889.1045070992632
5903.685578454963,0.4069,1746.1372709790962
5903.735591847192,0.4082,1735.0331147141287
5903.7856052394245,0.4765,1273.292743176652
5903.835618631661,0.3904,1896.8546514279428
5903.885632023904,0.4156,1673.7967836813048
5903.945648094599,0.4497,1429.579099387816
5903.995661486848,0.4358,1522.227108619736
5904.045674879103,0.4325,1545.5450368441907
5904.0956882713635,0.3664,2153.4886945680596
5904.145701663628,0.3746,2060.241029916151
5904.195715055896,0.4459,1454.0488728554749
5904.245728448168,0.4477,1442.3802524369244
5904.295741840446,0.3522,2330.6374855480735
5904.345755232725,0.4123,1700.697684564763
5904.3957686250105,0.3906,1894.9126502279455
5904.445782017301,0.4875,1216.4797249272438
5904.505798088056,0.4398,1494.6636467139772
5904.555811480353,0.421,1631.134005561494
5904.605824872657,0.4299,1564.2961846494466
5904.6558382649655,0.4291,1570.1344535607302
5904.705851657279,0.3936,1866.1369428082617
5904.755865049594,0.391,1891.0375841530777
5904.805878441915,0.4229,1616.5102865120118
5904.8558918342405,0.4664,1329.0366302008288
5904.905905226572,0.371,2100.418023582469
5904.955918618904,0.3743,2063.5448949851398
5905.015934689712,0.4927,1190.9376064278272
5905.065948082056,0.4421,1479.1523308830954
5905.115961474402,0.3848,1952.4661478455794
5905.165974866755,0.4005,1802.3896594941023
5905.215988259111,0.3563,2277.308222525568
5905.266001651473,0.4224,1620.3395080944822
5905.316015043838,0.4186,1649.8914567533886
5905.366028436206,0.4435,1469.8285873325551
5905.416041828581,0.451,1421.3495196065924
5905.46605522096,0.4737,1288.3898466755136
5905.516068613342,0.4076,1740.1449082274803
5905.576084684207,0.3873,1927.3414433674484
5905.626098076598,0.4293,1568.6718259763823
5905.676111468995,0.3652,2167.6640778401247
5905.726124861396,0.4046,1766.0459254537939
5905.776138253802,0.4387,1502.1684906020266
5905.826151646211,0.4218,1624.9525610317762
5905.876165038624,0.4061,1753.0236649565852
5905.926178431043,0.3999,1807.802224463103
5905.976191823465,0.3514,2341.261430052732
5906.026205215892,0.3837,1963.6769151400156
5906.08622128681,0.4041,1770.418937405041
5906.1362346792475,0.4656,1333.6076802176287
5906.186248071686,0.423,1615.7460711980539
5906.236261464132,0.3772,2031.9369406159624
5906.28627485658,0.4095,1724.034544108396
5906.3362882490355,0.3788,2014.8079836094234
5906.386301641492,0.4235,1611.9331114453887
5906.436315033955,0.4418,1481.161816418565
5906.486328426422,0.3488,2376.2955459843265
5906.536341818892,0.4085,1732.4856604598517
5906.5963578898645,0.4587,1374.0309739665263
5906.646371282345,0.415,1678.6401650351165
5906.6963846748295,0.3726,2082.417786061043
5906.746398067317,0.3612,2215.9400596730707
5906.796411459812,0.4002,1805.0928989405043
5906.8464248523105,0.3838,1962.6537697623492
5906.896438244812,0.3691,2122.098083164365
5906.946451637319,0.4074,1741.8538603816703
5906.996465029829,0.4041,1770.418937405041
5907.046478422345,0.4165,1666.5709209452514
5907.096491814864,0.4183,1652.2588664851774
5907.156507885894,0.4135,1690.8409929626996
5907.206521278423,0.4266,1588.591221886647
5907.256534670954,0.4405,1489.9170820370996
5907.306548063492,0.4068,1746.9958489516641
5907.356561456036,0.393,1871.8394060728365
5907.406574848582,0.4057,1756.482148637624
5907.456588241131,0.4496,1430.2151024583052
5907.506601633687,0.4495,1430.8515300487486
5907.556615026247,0.4373,1511.8021400813905
5907.606628418811,0.5139,1094.7046709668641
5907.656641811379,0.5196,1070.8186839566488
5907.716657882466,0.5465,967.996918507741
5907.766671275042,0.4674,1323.3557912656213
5907.816684667625,0.403,1780.0969215763266
5907.86669806021,0.378,2023.3452734045695
5907.916711452802,0.463,1348.6275854517014
5907.966724845396,0.5118,1103.706592189154
5908.016738237995,0.4241,1607.375349409412
5908.0667516306,0.4427,1475.1456085913833
5908.116765023206,0.5048,1134.5286920479655
5908.166778415819,0.4559,1390.9605316437046
5908.226794486959,0.4197,1641.2543447144405
5908.276807879581,0.4026,1783.6358719910297
5908.326821272205,0.4213,1628.8118369599838
5908.376834664838,0.3867,1933.3269567073844
5908.426848057471,0.3907,1893.9427678121901
5908.476861450111,0.415,1678.6401650351165
5908.526874842755,0.4271,1584.8739246822508
5908.5768882354005,0.4039,1772.1726911885942
5908.626901628053,0.3784,2019.069860062979
5908.67691502071,0.4332,1540.554247665635
5908.736931091904,0.4672,1324.489041445465
5908.786944484567,0.4243,1605.8603904341724
5908.836957877239,0.4694,1312.1028408235914
5908.886971269913,0.5468,966.9350352542177
5908.936984662592,0.5428,981.2385873251068
5908.986998055276,0.445,1459.936353245167
5909.037011447963,0.4558,1391.5709353575337
5909.087024840654,0.4303,1561.389253707658
5909.137038233351,0.5327,1018.7998506315072
5909.1870516260515,0.4565,1387.306529316421
5909.237065018757,0.4553,1394.6289893246785
5909.297081090006,0.3994,1812.3313413040241
5909.347094482722,0.3675,2140.6163901411537
5909.397107875439,0.4074,1741.8538603816703
5909.447121268162,0.4294,1567.9412784612027
5909.497134660889,0.4635,1345.7195007400687
5909.547148053622,0.419,1646.7428171636127
5909.597161446358,0.4511,1420.719420370574
5909.647174839098,0.4038,1773.0505454423383
5909.697188231841,0.3626,2198.861634225426
5909.74720162459,0.4312,1554.8782121584125
5909.807217695896,0.4772,1269.559929547299
5909.857231088654,0.448,1440.4491442737306
5909.9072444814165,0.4492,1432.7633637208694
5909.957257874183,0.4507,1423.2423344428748
5910.007271266954,0.4497,1429.579099387816
5910.05728465973,0.4477,1442.3802524369244
5910.1072980525105,0.4382,1505.5984816322243
5910.157311445294,0.4443,1464.5402613930946
5910.207324838082,0.4282,1576.7416593769267
5910.2573382308765,0.421,1631.134005561494
5910.307351623675,0.47,1308.7549364655479
5910.367367695036,0.4329,1542.6901929034786
5910.417381087842,0.3705,2106.0909780572824
5910.467394480654,0.44,1493.3051734821413
5910.517407873468,0.4246,1603.5919646646933
5910.567421266289,0.4585,1375.2299512013976
5910.6174346591115,0.5032,1141.754956801345
5910.667448051941,0.4229,1616.5102865120118
5910.717461444773,0.4444,1463.8812280045527
5910.767474837611,0.4453,1457.9698929329152
5910.817488230453,0.4311,1555.599647993728
5910.877504301868,0.5053,1132.2845496877774
5910.927517694718,0.4202,1637.3507893328135
5910.977531087574,0.4462,1452.0942917631978
5911.027544480434,0.4199,1639.691249148831
5911.077557873296,0.4267,1587.846716917672
5911.127571266165,0.4339,1535.5875934877472
5911.177584659037,0.4301,1562.841705371075
5911.227598051914,0.4307,1558.4904181662673
5911.277611444796,0.4257,1595.3153942088259
5911.327624837681,0.426,1593.0692675592338
5911.38764090915,0.4281,1577.4783667495853
5911.437654302045,0.4246,1603.5919646646933
5911.487667694944,0.4264,1590.08180355032
5911.537681087847,0.3904,1896.8546514279428
5911.587694480754,0.4436,1469.1659815597025
5911.637707873667,0.4523,1413.1907979814157
5911.687721266584,0.4545,1399.5428843713316
5911.737734659505,0.4877,1215.4822036644475
5911.7877480524285,0.4667,1327.3285436898307
5911.837761445358,0.4921,1193.8435065715425
5911.887774838294,0.4669,1326.1916480662221
5911.94779090982,0.4297,1565.752695318583
5911.997804302761,0.471,1303.203501954943
5912.047817695709,0.5048,1134.5286920479655
5912.097831088661,0.5108,1108.0322961743132
5912.147844481618,0.4546,1398.9272284649592
5912.197857874579,0.4187,1649.1034507864892
5912.247871267544,0.4232,1614.2192654678684
5912.297884660513,0.397,1834.3098379682813
5912.3478980534865,0.4478,1441.73611845734
5912.397911446465,0.454,1402.627268670195
5912.447924839446,0.4405,1489.9170820370996
5912.50794091103,0.4383,1504.9115442409377
5912.557954304022,0.5413,986.6843456546156
5912.607967697018,0.4977,1167.1290263312044
5912.657981090018,0.4737,1288.3898466755136
5912.707994483022,0.5047,1134.978321071157
5912.758007876033,0.5863,841.0360793884629
5912.808021269046,0.4911,1198.7103628114194
5912.858034662063,0.488,1213.988220750769
5912.908048055085,0.5099,1111.9472096394588
5912.95806144811,0.5004,1154.5681129088198
5913.018077519748,0.5649,905.9645612727683
5913.068090912783,0.4501,1427.0393247621703
5913.118104305822,0.4666,1327.8975398032023
5913.168117698867,0.4634,1346.300364700683
5913.218131091916,0.4489,1434.6790317021032
5913.2681444849695,0.4571,1383.6669064951052
5913.318157878028,0.477,1270.6247709913305
5913.368171271089,0.4853,1227.5339839858761
5913.418184664154,0.393,1871.8394060728365
5913.468198057226,0.4753,1279.730264298153
5913.528214128915,0.5036,1139.9419317748382
5913.5782275219935,0.5229,1057.345574680509
5913.628240915078,0.4863,1222.4907211892958
5913.678254308166,0.4738,1287.8460513338018
5913.728267701258,0.502,1147.2200595470765
5913.778281094356,0.4317,1551.2785499497104
5913.828294487456,0.4721,1297.137622874947
5913.878307880562,0.4893,1207.5460177470795
5913.928321273673,0.4528,1410.0715236233611
5913.978334666788,0.4873,1217.4784746619107
5914.0383507385295,0.4532,1407.5835339647383
5914.088364131653,0.475,1281.3472727534543
5914.138377524781,0.431,1556.3215860456448
5914.188390917913,0.4362,1519.4365984447224
5914.2384043110505,0.4424,1477.1469319652238
5914.2884177041915,0.4176,1657.8026777359762
5914.338431097336,0.4709,1303.7570543472125
5914.388444490487,0.4951,1179.4194613324844
5914.43845788364,0.4573,1382.456881295921
5914.488471276799,0.4207,1633.4611437181522
5914.538484669962,0.4117,1705.6583826132187
5914.598500741762,0.4252,1599.069509019047
5914.648514134934,0.4612,1359.1751202587882
5914.69852752811,0.4507,1423.2423344428748
5914.74854092129,0.4077,1739.2913751241624
5914.798554314476,0.4579,1378.836314022018
5914.848567707664,0.4901,1203.6070403720828
5914.898581100859,0.4324,1546.259986048045
5914.948594494057,0.399,1815.966900665108
5914.998607887259,0.4125,1699.0489269663897
5915.048621280464,0.4575,1381.2484426646706
5915.098634673676,0.4632,1347.4632214442033
5915.158650745535,0.4355,1524.3250391558333
5915.208664138754,0.4358,1522.227108619736
5915.258677531979,0.4455,1456.6611258345708
5915.308690925209,0.4308,1557.766970664847
5915.358704318442,0.4278,1579.6915894561546
5915.40871771168,0.4468,1448.1969344221584
5915.458731104921,0.4177,1657.008997934381
5915.508744498168,0.4173,1660.187141582695
5915.558757891418,0.4405,1489.9170820370996
5915.608771284674,0.4613,1358.5859050606891
5915.668787356584,0.4136,1690.0234724111947
5915.718800749848,0.3885,1915.453505708019
5915.768814143118,0.4431,1472.4834980920878
5915.818827536389,0.4724,1295.4906419242016
5915.868840929667,0.4932,1188.524119981497
5915.918854322948,0.4743,1285.132231968681
5915.968867716234,0.4736,1288.933986517818
5916.018881109525,0.4432,1471.8190964418484
5916.068894502819,0.4541,1402.0095766463241
5916.118907896117,0.4477,1442.3802524369244
5916.178923968082,0.4431,1472.4834980920878
5916.228937361389,0.4215,1627.2664784382723
5916.278950754703,0.3955,1848.2500426163272
5916.32896414802,0.408,1736.7345403154252
5916.378977541342,0.4868,1219.9807368164707
5916.428990934665,0.3691,2122.098083164365
5916.479004327996,0.4243,1605.8603904341724
5916.52901772133,0.4633,1346.881604827103
5916.579031114668,0.4285,1574.5346310958837
5916.629044508011,0.4502,1426.4054386376931
5916.679057901359,0.3846,1954.4973165716415
5916.73907397338,0.432,1549.1247495008993
5916.789087366737,0.477,1270.6247709913305
5916.839100760097,0.4242,1606.6176020725386
5916.889114153462,0.5356,1007.7971789570017
5916.939127546833,0.438,1506.9737681953077
5916.989140940205,0.4563,1388.522928633991
5917.039154333583,0.4042,1769.54303658584
5917.089167726965,0.4394,1497.3861602548054
5917.139181120353,0.4465,1450.143649143505
5917.189194513744,0.4392,1498.7502073260982
5917.249210585817,0.439,1500.1161191190156
5917.299223979219,0.4952,1178.9431697351697
5917.349237372624,0.4261,1592.3216127394055
5917.399250766032,0.4369,1514.5716355911854
5917.449264159445,0.3852,1948.413297704552
5917.4992775528635,0.4366,1516.653754486756
5917.549290946285,0.3936,1866.1369428082617
5917.59930433971,0.3825,1976.0173201142304
5917.649317733142,0.4089,1729.0977728800322
5917.699331126577,0.4219,1624.1823519135567
5917.749344520015,0.5008,1152.7244951455523
5917.8093605921495,0.4235,1611.9331114453887
5917.859373985597,0.445,1459.936353245167
5917.90938737905,0.4656,1333.6076802176287
5917.959400772506,0.4671,1325.0562124937098
5918.009414165969,0.3872,1928.3370969554433
5918.059427559435,0.4261,1592.3216127394055
5918.109440952905,0.4255,1596.815452089362
5918.15945434638,0.3736,2071.284888494839
5918.209467739858,0.4005,1802.3896594941023
5918.259481133342,0.3835,1965.7256075342686
5918.319497205527,0.3791,2011.6204254990791
5918.369510599018,0.3811,1990.562050095863
5918.419523992516,0.41,1719.8321560505697
5918.469537386017,0.4099,1720.6714035480557
5918.519550779522,0.476,1275.9691272345856
5918.569564173033,0.4129,1695.7585964596465
5918.6195775665465,0.3955,1848.2500426163272
5918.669590960064,0.4285,1574.5346310958837
5918.719604353587,0.4431,1472.4834980920878
5918.769617747114,0.4629,1349.2103334936057
5918.829633819352,0.4616,1356.8205565136163
5918.879647212888,0.4848,1230.0673265185683
5918.929660606429,0.4313,1554.1572780739841
5918.979673999975,0.4015,1793.4225829730103
5919.029687393524,0.4345,1531.3495530192665
5919.079700787076,0.445,1459.936353245167
5919.129714180634,0.4555,1393.4045592447553
5919.179727574197,0.4553,1394.6289893246785
5919.229740967763,0.4602,1365.0884139685277
5919.279754361335,0.4695,1311.5439652910325
5919.32976775491,0.4231,1614.9823976873527
5919.389783827206,0.494,1184.6777739077975
5919.439797220791,0.4292,1569.402884184187
5919.489810614378,0.4275,1581.9094732027334
5919.539824007971,0.5098,1112.3834803673017
5919.58983740157,0.4525,1411.9418473790408
5919.639850795171,0.3984,1821.4407855464856
5919.689864188777,0.4445,1463.222639356914
5919.7398775823885,0.4079,1737.5861917833486
5919.789890976002,0.4304,1560.6637870540155
5919.839904369621,0.4704,1306.53011382406
5919.889917763244,0.4132,1693.297116933064
5919.949933835599,0.4188,1648.3160092250364
5919.99994722923,0.4259,1593.8174490807532
5920.049960622869,0.4217,1625.7233181452123
5920.09997401651,0.4359,1521.5287608290023
5920.149987410156,0.435,1527.8312404887383
5920.200000803805,0.4063,1751.2982523136398
5920.250014197459,0.4102,1718.1555020294086
5920.300027591117,0.5011,1151.3446781773798
5920.35004098478,0.4886,1211.008506420665
5920.400054378448,0.4509,1421.9800381158689
5920.460070450854,0.4236,1611.172139282459
5920.5100838445305,0.4096,1723.1928351813242
5920.560097238212,0.4323,1546.9754314560896
5920.610110631897,0.4789,1260.5625743310457
5920.660124025587,0.4675,1322.7897115112721
5920.710137419279,0.4883,1212.4969905890612
5920.760150812978,0.4745,1284.0491055741813
5920.81016420668,0.4465,1450.143649143505
5920.860177600388,0.4521,1414.4414064790437
5920.910190994097,0.4467,1448.8454035473942
5920.970207066556,0.4184,1651.4691640622464
5921.0202204602765,0.4061,1753.0236649565852
5921.070233854003,0.4026,1783.6358719910297
5921.120247247731,0.4194,1643.6031822386528
5921.170260641465,0.3855,1945.3819356657482
5921.220274035202,0.4016,1792.5295576574138
5921.270287428943,0.4675,1322.7897115112721
5921.320300822691,0.4442,1465.1997399230706
5921.37031421644,0.3818,1983.2696852237361
5921.420327610194,0.4333,1539.84325162448
5921.470341003954,0.4684,1317.7112979361711
5921.530357076473,0.4472,1445.6074066477165
5921.580370470239,0.4512,1420.0897400361598
5921.630383864012,0.4584,1375.8300284063523
5921.68039725779,0.4333,1539.84325162448
5921.730410651571,0.384,1960.6098764773408
5921.780424045357,0.4053,1759.9508771195162
5921.830437439147,0.435,1527.8312404887383
5921.880450832941,0.4086,1731.6377557027274
5921.930464226741,0.4262,1591.5744841270034
5921.980477620543,0.4385,1503.5390790929098
5922.040493693111,0.4216,1626.4946237738457
5922.090507086925,0.4008,1799.6924879089784
5922.1405204807415,0.3965,1838.9389975381976
5922.190533874562,0.4022,1787.185386407062
5922.240547268388,0.433,1541.9777178498093
5922.290560662215,0.406,1753.8873276342824
5922.340574056051,0.4568,1385.484925188547
5922.390587449889,0.3832,1968.804662761384
5922.440600843731,0.4185,1650.6800276652534
5922.4906142375785,0.4904,1202.1348913872491
5922.540627631428,0.445,1459.936353245167
5922.600643704055,0.4144,1683.5045994178975
5922.650657097916,0.4622,1353.3001663266134
5922.700670491781,0.4206,1634.2379632338043
5922.750683885649,0.4689,1314.9025840607626
5922.800697279523,0.473,1292.2060764047042
5922.8507106734005,0.3956,1847.315759617881
5922.900724067283,0.4376,1509.7300004918302
5922.9507374611685,0.3767,2037.3345515817198
5923.00075085506,0.4131,1694.1170142784895
5923.050764248954,0.4869,1219.4796676230812
5923.110780321634,0.4231,1614.9823976873527
5923.160793715539,0.4077,1739.2913751241624
5923.210807109445,0.4248,1602.0823500713632
5923.260820503358,0.4076,1740.1449082274803
5923.310833897276,0.3569,2269.657717806449
5923.360847291198,0.4313,1554.1572780739841
5923.410860685123,0.4736,1288.933986517818
5923.460874079054,0.4826,1241.3077354030543
5923.510887472988,0.4901,1203.6070403720828
5923.560900866925,0.4146,1681.8807745402341
5923.620916939657,0.3892,1908.5695990068446
5923.670930333606,0.3387,2520.1299691235704
5923.720943727559,0.4047,1765.173267499399
5923.770957121516,0.4558,1391.5709353575337
5923.820970515476,0.4665,1328.4669018689062
5923.870983909441,0.4421,1479.1523308830954
5923.92099730341,0.4764,1273.8273459083146
5923.971010697383,0.4841,1233.6272020681035
5924.021024091361,0.432,1549.1247495008993
5924.071037485344,0.4365,1517.3487483048875
5924.121050879329,0.4376,1509.7300004918302
5924.181066952121,0.4117,1705.6583826132187
5924.231080346117,0.4276,1581.1696599196719
5924.281093740116,0.4517,1416.9476089090426
5924.331107134121,0.3959,1844.517157173602
5924.38112052813,0.4295,1567.2112411630883
5924.431133922143,0.4278,1579.6915894561546
5924.48114731616,0.3198,2826.807675559933
5924.531160710183,0.2841,3581.8745558664605
5924.581174104208,0.3776,2027.634281024108
5924.63118749824,0.4604,1363.90267204869
5924.691203571081,0.4283,1576.005467964796
5924.741216965122,0.4261,1592.3216127394055
5924.791230359164,0.4184,1651.4691640622464
5924.841243753212,0.4368,1515.265198566769
5924.8912571472665,0.4264,1590.08180355032
5924.941270541322,0.4678,1321.0936498610045
5924.991283935385,0.4394,1497.3861602548054
5925.041297329449,0.4325,1545.5450368441907
5925.091310723519,0.4973,1169.007322834423
5925.141324117594,0.4382,1505.5984816322243
5925.191337511672,0.4999,1156.878861459613
5925.251353584571,0.4325,1545.5450368441907
5925.301366978659,0.4237,1610.4117058596014
5925.351380372751,0.3847,1953.4813362188652
5925.40139376685,0.3662,2155.841584654657
5925.451407160949,0.3815,1986.3900694030717
5925.501420555053,0.4127,1697.402565812021
5925.551433949162,0.4695,1311.5439652910325
5925.601447343277,0.4481,1439.8063032998894
5925.651460737394,0.4133,1692.4778146489757
5925.701474131516,0.4239,1608.8924532010099
5925.761490204468,0.4545,1399.5428843713316
5925.8115035986,0.4732,1291.1139967186725
5925.861516992735,0.4171,1661.7796433236067
5925.911530386876,0.3649,2171.229793155314
5925.961543781019,0.3796,2006.3246133174941
5926.0115571751685,0.3709,2101.550779317474
5926.061570569323,0.4049,1763.4298909054348
5926.1115839634795,0.3988,1817.7887840177793
5926.161597357641,0.405,1762.5591709891628
5926.211610751806,0.4365,1517.3487483048875
5926.261624145976,0.4097,1722.351742513086
5926.321640218987,0.4057,1756.482148637624
5926.371653613165,0.4444,1463.8812280045527
5926.421667007349,0.4577,1380.0415878288527
5926.471680401538,0.4047,1765.173267499399
5926.52169379573,0.4081,1735.8835148301287
5926.571707189927,0.4357,1522.925937309937
5926.621720584128,0.3885,1915.453505708019
5926.671733978333,0.3853,1947.4020569059585
5926.721747372542,0.4155,1674.602557050219
5926.771760766756,0.4229,1616.5102865120118
5926.831776839817,0.3876,1924.3591049780423
5926.881790234042,0.3881,1919.4039012925232
5926.9318036282675,0.4134,1691.659106850523
5926.981817022501,0.4295,1567.2112411630883
5927.031830416737,0.4439,1467.1808503736863
5927.081843810976,0.3811,1990.562050095863
5927.131857205222,0.4072,1743.5653312504053
5927.18187059947,0.4604,1363.90267204869
5927.231883993724,0.4339,1535.5875934877472
5927.28189738798,0.4357,1522.925937309937
5927.341913461096,0.4067,1747.855060325814
5927.391926855363,0.4222,1621.875007339633
5927.441940249633,0.444,1466.5200340117067
5927.491953643909,0.4274,1582.6498058340146
5927.541967038189,0.4245,1604.347572234197
5927.591980432474,0.471,1303.203501954943
5927.641993826761,0.5061,1128.707746980918
5927.692007221054,0.4183,1652.2588664851774
5927.742020615351,0.4686,1316.5867334586662
5927.792034009651,0.4235,1611.9331114453887
5927.842047403958,0.4685,1317.1488356714751
5927.902063477129,0.4951,1179.4194613324844
5927.952076871445,0.4376,1509.7300004918302
5928.002090265763,0.4572,1383.0616954010031
5928.052103660087,0.3996,1810.5176543452153
5928.102117054415,0.4225,1619.5725760624193
5928.152130448747,0.4548,1397.6971347427357
5928.202143843083,0.4453,1457.9698929329152
5928.252157237423,0.4405,1489.9170820370996
5928.302170631768,0.4435,1469.8285873325551
5928.352184026117,0.465,1337.0514613804712
5928.412200099341,0.4793,1258.4594507006973
5928.462213493699,0.4195,1642.819676462769
5928.512226888062,0.4505,1424.5063123330797
5928.562240282429,0.4763,1274.3622853968914
5928.612253676801,0.4287,1573.065852295999
5928.662267071177,0.428,1578.215590565032
5928.7122804655555,0.4458,1454.701276935136
5928.762293859941,0.4787,1261.6161137255071
5928.812307254329,0.4041,1770.418937405041
5928.862320648722,0.3662,2155.841584654657
5928.912334043119,0.4359,1521.5287608290023
5928.972350116401,0.4448,1461.249537860857
5929.022363510808,0.3948,1854.8099145042163
5929.072376905217,0.3912,1889.1045070992632
5929.122390299633,0.4953,1178.4671665948827
5929.172403694052,0.4326,1544.8305833857692
5929.2224170884765,0.4124,1699.8730059195104
5929.272430482904,0.4347,1529.9407710965204
5929.322443877337,0.4228,1617.2750441418718
5929.372457271772,0.4107,1713.974578110514
5929.422470666213,0.4273,1583.3906582997379
5929.482486739547,0.4405,1489.9170820370996
5929.532500133997,0.4253,1598.3176266974267
5929.582513528451,0.4477,1442.3802524369244
5929.632526922909,0.4308,1557.766970664847
5929.682540317373,0.388,1920.3934096940575
5929.7325537118395,0.395,1852.9321062520214
5929.782567106311,0.4004,1803.290064204663
5929.832580500787,0.4377,1509.0402339438197
5929.882593895268,0.4165,1666.5709209452514
5929.932607289751,0.403,1780.0969215763266
5929.982620684239,0.3886,1914.4678123872777
5930.042636757631,0.4158,1672.1869806879301
5930.09265015213,0.3871,1929.3335222662074
5930.142663546632,0.3583,2251.955768915221
5930.192676941138,0.408,1736.7345403154252
5930.242690335649,0.4385,1503.5390790929098
5930.292703730163,0.4022,1787.185386407062
5930.342717124683,0.3816,1985.349123599025
5930.392730519206,0.4107,1713.974578110514
5930.442743913734,0.4475,1443.66981609942
5930.492757308267,0.441,1486.5405081523327
5930.552773381711,0.4175,1658.5969279133433
5930.602786776252,0.4447,1461.9067946844727
5930.652800170798,0.4233,1613.4566740281666
5930.702813565348,0.4105,1715.6451144653452
5930.752826959902,0.4476,1443.0248181889563
5930.802840354462,0.3977,1827.8583235035335
5930.852853749024,0.4267,1587.846716917672
5930.902867143591,0.4072,1743.5653312504053
5930.952880538163,0.4667,1327.3285436898307
5931.002893932738,0.452,1415.0673333557056
5931.062910006236,0.4521,1414.4414064790437
5931.11292340082,0.4585,1375.2299512013976
5931.162936795408,0.4167,1664.971528597376
5931.212950190003,0.4203,1636.5717495464633
5931.2629635846015,0.4313,1554.1572780739841
5931.312976979203,0.4258,1594.5661577988085
5931.36299037381,0.4281,1577.4783667495853
5931.413003768421,0.426,1593.0692675592338
5931.463017163035,0.4279,1578.953331306092
5931.513030557656,0.4204,1635.793265620205
5931.563043952279,0.4341,1534.1729606223234
5931.623060025832,0.4332,1540.554247665635
5931.673073420465,0.3924,1877.5680473524706
5931.723086815103,0.4356,1523.6252473412512
5931.773100209745,0.3736,2071.284888494839
5931.8231136043905,0.4291,1570.1344535607302
5931.873126999039,0.4178,1656.2158879625474
5931.923140393695,0.4793,1258.4594507006973
5931.973153788353,0.4249,1601.3283420431965
5932.023167183016,0.3873,1927.3414433674484
5932.073180577684,0.4123,1700.697684564763
5932.133196651288,0.4137,1689.206544622392
5932.183210045965,0.4256,1596.0651588068135
5932.233223440646,0.4671,1325.0562124937098
5932.283236835331,0.4359,1521.5287608290023
5932.333250230021,0.4375,1510.420240075588
5932.383263624713,0.441,1486.5405081523327
5932.433277019412,0.4265,1589.3362506004048
5932.483290414115,0.4626,1350.9608456883727
5932.533303808821,0.4828,1240.27952657172
5932.58331720353,0.3922,1879.483439483877
5932.633330598246,0.4161,1669.7766271799992
5932.69334667191,0.4477,1442.3802524369244
5932.7433600666345,0.4267,1587.846716917672
5932.7933734613625,0.4403,1491.270933577813
5932.843386856096,0.4529,1409.448908149971
5932.893400250832,0.411,1711.4733447196486
5932.943413645575,0.4159,1671.3829499455978
5932.993427040321,0.4097,1722.351742513086
5933.043440435068,0.4503,1425.7719747745948
5933.093453829823,0.4664,1329.0366302008288
5933.143467224581,0.4606,1362.7184743953221
5933.203483298299,0.4344,1532.0546737777
5933.253496693066,0.3869,1931.3286912480658
5933.303510087838,0.3995,1811.4241573335592
5933.353523482615,0.4728,1293.2995422688325
5933.403536877396,0.4783,1263.727158702424
5933.453550272181,0.4047,1765.173267499399
5933.50356366697,0.3702,2109.5057894734764
5933.553577061763,0.4212,1629.5853418615545
5933.603590456561,0.4087,1730.7904732594866
5933.653603851362,0.4012,1796.1056666690201
5933.70361724617,0.4114,1708.1468747834967
5933.763633319943,0.4363,1518.7401698455026
5933.813646714759,0.4166,1665.7709368353176
5933.863660109579,0.4321,1548.4078127224316
5933.913673504404,0.4438,1467.842113483742
5933.96368689923,0.4899,1204.5899758828084
5934.013700294063,0.4636,1345.1390126207348
5934.0637136889,0.3824,1977.0509344038917
5934.113727083743,0.3922,1879.483439483877
5934.163740478588,0.4866,1220.9838021218188
5934.213753873438,0.47,1308.7549364655479
5934.273769947263,0.4109,1712.3064804887606
5934.323783342122,0.4352,1526.4273097283478
5934.373796736984,0.417,1662.5767535928867
5934.423810131853,0.4439,1467.1808503736863
5934.473823526724,0.4241,1607.375349409412
5934.523836921602,0.3914,1887.1743926078207
5934.573850316482,0.4127,1697.402565812021
5934.623863711365,0.4266,1588.591221886647
5934.6738771062555,0.463,1348.6275854517014
5934.723890501149,0.4096,1723.1928351813242
5934.783906575027,0.4437,1468.503823744665
5934.833919969928,0.3943,1859.5169427032913
5934.883933364837,0.4043,1768.667785623423
5934.933946759747,0.4341,1534.1729606223234
5934.983960154662,0.453,1408.8267049582864
5935.033973549583,0.4112,1709.8088963049827
5935.083986944505,0.4081,1735.8835148301287
5935.134000339434,0.4355,1524.3250391558333
5935.184013734367,0.46,1366.2757028410945
5935.234027129305,0.4609,1360.9450675530516
5935.284040524246,0.4272,1584.1320310866959
5935.34405659818,0.4656,1333.6076802176287
5935.39406999313,0.3916,1885.2472346280906
5935.444083388085,0.4285,1574.5346310958837
5935.494096783045,0.3485,2380.3884782952873
5935.544110178007,0.42,1638.9105386037259
5935.594123572975,0.4767,1272.2245468539559
5935.644136967947,0.4031,1779.2138296856015
5935.694150362923,0.3933,1868.9849121707211
5935.744163757903,0.4058,1755.6165688450542
5935.794177152886,0.3978,1826.939457749959
5935.854193226874,0.4275,1581.9094732027334
5935.904206621869,0.478,1265.3139215648107
5935.954220016867,0.4618,1355.645568372962
5936.004233411868,0.4339,1535.5875934877472
5936.054246806874,0.3947,1855.7498892589942
5936.104260201886,0.4235,1611.9331114453887
5936.154273596902,0.4612,1359.1751202587882
5936.204286991922,0.4653,1335.3279055315045
5936.254300386945,0.4724,1295.4906419242016
5936.304313781973,0.4289,1571.5991277272612
5936.354327177006,0.4228,1617.2750441418718
5936.41434325105,0.4545,1399.5428843713316
5936.464356646092,0.4276,1581.1696599196719
5936.514370041136,0.4243,1605.8603904341724
5936.564383436186,0.3758,2047.1045986431716
5936.614396831242,0.4196,1642.0367307992838
5936.6644102263,0.4442,1465.1997399230706
5936.714423621363,0.4497,1429.579099387816
5936.764437016431,0.4648,1338.2023531577572
5936.814450411502,0.4494,1431.4883825370425
5936.864463806578,0.4508,1422.6109762704702
5936.924479880675,0.4183,1652.2588664851774
5936.974493275759,0.4382,1505.5984816322243
5937.0245066708485,0.4572,1383.0616954010031
5937.074520065942,0.449,1434.040049041376
5937.124533461039,0.4562,1389.1317283130245
5937.174546856141,0.4455,1456.6611258345708
5937.224560251248,0.4465,1450.143649143505
5937.274573646359,0.3942,1860.4604983014183
5937.324587041474,0.4051,1761.6890958102108
5937.374600436592,0.4042,1769.54303658584
5937.434616510742,0.3804,1997.8947094257392
5937.484629905871,0.4204,1635.793265620205
5937.534643301003,0.5433,979.4333503196378
5937.58465669614,0.5792,861.7817459192861
5937.63467009128,0.5078,1121.1630934027423
5937.684683486426,0.4272,1584.1320310866959
5937.734696881576,0.4498,1428.9435204598053
5937.78471027673,0.4198,1640.4725176751188
5937.834723671888,0.4169,1663.3744375277597
5937.884737067052,0.3559,2282.4300692527218
5937.934750462218,0.4427,1475.1456085913833
5937.994766536425,0.4239,1608.8924532010099
5938.044779931599,0.4133,1692.4778146489757
5938.094793326781,0.4431,1472.4834980920878
5938.144806721964,0.4169,1663.3744375277597
5938.194820117154,0.4134,1691.659106850523
5938.244833512347,0.4097,1722.351742513086
5938.2948469075445,0.4549,1397.0826962129347
5938.344860302746,0.4155,1674.602557050219
5938.394873697953,0.4527,1410.6945517427828
5938.444887093164,0.3924,1877.5680473524706
5938.4949004883765,0.447,1446.9013015678875
5938.55491656264,0.4307,1558.4904181662673
5938.6049299578635,0.4127,1697.402565812021
5938.654943353094,0.405,1762.5591709891628
5938.7049567483255,0.4691,1313.7816124308574
5938.754970143561,0.4739,1287.3026002019349
5938.804983538803,0.4295,1567.2112411630883
5938.854996934048,0.4337,1537.0041838663208
5938.905010329297,0.428,1578.215590565032
5938.955023724551,0.4281,1577.4783667495853
5939.005037119809,0.4125,1699.0489269663897
5939.065053194124,0.3984,1821.4407855464856
5939.115066589391,0.4224,1620.3395080944822
5939.165079984662,0.4224,1620.3395080944822
5939.215093379938,0.4391,1499.4329299200076
5939.265106775218,0.4589,1372.833564018644
5939.315120170502,0.477,1270.6247709913305
5939.365133565791,0.4241,1607.375349409412
5939.415146961082,0.4142,1685.1307770907742
5939.465160356379,0.4486,1436.5985442525905
5939.515173751682,0.4264,1590.08180355032
5939.57518982605,0.3925,1876.6114490929408
5939.625203221359,0.4157,1672.991591746966
5939.675216616673,0.4284,1575.2697920314936
5939.7252300119935,0.4189,1647.529131530155
5939.775243407317,0.4192,1645.1718762658281
5939.825256802644,0.4247,1602.8368907779036
5939.875270197976,0.455,1396.4686627620285
5939.925283593313,0.3871,1929.3335222662074
5939.975296988652,0.3734,2073.504314362907
5940.025310383998,0.4888,1210.0177058653496
5940.075323779347,0.3991,1815.0569859350119
5940.135339853771,0.4395,1496.7048349292463
5940.185353249129,0.4081,1735.8835148301287
5940.235366644492,0.3913,1888.1390799117744
5940.285380039858,0.4081,1735.8835148301287
5940.33539343523,0.4094,1724.8768698964814
5940.385406830604,0.4393,1498.0679509124736
5940.435420225985,0.3858,1942.3576424654373
5940.4854336213675,0.394,1862.3497652781
5940.535447016756,0.4136,1690.0234724111947
5940.585460412148,0.4382,1505.5984816322243
5940.645476486624,0.4612,1359.1751202587882
5940.695489882027,0.4273,1583.3906582997379
5940.745503277432,0.4433,1471.1551443687872
5940.795516672842,0.4128,1696.580282450271
5940.845530068256,0.4022,1787.185386407062
5940.895543463675,0.4351,1527.1290331077084
5940.945556859098,0.4401,1492.6266312753953
5940.995570254525,0.427,1585.6163395743351
5941.045583649956,0.4305,1559.9388258921547
5941.0955970453915,0.3955,1848.2500426163272
5941.145610440831,0.4529,1409.448908149971
5941.205626515366,0.4407,1488.5650733027067
5941.255639910813,0.4007,1800.590872018783
5941.305653306267,0.4859,1224.5042900542148
5941.355666701726,0.3596,2235.703028828337
5941.4056800971875,0.4745,1284.0491055741813
5941.455693492655,0.4114,1708.1468747834967
5941.505706888123,0.4219,1624.1823519135567
5941.555720283598,0.4051,1761.6890958102108
5941.605733679076,0.3954,1849.1850345668029
5941.655747074561,0.3965,1838.9389975381976
5941.715763149146,0.4221,1622.6435755859268
5941.765776544639,0.44,1493.3051734821413
5941.815789940136,0.4789,1260.5625743310457
5941.865803335638,0.5135,1096.41081142621
5941.9158167311425,0.4269,1586.3592762514531
5941.965830126652,0.3948,1854.8099145042163
5942.015843522165,0.4134,1691.659106850523
5942.065856917684,0.3849,1951.4517506288435
5942.115870313207,0.4127,1697.402565812021
5942.1658837087325,0.3803,1998.9455388383592
5942.225899783369,0.3987,1818.7007540143074
5942.275913178905,0.411,1711.4733447196486
5942.3259265744455,0.4797,1256.3615859628521
5942.375939969988,0.4226,1618.8061884029125
5942.425953365539,0.426,1593.0692675592338
5942.4759667610915,0.4352,1526.4273097283478
5942.525980156648,0.4163,1668.1726189947817
5942.575993552209,0.4524,1412.5661156265442
5942.626006947776,0.4881,1213.490838503058
5942.676020343345,0.3887,1913.4828797282187
5942.726033738918,0.4789,1260.5625743310457
5942.786049813614,0.459,1372.2354459238227
5942.836063209196,0.4333,1539.84325162448
5942.886076604785,0.4372,1512.4938013701942
5942.936090000378,0.436,1520.8308934965942
5942.986103395972,0.4037,1773.9290521316534
5943.0361167915735,0.4232,1614.2192654678684
5943.086130187177,0.5174,1079.9443314245786
5943.136143582786,0.4241,1607.375349409412
5943.1861569784,0.474,1286.7594929894713
5943.236170374016,0.4089,1729.0977728800322
5943.296186448764,0.4264,1590.08180355032
5943.34619984439,0.4676,1322.22399489936
5943.396213240022,0.4264,1590.08180355032
5943.446226635657,0.422,1623.4126902711898
5943.496240031297,0.3452,2426.1173657732556
5943.546253426939,0.4463,1451.4436404714847
5943.5962668225875,0.5021,1146.7631372077121
5943.6462802182405,0.502,1147.2200595470765
5943.696293613896,0.4607,1362.126953830703
5943.746307009557,0.4243,1605.8603904341724
5943.796320405221,0.4115,1707.3167726335496
5943.856336480025,0.4138,1688.390209023367
5943.9063498757,0.3984,1821.4407855464856
5943.956363271378,0.3819,1982.2311909397943
5944.00637666706,0.3695,2117.506053472381
5944.056390062748,0.4473,1444.9611099417361
5944.106403458439,0.441,1486.5405081523327
5944.156416854134,0.4008,1799.6924879089784
5944.206430249835,0.4105,1715.6451144653452
5944.256443645538,0.2891,3459.0489583498706
5944.306457041245,0.3518,2335.9403981843757
5944.366473116101,0.3602,2228.261047325964
5944.41648651182,0.4125,1699.0489269663897
5944.466499907541,0.4561,1389.7409284733658
5944.516513303266,0.4687,1316.0249909905006
5944.566526698996,0.4763,1274.3622853968914
5944.616540094732,0.4444,1463.8812280045527
5944.6665534904705,0.4375,1510.420240075588
5944.716566886212,0.4252,1599.069509019047
5944.76658028196,0.4831,1238.7396070594991
5944.816593677711,0.4446,1462.5644950500978
5944.876609752619,0.4375,1510.420240075588
5944.92662314838,0.4049,1763.4298909054348
5944.976636544145,0.3645,2175.9977825694973
5945.026649939912,0.3961,1842.6549538580014
5945.076663335687,0.4367,1515.959238053088
5945.126676731465,0.4452,1458.6249380185345
5945.176690127247,0.4971,1169.948171867344
5945.226703523033,0.4662,1330.1771869205538
5945.276716918824,0.4536,1405.1021233723059
5945.3267303146185,0.4558,1391.5709353575337
5945.376743710417,0.3807,1994.747188112788
5945.436759785382,0.4067,1747.855060325814
5945.486773181189,0.5049,1134.0793301570409
5945.536786577002,0.425,1600.5748661921205
5945.586799972818,0.4466,1449.4943083244016
5945.636813368639,0.4185,1650.6800276652534
5945.686826764465,0.4247,1602.8368907779036
5945.736840160294,0.406,1753.8873276342824
5945.786853556128,0.4212,1629.5853418615545
5945.836866951964,0.3826,1974.9845161825187
5945.886880347808,0.4147,1681.069742981496
5945.936893743654,0.3891,1909.5507400744634
5945.996909818677,0.4057,1756.482148637624
5946.0469232145315,0.3664,2153.4886945680596
5946.096936610392,0.3979,1826.0212846940292
5946.146950006257,0.4069,1746.1372709790962
5946.196963402123,0.4669,1326.1916480662221
5946.2469767979965,0.3868,1932.3274365177497
5946.296990193872,0.3929,1872.7923573830067
5946.3470035897535,0.4007,1800.590872018783
5946.397016985639,0.4277,1580.430365499174
5946.447030381529,0.4616,1356.8205565136163
5946.507046456601,0.4716,1299.8895789721207
5946.557059852502,0.4682,1318.8373038518387
5946.607073248404,0.3686,2127.8591564530993
5946.657086644313,0.3802,1999.9971975236017
5946.707100040224,0.4249,1601.3283420431965
5946.75711343614,0.4201,1638.1303855085825
5946.807126832059,0.4419,1480.4915331530192
5946.857140227985,0.4009,1798.7947759891103
5946.907153623913,0.4084,1733.3341881404458
5946.957167019846,0.4187,1649.1034507864892
5947.01718309497,0.4663,1329.6067251131915
5947.0671964909125,0.4888,1210.0177058653496
5947.117209886859,0.4007,1800.590872018783
5947.16722328281,0.3699,2112.9289127795655
5947.217236678764,0.387,1930.330720097489
5947.267250074723,0.4028,1781.8650789058217
5947.317263470686,0.3795,2007.382101413976
5947.367276866654,0.4043,1768.667785623423
5947.417290262627,0.4094,1724.8768698964814
5947.467303658601,0.4107,1713.974578110514
5947.527319733777,0.3958,1845.4493176117253
5947.577333129765,0.4395,1496.7048349292463
5947.627346525754,0.3963,1840.7955692080818
5947.677359921746,0.4389,1500.7997753484194
5947.727373317745,0.4669,1326.1916480662221
5947.777386713748,0.4798,1255.8379394257734
5947.827400109754,0.4227,1618.0403446008854
5947.877413505765,0.4343,1532.7602816650608
5947.92742690178,0.4159,1671.3829499455978
5947.977440297798,0.3868,1932.3274365177497
5948.027453693822,0.415,1678.6401650351165
5948.087469769055,0.4858,1225.008459588434
5948.137483165088,0.452,1415.0673333557056
5948.187496561126,0.4599,1366.869928225705
5948.237509957167,0.4421,1479.1523308830954
5948.287523353212,0.3952,1851.0571481946283
5948.337536749261,0.4731,1291.6598634359175
5948.387550145317,0.4868,1219.9807368164707
5948.4375635413735,0.4423,1477.814944886885
5948.487576937437,0.4122,1701.5229634841594
5948.537590333503,0.4003,1804.1911437952554
5948.587603729574,0.3745,2061.3414361071837
5948.647619804863,0.4127,1697.402565812021
5948.697633200944,0.4512,1420.0897400361598
5948.747646597029,0.4431,1472.4834980920878
5948.797659993117,0.4209,1631.9091654078732
5948.84767338921,0.4329,1542.6901929034786
5948.897686785307,0.4173,1660.187141582695
5948.947700181408,0.4452,1458.6249380185345
5948.997713577514,0.4348,1529.2371090371641
5949.047726973624,0.4403,1491.270933577813
5949.097740369738,0.4407,1488.5650733027067
5949.157756445081,0.4244,1605.1037139894731
5949.207769841203,0.3841,1959.5891269058163
5949.257783237331,0.3992,1814.1477549212082
5949.307796633463,0.3551,2292.725736524714
5949.357810029598,0.406,1753.8873276342824
5949.4078234257395,0.4299,1564.2961846494466
5949.457836821884,0.4783,1263.727158702424
5949.50785021803,0.4278,1579.6915894561546
5949.5578636141845,0.4234,1612.694622857416
5949.607877010342,0.3949,1853.8706537428716
5949.667893085737,0.4129,1695.7585964596465
5949.717906481902,0.3997,1809.6118316575855
5949.7679198780725,0.3669,2147.6232939706456
5949.8179332742475,0.4107,1713.974578110514
5949.867946670427,0.4389,1500.7997753484194
5949.917960066611,0.3747,2059.141504634975
5949.967973462798,0.3587,2246.936100385294
5950.0179868589885,0.4762,1274.8975619252815
5950.068000255186,0.4592,1371.040381788672
5950.118013651387,0.4355,1524.3250391558333
5950.168027047592,0.4336,1537.713214251871
5950.228043123041,0.3828,1972.9213360065417
5950.278056519255,0.2204,5951.532032480892
5950.328069915474,0.2102,6543.141934344984
5950.378083311695,0.356,2281.1479888629856
5950.428096707922,0.4197,1641.2543447144405
5950.4781101041535,0.422,1623.4126902711898
5950.528123500388,0.4133,1692.4778146489757
5950.578136896625,0.4334,1539.1327476777224
5950.628150292869,0.4511,1420.719420370574
5950.678163689116,0.4266,1588.591221886647
5950.728177085371,0.4503,1425.7719747745948
5950.788193160877,0.3668,2148.7944554693545
5950.838206557139,0.3777,2026.5607515057263
5950.888219953403,0.4238,1609.6518106683934
5950.938233349673,0.4618,1355.645568372962
5950.9882467459465,0.4043,1768.667785623423
5951.038260142225,0.4808,1250.619431335032
5951.088273538507,0.432,1549.1247495008993
5951.138286934794,0.4924,1192.3892286643404
5951.188300331084,0.4466,1449.4943083244016
5951.23831372738,0.4119,1704.002407717934
5951.2983298029385,0.3836,1964.70086078572
5951.348343199243,0.3998,1808.7066885901158
5951.398356595552,0.4537,1404.4827959851234
5951.448369991865,0.381,1991.6070989424677
5951.498383388182,0.4493,1432.1256603015036
5951.548396784502,0.4003,1804.1911437952554
5951.598410180827,0.4375,1510.420240075588
5951.648423577156,0.3847,1953.4813362188652
5951.698436973491,0.4525,1411.9418473790408
5951.74845036983,0.3556,2286.2828022535564
5951.80846644544,0.4165,1666.5709209452514
5951.858479841788,0.4363,1518.7401698455026
5951.908493238139,0.4256,1596.0651588068135
5951.958506634494,0.4136,1690.0234724111947
5952.008520030854,0.4494,1431.4883825370425
5952.058533427219,0.4386,1502.8535504792496
5952.108546823587,0.4457,1455.3541201952778
5952.15856021996,0.4122,1701.5229634841594
5952.208573616337,0.4686,1316.5867334586662
5952.258587012717,0.3982,1823.2709147555813
5952.31860308838,0.4377,1509.0402339438197
5952.36861648477,0.3813,1988.4744185341378
5952.418629881166,0.4023,1786.2970151298434
5952.468643277565,0.4351,1527.1290331077084
5952.518656673967,0.4306,1559.2143697525619
5952.5686700703745,0.4313,1554.1572780739841
5952.618683466788,0.4606,1362.7184743953221
5952.668696863202,0.498,1165.7232731514118
5952.718710259622,0.5112,1106.2989681181334
5952.768723656046,0.3604,2225.788642671581
5952.818737052475,0.3364,2554.7084264051755
5952.878753128194,0.4199,1639.691249148831
5952.928766524632,0.4116,1706.4872754393534
5952.978779921074,0.4424,1477.1469319652238
5953.02879331752,0.3998,1808.7066885901158
5953.078806713969,0.3836,1964.70086078572
5953.128820110424,0.3449,2430.339746982105
5953.178833506883,0.4036,1774.8082119032342
5953.228846903347,0.4839,1234.6471479957763
5953.2788602998135,0.4748,1282.4269816362369
5953.328873696286,0.4538,1403.863877979463
5953.37888709276,0.3818,1983.2696852237361
5953.438903168537,0.3756,2049.2852633588845
5953.488916565022,0.4215,1627.2664784382723
5953.538929961512,0.3466,2406.5576728380383
5953.588943358004,0.3825,1976.0173201142304
5953.638956754503,0.4305,1559.9388258921547
5953.6889701510045,0.4882,1212.9937618659287
5953.7389835475105,0.4308,1557.766970664847
5953.78899694402,0.4475,1443.66981609942
5953.839010340535,0.4525,1411.9418473790408
5953.889023737052,0.4142,1685.1307770907742
5953.949039812883,0.4578,1379.4387534694797
5953.999053209411,0.4288,1572.332233472255
5954.049066605942,0.4271,1584.8739246822508
5954.099080002479,0.4558,1391.5709353575337
5954.14909339902,0.4063,1751.2982523136398
5954.199106795563,0.4295,1567.2112411630883
5954.249120192113,0.424,1608.133632950225
5954.299133588665,0.4441,1465.8596639954635
5954.349146985223,0.4705,1305.9747945923216
5954.399160381786,0.4775,1267.9651754641727
5954.459176457666,0.4678,1321.0936498610045
5954.509189854236,0.4667,1327.3285436898307
5954.559203250811,0.4379,1507.6621182269616
5954.60921664739,0.4276,1581.1696599196719
5954.659230043975,0.4543,1400.7754160624208
5954.709243440563,0.4294,1567.9412784612027
5954.759256837154,0.3966,1838.0117647979248
5954.80927023375,0.4689,1314.9025840607626
5954.8592836303515,0.4456,1456.0074030301819
5954.909297026956,0.4443,1464.5402613930946
5954.959310423565,0.453,1408.8267049582864
5955.019326499501,0.4592,1371.040381788672
5955.069339896119,0.4419,1480.4915331530192
5955.119353292743,0.3679,2135.964154461207
5955.16936668937,0.3848,1952.4661478455794
5955.219380086,0.3854,1946.3916031652084
5955.269393482635,0.4349,1528.533932316649
5955.319406879273,0.4453,1457.9698929329152
5955.369420275918,0.4228,1617.2750441418718
5955.419433672566,0.4433,1471.1551443687872
5955.469447069216,0.4655,1334.180719126056
5955.529463145205,0.443,1473.1483497254892
5955.579476541867,0.4704,1306.53011382406
5955.629489938531,0.4226,1618.8061884029125
5955.679503335201,0.4858,1225.008459588434
5955.729516731876,0.436,1520.8308934965942
5955.779530128555,0.4186,1649.8914567533886
5955.829543525235,0.3855,1945.3819356657482
5955.879556921922,0.3622,2203.720982047752
5955.9295703186135,0.41,1719.8321560505697
5955.979583715308,0.4574,1381.8524638327276
5956.029597112008,0.3602,2228.261047325964
5956.089613188052,0.4335,1538.4227353713493
5956.139626584761,0.4063,1751.2982523136398
5956.189639981473,0.461,1360.3547011720896
5956.239653378188,0.4065,1749.5753857724062
5956.289666774911,0.3959,1844.517157173602
5956.339680171635,0.4356,1523.6252473412512
5956.389693568366,0.4261,1592.3216127394055
5956.4397069650995,0.3851,1949.4253263786022
5956.4897203618375,0.4341,1534.1729606223234
5956.53973375858,0.4338,1536.2956437622538
5956.599749834674,0.422,1623.4126902711898
5956.649763231427,0.4157,1672.991591746966
5956.699776628183,0.4061,1753.0236649565852
5956.749790024944,0.3197,2828.576359284631
5956.799803421707,0.3619,2207.3760717699083
5956.849816818474,0.3949,1853.8706537428716
5956.899830215247,0.4007,1800.590872018783
5956.949843612023,0.4517,1416.9476089090426
5956.9998570088055,0.4303,1561.389253707658
5957.049870405589,0.4181,1653.8399715753246
5957.109886481737,0.4211,1630.3593978874933
5957.159899878533,0.4172,1660.9831061699726
5957.209913275331,0.3522,2330.6374855480735
5957.259926672134,0.4189,1647.529131530155
5957.309940068941,0.4709,1303.7570543472125
5957.359953465752,0.4367,1515.959238053088
5957.409966862568,0.4391,1499.4329299200076
5957.459980259387,0.4137,1689.206544622392
5957.509993656211,0.4121,1702.3488432604183
5957.560007053038,0.4724,1295.4906419242016
5957.610020449871,0.4896,1206.0666383427674
5957.670036526076,0.4305,1559.9388258921547
5957.720049922917,0.4152,1677.0233713672353
5957.770063319763,0.3929,1872.7923573830067
5957.820076716613,0.3735,2072.394155762232
5957.870090113468,0.3858,1942.3576424654373
5957.920103510326,0.456,1390.3505294663516
5957.970116907188,0.4511,1420.719420370574
5958.020130304054,0.4633,1346.881604827103
5958.070143700925,0.4896,1206.0666383427674
5958.1201570978,0.3771,2033.014745424805
5958.180173174056,0.4191,1645.9570655878204
5958.230186570941,0.4069,1746.1372709790962
5958.28019996783,0.4436,1469.1659815597025
5958.330213364722,0.4014,1794.3162758030503
5958.38022676162,0.4372,1512.4938013701942
5958.430240158521,0.4235,1611.9331114453887
5958.480253555427,0.4192,1645.1718762658281
5958.530266952336,0.3886,1914.4678123872777
5958.580280349252,0.44,1493.3051734821413
5958.630293746168,0.3688,2125.5519152149254
5958.6803071430895,0.4019,1789.8544801553628
5958.740323219405,0.4874,1216.978946109564
5958.7903366163355,0.4715,1300.4410210368762
5958.840350013271,0.4821,1243.8838583157499
5958.890363410211,0.4444,1463.8812280045527
5958.940376807155,0.3816,1985.349123599025
5958.990390204104,0.4214,1628.0388826597073
5959.040403601056,0.3676,2139.451907329717
5959.090416998012,0.3697,2115.2156260278402
5959.140430394975,0.4254,1597.5662745536467
5959.190443791939,0.4675,1322.7897115112721
5959.250459868304,0.422,1623.4126902711898
5959.300473265276,0.4252,1599.069509019047
5959.350486662256,0.4245,1604.347572234197
5959.400500059239,0.3629,2195.227663364212
5959.450513456227,0.4211,1630.3593978874933
5959.500526853219,0.4068,1746.9958489516641
5959.550540250213,0.4366,1516.653754486756
5959.600553647213,0.5101,1111.0754377951027
5959.650567044218,0.4996,1158.2686419471977
5959.7005804412265,0.4309,1557.044026780419
5959.750593838237,0.391,1891.0375841530777
5959.810609914658,0.4062,1752.1606400589749
5959.860623311679,0.4326,1544.8305833857692
5959.910636708705,0.4772,1269.559929547299
5959.960650105736,0.4728,1293.2995422688325
5960.0106635027705,0.4037,1773.9290521316534
5960.060676899809,0.4473,1444.9611099417361
5960.11069029685,0.4108,1713.1402247548112
5960.160703693898,0.3931,1870.8871819270046
5960.210717090949,0.4023,1786.2970151298434
5960.260730488004,0.3734,2073.504314362907
5960.320746564477,0.4383,1504.9115442409377
5960.370759961541,0.4441,1465.8596639954635
5960.42077335861,0.4561,1389.7409284733658
5960.470786755681,0.3898,1902.6986010800852
5960.520800152759,0.4419,1480.4915331530192
5960.570813549841,0.4255,1596.815452089362
5960.620826946927,0.4445,1463.222639356914
5960.670840344016,0.422,1623.4126902711898
5960.72085374111,0.4286,1573.7999846773905
5960.770867138208,0.416,1670.5794989620401
5960.8208805353115,0.4176,1657.8026777359762
5960.880896611839,0.4351,1527.1290331077084
5960.93091000895,0.4392,1498.7502073260982
5960.980923406065,0.4077,1739.2913751241624
5961.030936803187,0.3645,2175.9977825694973
5961.080950200311,0.3775,2028.7086637892633
5961.130963597438,0.4021,1788.0744205638096
5961.180976994571,0.423,1615.7460711980539
5961.2309903917085,0.4604,1363.90267204869
5961.28100378885,0.4131,1694.1170142784895
5961.331017185995,0.391,1891.0375841530777
5961.391033262573,0.4259,1593.8174490807532
5961.441046659729,0.3934,1868.0348650838
5961.491060056887,0.3911,1890.0706749271033
5961.54107345405,0.4033,1777.4496161905456
5961.5910868512165,0.4364,1518.0442199450974
5961.641100248388,0.391,1891.0375841530777
5961.691113645564,0.4163,1668.1726189947817
5961.741127042743,0.4968,1171.3615765300285
5961.791140439927,0.5214,1063.4380054274409
5961.841153837115,0.4665,1328.4669018689062
5961.901169913747,0.3436,2448.7647136075175
5961.9511833109445,0.4745,1284.0491055741813
5962.001196708146,0.4818,1245.4333832677366
5962.051210105351,0.4608,1361.535818327995
5962.101223502562,0.3739,2067.962425159403
5962.151236899776,0.3826,1974.9845161825187
5962.201250296993,0.419,1646.7428171636127
5962.251263694216,0.4325,1545.5450368441907
5962.301277091444,0.4687,1316.0249909905006
5962.351290488674,0.4598,1367.4645413584933
5962.401303885909,0.419,1646.7428171636127
5962.461319962597,0.4748,1282.4269816362369
5962.511333359842,0.497,1170.419022377767
5962.561346757088,0.4133,1692.4778146489757
5962.611360154342,0.4385,1503.5390790929098
5962.661373551599,0.4464,1450.793426395466
5962.711386948862,0.4786,1262.1433787818778
5962.761400346127,0.4261,1592.3216127394055
5962.811413743395,0.4247,1602.8368907779036
5962.861427140669,0.4631,1348.0452148772104
5962.911440537947,0.4576,1380.6448174453774
5962.971456614685,0.4515,1418.2032087321716
5963.021470011972,0.4392,1498.7502073260982
5963.071483409266,0.4169,1663.3744375277597
5963.1214968065615,0.4242,1606.6176020725386
5963.171510203861,0.4469,1447.5489005588067
5963.221523601163,0.4243,1605.8603904341724
5963.271536998472,0.3948,1854.8099145042163
5963.3215503957845,0.4221,1622.6435755859268
5963.371563793102,0.4704,1306.53011382406
5963.421577190423,0.4548,1397.6971347427357
5963.471590587746,0.4128,1696.580282450271
5963.531606664543,0.4577,1380.0415878288527
5963.581620061877,0.3954,1849.1850345668029
5963.631633459214,0.4368,1515.265198566769
5963.681646856558,0.3669,2147.6232939706456
5963.731660253904,0.4741,1286.216729406276
5963.781673651255,0.4149,1679.449438793963
5963.8316870486115,0.4154,1675.4089124136528
5963.881700445971,0.4213,1628.8118369599838
5963.931713843333,0.4971,1169.948171867344
5963.9817272407,0.443,1473.1483497254892
5964.041743317549,0.4065,1749.5753857724062
5964.0917567149245,0.4111,1710.6408168554801
5964.1417701123055,0.4408,1487.8897589429112
5964.191783509691,0.4069,1746.1372709790962
5964.241796907081,0.408,1736.7345403154252
5964.291810304476,0.4587,1374.0309739665263
5964.341823701871,0.4559,1390.9605316437046
5964.391837099275,0.517,1081.6160683907385
5964.441850496681,0.5138,1095.1308325356395
5964.491863894092,0.4666,1327.8975398032023
5964.551879970988,0.4654,1334.7541274581438
5964.601893368409,0.4874,1216.978946109564
5964.651906765834,0.4026,1783.6358719910297
5964.701920163262,0.4952,1178.9431697351697
5964.751933560695,0.3963,1840.7955692080818
5964.80194695813,0.3973,1831.5407274467302
5964.8519603555715,0.4236,1611.172139282459
5964.901973753016,0.49,1204.098357678442
5964.951987150466,0.4302,1562.1152263231425
5965.002000547918,0.378,2023.3452734045695
5965.052013945375,0.4172,1660.9831061699726
5965.11203002233,0.4699,1309.3120300640069
5965.162043419797,0.4592,1371.040381788672
5965.2120568172695,0.418,1654.631375327397
5965.262070214743,0.3727,2081.3004622987555
5965.3120836122225,0.372,2089.1406620234047
5965.362097009705,0.4412,1485.1930918248959
5965.412110407195,0.4427,1475.1456085913833
5965.462123804686,0.423,1615.7460711980539
5965.51213720218,0.3517,2337.268954253303
5965.562150599681,0.3862,1938.3362095570217
5965.622166676689,0.408,1736.7345403154252
5965.672180074198,0.4743,1285.132231968681
5965.722193471713,0.4412,1485.1930918248959
5965.772206869229,0.3846,1954.4973165716415
5965.822220266751,0.4484,1437.880360240333
5965.872233664279,0.4325,1545.5450368441907
5965.922247061808,0.5172,1080.7797150661127
5965.972260459343,0.4488,1435.3184415369096
5966.022273856881,0.3932,1869.9356842058676
5966.072287254425,0.3687,2126.7050665022534
5966.122300651972,0.3711,2099.2861834497726
5966.182316729033,0.4146,1681.8807745402341
5966.23233012659,0.4572,1383.0616954010031
5966.282343524151,0.4532,1407.5835339647383
5966.332356921716,0.433,1541.9777178498093
5966.382370319285,0.4262,1591.5744841270034
5966.432383716858,0.4074,1741.8538603816703
5966.482397114435,0.395,1852.9321062520214
5966.532410512017,0.4184,1651.4691640622464
5966.582423909603,0.4317,1551.2785499497104
5966.632437307192,0.4987,1162.4530426969004
5966.692453384306,0.4709,1303.7570543472125
5966.742466781905,0.4506,1423.874113005976
5966.792480179508,0.4044,1767.7931838750844
5966.842493577115,0.3867,1933.3269567073844
5966.892506974728,0.4523,1413.1907979814157
5966.942520372345,0.3993,1813.239206938869
5966.992533769963,0.4184,1651.4691640622464
5967.042547167588,0.399,1815.966900665108
5967.092560565216,0.3363,2556.227951028111
5967.142573962849,0.3971,1833.386103766989
5967.192587360487,0.405,1762.5591709891628
5967.252603437656,0.4287,1573.065852295999
5967.302616835302,0.4402,1491.948551447289
5967.352630232952,0.3664,2153.4886945680596
5967.402643630607,0.3714,2095.896146807121
5967.452657028266,0.4113,1708.977582477601
5967.502670425929,0.3749,2056.9450930434
5967.552683823595,0.3853,1947.4020569059585
5967.602697221266,0.4473,1444.9611099417361
5967.652710618942,0.443,1473.1483497254892
5967.702724016623,0.3964,1839.866932105428
5967.762740093842,0.4113,1708.977582477601
5967.812753491532,0.3817,1984.3089958248834
5967.862766889225,0.4013,1795.2106368129657
5967.9127802869225,0.4245,1604.347572234197
5967.962793684623,0.3951,1851.9942713096439
5968.0128070823275,0.3821,1980.1566479059754
5968.062820480038,0.4195,1642.819676462769
5968.112833877753,0.3693,2119.800203161261
5968.16284727547,0.3954,1849.1850345668029
5968.212860673192,0.4361,1520.1335061818775
5968.272876750464,0.4304,1560.6637870540155
5968.322890148196,0.3953,1850.120736186777
5968.372903545932,0.4192,1645.1718762658281
5968.422916943672,0.4263,1590.8278812283436
5968.472930341415,0.4324,1546.259986048045
5968.5229437391645,0.4259,1593.8174490807532
5968.572957136917,0.3935,1867.0855422082777
5968.622970534672,0.4216,1626.4946237738457
5968.672983932434,0.4397,1495.3435785814756
5968.722997330199,0.407,1745.27932578568
5968.7730107279685,0.3903,1897.8267717404078
5968.833026805296,0.3886,1914.4678123872777
5968.8830402030735,0.4056,1757.3483687292749
5968.933053600857,0.4439,1467.1808503736863
5968.983066998644,0.4376,1509.7300004918302
5969.033080396436,0.4111,1710.6408168554801
5969.08309379423,0.4057,1756.482148637624
5969.1331071920295,0.4066,1748.7149057247404
5969.1831205898325,0.4114,1708.1468747834967
5969.233133987641,0.4136,1690.0234724111947
5969.283147385453,0.4119,1704.002407717934
5969.343163462832,0.4097,1722.351742513086
5969.3931768606535,0.4077,1739.2913751241624
5969.443190258478,0.4137,1689.206544622392
5969.493203656308,0.4346,1530.6449189414664
5969.543217054142,0.3288,2674.1738478785205
5969.593230451979,0.3951,1851.9942713096439
5969.6432438498205,0.3685,2129.0141860864987
5969.693257247668,0.3788,2014.8079836094234
5969.743270645517,0.4189,1647.529131530155
5969.793284043372,0.4448,1461.249537860857
5969.84329744123,0.4023,1786.2970151298434
5969.903313518667,0.4542,1401.3922925634465
5969.953326916534,0.481,1249.5796335567857
5970.003340314407,0.456,1390.3505294663516
5970.053353712282,0.4379,1507.6621182269616
5970.103367110163,0.4392,1498.7502073260982
5970.153380508048,0.458,1378.2342691416054
5970.2033939059365,0.4128,1696.580282450271
5970.25340730383,0.3382,2527.587051931618
5970.303420701726,0.3689,2124.3997015734567
5970.353434099628,0.4213,1628.8118369599838
5970.413450177115,0.4033,1777.4496161905456
5970.463463575027,0.4061,1753.0236649565852
5970.513476972941,0.4179,1655.423347275121
5970.563490370859,0.4188,1648.3160092250364
5970.613503768782,0.4249,1601.3283420431965
5970.663517166709,0.3972,1832.463067160554
5970.713530564642,0.4455,1456.6611258345708
5970.763543962576,0.4173,1660.187141582695
5970.813557360517,0.3743,2063.5448949851398
5970.86357075846,0.4066,1748.7149057247404
5970.913584156408,0.3852,1948.413297704552
5970.973600233951,0.378,2023.3452734045695
5971.02361363191,0.4367,1515.959238053088
5971.07362702987,0.292,3390.6832371667692
5971.123640427836,0.3388,2518.6425130356524
5971.1736538258065,0.4291,1570.1344535607302
5971.22366722378,0.4298,1565.0241858238378
5971.273680621759,0.3826,1974.9845161825187
5971.32369401974,0.41,1719.8321560505697
5971.373707417728,0.4012,1796.1056666690201
5971.423720815719,0.4455,1456.6611258345708
5971.483736893312,0.3824,1977.0509344038917
5971.533750291313,0.3749,2056.9450930434
5971.5837636893175,0.4154,1675.4089124136528
5971.633777087325,0.4166,1665.7709368353176
5971.683790485338,0.4272,1584.1320310866959
5971.733803883354,0.4662,1330.1771869205538
5971.783817281375,0.4504,1425.1389327979073
5971.8338306794,0.4089,1729.0977728800322
5971.88384407743,0.405,1762.5591709891628
5971.933857475463,0.4057,1756.482148637624
5971.983870873501,0.4235,1611.9331114453887
5972.043886951151,0.4388,1501.4838990340006
5972.093900349198,0.4629,1349.2103334936057
5972.143913747249,0.4623,1352.7147668571642
5972.193927145304,0.4358,1522.227108619736
5972.243940543363,0.4599,1366.869928225705
5972.2939539414265,0.4362,1519.4365984447224
5972.343967339495,0.4703,1307.085787325682
5972.393980737566,0.4602,1365.0884139685277
5972.443994135642,0.4386,1502.8535504792496
5972.494007533724,0.4172,1660.9831061699726
5972.554023611423,0.4305,1559.9388258921547
5972.6040370095125,0.4233,1613.4566740281666
5972.654050407607,0.4077,1739.2913751241624
5972.704063805705,0.4793,1258.4594507006973
5972.754077203807,0.454,1402.627268670195
5972.804090601913,0.4411,1485.866570888651
5972.854104000022,0.4738,1287.8460513338018
5972.904117398137,0.4793,1258.4594507006973
5972.954130796255,0.3927,1874.7004444596494
5973.00414419438,0.4517,1416.9476089090426
5973.064160272132,0.4206,1634.2379632338043
5973.114173670263,0.4184,1651.4691640622464
5973.164187068401,0.4062,1752.1606400589749
5973.21420046654,0.4293,1568.6718259763823
5973.264213864684,0.4067,1747.855060325814
5973.314227262833,0.4398,1494.6636467139772
5973.364240660985,0.3901,1899.773255618172
5973.414254059142,0.4384,1504.225076870734
5973.464267457304,0.4439,1467.1808503736863
5973.514280855468,0.4062,1752.1606400589749
5973.564294253639,0.3899,1901.7227356150438
5973.624310331447,0.4111,1710.6408168554801
5973.674323729625,0.4107,1713.974578110514
5973.724337127809,0.4491,1433.4014931742997
5973.774350525996,0.4194,1643.6031822386528
5973.824363924187,0.4188,1648.3160092250364
5973.874377322383,0.3697,2115.2156260278402
5973.924390720583,0.3978,1826.939457749959
5973.974404118786,0.3909,1892.0052355359392
5974.024417516994,0.4132,1693.297116933064
5974.074430915206,0.3861,1939.3403961422396
5974.1344469930655,0.3969,1835.2342704675614
5974.184460391287,0.412,1703.1753244769654
5974.234473789513,0.3847,1953.4813362188652
5974.284487187742,0.3878,1922.374723419841
5974.3345005859765,0.4371,1513.1859374282647
5974.384513984213,0.4156,1673.7967836813048
5974.4345273824565,0.3765,2039.4996195893573
5974.484540780702,0.3952,1851.0571481946283
5974.534554178953,0.4109,1712.3064804887606
5974.584567577208,0.3703,2108.366596788151
5974.634580975466,0.358,2255.7315672898058
5974.6945970533825,0.4203,1636.5717495464633
5974.74461045165,0.4357,1522.925937309937
5974.7946238499235,0.4477,1442.3802524369244
5974.844637248198,0.4711,1302.6503020308103
5974.894650646479,0.4527,1410.6945517427828
5974.944664044764,0.4585,1375.2299512013976
5974.994677443052,0.4625,1351.5451068662703
5975.044690841346,0.4836,1236.1794402395162
5975.094704239642,0.4415,1483.1753996828347
5975.144717637945,0.4194,1643.6031822386528
5975.204733715912,0.4214,1628.0388826597073
5975.254747114222,0.4115,1707.3167726335496
5975.304760512537,0.4123,1700.697684564763
5975.354773910855,0.4242,1606.6176020725386
5975.404787309178,0.4293,1568.6718259763823
5975.4548007075055,0.4048,1764.3012561961943
5975.504814105837,0.4045,1766.919230698914
5975.554827504171,0.3942,1860.4604983014183
5975.604840902512,0.4324,1546.259986048045
5975.654854300857,0.441,1486.5405081523327
5975.7148703788735,0.4226,1618.8061884029125
5975.764883777227,0.4272,1584.1320310866959
5975.8148971755845,0.4551,1395.8550340340214
5975.864910573946,0.3935,1867.0855422082777
5975.914923972311,0.41,1719.8321560505697
5975.964937370681,0.4744,1284.5904975355393
5976.014950769054,0.471,1303.203501954943
5976.064964167433,0.4398,1494.6636467139772
5976.114977565815,0.3885,1915.453505708019
5976.164990964202,0.4202,1637.3507893328135
5976.2150043625925,0.4476,1443.0248181889563
5976.275020440667,0.4608,1361.535818327995
5976.325033839065,0.4332,1540.554247665635
5976.3750472374695,0.4637,1344.558900018506
5976.425060635879,0.3959,1844.517157173602
5976.475074034289,0.4715,1300.4410210368762
5976.525087432707,0.4732,1291.1139967186725
5976.575100831127,0.4213,1628.8118369599838
5976.625114229551,0.3845,1955.514089727919
5976.67512762798,0.3571,2267.116115134762
5976.7251410264125,0.3993,1813.239206938869
5976.77515442485,0.3961,1842.6549538580014
5976.835170502981,0.4013,1795.2106368129657
5976.885183901426,0.3768,2036.253310180896
5976.9351972998775,0.4192,1645.1718762658281
5976.985210698333,0.4605,1363.3103803563604
5977.03522409679,0.48,1254.7916280163665
5977.085237495255,0.4465,1450.143649143505
5977.135250893722,0.412,1703.1753244769654
5977.185264292193,0.4259,1593.8174490807532
5977.235277690669,0.4178,1656.2158879625474
5977.285291089148,0.4132,1693.297116933064
5977.345307167328,0.4344,1532.0546737777
5977.395320565817,0.3212,2802.2192962151435
5977.4453339643105,0.4474,1444.3152465547305
5977.495347362808,0.4676,1322.22399489936
5977.545360761309,0.4083,1734.1833393548445
5977.595374159815,0.417,1662.5767535928867
5977.645387558324,0.4214,1628.0388826597073
5977.695400956839,0.4576,1380.6448174453774
5977.745414355356,0.4733,1290.5684759603728
5977.795427753879,0.4502,1426.4054386376931
5977.855443832111,0.3948,1854.8099145042163
5977.905457230643,0.4507,1423.2423344428748
5977.955470629177,0.4388,1501.4838990340006
5978.005484027717,0.4569,1384.8785210407952
5978.05549742626,0.441,1486.5405081523327
5978.105510824808,0.4555,1393.4045592447553
5978.155524223362,0.4077,1739.2913751241624
5978.205537621918,0.453,1408.8267049582864
5978.255551020479,0.4498,1428.9435204598053
5978.305564419044,0.4273,1583.3906582997379
5978.365580497327,0.4363,1518.7401698455026
5978.4155938959,0.4085,1732.4856604598517
5978.465607294478,0.433,1541.9777178498093
5978.51562069306,0.3944,1858.5741047270574
5978.565634091647,0.4789,1260.5625743310457
5978.615647490236,0.4263,1590.8278812283436
5978.665660888832,0.4108,1713.1402247548112
5978.71567428743,0.4381,1506.2858894737865
5978.765687686032,0.4443,1464.5402613930946
5978.815701084641,0.4457,1455.3541201952778
5978.865714483251,0.3979,1826.0212846940292
5978.92573056159,0.4221,1622.6435755859268
5978.975743960211,0.4346,1530.6449189414664
5979.025757358835,0.4014,1794.3162758030503
5979.075770757464,0.3954,1849.1850345668029
5979.125784156096,0.4568,1385.484925188547
5979.175797554734,0.3991,1815.0569859350119
5979.225810953374,0.415,1678.6401650351165
5979.275824352021,0.4196,1642.0367307992838
5979.325837750669,0.394,1862.3497652781
5979.375851149323,0.4393,1498.0679509124736
5979.425864547981,0.3926,1875.6555817101225
5979.485880626376,0.4407,1488.5650733027067
5979.535894025044,0.3992,1814.1477549212082
5979.585907423714,0.3942,1860.4604983014183
5979.635920822389,0.405,1762.5591709891628
5979.685934221068,0.4481,1439.8063032998894
5979.735947619753,0.4438,1467.842113483742
5979.7859610184405,0.3709,2101.550779317474
5979.835974417133,0.4543,1400.7754160624208
5979.885987815828,0.4312,1554.8782121584125
5979.936001214529,0.3977,1827.8583235035335
5979.996017292975,0.3798,2004.2121424640561
5980.046030691685,0.3847,1953.4813362188652
5980.096044090397,0.4282,1576.7416593769267
5980.146057489114,0.4687,1316.0249909905006
5980.196070887837,0.4278,1579.6915894561546
5980.246084286564,0.349,2373.5727862662065
5980.296097685295,0.4369,1514.5716355911854
5980.346111084027,0.4295,1567.2112411630883
5980.396124482766,0.4001,1805.995330315879
5980.4461378815095,0.4141,1685.9447496460987
5980.5061539600065,0.4731,1291.6598634359175
5980.556167358757,0.3908,1892.9736298354117
5980.606180757513,0.4175,1658.5969279133433
5980.656194156274,0.4585,1375.2299512013976
5980.706207555038,0.4735,1289.47847115177
5980.756220953807,0.4172,1660.9831061699726
5980.806234352578,0.4111,1710.6408168554801
5980.856247751357,0.4079,1737.5861917833486
5980.906261150138,0.4147,1681.069742981496
5980.956274548923,0.3939,1863.2954781163417
5981.006287947712,0.3878,1922.374723419841
5981.066304026264,0.377,2034.0934080147247
5981.116317425062,0.4303,1561.389253707658
5981.166330823866,0.4345,1531.3495530192665
5981.216344222672,0.423,1615.7460711980539
5981.266357621483,0.3689,2124.3997015734567
5981.316371020297,0.4316,1551.9974816769593
5981.366384419117,0.4503,1425.7719747745948
5981.416397817941,0.4199,1639.691249148831
5981.466411216768,0.4459,1454.0488728554749
5981.5164246156,0.4208,1632.6848779515715
5981.576440694203,0.4193,1644.3872486613288
5981.626454093043,0.4382,1505.5984816322243
5981.676467491889,0.4448,1461.249537860857
5981.7264808907385,0.4427,1475.1456085913833
5981.77649428959,0.4184,1651.4691640622464
5981.826507688448,0.4401,1492.6266312753953
5981.87652108731,0.467,1325.6237479298925
5981.926534486175,0.4305,1559.9388258921547
5981.976547885044,0.3956,1847.315759617881
5982.026561283919,0.4169,1663.3744375277597
5982.076574682797,0.4302,1562.1152263231425
5982.136590761456,0.4435,1469.8285873325551
5982.186604160344,0.4037,1773.9290521316534
5982.236617559235,0.4154,1675.4089124136528
5982.28663095813,0.4452,1458.6249380185345
5982.336644357031,0.403,1780.0969215763266
5982.386657755934,0.3838,1962.6537697623492
5982.436671154843,0.4377,1509.0402339438197
5982.4866845537545,0.3979,1826.0212846940292
5982.536697952672,0.404,1771.2954887245266
5982.586711351592,0.4772,1269.559929547299
5982.646727430301,0.4252,1599.069509019047
5982.69674082923,0.3723,2085.7751610749897
5982.746754228165,0.4013,1795.2106368129657
5982.796767627103,0.4041,1770.418937405041
5982.846781026045,0.3394,2509.7453692113104
5982.896794424991,0.3327,2611.846708663293
5982.9468078239415,0.3784,2019.069860062979
5982.996821222898,0.4026,1783.6358719910297
5983.046834621857,0.3948,1854.8099145042163
5983.0968480208185,0.4142,1685.1307770907742
5983.156864099578,0.429,1570.8665345826798
5983.206877498553,0.4348,1529.2371090371641
5983.256890897528,0.3682,2132.4849232931597
5983.306904296506,0.4314,1553.4368452752667
5983.3569176954925,0.4454,1457.3152890036117
5983.406931094481,0.3676,2139.451907329717
5983.456944493474,0.3847,1953.4813362188652
5983.506957892471,0.3967,1837.0852331770348
5983.556971291471,0.3918,1883.3230271248522
5983.6069846904775,0.4428,1474.479404568006
5983.6569980894865,0.3507,2350.61708406085
5983.717014168304,0.3898,1902.6986010800852
5983.767027567321,0.3708,2102.684451642622
5983.817040966344,0.4111,1710.6408168554801
5983.86705436537,0.4102,1718.1555020294086
5983.917067764402,0.3793,2009.4995873508649
5983.967081163439,0.4085,1732.4856604598517
5984.017094562475,0.422,1623.4126902711898
5984.0671079615195,0.3818,1983.2696852237361
5984.117121360568,0.3707,2103.8190415470826
5984.167134759619,0.3873,1927.3414433674484
5984.217148158676,0.4164,1667.371481480432
5984.2771642375465,0.3962,1841.7249095555205
5984.327177636611,0.4301,1562.841705371075
5984.377191035681,0.4274,1582.6498058340146
5984.4272044347545,0.4362,1519.4365984447224
5984.477217833833,0.4484,1437.880360240333
5984.527231232913,0.4085,1732.4856604598517
5984.577244632,0.3684,2130.1701564228733
5984.62725803109,0.3717,2092.514315150649
5984.677271430183,0.4045,1766.919230698914
5984.727284829281,0.4306,1559.2143697525619
5984.787300908205,0.4144,1683.5045994178975
5984.837314307314,0.3938,1864.2419114958523
5984.887327706424,0.4031,1779.2138296856015
5984.937341105539,0.3387,2520.1299691235704
5984.9873545046585,0.3738,2069.0690241454445
5985.037367903783,0.3914,1887.1743926078207
5985.08738130291,0.4304,1560.6637870540155
5985.137394702043,0.4328,1543.4031618728463
5985.187408101178,0.3619,2207.3760717699083
5985.237421500321,0.4026,1783.6358719910297
5985.297437579294,0.4124,1699.8730059195104
5985.347450978443,0.4248,1602.0823500713632
5985.397464377596,0.3769,2035.172929296195
5985.447477776755,0.499,1161.055726528859
5985.497491175917,0.4112,1709.8088963049827
5985.5475045750845,0.4626,1350.9608456883727
5985.597517974253,0.393,1871.8394060728365
5985.647531373428,0.3639,2183.1792687711886
5985.697544772607,0.409,1728.252353728367
5985.747558171791,0.4106,1714.8095411493052
5985.807574250814,0.4301,1562.841705371075
5985.857587650007,0.4609,1360.9450675530516
5985.907601049203,0.4271,1584.8739246822508
5985.957614448404,0.378,2023.3452734045695
5986.007627847607,0.4126,1698.225447124094
5986.0576412468145,0.4095,1724.034544108396
5986.107654646027,0.4096,1723.1928351813242
5986.1576680452445,0.381,1991.6070989424677
5986.207681444465,0.391,1891.0375841530777
5986.257694843692,0.4222,1621.875007339633
5986.30770824292,0.4064,1750.4365010935394
5986.367724322,0.3913,1888.1390799117744
5986.417737721239,0.4309,1557.044026780419
5986.467751120481,0.472,1297.6873145201898
5986.5177645197255,0.4087,1730.7904732594866
5986.567777918978,0.3794,2008.4404257977524
5986.617791318233,0.3942,1860.4604983014183
5986.667804717492,0.4262,1591.5744841270034
5986.7178181167565,0.3998,1808.7066885901158
5986.767831516022,0.4372,1512.4938013701942
5986.817844915294,0.4578,1379.4387534694797
5986.867858314569,0.3959,1844.517157173602
5986.927874393706,0.3943,1859.5169427032913
5986.97788779299,0.4182,1653.0491354755022
5987.0279011922785,0.4073,1742.7092806675048
5987.077914591572,0.3692,2120.948676368314
5987.1279279908695,0.4451,1459.2804246569701
5987.17794139017,0.3906,1894.9126502279455
5987.227954789475,0.4139,1687.5744650418892
5987.277968188786,0.4163,1668.1726189947817
5987.327981588098,0.447,1446.9013015678875
5987.377994987418,0.3963,1840.7955692080818
5987.438011066603,0.4263,1590.8278812283436
5987.488024465932,0.4316,1551.9974816769593
5987.538037865263,0.4169,1663.3744375277597
5987.588051264599,0.4205,1635.0153370253413
5987.638064663936,0.4262,1591.5744841270034
5987.68807806328,0.3843,1957.5500177523847
5987.738091462627,0.3591,2241.933196628479
5987.788104861979,0.3765,2039.4996195893573
5987.838118261335,0.3885,1915.453505708019
5987.888131660695,0.3644,2177.1922339318385
5987.948147739932,0.4088,1729.9438125212876
5987.998161139303,0.3831,1969.8326222911726
5988.048174538676,0.3819,1982.2311909397943
5988.098187938052,0.419,1646.7428171636127
5988.148201337434,0.4218,1624.9525610317762
5988.198214736822,0.4633,1346.881604827103
5988.248228136211,0.43,1563.568691322609
5988.298241535605,0.4458,1454.701276935136
5988.348254935002,0.4346,1530.6449189414664
5988.398268334406,0.4271,1584.8739246822508
5988.448281733811,0.4269,1586.3592762514531
5988.508297813106,0.4423,1477.814944886885
5988.558311212519,0.4021,1788.0744205638096
5988.608324611941,0.3953,1850.120736186777
5988.658338011364,0.4246,1603.5919646646933
5988.708351410792,0.3953,1850.120736186777
5988.758364810224,0.3677,2138.28837446766
5988.80837820966,0.3631,2192.810018592463
5988.858391609101,0.3876,1924.3591049780423
5988.908405008545,0.3763,2041.6681406465148
5988.958418407994,0.4157,1672.991591746966
5989.018434487337,0.4305,1559.9388258921547
5989.068447886794,0.4293,1568.6718259763823
5989.118461286256,0.4203,1636.5717495464633
5989.168474685723,0.441,1486.5405081523327
5989.218488085194,0.4264,1590.08180355032
5989.268501484668,0.4358,1522.227108619736
5989.318514884147,0.4629,1349.2103334936057
5989.3685282836295,0.401,1797.8977355887505
5989.418541683116,0.381,1991.6070989424677
5989.468555082607,0.3764,2040.5834480280228
5989.518568482101,0.4058,1755.6165688450542
5989.578584561501,0.412,1703.1753244769654
5989.628597961006,0.3967,1837.0852331770348
5989.678611360514,0.3974,1830.619083924156
5989.728624760025,0.4075,1740.9990697742826
5989.778638159541,0.4114,1708.1468747834967
5989.8286515590635,0.4409,1487.2149040316817
5989.878664958588,0.4258,1594.5661577988085
5989.928678358117,0.4206,1634.2379632338043
5989.978691757649,0.3978,1826.939457749959
5990.028705157186,0.437,1513.8785486902225
5990.088721236637,0.4524,1412.5661156265442
5990.138734636183,0.464,1342.8208120779395
5990.188748035734,0.4261,1592.3216127394055
5990.238761435287,0.4064,1750.4365010935394
5990.288774834848,0.433,1541.9777178498093
5990.33878823441,0.4349,1528.533932316649
5990.388801633977,0.4123,1700.697684564763
5990.438815033548,0.4078,1738.4384698479823
5990.488828433123,0.4048,1764.3012561961943
5990.538841832703,0.4325,1545.5450368441907
5990.598857912202,0.4376,1509.7300004918302
5990.648871311792,0.4678,1321.0936498610045
5990.698884711385,0.4214,1628.0388826597073
5990.748898110981,0.3992,1814.1477549212082
5990.798911510583,0.3795,2007.382101413976
5990.848924910187,0.3841,1959.5891269058163
5990.898938309796,0.446,1453.3969075624564
5990.94895170941,0.4251,1599.821922017439
5990.998965109026,0.3854,1946.3916031652084
5991.048978508649,0.4271,1584.8739246822508
5991.098991908273,0.437,1513.8785486902225
5991.15900798783,0.4751,1280.8079295726286
5991.209021387465,0.3701,2110.645905701224
5991.259034787105,0.3968,1836.1594019688443
5991.309048186746,0.3964,1839.866932105428
5991.359061586394,0.4566,1386.6989289771332
5991.409074986045,0.4465,1450.143649143505
5991.4590883857,0.4085,1732.4856604598517
5991.50910178536,0.412,1703.1753244769654
5991.559115185024,0.4089,1729.0977728800322
5991.6091285846915,0.4137,1689.206544622392
5991.6591419843635,0.4247,1602.8368907779036
5991.719158063976,0.4247,1602.8368907779036
5991.769171463657,0.4504,1425.1389327979073
5991.819184863341,0.434,1534.8800325913983
5991.869198263032,0.4423,1477.814944886885
5991.9192116627255,0.4251,1599.821922017439
5991.969225062423,0.4242,1606.6176020725386
5992.019238462124,0.4335,1538.4227353713493
5992.069251861829,0.3894,1906.609584040886
5992.11926526154,0.4459,1454.0488728554749
5992.169278661254,0.4065,1749.5753857724062
5992.229294740916,0.3911,1890.0706749271033
5992.279308140639,0.3847,1953.4813362188652
5992.329321540367,0.4203,1636.5717495464633
5992.3793349400985,0.4204,1635.793265620205
5992.429348339835,0.4312,1554.8782121584125
5992.4793617395735,0.4262,1591.5744841270034
5992.5293751393165,0.4052,1760.8196647321945
5992.579388539065,0.4025,1784.5222585794427
5992.629401938818,0.442,1479.8217047783712
5992.6794153385745,0.4271,1584.8739246822508
5992.739431418287,0.4191,1645.9570655878204
5992.789444818052,0.3659,2159.3781566214075
5992.839458217822,0.3876,1924.3591049780423
5992.8894716175955,0.4373,1511.8021400813905
5992.939485017373,0.4426,1475.812264226447
5992.989498417154,0.4312,1554.8782121584125
5993.03951181694,0.4671,1325.0562124937098
5993.089525216731,0.3787,2015.872186766678
5993.139538616525,0.3957,1846.3821848548998
5993.189552016323,0.3774,2029.7839007056514
5993.2395654161255,0.3493,2369.4974125825297
5993.299581495895,0.3667,2149.966575232028
5993.349594895704,0.3928,1873.746036598102
5993.399608295521,0.4191,1645.9570655878204
5993.449621695341,0.4111,1710.6408168554801
5993.499635095164,0.4164,1667.371481480432
5993.549648494993,0.4336,1537.713214251871
5993.599661894826,0.4437,1468.503823744665
5993.649675294661,0.3916,1885.2472346280906
5993.699688694503,0.4015,1793.4225829730103
5993.7497020943465,0.4188,1648.3160092250364
5993.809718174165,0.37,2111.7869464699515
5993.859731574019,0.4753,1279.730264298153
5993.9097449738765,0.4134,1691.659106850523
5993.959758373739,0.4407,1488.5650733027067
5994.009771773606,0.4342,1533.4663771301593
5994.059785173475,0.4221,1622.6435755859268
5994.1097985733495,0.3608,2220.856162243556
5994.159811973228,0.3874,1926.346560705505
5994.209825373111,0.4113,1708.977582477601
5994.259838772999,0.439,1500.1161191190156
5994.309852172888,0.4487,1435.9582789266462
5994.369868252762,0.4115,1707.3167726335496
5994.419881652663,0.4428,1474.479404568006
5994.469895052566,0.4101,1718.9935224105268
5994.519908452474,0.4346,1530.6449189414664
5994.569921852387,0.3993,1813.239206938869
5994.619935252304,0.4199,1639.691249148831
5994.669948652224,0.4303,1561.389253707658
5994.719962052149,0.4132,1693.297116933064
5994.769975452077,0.4199,1639.691249148831
5994.819988852011,0.4004,1803.290064204663
5994.880004931934,0.4177,1657.008997934381
5994.930018331877,0.3905,1895.8832778453223
5994.980031731823,0.393,1871.8394060728365
5995.030045131773,0.4871,1218.4784548864684
5995.080058531727,0.4403,1491.270933577813
5995.130071931686,0.451,1421.3495196065924
5995.180085331649,0.4054,1759.0827323373608
5995.230098731615,0.4284,1575.2697920314936
5995.280112131586,0.4289,1571.5991277272612
5995.330125531562,0.3853,1947.4020569059585
5995.390141611535,0.3999,1807.802224463103
5995.44015501152,0.3835,1965.7256075342686
5995.490168411509,0.4335,1538.4227353713493
5995.5401818115015,0.4509,1421.9800381158689
5995.590195211498,0.4504,1425.1389327979073
5995.640208611499,0.393,1871.8394060728365
5995.690222011503,0.4254,1597.5662745536467
5995.740235411511,0.4336,1537.713214251871
5995.790248811523,0.3573,2264.5787792710676
5995.840262211542,0.4472,1445.6074066477165
5995.890275611561,0.4674,1323.3557912656213
5995.9502916915935,0.4784,1263.1989009937358
5996.000305091623,0.4115,1707.3167726335496
5996.050318491658,0.3634,2189.191033121392
5996.1003318916955,0.3599,2231.977385560347
5996.150345291739,0.399,1815.966900665108
5996.200358691785,0.4187,1649.1034507864892
5996.250372091837,0.4099,1720.6714035480557
5996.300385491892,0.4193,1644.3872486613288
5996.350398891949,0.4269,1586.3592762514531
5996.400412292014,0.4215,1627.2664784382723
5996.460428372094,0.4006,1801.48992898979
5996.510441772168,0.4034,1776.5684932839804
5996.560455172243,0.376,2044.9274127767742
5996.610468572324,0.3733,2074.6153652520748
5996.660481972408,0.4173,1660.187141582695
5996.7104953724975,0.4374,1511.1109531277311
5996.76050877259,0.3975,1829.698135892351
5996.810522172686,0.4369,1514.5716355911854
5996.860535572788,0.3873,1927.3414433674484
5996.910548972894,0.423,1615.7460711980539
5996.960562373003,0.3625,2200.0749632505317
5997.020578453139,0.3492,2370.8547034761564
5997.070591853258,0.4293,1568.6718259763823
5997.120605253379,0.3909,1892.0052355359392
5997.170618653507,0.4179,1655.423347275121
5997.220632053637,0.4175,1658.5969279133433
5997.270645453771,0.4013,1795.2106368129657
5997.3206588539115,0.4087,1730.7904732594866
5997.370672254054,0.4183,1652.2588664851774
5997.420685654201,0.3625,2200.0749632505317
5997.470699054353,0.3779,2024.4162485974282
5997.53071513454,0.4018,1790.745506911955
5997.5807285347,0.3769,2035.172929296195
5997.630741934864,0.3799,2003.157157948818
5997.680755335034,0.4454,1457.3152890036117
5997.730768735206,0.4565,1387.306529316421
5997.780782135382,0.4059,1754.7516287206524
5997.830795535564,0.38,2002.1030062043053
5997.88080893575,0.3909,1892.0052355359392
5997.930822335939,0.378,2023.3452734045695
5997.980835736132,0.4133,1692.4778146489757
5998.0408518163695,0.4283,1576.005467964796
5998.090865216571,0.3603,2227.0243303447905
5998.140878616778,0.448,1440.4491442737306
5998.190892016988,0.4414,1483.8475066365525
5998.240905417203,0.4287,1573.065852295999
5998.290918817422,0.4104,1716.4812986535158
5998.340932217646,0.4061,1753.0236649565852
5998.390945617872,0.3757,2048.194495681852
5998.440959018104,0.4196,1642.0367307992838
5998.490972418338,0.4416,1482.5037492707816
5998.540985818579,0.4318,1550.5601176528533
5998.601001898872,0.4014,1794.3162758030503
5998.651015299119,0.4263,1590.8278812283436
5998.701028699373,0.469,1314.3419189863396
5998.751042099629,0.431,1556.3215860456448
5998.801055499891,0.3948,1854.8099145042163
5998.851068900154,0.4376,1509.7300004918302
5998.901082300424,0.3953,1850.120736186777
5998.951095700698,0.3927,1874.7004444596494
5999.001109100976,0.4417,1481.8325549869999
5999.051122501257,0.4044,1767.7931838750844
5999.111138581599,0.3517,2337.268954253303
5999.16115198189,0.4377,1509.0402339438197
5999.211165382185,0.4016,1792.5295576574138
5999.261178782483,0.3777,2026.5607515057263
5999.311192182786,0.4024,1785.4093060733119
5999.361205583093,0.4436,1469.1659815597025
5999.411218983403,0.4066,1748.7149057247404
5999.46123238372,0.4369,1514.5716355911854
5999.511245784039,0.4209,1631.9091654078732
5999.561259184362,0.4511,1420.719420370574
5999.611272584689,0.4658,1332.4627094030113
5999.671288665088,0.4235,1611.9331114453887
5999.721302065425,0.414,1686.7593121064167
5999.771315465766,0.3729,2079.068510842728
5999.821328866111,0.425,1600.5748661921205
5999.8713422664605,0.3877,1923.3665303242196
5999.921355666812,0.3937,1865.1890661487946
5999.971369067169,0.4408,1487.8897589429112
6000.021382467529,0.4598,1367.4645413584933
6000.071395867896,0.4371,1513.1859374282647
6000.121409268265,0.4723,1296.0392868725044
6000.181425348715,0.4119,1704.002407717934
6000.231438749092,0.3885,1915.453505708019
6000.281452149475,0.4313,1554.1572780739841
6000.3314655498625,0.4327,1544.1166252145536
6000.381478950254,0.4376,1509.7300004918302
6000.431492350649,0.429,1570.8665345826798
6000.481505751048,0.4445,1463.222639356914
6000.53151915145,0.4207,1633.4611437181522
6000.581532551857,0.446,1453.3969075624564
6000.631545952269,0.4475,1443.66981609942
6000.681559352685,0.3016,3178.26673482492
6000.74157543319,0.2633,4170.142345849628
6000.791588833613,0.2841,3581.8745558664605
6000.841602234042,0.3402,2497.955659141786
6000.891615634475,0.4428,1474.479404568006
6000.941629034912,0.4749,1281.886956678959
6000.991642435352,0.4635,1345.7195007400687
6001.041655835797,0.4036,1774.8082119032342
6001.091669236247,0.3963,1840.7955692080818
6001.1416826367,0.4082,1735.0331147141287
6001.191696037157,0.4008,1799.6924879089784
6001.2517121177125,0.4435,1469.8285873325551
6001.30172551818,0.4523,1413.1907979814157
6001.351738918648,0.4174,1659.3917490131432
6001.401752319125,0.4261,1592.3216127394055
6001.451765719603,0.4276,1581.1696599196719
6001.501779120086,0.4302,1562.1152263231425
6001.551792520573,0.3997,1809.6118316575855
6001.601805921065,0.4085,1732.4856604598517
6001.65181932156,0.4552,1395.2418096733093
6001.701832722059,0.4456,1456.0074030301819
6001.751846122562,0.4546,1398.9272284649592
6001.811862203172,0.3911,1890.0706749271033
6001.861875603685,0.4215,1627.2664784382723
6001.911889004202,0.4281,1577.4783667495853
6001.9619024047215,0.4181,1653.8399715753246
6002.011915805247,0.3848,1952.4661478455794
6002.061929205776,0.4211,1630.3593978874933
6002.111942606309,0.4261,1592.3216127394055
6002.161956006847,0.4593,1370.4434350679549
6002.211969407387,0.4291,1570.1344535607302
6002.261982807934,0.4242,1606.6176020725386
6002.321998888593,0.4399,1493.9841784880139
6002.372012289147,0.4477,1442.3802524369244
6002.422025689706,0.4117,1705.6583826132187
6002.472039090269,0.4489,1434.6790317021032
6002.522052490836,0.4263,1590.8278812283436
6002.572065891407,0.4301,1562.841705371075
6002.622079291981,0.3825,1976.0173201142304
6002.67209269256,0.3961,1842.6549538580014
6002.722106093143,0.4429,1473.8136517484947
6002.77211949373,0.4591,1371.6377186272919
6002.832135574441,0.4077,1739.2913751241624
6002.882148975038,0.3638,2184.379638929639
6002.93216237564,0.3787,2015.872186766678
6002.982175776243,0.4005,1802.3896594941023
6003.032189176852,0.4233,1613.4566740281666
6003.082202577463,0.4381,1506.2858894737865
6003.13221597808,0.4136,1690.0234724111947
6003.182229378702,0.3779,2024.4162485974282
6003.232242779326,0.3945,1857.6319836451833
6003.282256179955,0.4532,1407.5835339647383
6003.332269580588,0.425,1600.5748661921205
6003.3922856613535,0.4226,1618.8061884029125
6003.442299061997,0.3846,1954.4973165716415
6003.492312462644,0.4245,1604.347572234197
6003.542325863294,0.4206,1634.2379632338043
6003.59233926395,0.3835,1965.7256075342686
6003.642352664608,0.4077,1739.2913751241624
6003.69236606527,0.4271,1584.8739246822508
6003.742379465937,0.3894,1906.609584040886
6003.792392866609,0.4075,1740.9990697742826
6003.842406267285,0.4111,1710.6408168554801
6003.902422348099,0.4297,1565.752695318583
6003.952435748784,0.4422,1478.4834110561321
6004.002449149472,0.4278,1579.6915894561546
6004.052462550164,0.4362,1519.4365984447224
6004.102475950861,0.4121,1702.3488432604183
6004.152489351562,0.4257,1595.3153942088259
6004.202502752266,0.3929,1872.7923573830067
6004.252516152975,0.4142,1685.1307770907742
6004.302529553688,0.4659,1331.8907768632996
6004.352542954404,0.4394,1497.3861602548054
6004.402556355125,0.3965,1838.9389975381976
6004.462572435997,0.4483,1438.5219116668125
6004.512585836728,0.468,1319.9647536701873
6004.56259923746,0.3726,2082.417786061043
6004.6126126382,0.3811,1990.562050095863
6004.662626038942,0.4081,1735.8835148301287
6004.712639439688,0.4582,1377.0313617043578
6004.762652840441,0.3977,1827.8583235035335
6004.812666241193,0.3672,2144.115548622573
6004.862679641953,0.3982,1823.2709147555813
6004.9126930427165,0.4718,1298.787746578822
6004.972709123636,0.4539,1403.2453689945967
6005.022722524409,0.4096,1723.1928351813242
6005.072735925185,0.4093,1725.7198131484984
6005.122749325966,0.4323,1546.9754314560896
6005.17276272675,0.4087,1730.7904732594866
6005.222776127537,0.441,1486.5405081523327
6005.27278952833,0.3966,1838.0117647979248
6005.322802929128,0.3841,1959.5891269058163
6005.372816329928,0.387,1930.330720097489
6005.422829730732,0.4094,1724.8768698964814
6005.472843131542,0.4132,1693.297116933064
6005.532859212517,0.4431,1472.4834980920878
6005.582872613336,0.4294,1567.9412784612027
6005.632886014158,0.3926,1875.6555817101225
6005.682899414984,0.4036,1774.8082119032342
6005.7329128158135,0.4261,1592.3216127394055
6005.782926216649,0.4141,1685.9447496460987
6005.832939617486,0.4018,1790.745506911955
6005.88295301833,0.4183,1652.2588664851774
6005.932966419176,0.4746,1283.5080557959977
6005.982979820026,0.4572,1383.0616954010031
6006.0429959010535,0.413,1694.9375072616515
6006.093009301913,0.3999,1807.802224463103
6006.143022702777,0.4378,1508.350939999413
6006.193036103645,0.4518,1416.3204342025333
6006.243049504517,0.4304,1560.6637870540155
6006.2930629053935,0.3728,2080.1840375473876
6006.343076306273,0.4098,1721.5112655022344
6006.393089707156,0.4094,1724.8768698964814
6006.443103108046,0.3408,2489.1678090088426
6006.493116508938,0.3461,2413.5160347256206
6006.5531325900165,0.3879,1921.3836834733113
6006.603145990915,0.4484,1437.880360240333
6006.6531593918235,0.4329,1542.6901929034786
6006.703172792732,0.4255,1596.815452089362
6006.753186193645,0.4418,1481.161816418565
6006.803199594564,0.4257,1595.3153942088259
6006.8532129954865,0.4259,1593.8174490807532
6006.903226396413,0.4331,1541.265736255724
6006.953239797343,0.4185,1650.6800276652534
6007.003253198276,0.3589,2244.4325575807375
6007.053266599216,0.4456,1456.0074030301819
6007.113282680348,0.4707,1304.8652177344577
6007.163296081294,0.4141,1685.9447496460987
6007.2133094822475,0.3961,1842.6549538580014
6007.263322883201,0.4161,1669.7766271799992
6007.313336284161,0.42,1638.9105386037259
6007.363349685125,0.3784,2019.069860062979
6007.413363086092,0.4748,1282.4269816362369
6007.463376487065,0.3878,1922.374723419841
6007.513389888042,0.4052,1760.8196647321945
6007.563403289021,0.4504,1425.1389327979073
6007.623419370204,0.4678,1321.0936498610045
6007.673432771193,0.4401,1492.6266312753953
6007.723446172186,0.3703,2108.366596788151
6007.773459573182,0.3562,2278.5870667111258
6007.823472974185,0.4017,1791.6371991916546
6007.87348637519,0.3641,2180.781494900069
6007.9234997762005,0.4051,1761.6890958102108
6007.973513177215,0.4371,1513.1859374282647
6008.023526578231,0.4421,1479.1523308830954
6008.073539979254,0.4758,1277.0420441053695
6008.12355338028,0.5184,1075.7819061188407
6008.183569461517,0.3991,1815.0569859350119
6008.233582862553,0.4501,1427.0393247621703
6008.283596263591,0.433,1541.9777178498093
6008.333609664635,0.4286,1573.7999846773905
6008.3836230656825,0.4339,1535.5875934877472
6008.433636466733,0.4292,1569.402884184187
6008.483649867789,0.3791,2011.6204254990791
6008.533663268849,0.3946,1856.6905787310593
6008.583676669913,0.4126,1698.225447124094
6008.63369007098,0.4017,1791.6371991916546
6008.693706152267,0.344,2443.0732394145216
6008.743719553345,0.3695,2117.506053472381
6008.793732954426,0.3622,2203.720982047752
6008.843746355512,0.425,1600.5748661921205
6008.893759756598,0.4142,1685.1307770907742
6008.943773157692,0.4475,1443.66981609942
6008.99378655879,0.4131,1694.1170142784895
6009.043799959891,0.4605,1363.3103803563604
6009.093813360997,0.3983,1822.3555055380702
6009.143826762106,0.4075,1740.9990697742826
6009.2038428434425,0.4001,1805.995330315879
6009.253856244562,0.4214,1628.0388826597073
6009.303869645684,0.4397,1495.3435785814756
6009.353883046811,0.3765,2039.4996195893573
6009.403896447941,0.3779,2024.4162485974282
6009.453909849077,0.3603,2227.0243303447905
6009.503923250216,0.4392,1498.7502073260982
6009.55393665136,0.4374,1511.1109531277311
6009.603950052507,0.4159,1671.3829499455978
6009.6539634536575,0.3626,2198.861634225426
6009.703976854814,0.3563,2277.308222525568
6009.763992936206,0.3575,2262.0457006699635
6009.81400633737,0.4002,1805.0928989405043
6009.864019738539,0.3926,1875.6555817101225
6009.914033139711,0.4349,1528.533932316649
6009.9640465408875,0.4173,1660.187141582695
6010.014059942069,0.3636,2186.783351132581
6010.064073343252,0.4355,1524.3250391558333
6010.114086744443,0.4674,1323.3557912656213
6010.164100145636,0.4711,1302.6503020308103
6010.214113546835,0.4475,1443.66981609942
6010.2641269480355,0.4496,1430.2151024583052
6010.32414302948,0.4179,1655.423347275121
6010.374156430692,0.4061,1753.0236649565852
6010.424169831906,0.3909,1892.0052355359392
6010.474183233125,0.4357,1522.925937309937
6010.524196634346,0.4171,1661.7796433236067
6010.574210035574,0.3718,2091.388856686206
6010.624223436805,0.4224,1620.3395080944822
6010.67423683804,0.4496,1430.2151024583052
6010.724250239278,0.3193,2835.667719699118
6010.77426364052,0.4548,1397.6971347427357
6010.8342797220175,0.4794,1257.9344921806353
6010.884293123271,0.4617,1356.232871574937
6010.934306524526,0.4128,1696.580282450271
6010.984319925785,0.4155,1674.602557050219
6011.03433332705,0.3847,1953.4813362188652
6011.084346728318,0.4099,1720.6714035480557
6011.134360129591,0.3892,1908.5695990068446
6011.1843735308685,0.4602,1365.0884139685277
6011.234386932148,0.3636,2186.783351132581
6011.284400333433,0.3293,2666.059254669605
6011.34441641498,0.4028,1781.8650789058217
6011.394429816272,0.4114,1708.1468747834967
6011.444443217571,0.4519,1415.6936758075458
6011.494456618873,0.4513,1419.460478232107
6011.544470020178,0.329,2670.9235707893313
6011.59448342149,0.4442,1465.1997399230706
6011.6444968228025,0.3773,2030.8599926789316
6011.694510224122,0.3839,1961.631423819002
6011.7445236254425,0.4027,1782.7501456516816
6011.794537026771,0.3932,1869.9356842058676
6011.8445504281,0.3846,1954.4973165716415
6011.904566509703,0.4061,1753.0236649565852
6011.954579911042,0.4164,1667.371481480432
6012.0045933123865,0.3905,1895.8832778453223
6012.054606713732,0.3887,1913.4828797282187
6012.104620115085,0.3815,1986.3900694030717
6012.15463351644,0.3785,2018.0031241014685
6012.2046469178,0.3499,2361.378090236533
6012.254660319165,0.4007,1800.590872018783
6012.304673720533,0.396,1843.5857028266778
6012.354687121904,0.3777,2026.5607515057263
6012.414703203557,0.5089,1116.3214974014788
6012.464716604938,0.4227,1618.0403446008854
6012.514730006323,0.3647,2173.6118268084447
6012.564743407713,0.372,2089.1406620234047
6012.6147568091055,0.4193,1644.3872486613288
6012.664770210503,0.4009,1798.7947759891103
6012.714783611906,0.3754,2051.469414339503
6012.76479701331,0.4674,1323.3557912656213
6012.814810414719,0.4316,1551.9974816769593
6012.864823816133,0.4701,1308.1981983445353
6012.9148372175505,0.3856,1944.3730535920824
6012.974853299258,0.3153,2908.072305071493
6013.024866700685,0.3694,2118.6526625324227
6013.074880102116,0.3875,1925.3524481739246
6013.124893503552,0.4509,1421.9800381158689
6013.174906904991,0.4388,1501.4838990340006
6013.224920306434,0.4739,1287.3026002019349
6013.27493370788,0.4205,1635.0153370253413
6013.324947109333,0.3999,1807.802224463103
6013.374960510789,0.3959,1844.517157173602
6013.424973912246,0.386,1940.3453632824219
6013.484989994004,0.3828,1972.9213360065417
6013.535003395472,0.4223,1621.1069850147878
6013.585016796945,0.4245,1604.347572234197
6013.635030198422,0.3901,1899.773255618172
6013.685043599902,0.4409,1487.2149040316817
6013.735057001387,0.4676,1322.22399489936
6013.785070402877,0.3817,1984.3089958248834
6013.83508380437,0.4545,1399.5428843713316
6013.885097205868,0.4166,1665.7709368353176
6013.935110607368,0.4295,1567.2112411630883
6013.995126689175,0.4296,1566.481713607033
6014.045140090685,0.3968,1836.1594019688443
6014.0951534922,0.4518,1416.3204342025333
6014.145166893718,0.4472,1445.6074066477165
6014.195180295241,0.3963,1840.7955692080818
6014.245193696766,0.3896,1904.6525867958887
6014.295207098297,0.4773,1269.0280107221095
6014.345220499833,0.4644,1340.5085991244164
6014.39523390137,0.397,1834.3098379682813
6014.445247302912,0.4461,1452.745380662683
6014.49526070446,0.4577,1380.0415878288527
6014.555276786323,0.4221,1622.6435755859268
6014.605290187877,0.4077,1739.2913751241624
6014.655303589437,0.4371,1513.1859374282647
6014.7053169910005,0.4022,1787.185386407062
6014.75533039257,0.3868,1932.3274365177497
6014.8053437941435,0.3829,1971.8909580718366
6014.855357195717,0.4207,1633.4611437181522
6014.905370597299,0.4109,1712.3064804887606
6014.955383998884,0.3955,1848.2500426163272
6015.005397400471,0.3976,1828.7778826517167
6015.065413482383,0.4408,1487.8897589429112
6015.115426883981,0.3938,1864.2419114958523
6015.165440285582,0.3528,2322.71691052736
6015.2154536871885,0.4012,1796.1056666690201
6015.265467088798,0.4265,1589.3362506004048
6015.31548049041,0.3955,1848.2500426163272
6015.36549389203,0.4258,1594.5661577988085
6015.415507293651,0.4508,1422.6109762704702
6015.465520695277,0.474,1286.7594929894713
6015.515534096908,0.4241,1607.375349409412
6015.5655474985415,0.4532,1407.5835339647383
6015.625563580508,0.4692,1313.2216640887073
6015.67557698215,0.3682,2132.4849232931597
6015.725590383799,0.3832,1968.804662761384
6015.775603785449,0.3897,1903.6752178832025
6015.825617187104,0.4467,1448.8454035473942
6015.8756305887655,0.3971,1833.386103766989
6015.925643990428,0.388,1920.3934096940575
6015.975657392096,0.3417,2476.07273027012
6016.025670793767,0.4525,1411.9418473790408
6016.075684195443,0.3796,2006.3246133174941
6016.135700277459,0.3776,2027.634281024108
6016.185713679145,0.398,1825.1038036396537
6016.2357270808325,0.4195,1642.819676462769
6016.285740482525,0.4069,1746.1372709790962
6016.335753884222,0.4339,1535.5875934877472
6016.385767285923,0.4295,1567.2112411630883
6016.4357806876305,0.4342,1533.4663771301593
6016.485794089337,0.4101,1718.9935224105268
6016.535807491051,0.4161,1669.7766271799992
6016.585820892769,0.4278,1579.6915894561546
6016.645836974835,0.4681,1319.4008481189398
6016.695850376562,0.4562,1389.1317283130245
6016.745863778292,0.4114,1708.1468747834967
6016.795877180026,0.3999,1807.802224463103
6016.845890581765,0.3861,1939.3403961422396
6016.895903983506,0.4102,1718.1555020294086
6016.945917385253,0.4033,1777.4496161905456
6016.995930787005,0.4418,1481.161816418565
6017.045944188759,0.3936,1866.1369428082617
6017.095957590519,0.3853,1947.4020569059585
6017.14597099228,0.4048,1764.3012561961943
6017.205987074402,0.4301,1562.841705371075
6017.256000476174,0.4264,1590.08180355032
6017.30601387795,0.4105,1715.6451144653452
6017.3560272797295,0.3853,1947.4020569059585
6017.406040681513,0.3888,1912.498706948371
6017.456054083304,0.4103,1717.3180943094253
6017.506067485095,0.3654,2165.2918119196597
6017.556080886892,0.4716,1299.8895789721207
6017.606094288691,0.4395,1496.7048349292463
6017.656107690496,0.4008,1799.6924879089784
6017.706121092305,0.4188,1648.3160092250364
6017.766137174482,0.4087,1730.7904732594866
6017.816150576297,0.4246,1603.5919646646933
6017.86616397812,0.3943,1859.5169427032913
6017.916177379947,0.4496,1430.2151024583052
6017.966190781776,0.4028,1781.8650789058217
6018.016204183611,0.4502,1426.4054386376931
6018.066217585447,0.4836,1236.1794402395162
6018.11623098729,0.4315,1552.7169132976246
6018.166244389136,0.4101,1718.9935224105268
6018.216257790987,0.4585,1375.2299512013976
6018.276273873213,0.4369,1514.5716355911854
6018.326287275071,0.4233,1613.4566740281666
6018.376300676934,0.3889,1911.515293266269
6018.426314078802,0.4183,1652.2588664851774
6018.476327480673,0.3896,1904.6525867958887
6018.526340882548,0.3773,2030.8599926789316
6018.576354284428,0.4145,1682.6923931634576
6018.626367686312,0.4629,1349.2103334936057
6018.676381088199,0.4248,1602.0823500713632
6018.7263944900915,0.3975,1829.698135892351
6018.786410572367,0.4206,1634.2379632338043
6018.836423974267,0.4326,1544.8305833857692
6018.886437376173,0.4764,1273.8273459083146
6018.936450778081,0.4738,1287.8460513338018
6018.986464179993,0.4037,1773.9290521316534
6019.036477581911,0.3584,2250.6992759914538
6019.08649098383,0.3721,2088.0179238744804
6019.136504385756,0.4229,1616.5102865120118
6019.186517787686,0.489,1209.0281207651249
6019.236531189617,0.4746,1283.5080557959977
6019.286544591556,0.4288,1572.332233472255
6019.346560673886,0.4519,1415.6936758075458
6019.396574075833,0.4195,1642.819676462769
6019.446587477783,0.396,1843.5857028266778
6019.496600879737,0.3481,2385.862191087195
6019.546614281696,0.3691,2122.098083164365
6019.596627683659,0.4659,1331.8907768632996
6019.646641085625,0.4175,1658.5969279133433
6019.696654487594,0.3836,1964.70086078572
6019.74666788957,0.3762,2042.7536983638054
6019.796681291548,0.4134,1691.659106850523
6019.856697373929,0.3978,1826.939457749959
6019.906710775917,0.4134,1691.659106850523
6019.956724177909,0.4273,1583.3906582997379
6020.0067375799035,0.4122,1701.5229634841594
6020.056750981904,0.4535,1405.7218605021355
6020.106764383909,0.4235,1611.9331114453887
6020.156777785917,0.4914,1197.2471857439914
6020.206791187929,0.4494,1431.4883825370425
6020.256804589945,0.3961,1842.6549538580014
6020.3068179919655,0.385,1950.4381437467864
6020.356831393989,0.3678,2137.125790522013
6020.416847476425,0.4011,1797.0013660383067
6020.466860878458,0.4255,1596.815452089362
6020.516874280495,0.3842,1958.5691742739598
6020.566887682536,0.3447,2433.1607945617
6020.6169010845815,0.38,2002.1030062043053
6020.666914486633,0.4256,1596.0651588068135
6020.716927888687,0.4673,1323.9222344732827
6020.766941290743,0.4438,1467.842113483742
6020.816954692804,0.366,2158.1983329813565
6020.866968094871,0.3705,2106.0909780572824
6020.926984177355,0.4046,1766.0459254537939
6020.976997579431,0.4105,1715.6451144653452
6021.027010981508,0.3976,1828.7778826517167
6021.0770243835905,0.491,1199.1986845992885
6021.127037785679,0.4643,1341.0860921545136
6021.177051187769,0.4406,1489.2408475282255
6021.227064589865,0.4295,1567.2112411630883
6021.277077991964,0.4041,1770.418937405041
6021.327091394067,0.3798,2004.2121424640561
6021.377104796175,0.4302,1562.1152263231425
6021.43712087871,0.4642,1341.6639584422499
6021.487134280825,0.4399,1493.9841784880139
6021.537147682946,0.4283,1576.005467964796
6021.58716108507,0.3601,2229.4987947586155
6021.6371744871985,0.3534,2314.8366436237484
6021.687187889332,0.3944,1858.5741047270574
6021.737201291467,0.4678,1321.0936498610045
6021.787214693609,0.4069,1746.1372709790962
6021.837228095754,0.4443,1464.5402613930946
6021.8872414979005,0.4291,1570.1344535607302
6021.937254900054,0.4093,1725.7198131484984
6021.9972709826425,0.4413,1484.520070545796
6022.047284384805,0.4363,1518.7401698455026
6022.097297786971,0.4324,1546.259986048045
6022.14731118914,0.446,1453.3969075624564
6022.197324591315,0.4074,1741.8538603816703
6022.247337993493,0.3982,1823.2709147555813
6022.297351395675,0.4644,1340.5085991244164
6022.347364797862,0.5009,1152.264280680002
6022.397378200051,0.4669,1326.1916480662221
6022.447391602245,0.4326,1544.8305833857692
6022.497405004444,0.49,1204.098357678442
6022.557421087088,0.4225,1619.5725760624193
6022.607434489295,0.4523,1413.1907979814157
6022.657447891506,0.4733,1290.5684759603728
6022.707461293722,0.481,1249.5796335567857
6022.757474695941,0.443,1473.1483497254892
6022.807488098165,0.4338,1536.2956437622538
6022.857501500392,0.4304,1560.6637870540155
6022.907514902624,0.4168,1664.1726956788334
6022.95752830486,0.4265,1589.3362506004048
6023.007541707099,0.4174,1659.3917490131432
6023.067557789792,0.3843,1957.5500177523847
6023.117571192041,0.4418,1481.161816418565
6023.167584594294,0.4133,1692.4778146489757
6023.217597996551,0.3794,2008.4404257977524
6023.267611398812,0.4642,1341.6639584422499
6023.317624801077,0.4157,1672.991591746966
6023.367638203346,0.4311,1555.599647993728
6023.417651605619,0.4544,1400.1589467844994
6023.467665007896,0.3587,2246.936100385294
6023.517678410178,0.4103,1717.3180943094253
6023.57769449292,0.3562,2278.5870667111258
6023.62770789521,0.3462,2412.1219500966185
6023.677721297505,0.4144,1683.5045994178975
6023.7277346998035,0.4584,1375.8300284063523
6023.777748102105,0.4324,1546.259986048045
6023.827761504411,0.4416,1482.5037492707816
6023.877774906721,0.4615,1357.4086235199018
6023.927788309036,0.4383,1504.9115442409377
6023.977801711354,0.4319,1549.8421843239007
6024.027815113676,0.3918,1883.3230271248522
6024.08783119647,0.3816,1985.349123599025
6024.137844598801,0.381,1991.6070989424677
6024.187858001138,0.4558,1391.5709353575337
6024.237871403477,0.4021,1788.0744205638096
6024.287884805821,0.4006,1801.48992898979
6024.3378982081695,0.3983,1822.3555055380702
6024.387911610521,0.481,1249.5796335567857
6024.437925012877,0.4063,1751.2982523136398
6024.4879384152355,0.3592,2240.6850814370446
6024.5379518176005,0.3561,2279.8669884199758
6024.587965219968,0.3968,1836.1594019688443
6024.6479813028145,0.4533,1406.9625654362299
6024.697994705192,0.4691,1313.7816124308574
6024.748008107574,0.4695,1311.5439652910325
6024.79802150996,0.4516,1417.575200295858
6024.848034912348,0.4267,1587.846716917672
6024.898048314741,0.3558,2283.713230803457
6024.9480617171375,0.3835,1965.7256075342686
6024.998075119539,0.429,1570.8665345826798
6025.048088521944,0.4649,1337.626721601882
6025.0981019243545,0.4628,1349.7934593292043
6025.148115326768,0.363,2194.0183414663434
6025.2081314096695,0.4144,1683.5045994178975
6025.258144812092,0.397,1834.3098379682813
6025.30815821452,0.4219,1624.1823519135567
6025.358171616948,0.3866,1934.3272526188523
6025.408185019383,0.4133,1692.4778146489757
6025.458198421822,0.425,1600.5748661921205
6025.508211824264,0.4221,1622.6435755859268
6025.558225226714,0.4081,1735.8835148301287
6025.608238629164,0.3956,1847.315759617881
6025.658252031618,0.3956,1847.315759617881
6025.718268114569,0.3441,2441.65347123844
6025.768281517034,0.3722,2086.8960905490126
6025.8182949195,0.4407,1488.5650733027067
6025.868308321972,0.4034,1776.5684932839804
6025.91832172445,0.4424,1477.1469319652238
6025.96833512693,0.4058,1755.6165688450542
6026.018348529413,0.4078,1738.4384698479823
6026.068361931901,0.4736,1288.933986517818
6026.118375334393,0.5189,1073.7097119857092
6026.16838873689,0.4392,1498.7502073260982
6026.22840481989,0.4046,1766.0459254537939
6026.278418222396,0.4411,1485.866570888651
6026.3284316249055,0.4265,1589.3362506004048
6026.378445027418,0.3731,2076.8401477231337
6026.428458429936,0.3461,2413.5160347256206
6026.478471832457,0.3803,1998.9455388383592
6026.528485234981,0.439,1500.1161191190156
6026.578498637512,0.4585,1375.2299512013976
6026.628512040046,0.4428,1474.479404568006
6026.678525442584,0.4323,1546.9754314560896
6026.7285388451255,0.4218,1624.9525610317762
6026.78855492818,0.425,1600.5748661921205
6026.838568330731,0.4383,1504.9115442409377
6026.888581733286,0.4817,1245.9505350518498
6026.9385951358445,0.4368,1515.265198566769
6026.988608538407,0.3739,2067.962425159403
6027.038621940973,0.4922,1193.3584517949132
6027.088635343544,0.4331,1541.265736255724
6027.13864874612,0.4714,1300.992814077055
6027.188662148698,0.4064,1750.4365010935394
6027.238675551281,0.3765,2039.4996195893573
6027.298691634387,0.3651,2168.851673018435
6027.348705036979,0.3957,1846.3821848548998
6027.398718439575,0.4041,1770.418937405041
6027.448731842174,0.4467,1448.8454035473942
6027.498745244779,0.419,1646.7428171636127
6027.548758647387,0.3469,2402.3970902904284
6027.59877205,0.3569,2269.657717806449
6027.648785452615,0.3631,2192.810018592463
6027.698798855235,0.3454,2423.308555191042
6027.74881225786,0.4222,1621.875007339633
6027.798825660489,0.4436,1469.1659815597025
6027.858841743648,0.4026,1783.6358719910297
6027.908855146285,0.3248,2740.445574502867
6027.958868548926,0.3792,2010.5595869565177
6028.008881951571,0.3954,1849.1850345668029
6028.05889535422,0.3959,1844.517157173602
6028.1089087568735,0.4162,1668.9743340428865
6028.158922159531,0.4124,1699.8730059195104
6028.208935562195,0.417,1662.5767535928867
6028.25894896486,0.4181,1653.8399715753246
6028.3089623675305,0.4254,1597.5662745536467
6028.368978450737,0.4199,1639.691249148831
6028.418991853416,0.4181,1653.8399715753246
6028.4690052561,0.4229,1616.5102865120118
6028.519018658787,0.4194,1643.6031822386528
6028.569032061478,0.4371,1513.1859374282647
6028.619045464171,0.4388,1501.4838990340006
6028.669058866871,0.4256,1596.0651588068135
6028.719072269573,0.4105,1715.6451144653452
6028.769085672281,0.4027,1782.7501456516816
6028.819099074991,0.3981,1824.1870138916186
6028.87911515825,0.3848,1952.4661478455794
6028.929128560971,0.4179,1655.423347275121
6028.979141963694,0.4416,1482.5037492707816
6029.029155366422,0.4494,1431.4883825370425
6029.0791687691535,0.3977,1827.8583235035335
6029.1291821718905,0.3661,2157.0194760110217
6029.17919557463,0.4311,1555.599647993728
6029.229208977375,0.4008,1799.6924879089784
6029.2792223801225,0.4103,1717.3180943094253
6029.329235782875,0.4271,1584.8739246822508
6029.379249185632,0.4797,1256.3615859628521
6029.439265268945,0.4185,1650.6800276652534
6029.48927867171,0.4143,1684.3173938709692
6029.539292074479,0.3767,2037.3345515817198
6029.589305477253,0.4334,1539.1327476777224
6029.63931888003,0.4325,1545.5450368441907
6029.689332282812,0.4089,1729.0977728800322
6029.739345685596,0.3698,2114.0718056313235
6029.789359088385,0.401,1797.8977355887505
6029.83937249118,0.4284,1575.2697920314936
6029.889385893977,0.3998,1808.7066885901158
6029.949401977339,0.3967,1837.0852331770348
6029.999415380146,0.4468,1448.1969344221584
6030.049428782957,0.4625,1351.5451068662703
6030.099442185771,0.4179,1655.423347275121
6030.149455588589,0.3957,1846.3821848548998
6030.199468991412,0.4176,1657.8026777359762
6030.249482394239,0.4403,1491.270933577813
6030.29949579707,0.3756,2049.2852633588845
6030.349509199906,0.36,2230.7375737878447
6030.399522602744,0.3738,2069.0690241454445
6030.449536005586,0.4434,1470.4916414673792
6030.509552089004,0.3708,2102.684451642622
6030.559565491856,0.3524,2327.9927982446325
6030.6095788947105,0.359,2243.182354955459
6030.659592297571,0.3336,2597.773062659615
6030.709605700435,0.3695,2117.506053472381
6030.7596191033035,0.3175,2867.9112115538596
6030.809632506175,0.404,1771.2954887245266
6030.85964590905,0.3991,1815.0569859350119
6030.909659311932,0.4311,1555.599647993728
6030.959672714816,0.3825,1976.0173201142304
6031.019688798283,0.4194,1643.6031822386528
6031.0697022011755,0.3629,2195.227663364212
6031.119715604073,0.4093,1725.7198131484984
6031.169729006973,0.4125,1699.0489269663897
6031.219742409879,0.4369,1514.5716355911854
6031.269755812788,0.459,1372.2354459238227
6031.319769215701,0.4115,1707.3167726335496
6031.369782618619,0.42,1638.9105386037259
6031.419796021541,0.4278,1579.6915894561546
6031.469809424467,0.3889,1911.515293266269
6031.519822827396,0.4225,1619.5725760624193
6031.579838910916,0.4458,1454.701276935136
6031.629852313855,0.4425,1476.4793718814794
6031.679865716798,0.4697,1310.4272849043641
6031.729879119744,0.4145,1682.6923931634576
6031.779892522694,0.3628,2196.4379853876767
6031.829905925649,0.3754,2051.469414339503
6031.879919328609,0.4827,1240.7934712287347
6031.92993273157,0.3863,1937.3328027186367
6031.9799461345365,0.4234,1612.694622857416
6032.029959537507,0.4609,1360.9450675530516
6032.0899756210765,0.4243,1605.8603904341724
6032.139989024056,0.3754,2051.469414339503
6032.190002427041,0.4491,1433.4014931742997
6032.240015830028,0.3872,1928.3370969554433
6032.2900292330205,0.4082,1735.0331147141287
6032.340042636016,0.4119,1704.002407717934
6032.390056039017,0.4138,1688.390209023367
6032.440069442021,0.4199,1639.691249148831
6032.490082845026,0.4535,1405.7218605021355
6032.540096248039,0.3718,2091.388856686206
6032.590109651056,0.3989,1816.8774997971818
6032.65012573468,0.354,2306.99641179436
6032.700139137704,0.4143,1684.3173938709692
6032.750152540733,0.4322,1547.691373527612
6032.800165943768,0.3988,1817.7887840177793
6032.850179346804,0.4007,1800.590872018783
6032.900192749844,0.3994,1812.3313413040241
6032.950206152889,0.3875,1925.3524481739246
6033.000219555938,0.4081,1735.8835148301287
6033.050232958992,0.4466,1449.4943083244016
6033.10024636205,0.4543,1400.7754160624208
6033.160262445724,0.4647,1338.7783563677644
6033.210275848789,0.4615,1357.4086235199018
6033.260289251861,0.3955,1848.2500426163272
6033.310302654933,0.3624,2201.2892968228803
6033.3603160580105,0.3876,1924.3591049780423
6033.410329461093,0.4286,1573.7999846773905
6033.460342864181,0.4569,1384.8785210407952
6033.51035626727,0.4588,1373.4320732525046
6033.560369670365,0.4467,1448.8454035473942
6033.610383073463,0.4594,1369.8468781255021
6033.670399157186,0.4969,1170.8901571890192
6033.720412560294,0.4239,1608.8924532010099
6033.770425963406,0.3983,1822.3555055380702
6033.82043936652,0.3937,1865.1890661487946
6033.87045276964,0.4279,1578.953331306092
6033.920466172764,0.4685,1317.1488356714751
6033.970479575892,0.4257,1595.3153942088259
6034.020492979022,0.4179,1655.423347275121
6034.070506382158,0.3915,1886.2104444315546
6034.120519785297,0.4433,1471.1551443687872
6034.170533188441,0.4101,1718.9935224105268
6034.23054927222,0.4362,1519.4365984447224
6034.280562675371,0.3756,2049.2852633588845
6034.330576078527,0.4387,1502.1684906020266
6034.380589481689,0.3422,2468.842290269278
6034.430602884851,0.3975,1829.698135892351
6034.480616288021,0.4012,1796.1056666690201
6034.530629691194,0.4147,1681.069742981496
6034.58064309437,0.393,1871.8394060728365
6034.630656497551,0.3812,1989.5178235806018
6034.680669900737,0.4012,1796.1056666690201
6034.740685984564,0.4441,1465.8596639954635
6034.790699387756,0.3953,1850.120736186777
6034.840712790954,0.437,1513.8785486902225
6034.890726194158,0.4499,1428.308365297216
6034.940739597362,0.3981,1824.1870138916186
6034.990753000571,0.41,1719.8321560505697
6035.040766403786,0.45,1427.6736335234107
6035.090779807004,0.3952,1851.0571481946283
6035.140793210226,0.3857,1943.364956129773
6035.190806613452,0.417,1662.5767535928867
6035.240820016682,0.4072,1743.5653312504053
6035.300836100562,0.4201,1638.1303855085825
6035.350849503802,0.4382,1505.5984816322243
6035.400862907043,0.4,1806.898438597692
6035.450876310291,0.3919,1882.36202792012
6035.500889713541,0.441,1486.5405081523327
6035.550903116798,0.4265,1589.3362506004048
6035.600916520056,0.4124,1699.8730059195104
6035.650929923319,0.4438,1467.842113483742
6035.700943326586,0.37,2111.7869464699515
6035.7509567298575,0.3275,2695.4460012946774
6035.810972813788,0.4025,1784.5222585794427
6035.860986217069,0.3887,1913.4828797282187
6035.9109996203515,0.4088,1729.9438125212876
6035.961013023641,0.4623,1352.7147668571642
6036.011026426932,0.4212,1629.5853418615545
6036.061039830229,0.4088,1729.9438125212876
6036.111053233528,0.3763,2041.6681406465148
6036.161066636832,0.3242,2750.5984665084793
6036.211080040141,0.4244,1605.1037139894731
6036.261093443452,0.4103,1717.3180943094253
6036.321109527433,0.3899,1901.7227356150438
6036.371122930755,0.3836,1964.70086078572
6036.421136334078,0.3883,1917.4271774694726
6036.471149737409,0.4426,1475.812264226447
6036.521163140743,0.4347,1529.9407710965204
6036.571176544078,0.4039,1772.1726911885942
6036.62118994742,0.3893,1907.5892139211383
6036.6712033507665,0.3426,2463.080716764135
6036.721216754115,0.3848,1952.4661478455794
6036.771230157468,0.3461,2413.5160347256206
6036.821243560825,0.4039,1772.1726911885942
6036.881259644861,0.4185,1650.6800276652534
6036.931273048226,0.4448,1461.249537860857
6036.981286451598,0.396,1843.5857028266778
6037.031299854972,0.4328,1543.4031618728463
6037.081313258349,0.382,1981.1935121183908
6037.131326661733,0.4112,1709.8088963049827
6037.181340065119,0.4195,1642.819676462769
6037.231353468509,0.3871,1929.3335222662074
6037.281366871902,0.4273,1583.3906582997379
6037.331380275302,0.3841,1959.5891269058163
6037.391396359385,0.3705,2106.0909780572824
6037.441409762793,0.3978,1826.939457749959
6037.491423166203,0.4082,1735.0331147141287
6037.541436569619,0.4156,1673.7967836813048
6037.59144997304,0.3957,1846.3821848548998
6037.6414633764625,0.4622,1353.3001663266134
6037.69147677989,0.397,1834.3098379682813
6037.741490183323,0.4148,1680.2592979211945
6037.791503586757,0.4501,1427.0393247621703
6037.841516990196,0.3757,2048.194495681852
6037.89153039364,0.4285,1574.5346310958837
6037.951546477777,0.4404,1490.5937772474354
6038.00155988123,0.4197,1641.2543447144405
6038.051573284688,0.3487,2377.658683045242
6038.101586688149,0.3803,1998.9455388383592
6038.151600091613,0.3848,1952.4661478455794
6038.20161349508,0.4313,1554.1572780739841
6038.251626898553,0.4714,1300.992814077055
6038.30164030203,0.4336,1537.713214251871
6038.351653705511,0.4009,1798.7947759891103
6038.401667108996,0.4112,1709.8088963049827
6038.461683193183,0.4283,1576.005467964796
6038.511696596676,0.4135,1690.8409929626996
6038.561710000175,0.4506,1423.874113005976
6038.611723403676,0.3953,1850.120736186777
6038.66173680718,0.3596,2235.703028828337
6038.71175021069,0.3792,2010.5595869565177
6038.761763614205,0.4312,1554.8782121584125
6038.811777017722,0.4425,1476.4793718814794
6038.861790421244,0.4585,1375.2299512013976
6038.91180382477,0.4496,1430.2151024583052
6038.9618172283,0.4012,1796.1056666690201
6039.021833312541,0.4395,1496.7048349292463
6039.07184671608,0.436,1520.8308934965942
6039.1218601196215,0.4252,1599.069509019047
6039.171873523168,0.4163,1668.1726189947817
6039.22188692672,0.3775,2028.7086637892633
6039.2719003302755,0.4002,1805.0928989405043
6039.321913733833,0.4136,1690.0234724111947
6039.371927137396,0.3849,1951.4517506288435
6039.421940540964,0.3459,2416.3078321270245
6039.471953944535,0.4383,1504.9115442409377
6039.531970028825,0.454,1402.627268670195
6039.581983432404,0.4512,1420.0897400361598
6039.631996835988,0.4081,1735.8835148301287
6039.682010239577,0.3862,1938.3362095570217
6039.732023643169,0.4218,1624.9525610317762
6039.782037046764,0.4064,1750.4365010935394
6039.832050450363,0.4037,1773.9290521316534
6039.882063853966,0.4105,1715.6451144653452
6039.932077257576,0.4343,1532.7602816650608
6039.9820906611885,0.4227,1618.0403446008854
6040.042106745528,0.405,1762.5591709891628
6040.092120149148,0.3974,1830.619083924156
6040.142133552773,0.426,1593.0692675592338
6040.192146956402,0.4756,1278.1163148115493
6040.242160360034,0.4834,1237.202553692489
6040.292173763672,0.4493,1432.1256603015036
6040.342187167313,0.4394,1497.3861602548054
6040.392200570957,0.4019,1789.8544801553628
6040.442213974607,0.4058,1755.6165688450542
6040.4922273782595,0.4408,1487.8897589429112
6040.542240781915,0.4373,1511.8021400813905
6040.60225686631,0.4036,1774.8082119032342
6040.652270269976,0.3697,2115.2156260278402
6040.702283673646,0.4275,1581.9094732027334
6040.75229707732,0.3947,1855.7498892589942
6040.802310480998,0.4065,1749.5753857724062
6040.852323884679,0.4041,1770.418937405041
6040.902337288365,0.3874,1926.346560705505
6040.952350692055,0.3916,1885.2472346280906
6041.00236409575,0.3997,1809.6118316575855
6041.052377499447,0.4059,1754.7516287206524
6041.11239358389,0.4032,1778.3313947741817
6041.162406987597,0.4046,1766.0459254537939
6041.212420391308,0.4105,1715.6451144653452
6041.262433795024,0.4105,1715.6451144653452
6041.312447198743,0.4353,1525.7260699059564
6041.362460602464,0.4369,1514.5716355911854
6041.4124740061925,0.4352,1526.4273097283478
6041.462487409924,0.4,1806.898438597692
6041.512500813658,0.3388,2518.6425130356524
6041.562514217398,0.4067,1747.855060325814
6041.61252762114,0.4323,1546.9754314560896
6041.672543705637,0.4525,1411.9418473790408
6041.7225571093895,0.3991,1815.0569859350119
6041.772570513145,0.3941,1861.4047722498944
6041.822583916905,0.3599,2231.977385560347
6041.872597320668,0.402,1788.9641182597488
6041.922610724438,0.3693,2119.800203161261
6041.97262412821,0.4536,1405.1021233723059
6042.022637531986,0.3108,2992.8922508212763
6042.0726509357655,0.3773,2030.8599926789316
6042.122664339549,0.4289,1571.5991277272612
6042.182680424095,0.4107,1713.974578110514
6042.232693827888,0.3283,2682.325544709768
6042.282707231686,0.4002,1805.0928989405043
6042.332720635486,0.4335,1538.4227353713493
6042.382734039293,0.3495,2366.786325121566
6042.432747443101,0.4166,1665.7709368353176
6042.482760846915,0.3726,2082.417786061043
6042.532774250731,0.3629,2195.227663364212
6042.582787654552,0.4568,1385.484925188547
6042.6328010583775,0.4261,1592.3216127394055
6042.682814462207,0.4269,1586.3592762514531
6042.742830546806,0.4321,1548.4078127224316
6042.792843950643,0.3913,1888.1390799117744
6042.842857354486,0.4274,1582.6498058340146
6042.892870758334,0.4195,1642.819676462769
6042.942884162183,0.3965,1838.9389975381976
6042.992897566036,0.4316,1551.9974816769593
6043.0429109698935,0.4539,1403.2453689945967
6043.092924373756,0.3888,1912.498706948371
6043.142937777622,0.3857,1943.364956129773
6043.192951181492,0.4048,1764.3012561961943
6043.252967266141,0.3947,1855.7498892589942
6043.3029806700215,0.4007,1800.590872018783
6043.352994073904,0.4071,1744.42201274975
6043.40300747779,0.3788,2014.8079836094234
6043.453020881682,0.3893,1907.5892139211383
6043.503034285577,0.4036,1774.8082119032342
6043.553047689476,0.4348,1529.2371090371641
6043.60306109338,0.4203,1636.5717495464633
6043.653074497286,0.3933,1868.9849121707211
6043.703087901197,0.3736,2071.284888494839
6043.75310130511,0.3671,2145.2838415894075
6043.813117389815,0.3927,1874.7004444596494
6043.8631307937385,0.3855,1945.3819356657482
6043.913144197666,0.4037,1773.9290521316534
6043.963157601598,0.3809,1992.6529709840925
6044.013171005536,0.3992,1814.1477549212082
6044.063184409475,0.4145,1682.6923931634576
6044.113197813418,0.3916,1885.2472346280906
6044.163211217367,0.3822,1979.1205974501145
6044.213224621319,0.369,2123.24842456157
6044.263238025274,0.4145,1682.6923931634576
6044.323254110027,0.4225,1619.5725760624193
6044.373267513992,0.3998,1808.7066885901158
6044.423280917962,0.4004,1803.290064204663
6044.473294321935,0.4157,1672.991591746966
6044.523307725911,0.4271,1584.8739246822508
6044.573321129891,0.4124,1699.8730059195104
6044.623334533876,0.3848,1952.4661478455794
6044.673347937865,0.413,1694.9375072616515
6044.723361341858,0.4165,1666.5709209452514
6044.773374745855,0.3604,2225.788642671581
6044.833390830657,0.4111,1710.6408168554801
6044.8834042346625,0.3752,2053.6570590203905
6044.933417638673,0.4191,1645.9570655878204
6044.983431042688,0.3971,1833.386103766989
6045.033444446704,0.4059,1754.7516287206524
6045.0834578507265,0.4018,1790.745506911955
6045.133471254752,0.4229,1616.5102865120118
6045.183484658782,0.3664,2153.4886945680596
6045.2334980628175,0.3575,2262.0457006699635
6045.283511466853,0.4155,1674.602557050219
6045.333524870896,0.4409,1487.2149040316817
6045.393540955752,0.3586,2248.1894428981886
6045.443554359803,0.4488,1435.3184415369096
6045.493567763858,0.4179,1655.423347275121
6045.543581167916,0.4205,1635.0153370253413
6045.593594571979,0.4222,1621.875007339633
6045.643607976046,0.3441,2441.65347123844
6045.693621380117,0.4057,1756.482148637624
6045.74363478419,0.3865,1935.3283250550714
6045.793648188269,0.3937,1865.1890661487946
6045.843661592353,0.3896,1904.6525867958887
6045.903677677256,0.3631,2192.810018592463
6045.9536910813495,0.3859,1941.3511117867454
6046.003704485444,0.3689,2124.3997015734567
6046.053717889544,0.3944,1858.5741047270574
6046.10373129365,0.4185,1650.6800276652534
6046.1537446977545,0.3973,1831.5407274467302
6046.2037581018685,0.3516,2338.5986440604647
6046.253771505983,0.424,1608.133632950225
6046.303784910103,0.4027,1782.7501456516816
6046.353798314227,0.422,1623.4126902711898
6046.403811718354,0.435,1527.8312404887383
6046.463827803313,0.4264,1590.08180355032
6046.51384120745,0.4172,1660.9831061699726
6046.563854611591,0.4227,1618.0403446008854
6046.613868015735,0.4454,1457.3152890036117
6046.663881419883,0.4231,1614.9823976873527
6046.713894824035,0.4232,1614.2192654678684
6046.763908228193,0.4264,1590.08180355032
6046.813921632353,0.4282,1576.7416593769267
6046.863935036517,0.3809,1992.6529709840925
6046.913948440686,0.341,2486.2488288886484
6046.973964525696,0.4228,1617.2750441418718
6047.023977929873,0.386,1940.3453632824219
6047.073991334053,0.3862,1938.3362095570217
6047.12400473824,0.3684,2130.1701564228733
6047.1740181424275,0.3882,1918.4151574801695
6047.224031546622,0.4359,1521.5287608290023
6047.274044950819,0.4019,1789.8544801553628
6047.324058355021,0.3406,2492.0919326906433
6047.374071759225,0.3654,2165.2918119196597
6047.424085163436,0.3841,1959.5891269058163
6047.484101248493,0.4058,1755.6165688450542
6047.534114652711,0.3766,2038.4166544127675
6047.584128056934,0.399,1815.966900665108
6047.63414146116,0.3751,2054.7521938274062
6047.68415486539,0.405,1762.5591709891628
6047.734168269626,0.404,1771.2954887245266
6047.784181673863,0.3696,2116.360374973083
6047.834195078105,0.4043,1768.667785623423
6047.884208482352,0.4286,1573.7999846773905
6047.934221886602,0.3727,2081.3004622987555
6047.984235290858,0.3988,1817.7887840177793
6048.044251375968,0.389,1910.5326379014525
6048.094264780231,0.3866,1934.3272526188523
6048.144278184497,0.3692,2120.948676368314
6048.194291588769,0.3313,2633.967446762326
6048.244304993045,0.3218,2791.77952659946
6048.294318397324,0.3117,2975.6339533203095
6048.344331801607,0.3311,2637.150479087301
6048.394345205895,0.3425,2464.519217842696
6048.444358610186,0.416,1670.5794989620401
6048.49437201448,0.3813,1988.4744185341378
6048.55438809964,0.3783,2020.1374420785146
6048.604401503945,0.4099,1720.6714035480557
6048.654414908251,0.3941,1861.4047722498944
6048.704428312564,0.3959,1844.517157173602
6048.754441716882,0.3378,2533.5765748676527
6048.804455121201,0.3905,1895.8832778453223
6048.854468525526,0.4172,1660.9831061699726
6048.904481929852,0.438,1506.9737681953077
6048.954495334186,0.4394,1497.3861602548054
6049.004508738522,0.3908,1892.9736298354117
6049.054522142862,0.4108,1713.1402247548112
6049.114538228075,0.4116,1706.4872754393534
6049.164551632424,0.4099,1720.6714035480557
6049.2145650367775,0.4059,1754.7516287206524
6049.264578441135,0.3706,2104.954550021356
6049.314591845496,0.3398,2503.8401054038045
6049.36460524986,0.3253,2732.027710770497
6049.414618654228,0.3407,2490.629227149637
6049.464632058602,0.3832,1968.804662761384
6049.514645462979,0.3794,2008.4404257977524
6049.564658867361,0.3791,2011.6204254990791
6049.624674952623,0.442,1479.8217047783712
6049.674688357011,0.3868,1932.3274365177497
6049.724701761407,0.3781,2022.275147852596
6049.774715165804,0.3838,1962.6537697623492
6049.8247285702055,0.3193,2835.667719699118
6049.874741974611,0.4048,1764.3012561961943
6049.924755379022,0.3752,2053.6570590203905
6049.974768783436,0.4125,1699.0489269663897
6050.024782187854,0.3996,1810.5176543452153
6050.074795592274,0.3972,1832.463067160554
6050.134811677585,0.4144,1683.5045994178975
6050.184825082018,0.4242,1606.6176020725386
6050.234838486453,0.4179,1655.423347275121
6050.28485189089,0.3733,2074.6153652520748
6050.334865295334,0.391,1891.0375841530777
6050.38487869978,0.4005,1802.3896594941023
6050.434892104231,0.3868,1932.3274365177497
6050.484905508685,0.3802,1999.9971975236017
6050.534918913144,0.364,2181.979887790184
6050.584932317606,0.3862,1938.3362095570217
6050.634945722071,0.4417,1481.8325549869999
6050.694961807439,0.4541,1402.0095766463241
6050.744975211913,0.4375,1510.420240075588
6050.794988616393,0.4394,1497.3861602548054
6050.845002020877,0.3599,2231.977385560347
6050.895015425363,0.4038,1773.0505454423383
6050.945028829855,0.4012,1796.1056666690201
6050.995042234351,0.3819,1982.2311909397943
6051.0450556388505,0.375,2055.8482048567403
6051.095069043354,0.3511,2345.264144396417
6051.145082447861,0.389,1910.5326379014525
6051.195095852372,0.3449,2430.339746982105
6051.255111937791,0.3644,2177.1922339318385
6051.305125342311,0.378,2023.3452734045695
6051.355138746836,0.3541,2305.693579744868
6051.405152151363,0.3634,2189.191033121392
6051.455165555896,0.4015,1793.4225829730103
6051.505178960432,0.4266,1588.591221886647
6051.555192364972,0.3751,2054.7521938274062
6051.605205769517,0.3753,2052.5627995019286
6051.655219174064,0.3617,2209.817852520565
6051.705232578617,0.3518,2335.9403981843757
6051.765248664086,0.4073,1742.7092806675048
6051.815262068647,0.4476,1443.0248181889563
6051.865275473211,0.4009,1798.7947759891103
6051.91528887778,0.3664,2153.4886945680596
6051.965302282353,0.4142,1685.1307770907742
6052.015315686931,0.3683,2131.3270684840286
6052.065329091512,0.3652,2167.6640778401247
6052.115342496096,0.3319,2624.4528506179636
6052.165355900685,0.37,2111.7869464699515
6052.215369305278,0.4321,1548.4078127224316
6052.275385390796,0.362,2206.1566987922565
6052.325398795397,0.4074,1741.8538603816703
6052.375412200003,0.4294,1567.9412784612027
6052.425425604613,0.3773,2030.8599926789316
6052.475439009227,0.4091,1727.40755445968
6052.525452413845,0.4518,1416.3204342025333
6052.575465818465,0.4347,1529.9407710965204
6052.625479223091,0.3958,1845.4493176117253
6052.675492627721,0.3828,1972.9213360065417
6052.725506032355,0.4523,1413.1907979814157
6052.775519436993,0.4108,1713.1402247548112
6052.835535522563,0.4129,1695.7585964596465
6052.88554892721,0.4364,1518.0442199450974
6052.935562331862,0.3712,2098.1552579328786
6052.985575736517,0.4126,1698.225447124094
6053.035589141174,0.4372,1512.4938013701942
6053.085602545837,0.4701,1308.1981983445353
6053.135615950503,0.4493,1432.1256603015036
6053.185629355175,0.4191,1645.9570655878204
6053.235642759849,0.3886,1914.4678123872777
6053.285656164527,0.357,2268.386382521974
6053.345672250146,0.3979,1826.0212846940292
6053.395685654833,0.3889,1911.515293266269
6053.445699059525,0.4171,1661.7796433236067
6053.495712464221,0.4067,1747.855060325814
6053.545725868919,0.4111,1710.6408168554801
6053.595739273623,0.3878,1922.374723419841
6053.645752678331,0.3701,2110.645905701224
6053.695766083041,0.3983,1822.3555055380702
6053.745779487756,0.3557,2284.9974747311726
6053.795792892477,0.3665,2152.3136937335303
6053.845806297198,0.3907,1893.9427678121901
6053.9058223828715,0.4144,1683.5045994178975
6053.955835787604,0.4152,1677.0233713672353
6054.00584919234,0.4054,1759.0827323373608
6054.05586259708,0.3944,1858.5741047270574
6054.105876001826,0.4084,1733.3341881404458
6054.155889406574,0.3871,1929.3335222662074
6054.205902811324,0.4151,1677.831476080649
6054.2559162160815,0.4033,1777.4496161905456
6054.305929620841,0.4716,1299.8895789721207
6054.355943025605,0.3918,1883.3230271248522
6054.415959111327,0.4296,1566.481713607033
6054.465972516099,0.4015,1793.4225829730103
6054.515985920876,0.404,1771.2954887245266
6054.565999325659,0.4492,1432.7633637208694
6054.616012730441,0.3973,1831.5407274467302
6054.666026135231,0.3941,1861.4047722498944
6054.716039540024,0.3856,1944.3730535920824
6054.76605294482,0.395,1852.9321062520214
6054.816066349622,0.4285,1574.5346310958837
6054.866079754425,0.4032,1778.3313947741817
6054.9260958401965,0.405,1762.5591709891628
6054.97610924501,0.4245,1604.347572234197
6055.026122649829,0.3765,2039.4996195893573
6055.0761360546485,0.3758,2047.1045986431716
6055.126149459475,0.3896,1904.6525867958887
6055.1761628643035,0.4459,1454.0488728554749
6055.226176269139,0.4058,1755.6165688450542
6055.276189673976,0.4253,1598.3176266974267
6055.3262030788155,0.3936,1866.1369428082617
6055.376216483662,0.364,2181.979887790184
6055.4262298885105,0.4022,1787.185386407062
6055.486245974336,0.4353,1525.7260699059564
6055.536259379194,0.3965,1838.9389975381976
6055.586272784056,0.4017,1791.6371991916546
6055.636286188922,0.3988,1817.7887840177793
6055.686299593793,0.3804,1997.8947094257392
6055.736312998667,0.4199,1639.691249148831
6055.786326403545,0.4257,1595.3153942088259
6055.836339808427,0.3996,1810.5176543452153
6055.886353213313,0.3643,2178.387669053729
6055.9363666182035,0.3777,2026.5607515057263
6055.986380023098,0.415,1678.6401650351165
6056.046396108975,0.4197,1641.2543447144405
6056.096409513878,0.3823,1978.0853598994886
6056.146422918785,0.4107,1713.974578110514
6056.196436323697,0.4084,1733.3341881404458
6056.246449728612,0.4062,1752.1606400589749
6056.29646313353,0.4377,1509.0402339438197
6056.346476538452,0.4663,1329.6067251131915
6056.3964899433795,0.4635,1345.7195007400687
6056.44650334831,0.401,1797.8977355887505
6056.4965167532455,0.4304,1560.6637870540155
6056.556532839173,0.4336,1537.713214251871
6056.606546244116,0.4348,1529.2371090371641
6056.656559649063,0.3806,1995.795534932892
6056.706573054015,0.4084,1733.3341881404458
6056.756586458971,0.3854,1946.3916031652084
6056.80659986393,0.4016,1792.5295576574138
6056.856613268893,0.4167,1664.971528597376
6056.906626673861,0.4488,1435.3184415369096
6056.956640078833,0.4021,1788.0744205638096
6057.006653483807,0.3084,3039.655332002462
6057.066669569785,0.3455,2421.9059787236383
6057.116682974768,0.3646,2174.8043138875814
6057.166696379757,0.4142,1685.1307770907742
6057.216709784748,0.4494,1431.4883825370425
6057.266723189744,0.4097,1722.351742513086
6057.316736594745,0.4379,1507.6621182269616
6057.366749999749,0.4216,1626.4946237738457
6057.416763404756,0.3925,1876.6114490929408
6057.466776809768,0.4166,1665.7709368353176
6057.516790214786,0.4209,1631.9091654078732
6057.576806300811,0.4051,1761.6890958102108
6057.626819705835,0.3796,2006.3246133174941
6057.676833110863,0.4061,1753.0236649565852
6057.726846515896,0.5304,1027.6547366533189
6057.776859920934,0.4071,1744.42201274975
6057.826873325973,0.3396,2506.7901289834685
6057.87688673102,0.3919,1882.36202792012
6057.926900136069,0.4285,1574.5346310958837
6057.976913541122,0.3832,1968.804662761384
6058.026926946177,0.4108,1713.1402247548112
6058.076940351238,0.423,1615.7460711980539
6058.136956437316,0.4318,1550.5601176528533
6058.186969842386,0.4265,1589.3362506004048
6058.23698324746,0.3847,1953.4813362188652
6058.286996652537,0.4331,1541.265736255724
6058.3370100576185,0.4377,1509.0402339438197
6058.387023462705,0.3996,1810.5176543452153
6058.437036867795,0.3778,2025.4880743308552
6058.487050272886,0.4313,1554.1572780739841
6058.5370636779835,0.3915,1886.2104444315546
6058.587077083085,0.3817,1984.3089958248834
6058.637090488191,0.3627,2197.6493086398646
6058.697106574323,0.3626,2198.861634225426
6058.747119979437,0.3516,2338.5986440604647
6058.797133384555,0.3737,2070.1765116067954
6058.847146789677,0.4289,1571.5991277272612
6058.897160194804,0.4319,1549.8421843239007
6058.947173599933,0.3715,2094.7679592318805
6058.997187005068,0.3472,2398.247287971925
6059.047200410205,0.4286,1573.7999846773905
6059.097213815348,0.4046,1766.0459254537939
6059.147227220494,0.3895,1905.630708590625
6059.207243306675,0.3936,1866.1369428082617
6059.257256711829,0.3793,2009.4995873508649
6059.307270116989,0.3771,2033.014745424805
6059.357283522151,0.3933,1868.9849121707211
6059.4072969273175,0.3662,2155.841584654657
6059.457310332488,0.3464,2409.3374020011433
6059.507323737662,0.3881,1919.4039012925232
6059.557337142841,0.3452,2426.1173657732556
6059.607350548025,0.4543,1400.7754160624208
6059.65736395321,0.4569,1384.8785210407952
6059.71738003944,0.4188,1648.3160092250364
6059.767393444635,0.388,1920.3934096940575
6059.817406849836,0.3986,1819.613410475035
6059.867420255038,0.3908,1892.9736298354117
6059.917433660246,0.3558,2283.713230803457
6059.967447065457,0.3658,2160.5589479883633
6060.017460470672,0.3878,1922.374723419841
6060.067473875891,0.4568,1385.484925188547
6060.117487281114,0.4282,1576.7416593769267
6060.1675006863425,0.3872,1928.3370969554433
6060.217514091573,0.3819,1982.2311909397943
6060.277530177856,0.3966,1838.0117647979248
6060.327543583096,0.3822,1979.1205974501145
6060.377556988339,0.4093,1725.7198131484984
6060.427570393588,0.4358,1522.227108619736
6060.47758379884,0.4486,1436.5985442525905
6060.527597204096,0.3781,2022.275147852596
6060.577610609355,0.454,1402.627268670195
6060.627624014619,0.4,1806.898438597692
6060.677637419887,0.4168,1664.1726956788334
6060.727650825159,0.4294,1567.9412784612027
6060.78766691149,0.4134,1691.659106850523
6060.837680316771,0.381,1991.6070989424677
6060.887693722057,0.3978,1826.939457749959
6060.937707127344,0.4202,1637.3507893328135
6060.987720532637,0.3689,2124.3997015734567
6061.037733937933,0.402,1788.9641182597488
6061.087747343233,0.4395,1496.7048349292463
6061.137760748538,0.3782,2021.2058710430138
6061.187774153847,0.3148,2917.317452825001
6061.237787559158,0.3578,2258.254044320723
6061.2878009644755,0.3713,2097.0252460466118
6061.34781705086,0.4052,1760.8196647321945
6061.397830456185,0.4068,1746.9958489516641
6061.447843861514,0.4074,1741.8538603816703
6061.497857266847,0.3817,1984.3089958248834
6061.547870672184,0.4012,1796.1056666690201
6061.597884077525,0.3822,1979.1205974501145
6061.6478974828715,0.3676,2139.451907329717
6061.697910888221,0.4114,1708.1468747834967
6061.747924293572,0.3944,1858.5741047270574
6061.797937698929,0.3493,2369.4974125825297
6061.857953785363,0.3618,2208.596455973193
6061.907967190729,0.4086,1731.6377557027274
6061.957980596098,0.4449,1460.5927241805164
6062.007994001472,0.4291,1570.1344535607302
6062.058007406849,0.3447,2433.1607945617
6062.108020812231,0.3984,1821.4407855464856
6062.158034217617,0.3783,2020.1374420785146
6062.208047623007,0.3969,1835.2342704675614
6062.258061028399,0.4,1806.898438597692
6062.308074433798,0.3987,1818.7007540143074
6062.36809052028,0.3918,1883.3230271248522
6062.418103925686,0.4046,1766.0459254537939
6062.468117331096,0.4207,1633.4611437181522
6062.518130736511,0.4275,1581.9094732027334
6062.568144141928,0.3777,2026.5607515057263
6062.618157547349,0.4109,1712.3064804887606
6062.668170952777,0.4043,1768.667785623423
6062.7181843582075,0.4286,1573.7999846773905
6062.76819776364,0.4256,1596.0651588068135
6062.818211169079,0.4439,1467.1808503736863
6062.86822457452,0.4014,1794.3162758030503
6062.9282406610555,0.4447,1461.9067946844727
6062.978254066507,0.4568,1385.484925188547
6063.028267471963,0.3871,1929.3335222662074
6063.07828087742,0.4117,1705.6583826132187
6063.128294282884,0.4301,1562.841705371075
6063.178307688349,0.4115,1707.3167726335496
6063.228321093822,0.3966,1838.0117647979248
6063.278334499295,0.4133,1692.4778146489757
6063.328347904774,0.4365,1517.3487483048875
6063.378361310257,0.4479,1441.0924158646494
6063.428374715743,0.4508,1422.6109762704702
6063.488390802333,0.4016,1792.5295576574138
6063.538404207827,0.3859,1941.3511117867454
6063.588417613327,0.3813,1988.4744185341378
6063.638431018831,0.4147,1681.069742981496
6063.688444424338,0.3568,2270.930122185546
6063.73845782985,0.3961,1842.6549538580014
6063.788471235363,0.4158,1672.1869806879301
6063.838484640883,0.3715,2094.7679592318805
6063.888498046405,0.4528,1410.0715236233611
6063.938511451933,0.3951,1851.9942713096439
6063.998527538571,0.4004,1803.290064204663
6064.048540944106,0.4133,1692.4778146489757
6064.098554349646,0.4336,1537.713214251871
6064.14856775519,0.4288,1572.332233472255
6064.198581160737,0.3926,1875.6555817101225
6064.248594566288,0.4225,1619.5725760624193
6064.298607971845,0.4252,1599.069509019047
6064.348621377404,0.4587,1374.0309739665263
6064.398634782968,0.4054,1759.0827323373608
6064.448648188536,0.3923,1878.525377234028
6064.508664275222,0.3691,2122.098083164365
6064.558677680799,0.4089,1729.0977728800322
6064.60869108638,0.4134,1691.659106850523
6064.6587044919615,0.3655,2164.1071390442476
6064.708717897551,0.3922,1879.483439483877
6064.758731303144,0.3605,2224.5539831644073
6064.808744708739,0.3505,2353.300429020165
6064.858758114339,0.4317,1551.2785499497104
6064.908771519942,0.4243,1605.8603904341724
6064.958784925551,0.378,2023.3452734045695
6065.008798331163,0.4058,1755.6165688450542
6065.068814417903,0.401,1797.8977355887505
6065.118827823524,0.3955,1848.2500426163272
6065.168841229148,0.4008,1799.6924879089784
6065.218854634778,0.4406,1489.2408475282255
6065.26886804041,0.4056,1757.3483687292749
6065.318881446046,0.4339,1535.5875934877472
6065.368894851687,0.4416,1482.5037492707816
6065.418908257331,0.3896,1904.6525867958887
6065.46892166298,0.4379,1507.6621182269616
6065.518935068633,0.3628,2196.4379853876767
6065.578951155421,0.3173,2871.527733477434
6065.628964561082,0.3853,1947.4020569059585
6065.678977966748,0.438,1506.9737681953077
6065.728991372416,0.3852,1948.413297704552
6065.779004778089,0.3716,2093.6406823396846
6065.8290181837665,0.3726,2082.417786061043
6065.879031589448,0.4358,1522.227108619736
6065.929044995133,0.4154,1675.4089124136528
6065.979058400822,0.4592,1371.040381788672
6066.029071806515,0.4286,1573.7999846773905
6066.079085212213,0.3782,2021.2058710430138
6066.139101299053,0.3641,2180.781494900069
6066.18911470476,0.3666,2151.139654304375
6066.239128110469,0.3178,2862.499225607635
6066.289141516183,0.3674,2141.7818239363496
6066.3391549219,0.3927,1874.7004444596494
6066.3891683276215,0.3837,1963.6769151400156
6066.439181733347,0.374,2066.8567136985607
6066.489195139078,0.4362,1519.4365984447224
6066.53920854481,0.3807,1994.747188112788
6066.589221950548,0.4275,1581.9094732027334
6066.649238037438,0.4036,1774.8082119032342
6066.699251443185,0.371,2100.418023582469
6066.749264848934,0.3961,1842.6549538580014
6066.799278254688,0.4172,1660.9831061699726
6066.849291660446,0.4058,1755.6165688450542
6066.899305066209,0.4068,1746.9958489516641
6066.949318471975,0.4082,1735.0331147141287
6066.999331877744,0.4283,1576.005467964796
6067.049345283519,0.461,1360.3547011720896
6067.099358689296,0.4462,1452.0942917631978
6067.1593747762345,0.4355,1524.3250391558333
6067.209388182021,0.4367,1515.959238053088
6067.259401587812,0.4143,1684.3173938709692
6067.309414993606,0.3748,2058.042859323643
6067.359428399405,0.4008,1799.6924879089784
6067.409441805206,0.423,1615.7460711980539
6067.459455211014,0.3697,2115.2156260278402
6067.509468616824,0.3911,1890.0706749271033
6067.559482022639,0.4076,1740.1449082274803
6067.609495428458,0.3967,1837.0852331770348
6067.659508834278,0.4393,1498.0679509124736
6067.719524921271,0.445,1459.936353245167
6067.769538327101,0.4634,1346.300364700683
6067.819551732938,0.3912,1889.1045070992632
6067.869565138775,0.4352,1526.4273097283478
6067.919578544619,0.3901,1899.773255618172
6067.969591950466,0.4272,1584.1320310866959
6068.019605356318,0.4117,1705.6583826132187
6068.069618762172,0.3825,1976.0173201142304
6068.11963216803,0.3645,2175.9977825694973
6068.169645573894,0.4149,1679.449438793963
6068.229661660934,0.4242,1606.6176020725386
6068.279675066805,0.4093,1725.7198131484984
6068.32968847268,0.4037,1773.9290521316534
6068.379701878559,0.3275,2695.4460012946774
6068.429715284442,0.4258,1594.5661577988085
6068.47972869033,0.4362,1519.4365984447224
6068.5297420962215,0.3999,1807.802224463103
6068.579755502117,0.3999,1807.802224463103
6068.629768908016,0.3762,2042.7536983638054
6068.679782313919,0.4177,1657.008997934381
6068.729795719826,0.4451,1459.2804246569701
6068.78981180692,0.4324,1546.259986048045
6068.839825212836,0.3918,1883.3230271248522
6068.889838618755,0.4328,1543.4031618728463
6068.9398520246805,0.354,2306.99641179436
6068.989865430608,0.3482,2384.491994222352
6069.039878836538,0.4174,1659.3917490131432
6069.089892242474,0.4085,1732.4856604598517
6069.139905648413,0.3817,1984.3089958248834
6069.189919054357,0.4635,1345.7195007400687
6069.239932460304,0.4395,1496.7048349292463
6069.299948547447,0.423,1615.7460711980539
6069.349961953403,0.3892,1908.5695990068446
6069.399975359364,0.4388,1501.4838990340006
6069.449988765327,0.431,1556.3215860456448
6069.500002171295,0.4671,1325.0562124937098
6069.550015577267,0.4361,1520.1335061818775
6069.600028983243,0.3737,2070.1765116067954
6069.650042389223,0.3741,2065.751888814074
6069.700055795209,0.4127,1697.402565812021
6069.750069201194,0.4185,1650.6800276652534
6069.800082607187,0.3664,2153.4886945680596
6069.860098694382,0.3429,2458.7727621239756
6069.910112100382,0.3979,1826.0212846940292
6069.960125506388,0.3707,2103.8190415470826
6070.010138912395,0.3724,2084.6551344817067
6070.06015231841,0.4644,1340.5085991244164
6070.110165724424,0.4459,1454.0488728554749
6070.160179130445,0.4096,1723.1928351813242
6070.210192536469,0.3817,1984.3089958248834
6070.260205942499,0.3452,2426.1173657732556
6070.310219348531,0.3677,2138.28837446766
6070.370235435774,0.4355,1524.3250391558333
6070.420248841814,0.3503,2355.9883713587005
6070.47026224786,0.3811,1990.562050095863
6070.520275653908,0.3855,1945.3819356657482
6070.570289059961,0.3732,2075.727309386227
6070.620302466018,0.3727,2081.3004622987555
6070.670315872079,0.436,1520.8308934965942
6070.720329278143,0.3901,1899.773255618172
6070.770342684214,0.3342,2588.4537327824237
6070.820356090285,0.4244,1605.1037139894731
6070.880372177578,0.4017,1791.6371991916546
6070.930385583658,0.4293,1568.6718259763823
6070.980398989744,0.4404,1490.5937772474354
6071.030412395833,0.3552,2291.4349727035883
6071.080425801925,0.4086,1731.6377557027274
6071.130439208023,0.4121,1702.3488432604183
6071.180452614125,0.3591,2241.933196628479
6071.230466020231,0.4222,1621.875007339633
6071.28047942634,0.3779,2024.4162485974282
6071.330492832451,0.3693,2119.800203161261
6071.380506238568,0.3573,2264.5787792710676
6071.440522325915,0.4145,1682.6923931634576
6071.49053573204,0.439,1500.1161191190156
6071.540549138169,0.4375,1510.420240075588
6071.590562544303,0.4017,1791.6371991916546
6071.6405759504405,0.4614,1357.997072925053
6071.690589356582,0.4278,1579.6915894561546
6071.7406027627285,0.4201,1638.1303855085825
6071.790616168876,0.4691,1313.7816124308574
6071.84062957503,0.4368,1515.265198566769
6071.890642981187,0.3749,2056.9450930434
6071.950659068581,0.4042,1769.54303658584
6072.000672474746,0.3891,1909.5507400744634
6072.050685880918,0.3626,2198.861634225426
6072.100699287091,0.3728,2080.1840375473876
6072.150712693269,0.393,1871.8394060728365
6072.200726099451,0.3706,2104.954550021356
6072.250739505635,0.3884,1916.4399604739212
6072.300752911827,0.4234,1612.694622857416
6072.35076631802,0.4301,1562.841705371075
6072.4007797242175,0.402,1788.9641182597488
6072.450793130418,0.3654,2165.2918119196597
6072.510809217865,0.3575,2262.0457006699635
6072.560822624076,0.3917,1884.2847624435096
6072.610836030291,0.3986,1819.613410475035
6072.660849436507,0.4104,1716.4812986535158
6072.7108628427295,0.3863,1937.3328027186367
6072.760876248956,0.368,2134.8034652550755
6072.810889655188,0.3493,2369.4974125825297
6072.86090306142,0.4319,1549.8421843239007
6072.910916467658,0.3642,2179.584089015776
6072.960929873901,0.4148,1680.2592979211945
6073.020945961395,0.4247,1602.8368907779036
6073.070959367647,0.3972,1832.463067160554
6073.120972773901,0.402,1788.9641182597488
6073.170986180159,0.4175,1658.5969279133433
6073.220999586422,0.4714,1300.992814077055
6073.271012992688,0.4268,1587.1027352026822
6073.321026398958,0.4194,1643.6031822386528
6073.371039805233,0.4487,1435.9582789266462
6073.421053211511,0.4069,1746.1372709790962
6073.471066617793,0.3411,2484.791263895161
6073.521080024078,0.4064,1750.4365010935394
6073.581096111628,0.4224,1620.3395080944822
6073.6311095179235,0.3738,2069.0690241454445
6073.681122924222,0.4056,1757.3483687292749
6073.731136330524,0.403,1780.0969215763266
6073.78114973683,0.3668,2148.7944554693545
6073.831163143142,0.389,1910.5326379014525
6073.8811765494565,0.3908,1892.9736298354117
6073.931189955776,0.3941,1861.4047722498944
6073.981203362097,0.3545,2300.4932722275803
6074.031216768423,0.4114,1708.1468747834967
6074.091232856021,0.4142,1685.1307770907742
6074.141246262356,0.413,1694.9375072616515
6074.191259668695,0.5456,971.1930848323617
6074.2412730750375,0.4771,1270.0921828768608
6074.291286481385,0.4245,1604.347572234197
6074.341299887735,0.4655,1334.180719126056
6074.391313294091,0.4449,1460.5927241805164
6074.44132670045,0.4241,1607.375349409412
6074.491340106812,0.3715,2094.7679592318805
6074.541353513178,0.3848,1952.4661478455794
6074.601369600824,0.4795,1257.40986206684
6074.6513830072,0.4462,1452.0942917631978
6074.701396413579,0.4071,1744.42201274975
6074.751409819963,0.3965,1838.9389975381976
6074.801423226349,0.3918,1883.3230271248522
6074.851436632741,0.3496,2365.432525889354
6074.901450039137,0.3261,2718.639580993438
6074.951463445535,0.4457,1455.3541201952778
6075.001476851939,0.4663,1329.6067251131915
6075.051490258345,0.4174,1659.3917490131432
6075.101503664756,0.4253,1598.3176266974267
6075.161519752454,0.3915,1886.2104444315546
6075.211533158874,0.4056,1757.3483687292749
6075.261546565299,0.4045,1766.919230698914
6075.311559971726,0.4366,1516.653754486756
6075.361573378158,0.3846,1954.4973165716415
6075.411586784593,0.3885,1915.453505708019
6075.461600191032,0.4446,1462.5644950500978
6075.511613597476,0.3848,1952.4661478455794
6075.561627003924,0.3794,2008.4404257977524
6075.611640410374,0.4253,1598.3176266974267
6075.671656498121,0.4421,1479.1523308830954
6075.72166990458,0.4452,1458.6249380185345
6075.771683311045,0.3781,2022.275147852596
6075.821696717512,0.4513,1419.460478232107
6075.871710123984,0.3924,1877.5680473524706
6075.921723530459,0.3967,1837.0852331770348
6075.971736936938,0.4489,1434.6790317021032
6076.021750343422,0.4225,1619.5725760624193
6076.07176374991,0.3818,1983.2696852237361
6076.121777156402,0.3848,1952.4661478455794
6076.171790562897,0.376,2044.9274127767742
6076.231806650698,0.3568,2270.930122185546
6076.281820057201,0.3783,2020.1374420785146
6076.33183346371,0.3634,2189.191033121392
6076.38184687022,0.3931,1870.8871819270046
6076.431860276736,0.3411,2484.791263895161
6076.481873683258,0.3831,1969.8326222911726
6076.531887089781,0.3943,1859.5169427032913
6076.581900496308,0.4253,1598.3176266974267
6076.63191390284,0.3745,2061.3414361071837
6076.681927309375,0.3444,2437.4015845660965
6076.7419433972245,0.375,2055.8482048567403
6076.791956803768,0.3875,1925.3524481739246
6076.8419702103165,0.3854,1946.3916031652084
6076.891983616869,0.4302,1562.1152263231425
6076.941997023426,0.3785,2018.0031241014685
6076.992010429986,0.4236,1611.172139282459
6077.04202383655,0.43,1563.568691322609
6077.092037243117,0.4657,1333.035010415591
6077.142050649688,0.3421,2470.2858423931016
6077.192064056265,0.388,1920.3934096940575
6077.242077462846,0.3955,1848.2500426163272
6077.302093550745,0.4463,1451.4436404714847
6077.352106957334,0.3901,1899.773255618172
6077.402120363928,0.3798,2004.2121424640561
6077.452133770524,0.3927,1874.7004444596494
6077.502147177123,0.4308,1557.766970664847
6077.5521605837275,0.4233,1613.4566740281666
6077.602173990336,0.4173,1660.187141582695
6077.652187396948,0.3587,2246.936100385294
6077.702200803566,0.4357,1522.925937309937
6077.752214210185,0.4251,1599.821922017439
6077.812230298134,0.4678,1321.0936498610045
6077.8622437047625,0.4533,1406.9625654362299
6077.912257111395,0.4062,1752.1606400589749
6077.962270518033,0.377,2034.0934080147247
6078.0122839246715,0.3507,2350.61708406085
6078.0622973313175,0.3877,1923.3665303242196
6078.112310737965,0.4238,1609.6518106683934
6078.162324144617,0.4393,1498.0679509124736
6078.212337551274,0.4417,1481.8325549869999
6078.262350957933,0.4099,1720.6714035480557
6078.322367045933,0.4014,1794.3162758030503
6078.372380452601,0.4553,1394.6289893246785
6078.422393859274,0.4095,1724.034544108396
6078.472407265951,0.3527,2324.034199781522
6078.522420672631,0.3796,2006.3246133174941
6078.572434079317,0.41,1719.8321560505697
6078.622447486004,0.3839,1961.631423819002
6078.672460892698,0.3845,1955.514089727919
6078.722474299393,0.368,2134.8034652550755
6078.772487706095,0.3704,2107.228326648041
6078.822501112799,0.4087,1730.7904732594866
6078.88251720085,0.3801,2001.0496863542671
6078.9325306075625,0.3369,2547.1310885961348
6078.9825440142795,0.3754,2051.469414339503
6079.032557421001,0.394,1862.3497652781
6079.082570827725,0.3764,2040.5834480280228
6079.132584234454,0.3457,2419.104476384351
6079.182597641187,0.3968,1836.1594019688443
6079.232611047923,0.4608,1361.535818327995
6079.282624454666,0.477,1270.6247709913305
6079.332637861408,0.3933,1868.9849121707211
6079.392653949508,0.4115,1707.3167726335496
6079.44266735626,0.4074,1741.8538603816703
6079.492680763018,0.4314,1553.4368452752667
6079.542694169778,0.3841,1959.5891269058163
6079.592707576544,0.3957,1846.3821848548998
6079.642720983313,0.4101,1718.9935224105268
6079.692734390086,0.3527,2324.034199781522
6079.742747796864,0.3919,1882.36202792012
6079.792761203643,0.3699,2112.9289127795655
6079.842774610428,0.4039,1772.1726911885942
6079.892788017218,0.4341,1534.1729606223234
6079.95280410537,0.3513,2342.5945288240523
6080.002817512165,0.3935,1867.0855422082777
6080.052830918967,0.4065,1749.5753857724062
6080.102844325773,0.4005,1802.3896594941023
6080.152857732582,0.4107,1713.974578110514
6080.202871139395,0.3762,2042.7536983638054
6080.252884546211,0.3643,2178.387669053729
6080.302897953034,0.3874,1926.346560705505
6080.352911359858,0.3993,1813.239206938869
6080.402924766688,0.4605,1363.3103803563604
6080.462940854886,0.4132,1693.297116933064
6080.512954261724,0.4362,1519.4365984447224
6080.562967668566,0.39,1900.747620717578
6080.612981075411,0.3683,2131.3270684840286
6080.662994482261,0.4087,1730.7904732594866
6080.713007889114,0.3997,1809.6118316575855
6080.763021295971,0.415,1678.6401650351165
6080.813034702833,0.4139,1687.5744650418892
6080.863048109699,0.4053,1759.9508771195162
6080.913061516566,0.4092,1726.5633744681006
6080.973077604813,0.3749,2056.9450930434
6081.023091011692,0.3992,1814.1477549212082
6081.073104418573,0.4113,1708.977582477601
6081.123117825458,0.352,2333.28668210898
6081.173131232348,0.3532,2317.458937480823
6081.223144639242,0.396,1843.5857028266778
6081.2731580461395,0.4272,1584.1320310866959
6081.323171453041,0.4058,1755.6165688450542
6081.373184859946,0.3638,2184.379638929639
6081.423198266854,0.3654,2165.2918119196597
6081.473211673769,0.4336,1537.713214251871
6081.533227762069,0.4725,1294.942345284297
6081.583241168992,0.4563,1388.522928633991
6081.633254575916,0.4284,1575.2697920314936
6081.683267982847,0.4179,1655.423347275121
6081.733281389779,0.4318,1550.5601176528533
6081.783294796717,0.3445,2435.9867568435116
6081.83330820366,0.4163,1668.1726189947817
6081.883321610605,0.3867,1933.3269567073844
6081.933335017554,0.404,1771.2954887245266
6081.983348424507,0.3906,1894.9126502279455
6082.0333618314635,0.4431,1472.4834980920878
6082.093377919817,0.462,1354.4721058573127
6082.143391326783,0.4438,1467.842113483742
6082.193404733753,0.4382,1505.5984816322243
6082.243418140727,0.4334,1539.1327476777224
6082.293431547704,0.3916,1885.2472346280906
6082.343444954687,0.3842,1958.5691742739598
6082.393458361672,0.4456,1456.0074030301819
6082.443471768661,0.326,2720.3077087286133
6082.493485175654,0.4723,1296.0392868725044
6082.5434985826505,0.4385,1503.5390790929098
6082.603514671053,0.4118,1704.830093568167
6082.65352807806,0.4648,1338.2023531577572
6082.70354148507,0.4022,1787.185386407062
6082.753554892083,0.4167,1664.971528597376
6082.803568299101,0.3802,1999.9971975236017
6082.853581706122,0.3641,2180.781494900069
6082.903595113148,0.377,2034.0934080147247
6082.953608520178,0.446,1453.3969075624564
6083.00362192721,0.4785,1262.6709744458021
6083.053635334247,0.4711,1302.6503020308103
6083.113651422698,0.3671,2145.2838415894075
6083.163664829744,0.3998,1808.7066885901158
6083.213678236793,0.3882,1918.4151574801695
6083.263691643848,0.3844,1956.5316565127814
6083.313705050905,0.4039,1772.1726911885942
6083.3637184579675,0.4137,1689.206544622392
6083.413731865033,0.4057,1756.482148637624
6083.463745272102,0.4239,1608.8924532010099
6083.513758679176,0.3925,1876.6114490929408
6083.563772086253,0.4052,1760.8196647321945
6083.613785493336,0.4537,1404.4827959851234
6083.673801581839,0.4341,1534.1729606223234
6083.723814988928,0.3909,1892.0052355359392
6083.7738283960225,0.4509,1421.9800381158689
6083.823841803121,0.3154,2906.2285497928683
6083.873855210221,0.3588,2245.6838056686843
6083.923868617327,0.4103,1717.3180943094253
6083.973882024437,0.3735,2072.394155762232
6084.023895431551,0.4522,1413.8158948099988
6084.07390883867,0.4128,1696.580282450271
6084.123922245789,0.4323,1546.9754314560896
6084.18393833434,0.4376,1509.7300004918302
6084.233951741472,0.4597,1368.0595425768877
6084.283965148606,0.4551,1395.8550340340214
6084.333978555743,0.4191,1645.9570655878204
6084.383991962885,0.3902,1898.7996395482967
6084.434005370031,0.4037,1773.9290521316534
6084.4840187771815,0.3841,1959.5891269058163
6084.534032184335,0.3656,2162.923438138976
6084.584045591492,0.4171,1661.7796433236067
6084.634058998654,0.3725,2083.536009799758
6084.684072405819,0.3944,1858.5741047270574
6084.744088494424,0.4176,1657.8026777359762
6084.794101901597,0.4099,1720.6714035480557
6084.844115308776,0.4043,1768.667785623423
6084.894128715958,0.4059,1754.7516287206524
6084.944142123143,0.4512,1420.0897400361598
6084.994155530333,0.4681,1319.4008481189398
6085.044168937526,0.4563,1388.522928633991
6085.094182344725,0.4278,1579.6915894561546
6085.144195751927,0.3989,1816.8774997971818
6085.194209159132,0.3742,2064.6479495583703
6085.2542252477815,0.3883,1917.4271774694726
6085.304238654998,0.3665,2152.3136937335303
6085.354252062216,0.3999,1807.802224463103
6085.404265469438,0.3909,1892.0052355359392
6085.454278876664,0.4289,1571.5991277272612
6085.504292283894,0.3917,1884.2847624435096
6085.554305691127,0.4558,1391.5709353575337
6085.6043190983655,0.4057,1756.482148637624
6085.654332505606,0.3769,2035.172929296195
6085.704345912852,0.4178,1656.2158879625474
6085.764362001552,0.3949,1853.8706537428716
6085.814375408806,0.3883,1917.4271774694726
6085.864388816065,0.4205,1635.0153370253413
6085.914402223326,0.4097,1722.351742513086
6085.964415630592,0.3946,1856.6905787310593
6086.014429037863,0.3819,1982.2311909397943
6086.064442445136,0.3694,2118.6526625324227
6086.114455852415,0.34,2500.895286201496
6086.164469259696,0.3536,2312.2187980892577
6086.214482666981,0.3629,2195.227663364212
6086.264496074272,0.3819,1982.2311909397943
6086.324512163024,0.3247,2742.133815419741
6086.3745255703225,0.4008,1799.6924879089784
6086.424538977624,0.3372,2542.6008564321874
6086.474552384931,0.3963,1840.7955692080818
6086.524565792239,0.3756,2049.2852633588845
6086.574579199554,0.423,1615.7460711980539
6086.6245926068705,0.4478,1441.73611845734
6086.674606014193,0.4168,1664.1726956788334
6086.724619421518,0.3979,1826.0212846940292
6086.7746328288495,0.4052,1760.8196647321945
6086.83464891765,0.47,1308.7549364655479
6086.884662324987,0.497,1170.419022377767
6086.934675732329,0.4026,1783.6358719910297
6086.984689139676,0.3982,1823.2709147555813
6087.0347025470255,0.3974,1830.619083924156
6087.084715954379,0.3204,2816.2303270741736
6087.134729361737,0.4161,1669.7766271799992
6087.184742769099,0.4208,1632.6848779515715
6087.234756176465,0.3811,1990.562050095863
6087.2847695838345,0.3824,1977.0509344038917
6087.334782991207,0.4296,1566.481713607033
6087.394799080062,0.4124,1699.8730059195104
6087.444812487443,0.4464,1450.793426395466
6087.49482589483,0.4312,1554.8782121584125
6087.54483930222,0.398,1825.1038036396537
6087.594852709613,0.3844,1956.5316565127814
6087.6448661170125,0.3254,2730.3487928097175
6087.694879524413,0.3155,2904.3865474054237
6087.744892931818,0.4,1806.898438597692
6087.794906339228,0.4167,1664.971528597376
6087.844919746642,0.3651,2168.851673018435
6087.904935835543,0.3711,2099.2861834497726
6087.954949242965,0.4588,1373.4320732525046
6088.00496265039,0.3768,2036.253310180896
6088.0549760578215,0.3085,3037.6850546401092
6088.104989465256,0.4336,1537.713214251871
6088.155002872694,0.4109,1712.3064804887606
6088.205016280136,0.3922,1879.483439483877
6088.25502968758,0.3075,3057.4744170413337
6088.305043095029,0.3549,2295.310538207344
6088.355056502483,0.3726,2082.417786061043
6088.415072591433,0.3584,2250.6992759914538
6088.465085998894,0.3585,2249.4438343766146
6088.515099406361,0.3557,2284.9974747311726
6088.565112813831,0.3572,2265.8469144491296
6088.615126221305,0.3601,2229.4987947586155
6088.665139628782,0.3608,2220.856162243556
6088.715153036264,0.3629,2195.227663364212
6088.765166443749,0.3618,2208.596455973193
6088.81517985124,0.3625,2200.0749632505317
6088.865193258734,0.3739,2067.962425159403
6088.915206666231,0.3768,2036.253310180896
6088.975222755233,0.3599,2231.977385560347
6089.025236162739,0.4172,1660.9831061699726
6089.075249570248,0.3831,1969.8326222911726
6089.125262977763,0.359,2243.182354955459
6089.175276385281,0.3629,2195.227663364212
6089.225289792802,0.3882,1918.4151574801695
6089.2753032003275,0.3728,2080.1840375473876
6089.325316607857,0.363,2194.0183414663434
6089.375330015389,0.3799,2003.157157948818
6089.425343422928,0.4035,1775.688025404577
6089.475356830469,0.4026,1783.6358719910297
6089.535372919524,0.3962,1841.7249095555205
6089.585386327073,0.4025,1784.5222585794427
6089.635399734628,0.4001,1805.995330315879
6089.685413142184,0.4355,1524.3250391558333
6089.735426549747,0.4507,1423.2423344428748
6089.7854399573125,0.4049,1763.4298909054348
6089.835453364882,0.3751,2054.7521938274062
6089.885466772455,0.3365,2553.190256279398
6089.935480180032,0.4484,1437.880360240333
6089.985493587613,0.4031,1779.2138296856015
6090.045509676716,0.4305,1559.9388258921547
6090.095523084306,0.4911,1198.7103628114194
6090.1455364919,0.4643,1341.0860921545136
6090.1955498994985,0.4471,1446.2541370603844
6090.2455633071,0.4687,1316.0249909905006
6090.295576714705,0.4259,1593.8174490807532
6090.345590122314,0.3595,2236.946983072772
6090.395603529928,0.3514,2341.261430052732
6090.445616937544,0.3251,2735.390195750269
6090.495630345166,0.311,2989.044121832443
6090.555646434316,0.3649,2171.229793155314
6090.605659841946,0.4111,1710.6408168554801
6090.65567324958,0.409,1728.252353728367
6090.7056866572175,0.392,1881.401764078275
6090.755700064859,0.3889,1911.515293266269
6090.805713472506,0.4126,1698.225447124094
6090.855726880154,0.4428,1474.479404568006
6090.905740287808,0.3639,2183.1792687711886
6090.955753695465,0.3186,2848.1419303585953
6091.005767103125,0.3752,2053.6570590203905
6091.065783192324,0.3964,1839.866932105428
6091.115796599994,0.4059,1754.7516287206524
6091.1658100076675,0.4065,1749.5753857724062
6091.215823415345,0.3887,1913.4828797282187
6091.265836823027,0.3491,2372.2131609249773
6091.315850230712,0.4211,1630.3593978874933
6091.365863638402,0.3949,1853.8706537428716
6091.4158770460945,0.4249,1601.3283420431965
6091.465890453791,0.4253,1598.3176266974267
6091.515903861493,0.3807,1994.747188112788
6091.5659172691985,0.3763,2041.6681406465148
6091.625933358448,0.4169,1663.3744375277597
6091.675946766161,0.4306,1559.2143697525619
6091.72596017388,0.4332,1540.554247665635
6091.775973581602,0.423,1615.7460711980539
6091.825986989326,0.3829,1971.8909580718366
6091.876000397056,0.4097,1722.351742513086
6091.926013804788,0.4213,1628.8118369599838
6091.976027212526,0.4091,1727.40755445968
6092.026040620266,0.3783,2020.1374420785146
6092.076054028013,0.4236,1611.172139282459
6092.126067435759,0.408,1736.7345403154252
6092.186083525064,0.4463,1451.4436404714847
6092.236096932822,0.3641,2180.781494900069
6092.286110340582,0.3854,1946.3916031652084
6092.336123748348,0.4019,1789.8544801553628
6092.386137156117,0.3888,1912.498706948371
6092.436150563891,0.3523,2329.3145788790966
6092.486163971666,0.3521,2331.961519530962
6092.5361773794475,0.376,2044.9274127767742
6092.586190787232,0.4282,1576.7416593769267
6092.636204195021,0.4204,1635.793265620205
6092.696220284373,0.4017,1791.6371991916546
6092.746233692172,0.3738,2069.0690241454445
6092.79624709997,0.3683,2131.3270684840286
6092.846260507776,0.3807,1994.747188112788
6092.896273915585,0.3972,1832.463067160554
6092.946287323398,0.374,2066.8567136985607
6092.996300731215,0.3182,2855.3070419278993
6093.0463141390355,0.3336,2597.773062659615
6093.09632754686,0.4066,1748.7149057247404
6093.14634095469,0.3979,1826.0212846940292
6093.206357044089,0.3472,2398.247287971925
6093.256370451925,0.4112,1709.8088963049827
6093.306383859767,0.4291,1570.1344535607302
6093.356397267611,0.3572,2265.8469144491296
6093.406410675461,0.3924,1877.5680473524706
6093.456424083314,0.3917,1884.2847624435096
6093.50643749117,0.3884,1916.4399604739212
6093.556450899031,0.3736,2071.284888494839
6093.606464306895,0.4348,1529.2371090371641
6093.656477714763,0.3928,1873.746036598102
6093.706491122636,0.3833,1967.7775076845696
6093.766507212089,0.3726,2082.417786061043
6093.81652061997,0.43,1563.568691322609
6093.866534027855,0.3759,2046.0155713165127
6093.916547435741,0.3728,2080.1840375473876
6093.966560843634,0.4288,1572.332233472255
6094.016574251532,0.4423,1477.814944886885
6094.066587659432,0.4451,1459.2804246569701
6094.116601067337,0.43,1563.568691322609
6094.166614475244,0.3733,2074.6153652520748
6094.216627883156,0.3795,2007.382101413976
6094.266641291072,0.4405,1489.9170820370996
6094.326657380579,0.436,1520.8308934965942
6094.376670788502,0.437,1513.8785486902225
6094.426684196431,0.4172,1660.9831061699726
6094.476697604364,0.413,1694.9375072616515
6094.5267110122995,0.4461,1452.745380662683
6094.576724420241,0.4001,1805.995330315879
6094.626737828184,0.4096,1723.1928351813242
6094.676751236132,0.4032,1778.3313947741817
6094.726764644085,0.388,1920.3934096940575
6094.776778052041,0.3962,1841.7249095555205
6094.836794141592,0.4071,1744.42201274975
6094.8868075495575,0.3965,1838.9389975381976
6094.936820957525,0.3517,2337.268954253303
6094.986834365498,0.3941,1861.4047722498944
6095.036847773475,0.3709,2101.550779317474
6095.086861181454,0.3611,2217.1675538593154
6095.136874589439,0.4005,1802.3896594941023
6095.186887997427,0.3838,1962.6537697623492
6095.236901405419,0.3425,2464.519217842696
6095.286914813414,0.3792,2010.5595869565177
6095.346930903013,0.4044,1767.7931838750844
6095.396944311019,0.4584,1375.8300284063523
6095.446957719027,0.4595,1369.2507106220448
6095.4969711270405,0.4176,1657.8026777359762
6095.546984535056,0.3782,2021.2058710430138
6095.596997943075,0.4044,1767.7931838750844
6095.6470113510995,0.4116,1706.4872754393534
6095.697024759127,0.3787,2015.872186766678
6095.747038167158,0.3517,2337.268954253303
6095.797051575194,0.3389,2517.156373470811
6095.857067664844,0.357,2268.386382521974
6095.907081072886,0.4107,1713.974578110514
6095.957094480935,0.3931,1870.8871819270046
6096.007107888986,0.3787,2015.872186766678
6096.057121297043,0.3922,1879.483439483877
6096.107134705104,0.3996,1810.5176543452153
6096.157148113166,0.4083,1734.1833393548445
6096.207161521234,0.3982,1823.2709147555813
6096.257174929305,0.4108,1713.1402247548112
6096.307188337382,0.4375,1510.420240075588
6096.357201745461,0.4076,1740.1449082274803
6096.41721783516,0.3995,1811.4241573335592
6096.4672312432485,0.4244,1605.1037139894731
6096.517244651341,0.4115,1707.3167726335496
6096.567258059436,0.4023,1786.2970151298434
6096.617271467536,0.3867,1933.3269567073844
6096.667284875638,0.3861,1939.3403961422396
6096.7172982837465,0.39,1900.747620717578
6096.767311691858,0.3824,1977.0509344038917
6096.8173250999735,0.3725,2083.536009799758
6096.867338508093,0.3952,1851.0571481946283
6096.917351916215,0.3615,2212.263687129128
6096.977368005969,0.4005,1802.3896594941023
6097.027381414101,0.3704,2107.228326648041
6097.077394822236,0.3262,2716.9729871640734
6097.127408230374,0.4028,1781.8650789058217
6097.177421638517,0.4005,1802.3896594941023
6097.227435046666,0.4264,1590.08180355032
6097.277448454816,0.3718,2091.388856686206
6097.327461862972,0.3814,1987.431834095056
6097.377475271131,0.3533,2316.147233882381
6097.427488679294,0.4536,1405.1021233723059
6097.487504769094,0.4292,1569.402884184187
6097.537518177266,0.3887,1913.4828797282187
6097.587531585441,0.3808,1993.6996670855497
6097.6375449936195,0.4008,1799.6924879089784
6097.687558401803,0.3876,1924.3591049780423
6097.737571809991,0.4291,1570.1344535607302
6097.787585218181,0.4027,1782.7501456516816
6097.837598626375,0.3617,2209.817852520565
6097.887612034575,0.3884,1916.4399604739212
6097.937625442778,0.3503,2355.9883713587005
6097.997641532626,0.3971,1833.386103766989
6098.047654940838,0.4364,1518.0442199450974
6098.097668349053,0.3735,2072.394155762232
6098.14768175727,0.3632,2191.6026936424773
6098.197695165494,0.4033,1777.4496161905456
6098.247708573723,0.4056,1757.3483687292749
6098.297721981952,0.3963,1840.7955692080818
6098.347735390186,0.3803,1998.9455388383592
6098.397748798425,0.4044,1767.7931838750844
6098.447762206668,0.4204,1635.793265620205
6098.497775614914,0.4419,1480.4915331530192
6098.557791704814,0.4699,1309.3120300640069
6098.607805113069,0.406,1753.8873276342824
6098.657818521329,0.3787,2015.872186766678
6098.707831929592,0.3617,2209.817852520565
6098.757845337857,0.3649,2171.229793155314
6098.807858746128,0.4296,1566.481713607033
6098.857872154403,0.4138,1688.390209023367
6098.90788556268,0.3852,1948.413297704552
6098.9578989709635,0.3621,2204.938335923328
6099.007912379248,0.3697,2115.2156260278402
6099.067928469197,0.3885,1915.453505708019
6099.117941877492,0.406,1753.8873276342824
6099.1679552857895,0.4014,1794.3162758030503
6099.217968694093,0.4052,1760.8196647321945
6099.2679821024,0.3329,2608.709364964042
6099.317995510709,0.3477,2391.3548058461597
6099.368008919024,0.4303,1561.389253707658
6099.4180223273415,0.4481,1439.8063032998894
6099.468035735663,0.3901,1899.773255618172
6099.51804914399,0.3819,1982.2311909397943
6099.568062552319,0.3949,1853.8706537428716
6099.62807864232,0.4224,1620.3395080944822
6099.678092050657,0.3923,1878.525377234028
6099.728105459,0.4008,1799.6924879089784
6099.778118867346,0.4008,1799.6924879089784
6099.828132275697,0.4044,1767.7931838750844
6099.878145684051,0.4517,1416.9476089090426
6099.928159092407,0.3912,1889.1045070992632
6099.978172500771,0.3796,2006.3246133174941
6100.028185909136,0.3491,2372.2131609249773
6100.078199317505,0.372,2089.1406620234047
6100.138215407553,0.4374,1511.1109531277311
6100.188228815931,0.3647,2173.6118268084447
6100.238242224313,0.3568,2270.930122185546
6100.2882556327,0.3734,2073.504314362907
6100.338269041088,0.4095,1724.034544108396
6100.388282449482,0.3876,1924.3591049780423
6100.438295857881,0.4009,1798.7947759891103
6100.488309266282,0.4543,1400.7754160624208
6100.538322674686,0.4259,1593.8174490807532
6100.588336083096,0.3888,1912.498706948371
6100.6483521731925,0.4392,1498.7502073260982
6100.69836558161,0.4062,1752.1606400589749
6100.748378990032,0.3773,2030.8599926789316
6100.798392398457,0.3607,2222.087744088369
6100.848405806887,0.3722,2086.8960905490126
6100.898419215319,0.4474,1444.3152465547305
6100.948432623756,0.4152,1677.0233713672353
6100.998446032199,0.3274,2697.0928243918597
6101.048459440642,0.3965,1838.9389975381976
6101.098472849091,0.4024,1785.4093060733119
6101.148486257544,0.3777,2026.5607515057263
6101.208502347693,0.4196,1642.0367307992838
6101.258515756153,0.3384,2524.600252092078
6101.308529164618,0.3927,1874.7004444596494
6101.35854257309,0.3578,2258.254044320723
6101.408555981562,0.3726,2082.417786061043
6101.458569390038,0.3445,2435.9867568435116
6101.508582798519,0.3262,2716.9729871640734
6101.5585962070045,0.3854,1946.3916031652084
6101.608609615493,0.4002,1805.0928989405043
6101.658623023985,0.3649,2171.229793155314
6101.718639114181,0.3739,2067.962425159403
6101.768652522683,0.3682,2132.4849232931597
6101.818665931188,0.3331,2605.5776707256055
6101.868679339698,0.3828,1972.9213360065417
6101.918692748208,0.3927,1874.7004444596494
6101.968706156726,0.3935,1867.0855422082777
6102.018719565247,0.398,1825.1038036396537
6102.06873297377,0.4273,1583.3906582997379
6102.118746382299,0.4346,1530.6449189414664
6102.168759790831,0.4164,1667.371481480432
6102.218773199367,0.4168,1664.1726956788334
6102.278789289616,0.4668,1326.7599132152418
6102.328802698161,0.4216,1626.4946237738457
6102.378816106709,0.3889,1911.515293266269
6102.428829515261,0.3484,2381.7551391800093
6102.478842923818,0.3663,2154.6646578579584
6102.5288563323775,0.3935,1867.0855422082777
6102.578869740942,0.3542,2304.391851008013
6102.628883149509,0.3709,2101.550779317474
6102.678896558082,0.3984,1821.4407855464856
6102.728909966657,0.3615,2212.263687129128
6102.788926056953,0.3815,1986.3900694030717
6102.838939465538,0.3639,2183.1792687711886
6102.8889528741265,0.3535,2313.527165445317
6102.938966282718,0.3786,2016.9372333002268
6102.988979691314,0.3633,2190.3963655178095
6103.038993099915,0.3834,1966.7511562215564
6103.089006508517,0.4139,1687.5744650418892
6103.139019917126,0.425,1600.5748661921205
6103.189033325737,0.3916,1885.2472346280906
6103.239046734352,0.3961,1842.6549538580014
6103.289060142972,0.3767,2037.3345515817198
6103.34907623332,0.4031,1779.2138296856015
6103.399089641948,0.3459,2416.3078321270245
6103.44910305058,0.3834,1966.7511562215564
6103.499116459216,0.374,2066.8567136985607
6103.549129867854,0.3695,2117.506053472381
6103.599143276498,0.4659,1331.8907768632996
6103.6491566851455,0.3851,1949.4253263786022
6103.699170093797,0.3919,1882.36202792012
6103.749183502453,0.4337,1537.0041838663208
6103.799196911111,0.3675,2140.6163901411537
6103.859213001507,0.4051,1761.6890958102108
6103.909226410175,0.3714,2095.896146807121
6103.959239818848,0.4214,1628.0388826597073
6104.00925322752,0.4111,1710.6408168554801
6104.059266636201,0.371,2100.418023582469
6104.109280044884,0.3407,2490.629227149637
6104.15929345357,0.3581,2254.471913387785
6104.209306862263,0.3972,1832.463067160554
6104.259320270957,0.3669,2147.6232939706456
6104.309333679655,0.3543,2303.0912243383464
6104.359347088358,0.4045,1766.919230698914
6104.419363178805,0.3875,1925.3524481739246
6104.469376587515,0.386,1940.3453632824219
6104.519389996231,0.4015,1793.4225829730103
6104.56940340495,0.424,1608.133632950225
6104.6194168136735,0.394,1862.3497652781
6104.6694302224,0.3977,1827.8583235035335
6104.71944363113,0.4302,1562.1152263231425
6104.769457039864,0.4024,1785.4093060733119
6104.819470448604,0.3864,1936.33017482
6104.869483857345,0.356,2281.1479888629856
6104.929499947841,0.3712,2098.1552579328786
6104.97951335659,0.437,1513.8785486902225
6105.0295267653455,0.372,2089.1406620234047
6105.079540174104,0.3775,2028.7086637892633
6105.129553582867,0.3918,1883.3230271248522
6105.179566991634,0.3784,2019.069860062979
6105.2295804004025,0.3788,2014.8079836094234
6105.279593809178,0.3585,2249.4438343766146
6105.3296072179555,0.3697,2115.2156260278402
6105.379620626737,0.3803,1998.9455388383592
6105.43963671728,0.4139,1687.5744650418892
6105.489650126071,0.4343,1532.7602816650608
6105.539663534864,0.4337,1537.0041838663208
6105.589676943662,0.3794,2008.4404257977524
6105.639690352465,0.3681,2133.64372187485
6105.68970376127,0.41,1719.8321560505697
6105.739717170081,0.4246,1603.5919646646933
6105.789730578894,0.4235,1611.9331114453887
6105.839743987711,0.4113,1708.977582477601
6105.889757396532,0.4034,1776.5684932839804
6105.939770805358,0.3919,1882.36202792012
6105.9997868959545,0.3802,1999.9971975236017
6106.049800304787,0.3829,1971.8909580718366
6106.099813713624,0.365,2170.040244433403
6106.1498271224655,0.3912,1889.1045070992632
6106.199840531313,0.3998,1808.7066885901158
6106.249853940162,0.4281,1577.4783667495853
6106.299867349013,0.4307,1558.4904181662673
6106.349880757871,0.41,1719.8321560505697
6106.399894166732,0.4227,1618.0403446008854
6106.4499075755975,0.3895,1905.630708590625
6106.50992366624,0.3635,2187.986695357667
6106.559937075114,0.3664,2153.4886945680596
6106.609950483991,0.3852,1948.413297704552
6106.659963892873,0.3975,1829.698135892351
6106.709977301757,0.401,1797.8977355887505
6106.759990710646,0.3666,2151.139654304375
6106.810004119539,0.3574,2263.3117084082364
6106.8600175284355,0.3782,2021.2058710430138
6106.910030937337,0.4216,1626.4946237738457
6106.960044346241,0.4405,1489.9170820370996
6107.010057755149,0.4406,1489.2408475282255
6107.0700738458445,0.3391,2514.1880376999047
6107.1200872547615,0.338,2530.5791553355007
6107.17010066368,0.3322,2619.7148736318186
6107.2201140726065,0.3533,2316.147233882381
6107.2701274815345,0.4556,1392.7929488049836
6107.320140890467,0.4107,1713.974578110514
6107.370154299404,0.4597,1368.0595425768877
6107.420167708343,0.3636,2186.783351132581
6107.470181117288,0.4187,1649.1034507864892
6107.520194526237,0.3602,2228.261047325964
6107.5802106169795,0.4393,1498.0679509124736
6107.630224025936,0.4178,1656.2158879625474
6107.6802374348945,0.3821,1980.1566479059754
6107.730250843861,0.4224,1620.3395080944822
6107.780264252828,0.4255,1596.815452089362
6107.8302776618,0.4178,1656.2158879625474
6107.880291070775,0.3642,2179.584089015776
6107.930304479754,0.4245,1604.347572234197
6107.980317888738,0.364,2181.979887790184
6108.030331297727,0.3493,2369.4974125825297
6108.0903473885155,0.3771,2033.014745424805
6108.140360797512,0.4085,1732.4856604598517
6108.1903742065115,0.3955,1848.2500426163272
6108.240387615517,0.3888,1912.498706948371
6108.290401024525,0.3827,1973.9525217618798
6108.3404144335345,0.3934,1868.0348650838
6108.390427842551,0.4548,1397.6971347427357
6108.44044125157,0.4099,1720.6714035480557
6108.490454660594,0.3539,2308.3003484036926
6108.54046806962,0.4086,1731.6377557027274
6108.590481478652,0.4238,1609.6518106683934
6108.650497569493,0.3875,1925.3524481739246
6108.700510978532,0.3768,2036.253310180896
6108.750524387577,0.3841,1959.5891269058163
6108.800537796624,0.4062,1752.1606400589749
6108.850551205675,0.4152,1677.0233713672353
6108.900564614731,0.4469,1447.5489005588067
6108.95057802379,0.4086,1731.6377557027274
6109.000591432852,0.364,2181.979887790184
6109.050604841917,0.381,1991.6070989424677
6109.100618250987,0.4313,1554.1572780739841
6109.160634341878,0.3793,2009.4995873508649
6109.210647750956,0.3652,2167.6640778401247
6109.26066116004,0.3873,1927.3414433674484
6109.310674569127,0.3865,1935.3283250550714
6109.360687978217,0.4259,1593.8174490807532
6109.410701387313,0.3722,2086.8960905490126
6109.460714796411,0.4089,1729.0977728800322
6109.510728205511,0.4259,1593.8174490807532
6109.560741614618,0.4292,1569.402884184187
6109.610755023728,0.4036,1774.8082119032342
6109.660768432844,0.4058,1755.6165688450542
6109.7207845237845,0.4202,1637.3507893328135
6109.770797932907,0.4321,1548.4078127224316
6109.820811342033,0.399,1815.966900665108
6109.870824751164,0.4383,1504.9115442409377
6109.920838160296,0.4369,1514.5716355911854
6109.970851569435,0.4034,1776.5684932839804
6110.020864978577,0.3704,2107.228326648041
6110.0708783877235,0.3815,1986.3900694030717
6110.1208917968725,0.4239,1608.8924532010099
6110.170905206026,0.3792,2010.5595869565177
6110.230921297014,0.3973,1831.5407274467302
6110.280934706176,0.4204,1635.793265620205
6110.330948115344,0.396,1843.5857028266778
6110.380961524512,0.431,1556.3215860456448
6110.430974933684,0.4701,1308.1981983445353
6110.480988342864,0.447,1446.9013015678875
6110.531001752044,0.4309,1557.044026780419
6110.5810151612295,0.4135,1690.8409929626996
6110.6310285704185,0.3867,1933.3269567073844
6110.68104197961,0.4046,1766.0459254537939
6110.731055388808,0.4303,1561.389253707658
6110.79107147985,0.4376,1509.7300004918302
6110.841084889055,0.3983,1822.3555055380702
6110.891098298264,0.4088,1729.9438125212876
6110.941111707477,0.3634,2189.191033121392
6110.991125116694,0.3622,2203.720982047752
6111.041138525915,0.3685,2129.0141860864987
6111.09115193514,0.4082,1735.0331147141287
6111.141165344367,0.3873,1927.3414433674484
6111.1911787536,0.3724,2084.6551344817067
6111.241192162837,0.3591,2241.933196628479
6111.301208253925,0.454,1402.627268670195
6111.351221663171,0.4606,1362.7184743953221
6111.40123507242,0.3905,1895.8832778453223
6111.451248481672,0.3973,1831.5407274467302
6111.501261890929,0.3433,2453.0463812921985
6111.551275300188,0.3703,2108.366596788151
6111.601288709452,0.3635,2187.986695357667
6111.651302118719,0.3644,2177.1922339318385
6111.701315527993,0.4053,1759.9508771195162
6111.751328937269,0.409,1728.252353728367
6111.8113450284045,0.3928,1873.746036598102
6111.861358437689,0.3726,2082.417786061043
6111.911371846977,0.3466,2406.5576728380383
6111.96138525627,0.3663,2154.6646578579584
6112.011398665563,0.3649,2171.229793155314
6112.061412074863,0.4528,1410.0715236233611
6112.111425484169,0.3523,2329.3145788790966
6112.161438893476,0.3465,2407.9469357483654
6112.211452302787,0.3962,1841.7249095555205
6112.261465712102,0.4499,1428.308365297216
6112.311479121422,0.3603,2227.0243303447905
6112.371495212609,0.3733,2074.6153652520748
6112.4215086219365,0.3961,1842.6549538580014
6112.471522031268,0.3967,1837.0852331770348
6112.521535440604,0.3941,1861.4047722498944
6112.571548849944,0.421,1631.134005561494
6112.621562259286,0.4026,1783.6358719910297
6112.671575668633,0.42,1638.9105386037259
6112.7215890779835,0.4163,1668.1726189947817
6112.771602487339,0.405,1762.5591709891628
6112.821615896698,0.3966,1838.0117647979248
6112.881631987932,0.4726,1294.3943966580207
6112.931645397299,0.4519,1415.6936758075458
6112.981658806671,0.3792,2010.5595869565177
6113.031672216047,0.3632,2191.6026936424773
6113.081685625425,0.3888,1912.498706948371
6113.131699034807,0.4023,1786.2970151298434
6113.181712444194,0.3739,2067.962425159403
6113.231725853585,0.3876,1924.3591049780423
6113.281739262978,0.3734,2073.504314362907
6113.331752672377,0.3755,2050.3769026018344
6113.381766081778,0.4008,1799.6924879089784
6113.441782173065,0.3664,2153.4886945680596
6113.491795582477,0.3786,2016.9372333002268
6113.54180899189,0.3656,2162.923438138976
6113.591822401308,0.365,2170.040244433403
6113.641835810729,0.3479,2388.60613028687
6113.691849220157,0.3403,2496.4877888518704
6113.741862629586,0.379,2012.6821038640855
6113.79187603902,0.4067,1747.855060325814
6113.841889448457,0.4247,1602.8368907779036
6113.8919028578985,0.4104,1716.4812986535158
6113.951918949234,0.41,1719.8321560505697
6114.001932358684,0.4009,1798.7947759891103
6114.051945768137,0.4107,1713.974578110514
6114.101959177593,0.4045,1766.919230698914
6114.151972587055,0.3696,2116.360374973083
6114.201985996521,0.331,2638.7441593716403
6114.251999405992,0.3869,1931.3286912480658
6114.302012815463,0.3787,2015.872186766678
6114.35202622494,0.3675,2140.6163901411537
6114.402039634421,0.356,2281.1479888629856
6114.452053043906,0.3361,2559.2710702149475
6114.512069135292,0.3533,2316.147233882381
6114.562082544786,0.3999,1807.802224463103
6114.612095954282,0.4053,1759.9508771195162
6114.662109363784,0.3597,2234.4601119299095
6114.712122773289,0.3871,1929.3335222662074
6114.762136182797,0.3836,1964.70086078572
6114.81214959231,0.3502,2357.3340698278366
6114.862163001826,0.3514,2341.261430052732
6114.912176411347,0.3693,2119.800203161261
6114.96218982087,0.3603,2227.0243303447905
6115.022205912304,0.3469,2402.3970902904284
6115.072219321836,0.4136,1690.0234724111947
6115.122232731373,0.3798,2004.2121424640561
6115.172246140913,0.3849,1951.4517506288435
6115.222259550457,0.4593,1370.4434350679549
6115.272272960005,0.3685,2129.0141860864987
6115.322286369558,0.3925,1876.6114490929408
6115.372299779114,0.3822,1979.1205974501145
6115.422313188673,0.3994,1812.3313413040241
6115.472326598237,0.3911,1890.0706749271033
6115.522340007804,0.4261,1592.3216127394055
6115.58235609929,0.422,1623.4126902711898
6115.632369508866,0.4064,1750.4365010935394
6115.682382918446,0.3942,1860.4604983014183
6115.732396328029,0.377,2034.0934080147247
6115.782409737617,0.4127,1697.402565812021
6115.832423147209,0.4116,1706.4872754393534
6115.882436556802,0.4014,1794.3162758030503
6115.932449966403,0.3723,2085.7751610749897
6115.9824633760045,0.3482,2384.491994222352
6116.032476785613,0.3576,2260.7807548672413
6116.092492877145,0.4213,1628.8118369599838
6116.14250628676,0.3951,1851.9942713096439
6116.192519696378,0.434,1534.8800325913983
6116.242533106002,0.3227,2776.22892215757
6116.2925465156295,0.3808,1993.6996670855497
6116.34255992526,0.4212,1629.5853418615545
6116.392573334895,0.4283,1576.005467964796
6116.4425867445325,0.3773,2030.8599926789316
6116.492600154175,0.3769,2035.172929296195
6116.542613563822,0.3977,1827.8583235035335
6116.602629655402,0.3623,2202.504636051701
6116.652643065057,0.3964,1839.866932105428
6116.702656474714,0.412,1703.1753244769654
6116.752669884377,0.4015,1793.4225829730103
6116.802683294044,0.3638,2184.379638929639
6116.852696703713,0.3409,2487.707676757897
6116.902710113387,0.4018,1790.745506911955
6116.952723523066,0.377,2034.0934080147247
6117.002736932747,0.3855,1945.3819356657482
6117.052750342432,0.3899,1901.7227356150438
6117.102763752122,0.4182,1653.0491354755022
6117.162779843754,0.4167,1664.971528597376
6117.212793253452,0.4043,1768.667785623423
6117.262806663153,0.3565,2274.7537618893484
6117.31282007286,0.3697,2115.2156260278402
6117.362833482568,0.392,1881.401764078275
6117.412846892283,0.4008,1799.6924879089784
6117.462860301999,0.4055,1758.215229751697
6117.512873711719,0.3816,1985.349123599025
6117.562887121445,0.4149,1679.449438793963
6117.612900531173,0.4111,1710.6408168554801
6117.672916622852,0.4596,1368.6549322186838
6117.722930032591,0.432,1549.1247495008993
6117.772943442332,0.3946,1856.6905787310593
6117.8229568520765,0.3666,2151.139654304375
6117.872970261827,0.3395,2508.267096248029
6117.922983671578,0.3574,2263.3117084082364
6117.972997081333,0.3938,1864.2419114958523
6118.023010491095,0.4245,1604.347572234197
6118.07302390086,0.4401,1492.6266312753953
6118.123037310628,0.4353,1525.7260699059564
6118.173050720398,0.4087,1730.7904732594866
6118.23306681213,0.3648,2172.4203202559206
6118.2830802219105,0.3694,2118.6526625324227
6118.333093631695,0.4169,1663.3744375277597
6118.3831070414835,0.3898,1902.6986010800852
6118.433120451275,0.4367,1515.959238053088
6118.483133861071,0.387,1930.330720097489
6118.533147270871,0.3854,1946.3916031652084
6118.583160680674,0.3876,1924.3591049780423
6118.6331740904825,0.4064,1750.4365010935394
6118.683187500294,0.4182,1653.0491354755022
6118.743203592072,0.392,1881.401764078275
6118.793217001892,0.3909,1892.0052355359392
6118.843230411715,0.3922,1879.483439483877
6118.893243821543,0.3653,2166.4774578296524
6118.943257231374,0.3494,2368.1412869087962
6118.99327064121,0.3713,2097.0252460466118
6119.043284051049,0.4268,1587.1027352026822
6119.093297460891,0.3858,1942.3576424654373
6119.143310870738,0.4232,1614.2192654678684
6119.193324280591,0.401,1797.8977355887505
6119.253340372416,0.3826,1974.9845161825187
6119.303353782274,0.3938,1864.2419114958523
6119.353367192138,0.4176,1657.8026777359762
6119.403380602005,0.4157,1672.991591746966
6119.4533940118745,0.4051,1761.6890958102108
6119.50340742175,0.3553,2290.14529859133
6119.553420831628,0.3735,2072.394155762232
6119.6034342415105,0.3849,1951.4517506288435
6119.653447651397,0.4048,1764.3012561961943
6119.703461061286,0.4103,1717.3180943094253
6119.75347447118,0.3955,1848.2500426163272
6119.813490563058,0.3743,2063.5448949851398
6119.86350397296,0.3757,2048.194495681852
6119.913517382867,0.3836,1964.70086078572
6119.9635307927765,0.3731,2076.8401477231337
6120.01354420269,0.417,1662.5767535928867
6120.063557612608,0.3922,1879.483439483877
6120.113571022529,0.3723,2085.7751610749897
6120.163584432455,0.374,2066.8567136985607
6120.213597842384,0.4016,1792.5295576574138
6120.263611252317,0.3658,2160.5589479883633
6120.3136246622535,0.4557,1392.1817409603325
6120.373640754184,0.3805,1996.8447084140867
6120.4236541641285,0.3994,1812.3313413040241
6120.473667574078,0.4053,1759.9508771195162
6120.523680984031,0.4083,1734.1833393548445
6120.573694393987,0.3569,2269.657717806449
6120.623707803949,0.3642,2179.584089015776
6120.673721213913,0.4348,1529.2371090371641
6120.723734623881,0.3957,1846.3821848548998
6120.773748033855,0.3648,2172.4203202559206
6120.82376144383,0.3927,1874.7004444596494
6120.883777535807,0.3965,1838.9389975381976
6120.933790945791,0.3638,2184.379638929639
6120.983804355781,0.3886,1914.4678123872777
6121.033817765774,0.4442,1465.1997399230706
6121.08383117577,0.4437,1468.503823744665
6121.133844585768,0.4204,1635.793265620205
6121.183857995772,0.3906,1894.9126502279455
6121.233871405782,0.3689,2124.3997015734567
6121.283884815794,0.4323,1546.9754314560896
6121.333898225808,0.3794,2008.4404257977524
6121.393914317833,0.4145,1682.6923931634576
6121.443927727856,0.3567,2272.2035968583014
6121.4939411378855,0.3877,1923.3665303242196
6121.543954547917,0.4311,1555.599647993728
6121.593967957951,0.4114,1708.1468747834967
6121.643981367991,0.3829,1971.8909580718366
6121.693994778035,0.373,2077.953881221853
6121.744008188081,0.3694,2118.6526625324227
6121.794021598133,0.3945,1857.6319836451833
6121.844035008187,0.4066,1748.7149057247404
6121.904051100258,0.3265,2711.9823903245538
6121.954064510322,0.428,1578.215590565032
6122.004077920388,0.3712,2098.1552579328786
6122.05409133046,0.3455,2421.9059787236383
6122.104104740533,0.3546,2299.1959443043597
6122.154118150614,0.4092,1726.5633744681006
6122.204131560695,0.4013,1795.2106368129657
6122.254144970783,0.3596,2235.703028828337
6122.304158380873,0.3335,2599.331176448008
6122.354171790967,0.3831,1969.8326222911726
6122.404185201065,0.3552,2291.4349727035883
6122.464201293186,0.3239,2755.6960838933196
6122.514214703293,0.3705,2106.0909780572824
6122.564228113403,0.384,1960.6098764773408
6122.614241523517,0.3944,1858.5741047270574
6122.664254933636,0.4273,1583.3906582997379
6122.714268343758,0.4122,1701.5229634841594
6122.764281753884,0.3804,1997.8947094257392
6122.814295164012,0.3922,1879.483439483877
6122.864308574147,0.4069,1746.1372709790962
6122.914321984283,0.478,1265.3139215648107
6122.964335394425,0.4369,1514.5716355911854
6123.024351486598,0.3268,2707.0055311273522
6123.074364896747,0.3408,2489.1678090088426
6123.124378306902,0.374,2066.8567136985607
6123.174391717059,0.4483,1438.5219116668125
6123.224405127219,0.37,2111.7869464699515
6123.274418537384,0.3641,2180.781494900069
6123.324431947554,0.3977,1827.8583235035335
6123.3744453577265,0.4488,1435.3184415369096
6123.424458767901,0.4518,1416.3204342025333
6123.474472178083,0.3937,1865.1890661487946
6123.534488270305,0.386,1940.3453632824219
6123.584501680492,0.3715,2094.7679592318805
6123.634515090686,0.3793,2009.4995873508649
6123.684528500881,0.4176,1657.8026777359762
6123.7345419110825,0.4303,1561.389253707658
6123.784555321286,0.4117,1705.6583826132187
6123.834568731494,0.4089,1729.0977728800322
6123.884582141706,0.4033,1777.4496161905456
6123.934595551922,0.4573,1382.456881295921
6123.9846089621415,0.3795,2007.382101413976
6124.04462505441,0.4096,1723.1928351813242
6124.094638464637,0.3929,1872.7923573830067
6124.144651874869,0.4115,1707.3167726335496
6124.194665285106,0.3761,2043.8401221000856
6124.244678695345,0.3375,2538.08269948162
6124.294692105588,0.3745,2061.3414361071837
6124.344705515835,0.3851,1949.4253263786022
6124.394718926087,0.3993,1813.239206938869
6124.444732336341,0.4313,1554.1572780739841
6124.4947457466,0.4147,1681.069742981496
6124.544759156862,0.3746,2060.241029916151
6124.604775249183,0.362,2206.1566987922565
6124.654788659454,0.4126,1698.225447124094
6124.704802069728,0.4018,1790.745506911955
6124.754815480008,0.3805,1996.8447084140867
6124.80482889029,0.4026,1783.6358719910297
6124.854842300576,0.4084,1733.3341881404458
6124.904855710866,0.3694,2118.6526625324227
6124.95486912116,0.3596,2235.703028828337
6125.00488253146,0.3781,2022.275147852596
6125.05489594176,0.4125,1699.0489269663897
6125.114912034127,0.4299,1564.2961846494466
6125.164925444439,0.4331,1541.265736255724
6125.214938854752,0.4352,1526.4273097283478
6125.26495226507,0.4079,1737.5861917833486
6125.314965675392,0.4122,1701.5229634841594
6125.364979085716,0.3683,2131.3270684840286
6125.414992496047,0.3864,1936.33017482
6125.46500590638,0.3751,2054.7521938274062
6125.5150193167165,0.3609,2219.625604012873
6125.565032727059,0.4052,1760.8196647321945
6125.615046137404,0.4267,1587.846716917672
6125.675062229822,0.4484,1437.880360240333
6125.7250756401745,0.3961,1842.6549538580014
6125.775089050533,0.3645,2175.9977825694973
6125.8251024608935,0.3456,2420.504619590853
6125.875115871259,0.4042,1769.54303658584
6125.925129281626,0.3654,2165.2918119196597
6125.975142691998,0.4113,1708.977582477601
6126.025156102376,0.391,1891.0375841530777
6126.075169512756,0.4021,1788.0744205638096
6126.1251829231405,0.4485,1437.2392378964437
6126.185199015606,0.3898,1902.6986010800852
6126.235212425998,0.4091,1727.40755445968
6126.285225836395,0.385,1950.4381437467864
6126.335239246795,0.4065,1749.5753857724062
6126.385252657199,0.4211,1630.3593978874933
6126.435266067607,0.4134,1691.659106850523
6126.485279478018,0.3931,1870.8871819270046
6126.535292888434,0.3552,2291.4349727035883
6126.585306298853,0.3875,1925.3524481739246
6126.635319709277,0.3601,2229.4987947586155
6126.695335801788,0.3912,1889.1045070992632
6126.745349212221,0.4096,1723.1928351813242
6126.795362622656,0.4271,1584.8739246822508
6126.845376033095,0.3575,2262.0457006699635
6126.895389443538,0.3941,1861.4047722498944
6126.945402853985,0.4029,1780.980671098687
6126.995416264436,0.435,1527.8312404887383
6127.045429674892,0.3835,1965.7256075342686
6127.09544308535,0.4177,1657.008997934381
6127.145456495812,0.4044,1767.7931838750844
6127.195469906279,0.4279,1578.953331306092
6127.255485998843,0.4414,1483.8475066365525
6127.305499409317,0.3903,1897.8267717404078
6127.355512819795,0.3637,2185.5809993535872
6127.405526230277,0.3885,1915.453505708019
6127.455539640766,0.4367,1515.959238053088
6127.505553051255,0.3536,2312.2187980892577
6127.555566461748,0.4047,1765.173267499399
6127.6055798722455,0.3972,1832.463067160554
6127.655593282748,0.3639,2183.1792687711886
6127.705606693254,0.3654,2165.2918119196597
6127.755620103762,0.3454,2423.308555191042
6127.815636196378,0.4204,1635.793265620205
6127.865649606896,0.3407,2490.629227149637
6127.915663017417,0.3987,1818.7007540143074
6127.9656764279425,0.3925,1876.6114490929408
6128.01568983847,0.4158,1672.1869806879301
6128.065703249005,0.4449,1460.5927241805164
6128.115716659541,0.4104,1716.4812986535158
6128.165730070082,0.4095,1724.034544108396
6128.215743480627,0.403,1780.0969215763266
6128.265756891175,0.3369,2547.1310885961348
6128.325772983838,0.399,1815.966900665108
6128.375786394396,0.3822,1979.1205974501145
6128.425799804955,0.4201,1638.1303855085825
6128.47581321552,0.3664,2153.4886945680596
6128.525826626088,0.3911,1890.0706749271033
6128.575840036659,0.4065,1749.5753857724062
6128.625853447237,0.3706,2104.954550021356
6128.675866857815,0.3822,1979.1205974501145
6128.725880268399,0.3572,2265.8469144491296
6128.775893678987,0.4473,1444.9611099417361
6128.835909771698,0.4067,1747.855060325814
6128.885923182293,0.4011,1797.0013660383067
6128.935936592892,0.4002,1805.0928989405043
6128.985950003496,0.431,1556.3215860456448
6129.035963414103,0.4445,1463.222639356914
6129.085976824715,0.408,1736.7345403154252
6129.135990235329,0.3835,1965.7256075342686
6129.186003645948,0.4314,1553.4368452752667
6129.236017056573,0.4259,1593.8174490807532
6129.286030467198,0.3756,2049.2852633588845
6129.3460465599555,0.424,1608.133632950225
6129.39605997059,0.4225,1619.5725760624193
6129.446073381228,0.4109,1712.3064804887606
6129.496086791872,0.448,1440.4491442737306
6129.546100202519,0.3673,2142.9482097510904
6129.596113613167,0.414,1686.7593121064167
6129.6461270238215,0.3836,1964.70086078572
6129.696140434481,0.4116,1706.4872754393534
6129.7461538451425,0.374,2066.8567136985607
6129.7961672558085,0.3478,2389.9798753406135
6129.846180666477,0.4502,1426.4054386376931
6129.906196759286,0.365,2170.040244433403
6129.956210169965,0.3997,1809.6118316575855
6130.006223580647,0.3942,1860.4604983014183
6130.056236991331,0.3721,2088.0179238744804
6130.106250402022,0.4351,1527.1290331077084
6130.156263812714,0.4246,1603.5919646646933
6130.206277223413,0.3921,1880.4422348492358
6130.256290634114,0.4286,1573.7999846773905
6130.306304044817,0.3973,1831.5407274467302
6130.356317455526,0.3682,2132.4849232931597
6130.406330866238,0.387,1930.330720097489
6130.466346959099,0.4103,1717.3180943094253
6130.516360369819,0.3668,2148.7944554693545
6130.566373780544,0.4174,1659.3917490131432
6130.616387191272,0.3868,1932.3274365177497
6130.6664006020055,0.3679,2135.964154461207
6130.716414012742,0.3878,1922.374723419841
6130.766427423481,0.4213,1628.8118369599838
6130.8164408342245,0.4165,1666.5709209452514
6130.866454244973,0.4231,1614.9823976873527
6130.916467655725,0.4323,1546.9754314560896
6130.976483748631,0.388,1920.3934096940575
6131.0264971593915,0.3923,1878.525377234028
6131.076510570154,0.4189,1647.529131530155
6131.126523980923,0.3728,2080.1840375473876
6131.176537391692,0.4,1806.898438597692
6131.226550802468,0.3535,2313.527165445317
6131.276564213248,0.3966,1838.0117647979248
6131.326577624032,0.3967,1837.0852331770348
6131.376591034818,0.4108,1713.1402247548112
6131.426604445608,0.3732,2075.727309386227
6131.486620538562,0.2978,3259.8948602664204
6131.536633949361,0.3674,2141.7818239363496
6131.5866473601645,0.4466,1449.4943083244016
6131.6366607709715,0.3312,2635.558242131648
6131.686674181781,0.3602,2228.261047325964
6131.736687592596,0.3964,1839.866932105428
6131.786701003413,0.4356,1523.6252473412512
6131.836714414237,0.4069,1746.1372709790962
6131.886727825062,0.4294,1567.9412784612027
6131.9367412358915,0.3208,2809.2117091073246
6131.986754646726,0.375,2055.8482048567403
6132.046770739731,0.3572,2265.8469144491296
6132.096784150572,0.4255,1596.815452089362
6132.146797561417,0.4078,1738.4384698479823
6132.196810972268,0.4035,1775.688025404577
6132.246824383121,0.3943,1859.5169427032913
6132.296837793979,0.3846,1954.4973165716415
6132.3468512048385,0.4035,1775.688025404577
6132.3968646157045,0.37,2111.7869464699515
6132.446878026572,0.3549,2295.310538207344
6132.496891437446,0.3325,2614.989715420094
6132.5569075304975,0.3439,2444.4942462970207
6132.606920941379,0.3698,2114.0718056313235
6132.656934352263,0.4548,1397.6971347427357
6132.706947763152,0.4221,1622.6435755859268
6132.7569611740455,0.3876,1924.3591049780423
6132.806974584942,0.3987,1818.7007540143074
6132.85698799584,0.3438,2445.9164933273387
6132.907001406744,0.3694,2118.6526625324227
6132.957014817653,0.3352,2573.032581379949
6133.007028228565,0.3818,1983.2696852237361
6133.057041639479,0.3501,2358.6809215847215
6133.117057732584,0.3812,1989.5178235806018
6133.167071143507,0.3958,1845.4493176117253
6133.217084554435,0.3937,1865.1890661487946
6133.267097965367,0.3901,1899.773255618172
6133.317111376301,0.3965,1838.9389975381976
6133.367124787241,0.3962,1841.7249095555205
6133.417138198183,0.4106,1714.8095411493052
6133.467151609131,0.33,2654.760730500015
6133.51716502008,0.391,1891.0375841530777
6133.567178431036,0.4053,1759.9508771195162
6133.627194524187,0.3911,1890.0706749271033
6133.6772079351485,0.3846,1954.4973165716415
6133.727221346116,0.4068,1746.9958489516641
6133.777234757086,0.4066,1748.7149057247404
6133.8272481680615,0.3629,2195.227663364212
6133.877261579039,0.4705,1305.9747945923216
6133.927274990021,0.4223,1621.1069850147878
6133.977288401005,0.3773,2030.8599926789316
6134.027301811996,0.3819,1982.2311909397943
6134.0773152229895,0.3713,2097.0252460466118
6134.137331316187,0.4116,1706.4872754393534
6134.187344727187,0.4368,1515.265198566769
6134.237358138195,0.4357,1522.925937309937
6134.287371549204,0.4033,1777.4496161905456
6134.3373849602185,0.4492,1432.7633637208694
6134.387398371234,0.4368,1515.265198566769
6134.4374117822545,0.3792,2010.5595869565177
6134.487425193281,0.4045,1766.919230698914
6134.5374386043095,0.4163,1668.1726189947817
6134.587452015341,0.3789,2013.7446229382422
6134.637465426378,0.3552,2291.4349727035883
6134.697481519626,0.4209,1631.9091654078732
6134.7474949306725,0.4261,1592.3216127394055
6134.797508341719,0.3795,2007.382101413976
6134.847521752771,0.3743,2063.5448949851398
6134.897535163828,0.4022,1787.185386407062
6134.947548574888,0.3782,2021.2058710430138
6134.997561985952,0.376,2044.9274127767742
6135.0475753970195,0.4044,1767.7931838750844
6135.097588808092,0.3889,1911.515293266269
6135.147602219167,0.3765,2039.4996195893573
6135.197615630246,0.3465,2407.9469357483654
6135.257631723545,0.3808,1993.6996670855497
6135.307645134633,0.4366,1516.653754486756
6135.357658545724,0.3999,1807.802224463103
6135.407671956819,0.3997,1809.6118316575855
6135.457685367918,0.3952,1851.0571481946283
6135.507698779023,0.3714,2095.896146807121
6135.557712190127,0.3582,2253.2133143220676
6135.607725601238,0.4,1806.898438597692
6135.657739012354,0.4008,1799.6924879089784
6135.707752423471,0.4342,1533.4663771301593
6135.767768516817,0.3769,2035.172929296195
6135.8177819279435,0.4165,1666.5709209452514
6135.867795339075,0.4237,1610.4117058596014
6135.91780875021,0.3756,2049.2852633588845
6135.967822161347,0.3828,1972.9213360065417
6136.0178355724875,0.3653,2166.4774578296524
6136.067848983634,0.4222,1621.875007339633
6136.117862394785,0.4146,1681.8807745402341
6136.167875805937,0.368,2134.8034652550755
6136.217889217094,0.3816,1985.349123599025
6136.277905310489,0.3867,1933.3269567073844
6136.327918721652,0.3526,2325.352609970714
6136.377932132824,0.3368,2548.643856803184
6136.427945543995,0.3775,2028.7086637892633
6136.477958955172,0.3413,2481.879976522736
6136.527972366353,0.3918,1883.3230271248522
6136.577985777539,0.4252,1599.069509019047
6136.627999188727,0.3695,2117.506053472381
6136.6780125999185,0.398,1825.1038036396537
6136.728026011114,0.3822,1979.1205974501145
6136.7780394223155,0.4218,1624.9525610317762
6136.838055515758,0.3995,1811.4241573335592
6136.888068926968,0.387,1930.330720097489
6136.938082338179,0.458,1378.2342691416054
6136.988095749396,0.3681,2133.64372187485
6137.038109160615,0.3616,2211.040262532027
6137.088122571839,0.3373,2541.093464546251
6137.138135983066,0.3388,2518.6425130356524
6137.1881493942965,0.3158,2898.87103539473
6137.238162805533,0.3939,1863.2954781163417
6137.288176216772,0.3993,1813.239206938869
6137.348192310264,0.4573,1382.456881295921
6137.398205721509,0.3787,2015.872186766678
6137.448219132761,0.3431,2455.9070681973785
6137.498232544017,0.4224,1620.3395080944822
6137.548245955275,0.4392,1498.7502073260982
6137.598259366536,0.4238,1609.6518106683934
6137.648272777803,0.3937,1865.1890661487946
6137.698286189074,0.3553,2290.14529859133
6137.748299600348,0.3768,2036.253310180896
6137.798313011626,0.4651,1336.4765721742015
6137.848326422907,0.4103,1717.3180943094253
6137.908342516451,0.3858,1942.3576424654373
6137.958355927741,0.4091,1727.40755445968
6138.008369339034,0.4414,1483.8475066365525
6138.05838275033,0.4378,1508.350939999413
6138.108396161633,0.4087,1730.7904732594866
6138.158409572938,0.385,1950.4381437467864
6138.208422984247,0.4415,1483.1753996828347
6138.25843639556,0.3906,1894.9126502279455
6138.308449806876,0.3635,2187.986695357667
6138.3584632181955,0.3691,2122.098083164365
6138.4184793117865,0.4121,1702.3488432604183
6138.468492723117,0.3777,2026.5607515057263
6138.518506134448,0.404,1771.2954887245266
6138.568519545784,0.4064,1750.4365010935394
6138.618532957125,0.392,1881.401764078275
6138.66854636847,0.3746,2060.241029916151
6138.718559779819,0.3925,1876.6114490929408
6138.768573191168,0.3553,2290.14529859133
6138.818586602525,0.3372,2542.6008564321874
6138.868600013884,0.3455,2421.9059787236383
6138.92861610752,0.3816,1985.349123599025
6138.978629518889,0.3954,1849.1850345668029
6139.0286429302605,0.4171,1661.7796433236067
6139.078656341636,0.3709,2101.550779317474
6139.128669753015,0.3857,1943.364956129773
6139.178683164398,0.3723,2085.7751610749897
6139.228696575786,0.3702,2109.5057894734764
6139.278709987175,0.3866,1934.3272526188523
6139.32872339857,0.3474,2395.4867237269227
6139.378736809968,0.4306,1559.2143697525619
6139.42875022137,0.3661,2157.0194760110217
6139.488766315058,0.4484,1437.880360240333
6139.538779726469,0.4219,1624.1823519135567
6139.588793137883,0.3887,1913.4828797282187
6139.6388065493,0.4041,1770.418937405041
6139.688819960723,0.3919,1882.36202792012
6139.738833372147,0.3687,2126.7050665022534
6139.788846783578,0.3768,2036.253310180896
6139.838860195012,0.3756,2049.2852633588845
6139.888873606448,0.3316,2629.2036927881763
6139.93888701789,0.3988,1817.7887840177793
6139.998903111625,0.3355,2568.4331038266832
6140.048916523075,0.3993,1813.239206938869
6140.0989299345265,0.3947,1855.7498892589942
6140.148943345984,0.3567,2272.2035968583014
6140.198956757446,0.3122,2966.110437488179
6140.24897016891,0.3377,2535.0772821182322
6140.298983580379,0.4346,1530.6449189414664
6140.34899699185,0.4029,1780.980671098687
6140.399010403326,0.3857,1943.364956129773
6140.449023814806,0.4448,1461.249537860857
6140.499037226291,0.3886,1914.4678123872777
6140.559053320075,0.4226,1618.8061884029125
6140.609066731568,0.4083,1734.1833393548445
6140.659080143065,0.4056,1757.3483687292749
6140.709093554563,0.4343,1532.7602816650608
6140.759106966068,0.4445,1463.222639356914
6140.809120377574,0.4002,1805.0928989405043
6140.859133789087,0.3375,2538.08269948162
6140.909147200601,0.3733,2074.6153652520748
6140.959160612119,0.3728,2080.1840375473876
6141.009174023643,0.3937,1865.1890661487946
6141.069190117474,0.3698,2114.0718056313235
6141.119203529006,0.3569,2269.657717806449
6141.1692169405405,0.4729,1292.7526359179374
6141.21923035208,0.4313,1554.1572780739841
6141.269243763622,0.3815,1986.3900694030717
6141.319257175168,0.3549,2295.310538207344
6141.369270586718,0.3303,2649.9404814773256
6141.419283998272,0.3235,2762.5149802917163
6141.46929740983,0.3206,2812.7177342814084
6141.519310821391,0.4058,1755.6165688450542
6141.57932691527,0.3152,2909.9178154661267
6141.629340326839,0.3897,1903.6752178832025
6141.679353738412,0.4145,1682.6923931634576
6141.729367149991,0.3816,1985.349123599025
6141.779380561573,0.4064,1750.4365010935394
6141.829393973158,0.4294,1567.9412784612027
6141.879407384746,0.3485,2380.3884782952873
6141.9294207963385,0.3312,2635.558242131648
6141.979434207935,0.3408,2489.1678090088426
6142.029447619536,0.4107,1713.974578110514
6142.0794610311395,0.4433,1471.1551443687872
6142.139477125069,0.3493,2369.4974125825297
6142.189490536683,0.3,3212.2585370872675
6142.239503948298,0.4166,1665.7709368353176
6142.289517359919,0.3916,1885.2472346280906
6142.339530771543,0.4174,1659.3917490131432
6142.389544183169,0.4306,1559.2143697525619
6142.439557594803,0.4088,1729.9438125212876
6142.489571006438,0.3648,2172.4203202559206
6142.5395844180775,0.3165,2886.0624455952066
6142.589597829721,0.3225,2779.673363899661
6142.649613923696,0.3893,1907.5892139211383
6142.699627335349,0.3841,1959.5891269058163
6142.749640747003,0.3872,1928.3370969554433
6142.799654158662,0.3953,1850.120736186777
6142.8496675703245,0.3868,1932.3274365177497
6142.89968098199,0.3889,1911.515293266269
6142.949694393661,0.378,2023.3452734045695
6142.999707805335,0.382,1981.1935121183908
6143.049721217014,0.3925,1876.6114490929408
6143.099734628697,0.393,1871.8394060728365
6143.1497480403805,0.4124,1699.8730059195104
6143.209764134409,0.3861,1939.3403961422396
6143.259777546103,0.4429,1473.8136517484947
6143.309790957801,0.3788,2014.8079836094234
6143.359804369502,0.402,1788.9641182597488
6143.409817781209,0.3998,1808.7066885901158
6143.4598311929185,0.3601,2229.4987947586155
6143.509844604632,0.3811,1990.562050095863
6143.559858016347,0.3928,1873.746036598102
6143.609871428068,0.3732,2075.727309386227
6143.659884839792,0.3568,2270.930122185546
6143.7199009338665,0.3642,2179.584089015776
6143.7699143456,0.4056,1757.3483687292749
6143.819927757336,0.3721,2088.0179238744804
6143.869941169077,0.361,2218.396068262282
6143.919954580821,0.4331,1541.265736255724
6143.96996799257,0.4496,1430.2151024583052
6144.019981404321,0.3502,2357.3340698278366
6144.069994816076,0.3698,2114.0718056313235
6144.120008227836,0.3506,2351.9581825237005
6144.170021639599,0.3629,2195.227663364212
6144.220035051367,0.3818,1983.2696852237361
6144.280051145492,0.3723,2085.7751610749897
6144.330064557267,0.3967,1837.0852331770348
6144.380077969046,0.462,1354.4721058573127
6144.430091380828,0.4517,1416.9476089090426
6144.480104792616,0.4214,1628.0388826597073
6144.530118204408,0.4037,1773.9290521316534
6144.5801316162015,0.4069,1746.1372709790962
6144.630145027999,0.405,1762.5591709891628
6144.680158439801,0.4311,1555.599647993728
6144.730171851607,0.4218,1624.9525610317762
6144.790187945779,0.3564,2276.030454654133
6144.840201357594,0.3487,2377.658683045242
6144.890214769411,0.3778,2025.4880743308552
6144.940228181234,0.3975,1829.698135892351
6144.990241593059,0.4251,1599.821922017439
6145.040255004889,0.3918,1883.3230271248522
6145.090268416722,0.343,2457.3392885530625
6145.140281828559,0.3942,1860.4604983014183
6145.190295240399,0.3113,2983.285829013653
6145.2403086522445,0.4364,1518.0442199450974
6145.290322064095,0.3345,2583.8128623611065
6145.350338158317,0.3449,2430.339746982105
6145.400351570174,0.3495,2366.786325121566
6145.4503649820335,0.3836,1964.70086078572
6145.500378393898,0.432,1549.1247495008993
6145.550391805766,0.4004,1803.290064204663
6145.600405217639,0.3676,2139.451907329717
6145.650418629514,0.4486,1436.5985442525905
6145.700432041394,0.4376,1509.7300004918302
6145.750445453276,0.4422,1478.4834110561321
6145.800458865164,0.4107,1713.974578110514
6145.860474959434,0.3948,1854.8099145042163
6145.91048837133,0.3459,2416.3078321270245
6145.960501783229,0.3974,1830.619083924156
6146.010515195133,0.335,2576.105767010457
6146.0605286070395,0.3404,2495.021212025843
6146.110542018951,0.418,1654.631375327397
6146.160555430864,0.4171,1661.7796433236067
6146.210568842784,0.4044,1767.7931838750844
6146.260582254705,0.4414,1483.8475066365525
6146.310595666631,0.4297,1565.752695318583
6146.370611760948,0.4315,1552.7169132976246
6146.420625172882,0.4158,1672.1869806879301
6146.470638584819,0.3273,2698.741157177062
6146.520651996761,0.2955,3310.8384250774425
6146.570665408708,0.3912,1889.1045070992632
6146.620678820658,0.3952,1851.0571481946283
6146.670692232612,0.4264,1590.08180355032
6146.720705644567,0.3662,2155.841584654657
6146.770719056528,0.3241,2752.2960995360236
6146.8207324684945,0.34,2500.895286201496
6146.870745880461,0.3561,2279.8669884199758
6146.930761974829,0.3523,2329.3145788790966
6146.980775386806,0.3603,2227.0243303447905
6147.030788798787,0.3868,1932.3274365177497
6147.080802210771,0.422,1623.4126902711898
6147.130815622761,0.4259,1593.8174490807532
6147.180829034752,0.4257,1595.3153942088259
6147.230842446748,0.3393,2511.2249494128196
6147.280855858748,0.3791,2011.6204254990791
6147.330869270751,0.3888,1912.498706948371
6147.380882682759,0.3875,1925.3524481739246
6147.440898777172,0.3894,1906.609584040886
6147.490912189187,0.3731,2076.8401477231337
6147.540925601207,0.3718,2091.388856686206
6147.59093901323,0.3743,2063.5448949851398
6147.640952425258,0.3728,2080.1840375473876
6147.690965837289,0.3707,2103.8190415470826
6147.740979249323,0.3447,2433.1607945617
6147.790992661361,0.3493,2369.4974125825297
6147.841006073404,0.3922,1879.483439483877
6147.89101948545,0.3991,1815.0569859350119
6147.941032897498,0.3783,2020.1374420785146
6148.001048991964,0.3536,2312.2187980892577
6148.051062404023,0.4173,1660.187141582695
6148.101075816085,0.3591,2241.933196628479
6148.15108922815,0.433,1541.9777178498093
6148.20110264022,0.417,1662.5767535928867
6148.251116052293,0.3788,2014.8079836094234
6148.30112946437,0.3828,1972.9213360065417
6148.3511428764505,0.4296,1566.481713607033
6148.401156288535,0.4434,1470.4916414673792
6148.451169700625,0.3754,2051.469414339503
6148.511185795136,0.3989,1816.8774997971818
6148.561199207233,0.4448,1461.249537860857
6148.611212619333,0.3562,2278.5870667111258
6148.661226031438,0.3365,2553.190256279398
6148.711239443546,0.3762,2042.7536983638054
6148.761252855658,0.3897,1903.6752178832025
6148.811266267773,0.4116,1706.4872754393534
6148.861279679894,0.4011,1797.0013660383067
6148.911293092016,0.4015,1793.4225829730103
6148.961306504145,0.4294,1567.9412784612027
6149.011319916277,0.3858,1942.3576424654373
6149.0713360108375,0.3845,1955.514089727919
6149.121349422978,0.4035,1775.688025404577
6149.17136283512,0.3643,2178.387669053729
6149.221376247268,0.3654,2165.2918119196597
6149.271389659418,0.3746,2060.241029916151
6149.321403071572,0.3977,1827.8583235035335
6149.37141648373,0.3212,2802.2192962151435
6149.421429895893,0.3503,2355.9883713587005
6149.47144330806,0.3867,1933.3269567073844
6149.521456720229,0.356,2281.1479888629856
6149.581472814838,0.3675,2140.6163901411537
6149.631486227016,0.3726,2082.417786061043
6149.681499639198,0.3634,2189.191033121392
6149.7315130513825,0.3602,2228.261047325964
6149.781526463572,0.4196,1642.0367307992838
6149.831539875766,0.428,1578.215590565032
6149.8815532879635,0.3992,1814.1477549212082
6149.931566700163,0.4008,1799.6924879089784
6149.981580112369,0.4039,1772.1726911885942
6150.031593524577,0.4047,1765.173267499399
6150.091609619233,0.4009,1798.7947759891103
6150.141623031448,0.3979,1826.0212846940292
6150.191636443669,0.3933,1868.9849121707211
6150.241649855894,0.3926,1875.6555817101225
6150.291663268122,0.3957,1846.3821848548998
6150.341676680354,0.4107,1713.974578110514
6150.391690092589,0.3763,2041.6681406465148
6150.441703504829,0.4049,1763.4298909054348
6150.491716917072,0.4205,1635.0153370253413
6150.54173032932,0.4495,1430.8515300487486
6150.591743741571,0.4475,1443.66981609942
6150.651759836277,0.4748,1282.4269816362369
6150.7017732485365,0.4487,1435.9582789266462
6150.751786660799,0.3842,1958.5691742739598
6150.801800073066,0.3826,1974.9845161825187
6150.851813485336,0.3882,1918.4151574801695
6150.9018268976115,0.3951,1851.9942713096439
6150.951840309888,0.3924,1877.5680473524706
6151.00185372217,0.3717,2092.514315150649
6151.051867134457,0.4412,1485.1930918248959
6151.1018805467465,0.3642,2179.584089015776
6151.161896641499,0.3441,2441.65347123844
6151.211910053796,0.3471,2399.629359908445
6151.261923466099,0.366,2158.1983329813565
6151.311936878403,0.367,2146.453089691617
6151.361950290713,0.3692,2120.948676368314
6151.411963703025,0.4135,1690.8409929626996
6151.461977115343,0.4398,1494.6636467139772
6151.511990527663,0.3837,1963.6769151400156
6151.562003939987,0.3661,2157.0194760110217
6151.612017352317,0.3943,1859.5169427032913
6151.662030764648,0.396,1843.5857028266778
6151.722046859451,0.3921,1880.4422348492358
6151.772060271792,0.3634,2189.191033121392
6151.822073684135,0.3872,1928.3370969554433
6151.872087096484,0.3619,2207.3760717699083
6151.922100508836,0.3975,1829.698135892351
6151.9721139211915,0.41,1719.8321560505697
6152.02212733355,0.4148,1680.2592979211945
6152.072140745914,0.4522,1413.8158948099988
6152.12215415828,0.4258,1594.5661577988085
6152.172167570652,0.436,1520.8308934965942
6152.232183665501,0.4234,1612.694622857416
6152.2821970778805,0.448,1440.4491442737306
6152.332210490263,0.3611,2217.1675538593154
6152.3822239026495,0.315,2913.614110520386
6152.432237315039,0.3604,2225.788642671581
6152.482250727433,0.3554,2288.856712961658
6152.532264139832,0.36,2230.7375737878447
6152.582277552234,0.405,1762.5591709891628
6152.632290964639,0.3673,2142.9482097510904
6152.682304377048,0.348,2387.233569322542
6152.742320471944,0.3726,2082.417786061043
6152.792333884361,0.3675,2140.6163901411537
6152.842347296784,0.3614,2213.488127434972
6152.892360709208,0.373,2077.953881221853
6152.942374121639,0.4105,1715.6451144653452
6152.99238753407,0.2974,3268.6697792902214
6153.042400946508,0.4312,1554.8782121584125
6153.092414358947,0.3809,1992.6529709840925
6153.142427771391,0.3818,1983.2696852237361
6153.192441183838,0.4407,1488.5650733027067
6153.242454596291,0.3961,1842.6549538580014
6153.302470691238,0.4048,1764.3012561961943
6153.352484103698,0.3845,1955.514089727919
6153.402497516161,0.3682,2132.4849232931597
6153.45251092863,0.383,1970.8613871142018
6153.5025243411,0.4212,1629.5853418615545
6153.552537753577,0.431,1556.3215860456448
6153.602551166054,0.4079,1737.5861917833486
6153.652564578537,0.416,1670.5794989620401
6153.702577991025,0.3747,2059.141504634975
6153.752591403515,0.384,1960.6098764773408
6153.80260481601,0.384,1960.6098764773408
6153.862620911008,0.3563,2277.308222525568
6153.912634323508,0.3669,2147.6232939706456
6153.962647736015,0.3304,2648.3366488844194
6154.012661148525,0.3797,2005.2679606274278
6154.062674561039,0.3311,2637.150479087301
6154.112687973556,0.3753,2052.5627995019286
6154.162701386077,0.3806,1995.795534932892
6154.212714798603,0.347,2401.012626888559
6154.2627282111325,0.3759,2046.0155713165127
6154.312741623665,0.3905,1895.8832778453223
6154.37275771871,0.4225,1619.5725760624193
6154.42277113125,0.4356,1523.6252473412512
6154.472784543796,0.402,1788.9641182597488
6154.522797956344,0.3762,2042.7536983638054
6154.572811368895,0.3764,2040.5834480280228
6154.6228247814515,0.3699,2112.9289127795655
6154.672838194013,0.3673,2142.9482097510904
6154.722851606576,0.3576,2260.7807548672413
6154.772865019143,0.312,2969.9143497972586
6154.822878431714,0.3662,2155.841584654657
6154.882894526806,0.4428,1474.479404568006
6154.932907939384,0.4408,1487.8897589429112
6154.982921351967,0.439,1500.1161191190156
6155.032934764555,0.3717,2092.514315150649
6155.082948177146,0.3424,2465.9589794705516
6155.132961589741,0.3599,2231.977385560347
6155.182975002338,0.4203,1636.5717495464633
6155.232988414941,0.3748,2058.042859323643
6155.283001827548,0.3913,1888.1390799117744
6155.333015240159,0.4072,1743.5653312504053
6155.383028652771,0.3791,2011.6204254990791
6155.443044747912,0.3722,2086.8960905490126
6155.493058160534,0.3702,2109.5057894734764
6155.54307157316,0.3983,1822.3555055380702
6155.593084985791,0.4291,1570.1344535607302
6155.643098398423,0.431,1556.3215860456448
6155.693111811061,0.4101,1718.9935224105268
6155.743125223701,0.3886,1914.4678123872777
6155.793138636346,0.3794,2008.4404257977524
6155.843152048993,0.3736,2071.284888494839
6155.893165461645,0.3875,1925.3524481739246
6155.953181556834,0.4292,1569.402884184187
6156.003194969495,0.4319,1549.8421843239007
6156.053208382159,0.4363,1518.7401698455026
6156.103221794827,0.3883,1917.4271774694726
6156.153235207498,0.3786,2016.9372333002268
6156.203248620175,0.4178,1656.2158879625474
6156.253262032853,0.3689,2124.3997015734567
6156.303275445538,0.3667,2149.966575232028
6156.353288858223,0.3255,2728.671421996306
6156.403302270915,0.4107,1713.974578110514
6156.45331568361,0.3537,2310.9115402995226
6156.513331778848,0.4221,1622.6435755859268
6156.563345191551,0.3819,1982.2311909397943
6156.613358604257,0.3913,1888.1390799117744
6156.6633720169675,0.3868,1932.3274365177497
6156.713385429682,0.4137,1689.206544622392
6156.7633988424,0.3817,1984.3089958248834
6156.813412255121,0.3861,1939.3403961422396
6156.863425667847,0.3715,2094.7679592318805
6156.913439080577,0.3795,2007.382101413976
6156.96345249331,0.4134,1691.659106850523
6157.023468588594,0.3876,1924.3591049780423
6157.073482001336,0.3658,2160.5589479883633
6157.123495414081,0.3778,2025.4880743308552
6157.173508826831,0.3626,2198.861634225426
6157.223522239584,0.3581,2254.471913387785
6157.273535652339,0.382,1981.1935121183908
6157.3235490650995,0.3845,1955.514089727919
6157.373562477865,0.3966,1838.0117647979248
6157.423575890632,0.419,1646.7428171636127
6157.473589303404,0.418,1654.631375327397
6157.533605398735,0.4216,1626.4946237738457
6157.583618811514,0.4184,1651.4691640622464
6157.633632224298,0.3772,2031.9369406159624
6157.683645637086,0.4001,1805.995330315879
6157.733659049877,0.4009,1798.7947759891103
6157.78367246267,0.3841,1959.5891269058163
6157.833685875471,0.4068,1746.9958489516641
6157.883699288274,0.4107,1713.974578110514
6157.9337127010795,0.4585,1375.2299512013976
6157.983726113889,0.4704,1306.53011382406
6158.033739526703,0.4194,1643.6031822386528
6158.093755622086,0.3626,2198.861634225426
6158.143769034907,0.3791,2011.6204254990791
6158.193782447733,0.3837,1963.6769151400156
6158.243795860563,0.3941,1861.4047722498944
6158.2938092733975,0.4035,1775.688025404577
6158.343822686235,0.4123,1700.697684564763
6158.393836099074,0.3832,1968.804662761384
6158.44384951192,0.3652,2167.6640778401247
6158.493862924769,0.3867,1933.3269567073844
6158.5438763376205,0.3963,1840.7955692080818
6158.60389243305,0.3964,1839.866932105428
6158.653905845909,0.3773,2030.8599926789316
6158.7039192587745,0.3858,1942.3576424654373
6158.753932671642,0.4135,1690.8409929626996
6158.803946084516,0.3723,2085.7751610749897
6158.853959497391,0.3429,2458.7727621239756
6158.903972910271,0.3719,2090.2643059691045
6158.953986323153,0.4294,1567.9412784612027
6159.003999736043,0.4087,1730.7904732594866
6159.0540131489315,0.3962,1841.7249095555205
6159.104026561826,0.4197,1641.2543447144405
6159.164042657306,0.3831,1969.8326222911726
6159.214056070209,0.3895,1905.630708590625
6159.264069483116,0.4031,1779.2138296856015
6159.314082896026,0.4168,1664.1726956788334
6159.364096308941,0.4043,1768.667785623423
6159.414109721858,0.3717,2092.514315150649
6159.4641231347805,0.351,2346.600663794742
6159.514136547706,0.4528,1410.0715236233611
6159.5641499606345,0.4339,1535.5875934877472
6159.614163373569,0.4013,1795.2106368129657
6159.674179469093,0.4096,1723.1928351813242
6159.724192882035,0.4005,1802.3896594941023
6159.774206294979,0.3967,1837.0852331770348
6159.824219707929,0.4345,1531.3495530192665
6159.874233120881,0.4149,1679.449438793963
6159.924246533838,0.3968,1836.1594019688443
6159.974259946799,0.3978,1826.939457749959
6160.024273359763,0.397,1834.3098379682813
6160.07428677273,0.3781,2022.275147852596
6160.124300185704,0.3546,2299.1959443043597
6160.184316281273,0.3284,2680.692226204096
6160.234329694253,0.3352,2573.032581379949
6160.284343107237,0.3829,1971.8909580718366
6160.334356520226,0.4006,1801.48992898979
6160.384369933217,0.3611,2217.1675538593154
6160.43438334621,0.3201,2821.511566467701
6160.48439675921,0.3152,2909.9178154661267
6160.534410172212,0.3402,2497.955659141786
6160.584423585221,0.3859,1941.3511117867454
6160.63443699823,0.3658,2160.5589479883633
6160.684450411242,0.3845,1955.514089727919
6160.744466506865,0.3831,1969.8326222911726
6160.7944799198885,0.3691,2122.098083164365
6160.844493332914,0.4174,1659.3917490131432
6160.894506745943,0.4203,1636.5717495464633
6160.944520158976,0.4248,1602.0823500713632
6160.994533572014,0.3841,1959.5891269058163
6161.044546985056,0.3739,2067.962425159403
6161.0945603981,0.3588,2245.6838056686843
6161.144573811148,0.3969,1835.2342704675614
6161.1945872242,0.4085,1732.4856604598517
6161.2446006372575,0.4463,1451.4436404714847
6161.304616732929,0.357,2268.386382521974
6161.354630145994,0.3668,2148.7944554693545
6161.404643559063,0.4072,1743.5653312504053
6161.454656972134,0.3859,1941.3511117867454
6161.5046703852095,0.4285,1574.5346310958837
6161.554683798289,0.4356,1523.6252473412512
6161.604697211374,0.393,1871.8394060728365
6161.654710624461,0.3832,1968.804662761384
6161.704724037551,0.4022,1787.185386407062
6161.754737450645,0.4083,1734.1833393548445
6161.814753546363,0.3644,2177.1922339318385
6161.8647669594675,0.3464,2409.3374020011433
6161.914780372574,0.4254,1597.5662745536467
6161.964793785684,0.3986,1819.613410475035
6162.014807198798,0.3948,1854.8099145042163
6162.064820611916,0.4065,1749.5753857724062
6162.114834025037,0.3775,2028.7086637892633
6162.1648474381645,0.3698,2114.0718056313235
6162.2148608512925,0.4012,1796.1056666690201
6162.264874264427,0.4208,1632.6848779515715
6162.32489036019,0.3858,1942.3576424654373
6162.374903773331,0.3742,2064.6479495583703
6162.424917186478,0.4029,1780.980671098687
6162.4749305996265,0.3831,1969.8326222911726
6162.524944012778,0.3768,2036.253310180896
6162.574957425934,0.3908,1892.9736298354117
6162.624970839095,0.391,1891.0375841530777
6162.674984252259,0.3731,2076.8401477231337
6162.7249976654275,0.3695,2117.506053472381
6162.775011078597,0.39,1900.747620717578
6162.825024491773,0.3841,1959.5891269058163
6162.885040587588,0.3744,2062.4427241493386
6162.935054000773,0.3961,1842.6549538580014
6162.985067413959,0.3887,1913.4828797282187
6163.0350808271505,0.3639,2183.1792687711886
6163.085094240346,0.3564,2276.030454654133
6163.135107653545,0.3416,2477.522629510481
6163.185121066746,0.3445,2435.9867568435116
6163.235134479952,0.3659,2159.3781566214075
6163.2851478931625,0.4309,1557.044026780419
6163.335161306375,0.411,1711.4733447196486
6163.395177402236,0.4302,1562.1152263231425
6163.44519081546,0.4712,1302.097454275638
6163.495204228685,0.4635,1345.7195007400687
6163.545217641915,0.4365,1517.3487483048875
6163.595231055147,0.4072,1743.5653312504053
6163.645244468385,0.3892,1908.5695990068446
6163.695257881625,0.3779,2024.4162485974282
6163.745271294871,0.3463,2410.729072986512
6163.795284708118,0.3602,2228.261047325964
6163.845298121371,0.3912,1889.1045070992632
6163.895311534626,0.4049,1763.4298909054348
6163.95532763054,0.3454,2423.308555191042
6164.005341043803,0.3629,2195.227663364212
6164.055354457069,0.3857,1943.364956129773
6164.10536787034,0.3955,1848.2500426163272
6164.155381283616,0.3751,2054.7521938274062
6164.205394696895,0.3682,2132.4849232931597
6164.25540811018,0.3953,1850.120736186777
6164.305421523466,0.3458,2417.7055476978308
6164.355434936755,0.3928,1873.746036598102
6164.405448350051,0.4044,1767.7931838750844
6164.465464446008,0.4269,1586.3592762514531
6164.515477859312,0.3965,1838.9389975381976
6164.565491272618,0.4168,1664.1726956788334
6164.615504685928,0.3914,1887.1743926078207
6164.665518099241,0.365,2170.040244433403
6164.715531512559,0.4383,1504.9115442409377
6164.76554492588,0.3977,1827.8583235035335
6164.815558339205,0.3869,1931.3286912480658
6164.8655717525335,0.3415,2478.973802637167
6164.915585165868,0.3522,2330.6374855480735
6164.975601261872,0.4021,1788.0744205638096
6165.025614675212,0.3815,1986.3900694030717
6165.075628088557,0.3439,2444.4942462970207
6165.125641501905,0.3684,2130.1701564228733
6165.175654915257,0.3939,1863.2954781163417
6165.225668328613,0.3742,2064.6479495583703
6165.275681741972,0.3846,1954.4973165716415
6165.325695155337,0.4113,1708.977582477601
6165.375708568702,0.3846,1954.4973165716415
6165.425721982075,0.4,1806.898438597692
6165.475735395448,0.337,2545.6196668632056
6165.535751491504,0.4273,1583.3906582997379
6165.585764904887,0.362,2206.1566987922565
6165.635778318274,0.4194,1643.6031822386528
6165.685791731663,0.4409,1487.2149040316817
6165.735805145057,0.3285,2679.060399081914
6165.7858185584555,0.3895,1905.630708590625
6165.835831971857,0.3533,2316.147233882381
6165.885845385264,0.3538,2309.6053908218355
6165.935858798673,0.3758,2047.1045986431716
6165.985872212087,0.4033,1777.4496161905456
6166.0358856255025,0.4173,1660.187141582695
6166.095901721608,0.3977,1827.8583235035335
6166.145915135034,0.3939,1863.2954781163417
6166.195928548462,0.4251,1599.821922017439
6166.245941961895,0.3701,2110.645905701224
6166.295955375332,0.4212,1629.5853418615545
6166.345968788773,0.3455,2421.9059787236383
6166.395982202214,0.3786,2016.9372333002268
6166.445995615663,0.4123,1700.697684564763
6166.496009029114,0.3805,1996.8447084140867
6166.54602244257,0.4384,1504.225076870734
6166.60603853872,0.4497,1429.579099387816
6166.656051952184,0.4074,1741.8538603816703
6166.706065365652,0.389,1910.5326379014525
6166.7560787791235,0.312,2969.9143497972586
6166.806092192598,0.3488,2376.2955459843265
6166.856105606075,0.3933,1868.9849121707211
6166.906119019558,0.399,1815.966900665108
6166.956132433044,0.2995,3222.9928581051176
6167.006145846534,0.3818,1983.2696852237361
6167.056159260029,0.3529,2321.4007409378696
6167.1161753562255,0.4066,1748.7149057247404
6167.166188769727,0.3607,2222.087744088369
6167.216202183233,0.3267,2708.6629609026913
6167.266215596741,0.4161,1669.7766271799992
6167.316229010255,0.3984,1821.4407855464856
6167.366242423771,0.3538,2309.6053908218355
6167.416255837292,0.3534,2314.8366436237484
6167.466269250818,0.3873,1927.3414433674484
6167.516282664345,0.3667,2149.966575232028
6167.566296077876,0.4224,1620.3395080944822
6167.626312174119,0.4081,1735.8835148301287
6167.676325587661,0.3737,2070.1765116067954
6167.726339001205,0.3788,2014.8079836094234
6167.77635241475,0.3605,2224.5539831644073
6167.826365828303,0.378,2023.3452734045695
6167.876379241858,0.3485,2380.3884782952873
6167.926392655418,0.3171,2875.1511005304146
6167.9764060689795,0.3716,2093.6406823396846
6168.026419482546,0.3709,2101.550779317474
6168.076432896117,0.3768,2036.253310180896
6168.126446309691,0.42,1638.9105386037259
6168.186462405984,0.3622,2203.720982047752
6168.236475819567,0.3808,1993.6996670855497
6168.286489233152,0.3364,2554.7084264051755
6168.336502646742,0.3454,2423.308555191042
6168.386516060336,0.4134,1691.659106850523
6168.436529473933,0.3769,2035.172929296195
6168.486542887533,0.414,1686.7593121064167
6168.536556301138,0.353,2320.0856897444933
6168.586569714747,0.3556,2286.2828022535564
6168.636583128359,0.3646,2174.8043138875814
6168.686596541975,0.3666,2151.139654304375
6168.74661263832,0.3453,2424.712350403441
6168.796626051944,0.3454,2423.308555191042
6168.8466394655725,0.4135,1690.8409929626996
6168.896652879203,0.4105,1715.6451144653452
6168.94666629284,0.3874,1926.346560705505
6168.996679706478,0.3927,1874.7004444596494
6169.046693120122,0.3705,2106.0909780572824
6169.096706533769,0.3986,1819.613410475035
6169.146719947419,0.3629,2195.227663364212
6169.196733361073,0.3602,2228.261047325964
6169.256749457463,0.3851,1949.4253263786022
6169.306762871127,0.4001,1805.995330315879
6169.3567762847915,0.384,1960.6098764773408
6169.4067896984625,0.3749,2056.9450930434
6169.456803112136,0.3763,2041.6681406465148
6169.5068165258135,0.3896,1904.6525867958887
6169.556829939495,0.3902,1898.7996395482967
6169.606843353179,0.3678,2137.125790522013
6169.656856766869,0.3725,2083.536009799758
6169.706870180561,0.4118,1704.830093568167
6169.766886276998,0.3833,1967.7775076845696
6169.816899690698,0.3996,1810.5176543452153
6169.8669131044035,0.3957,1846.3821848548998
6169.916926518113,0.3804,1997.8947094257392
6169.966939931823,0.3614,2213.488127434972
6170.01695334554,0.3662,2155.841584654657
6170.066966759259,0.3797,2005.2679606274278
6170.116980172982,0.3978,1826.939457749959
6170.16699358671,0.3953,1850.120736186777
6170.21700700044,0.3863,1937.3328027186367
6170.267020414175,0.3542,2304.391851008013
6170.327036510661,0.318,2858.8997412394115
6170.377049924404,0.3439,2444.4942462970207
6170.42706333815,0.387,1930.330720097489
6170.477076751902,0.3593,2239.438008220025
6170.527090165655,0.3499,2361.378090236533
6170.577103579413,0.3761,2043.8401221000856
6170.627116993174,0.4174,1659.3917490131432
6170.677130406942,0.3901,1899.773255618172
6170.727143820711,0.398,1825.1038036396537
6170.777157234482,0.3746,2060.241029916151
6170.837173331016,0.3606,2223.320350682925
6170.887186744796,0.3736,2071.284888494839
6170.937200158581,0.383,1970.8613871142018
6170.98721357237,0.3704,2107.228326648041
6171.037226986162,0.3633,2190.3963655178095
6171.087240399957,0.3483,2383.1229773714845
6171.137253813758,0.3966,1838.0117647979248
6171.187267227561,0.3821,1980.1566479059754
6171.23728064137,0.346,2414.9113282696926
6171.287294055181,0.4204,1635.793265620205
6171.337307468995,0.3525,2326.6721423670965
6171.397323565578,0.3513,2342.5945288240523
6171.4473369794,0.4297,1565.752695318583
6171.497350393227,0.3711,2099.2861834497726
6171.547363807059,0.4092,1726.5633744681006
6171.597377220893,0.3769,2035.172929296195
6171.64739063473,0.4144,1683.5045994178975
6171.697404048573,0.3721,2088.0179238744804
6171.747417462418,0.425,1600.5748661921205
6171.797430876268,0.4259,1593.8174490807532
6171.847444290121,0.4087,1730.7904732594866
6171.907460386749,0.3685,2129.0141860864987
6171.957473800612,0.3806,1995.795534932892
6172.007487214477,0.381,1991.6070989424677
6172.057500628345,0.351,2346.600663794742
6172.107514042218,0.3586,2248.1894428981886
6172.157527456094,0.3527,2324.034199781522
6172.207540869974,0.3741,2065.751888814074
6172.257554283858,0.3669,2147.6232939706456
6172.307567697747,0.3531,2318.771755680467
6172.357581111638,0.3664,2153.4886945680596
6172.417597208312,0.336,2560.794668009591
6172.467610622211,0.3664,2153.4886945680596
6172.517624036115,0.4062,1752.1606400589749
6172.567637450021,0.3881,1919.4039012925232
6172.617650863933,0.3771,2033.014745424805
6172.6676642778475,0.4078,1738.4384698479823
6172.717677691766,0.3855,1945.3819356657482
6172.767691105688,0.3992,1814.1477549212082
6172.8177045196135,0.3999,1807.802224463103
6172.867717933544,0.3812,1989.5178235806018
6172.9177313474775,0.4382,1505.5984816322243
6172.977747444203,0.3975,1829.698135892351
6173.027760858144,0.4097,1722.351742513086
6173.077774272088,0.378,2023.3452734045695
6173.127787686038,0.3729,2079.068510842728
6173.177801099991,0.4152,1677.0233713672353
6173.227814513947,0.3932,1869.9356842058676
6173.277827927906,0.3878,1922.374723419841
6173.32784134187,0.3896,1904.6525867958887
6173.377854755839,0.409,1728.252353728367
6173.42786816981,0.4218,1624.9525610317762
6173.477881583786,0.3962,1841.7249095555205
6173.5378976805605,0.4242,1606.6176020725386
6173.587911094545,0.3689,2124.3997015734567
6173.637924508532,0.31,3008.359318526563
6173.687937922522,0.3677,2138.28837446766
6173.737951336517,0.3433,2453.0463812921985
6173.787964750516,0.3739,2067.962425159403
6173.837978164519,0.3885,1915.453505708019
6173.887991578524,0.3836,1964.70086078572
6173.938004992534,0.3884,1916.4399604739212
6173.988018406548,0.4177,1657.008997934381
6174.048034503368,0.4281,1577.4783667495853
6174.098047917391,0.3808,1993.6996670855497
6174.148061331416,0.3607,2222.087744088369
6174.198074745445,0.3686,2127.8591564530993
6174.248088159478,0.3548,2296.6045785300626
6174.298101573515,0.3702,2109.5057894734764
6174.348114987556,0.3635,2187.986695357667
6174.398128401599,0.3814,1987.431834095056
6174.4481418156465,0.3787,2015.872186766678
6174.498155229699,0.4044,1767.7931838750844
6174.558171326566,0.3764,2040.5834480280228
6174.608184740625,0.3115,2979.4562064879715
6174.658198154689,0.4024,1785.4093060733119
6174.708211568757,0.3807,1994.747188112788
6174.758224982828,0.3444,2437.4015845660965
6174.808238396902,0.4206,1634.2379632338043
6174.8582518109815,0.4077,1739.2913751241624
6174.9082652250645,0.4069,1746.1372709790962
6174.95827863915,0.3806,1995.795534932892
6175.0082920532395,0.3771,2033.014745424805
6175.058305467334,0.4387,1502.1684906020266
6175.11832156425,0.4594,1369.8468781255021
6175.1683349783525,0.4267,1587.846716917672
6175.218348392458,0.4345,1531.3495530192665
6175.2683618065685,0.3725,2083.536009799758
6175.31837522068,0.3842,1958.5691742739598
6175.368388634796,0.3842,1958.5691742739598
6175.418402048917,0.3926,1875.6555817101225
6175.468415463042,0.4173,1660.187141582695
6175.518428877171,0.3706,2104.954550021356
6175.568442291302,0.409,1728.252353728367
6175.628458388264,0.408,1736.7345403154252
6175.6784718024055,0.3548,2296.6045785300626
6175.7284852165485,0.3992,1814.1477549212082
6175.778498630695,0.3903,1897.8267717404078
6175.828512044848,0.3517,2337.268954253303
6175.878525459003,0.3904,1896.8546514279428
6175.928538873161,0.3975,1829.698135892351
6175.9785522873235,0.3766,2038.4166544127675
6176.028565701489,0.326,2720.3077087286133
6176.0785791156595,0.3208,2809.2117091073246
6176.1285925298325,0.4031,1779.2138296856015
6176.188608626846,0.3916,1885.2472346280906
6176.238622041028,0.4519,1415.6936758075458
6176.288635455214,0.591,827.7124073147276
6176.338648869402,0.4882,1212.9937618659287
6176.388662283597,0.4303,1561.389253707658
6176.438675697793,0.4105,1715.6451144653452
6176.488689111993,0.4032,1778.3313947741817
6176.538702526197,0.3802,1999.9971975236017
6176.5887159404065,0.3834,1966.7511562215564
6176.638729354619,0.4087,1730.7904732594866
6176.698745451677,0.4041,1770.418937405041
6176.748758865898,0.368,2134.8034652550755
6176.798772280121,0.3509,2347.9383260024315
6176.848785694349,0.4064,1750.4365010935394
6176.89879910858,0.3666,2151.139654304375
6176.948812522815,0.3576,2260.7807548672413
6176.998825937055,0.3768,2036.253310180896
6177.048839351295,0.3879,1921.3836834733113
6177.098852765544,0.4081,1735.8835148301287
6177.148866179791,0.3863,1937.3328027186367
6177.208882276897,0.4331,1541.265736255724
6177.258895691155,0.4311,1555.599647993728
6177.308909105416,0.3842,1958.5691742739598
6177.358922519681,0.3482,2384.491994222352
6177.408935933951,0.3594,2238.1919758179024
6177.458949348225,0.3785,2018.0031241014685
6177.508962762502,0.3627,2197.6493086398646
6177.5589761767815,0.3817,1984.3089958248834
6177.608989591065,0.381,1991.6070989424677
6177.659003005354,0.3615,2212.263687129128
6177.709016419646,0.3933,1868.9849121707211
6177.769032516802,0.3879,1921.3836834733113
6177.819045931102,0.347,2401.012626888559
6177.869059345405,0.3711,2099.2861834497726
6177.919072759713,0.3003,3205.8436653065805
6177.969086174025,0.3992,1814.1477549212082
6178.019099588339,0.3815,1986.3900694030717
6178.069113002658,0.4111,1710.6408168554801
6178.11912641698,0.413,1694.9375072616515
6178.169139831307,0.4244,1605.1037139894731
6178.219153245636,0.4292,1569.402884184187
6178.279169342837,0.4063,1751.2982523136398
6178.329182757175,0.3687,2126.7050665022534
6178.379196171516,0.3576,2260.7807548672413
6178.429209585863,0.3483,2383.1229773714845
6178.479223000212,0.388,1920.3934096940575
6178.529236414564,0.3914,1887.1743926078207
6178.579249828922,0.3806,1995.795534932892
6178.6292632432815,0.3971,1833.386103766989
6178.679276657648,0.3729,2079.068510842728
6178.729290072015,0.3747,2059.141504634975
6178.779303486386,0.3972,1832.463067160554
6178.839319583638,0.3691,2122.098083164365
6178.889332998018,0.3868,1932.3274365177497
6178.9393464124005,0.4194,1643.6031822386528
6178.989359826788,0.3984,1821.4407855464856
6179.039373241179,0.418,1654.631375327397
6179.089386655574,0.3586,2248.1894428981886
6179.139400069974,0.3621,2204.938335923328
6179.189413484376,0.3446,2434.573160651676
6179.239426898781,0.3213,2800.4752722486055
6179.289440313191,0.3872,1928.3370969554433
6179.349456410488,0.4148,1680.2592979211945
6179.399469824904,0.3793,2009.4995873508649
6179.449483239328,0.3651,2168.851673018435
6179.499496653753,0.3516,2338.5986440604647
6179.549510068182,0.3738,2069.0690241454445
6179.599523482617,0.354,2306.99641179436
6179.649536897052,0.35,2360.0289279475837
6179.699550311492,0.3366,2551.673439041402
6179.749563725936,0.3904,1896.8546514279428
6179.799577140385,0.3227,2776.22892215757
6179.8595932377275,0.4123,1700.697684564763
6179.909606652184,0.4004,1803.290064204663
6179.959620066644,0.3943,1859.5169427032913
6180.009633481108,0.3911,1890.0706749271033
6180.059646895574,0.3814,1987.431834095056
6180.109660310045,0.3935,1867.0855422082777
6180.15967372452,0.3652,2167.6640778401247
6180.209687138999,0.3549,2295.310538207344
6180.259700553481,0.3812,1989.5178235806018
6180.309713967968,0.4253,1598.3176266974267
6180.359727382457,0.3754,2051.469414339503
6180.41974347985,0.3562,2278.5870667111258
6180.469756894348,0.4468,1448.1969344221584
6180.51977030885,0.3891,1909.5507400744634
6180.569783723354,0.4342,1533.4663771301593
6180.619797137863,0.4078,1738.4384698479823
6180.669810552376,0.4135,1690.8409929626996
6180.719823966892,0.3813,1988.4744185341378
6180.769837381413,0.3778,2025.4880743308552
6180.819850795937,0.3529,2321.4007409378696
6180.8698642104655,0.387,1930.330720097489
6180.929880307903,0.3949,1853.8706537428716
6180.9798937224405,0.4005,1802.3896594941023
6181.029907136979,0.374,2066.8567136985607
6181.079920551522,0.3688,2125.5519152149254
6181.129933966069,0.3944,1858.5741047270574
6181.17994738062,0.3994,1812.3313413040241
6181.229960795175,0.3601,2229.4987947586155
6181.279974209732,0.4672,1324.489041445465
6181.3299876242945,0.4009,1798.7947759891103
6181.380001038863,0.3853,1947.4020569059585
6181.430014453431,0.3823,1978.0853598994886
6181.490030550919,0.3535,2313.527165445317
6181.540043965497,0.3594,2238.1919758179024
6181.59005738008,0.3381,2529.082439903642
6181.640070794665,0.3852,1948.413297704552
6181.690084209253,0.4103,1717.3180943094253
6181.740097623845,0.3648,2172.4203202559206
6181.790111038442,0.3567,2272.2035968583014
6181.840124453041,0.3546,2299.1959443043597
6181.890137867647,0.3801,2001.0496863542671
6181.940151282253,0.403,1780.0969215763266
6182.000167379789,0.3662,2155.841584654657
6182.050180794404,0.3699,2112.9289127795655
6182.100194209022,0.3519,2334.612974565164
6182.150207623646,0.4017,1791.6371991916546
6182.2002210382725,0.3678,2137.125790522013
6182.250234452903,0.3789,2013.7446229382422
6182.300247867539,0.3876,1924.3591049780423
6182.350261282178,0.3937,1865.1890661487946
6182.400274696818,0.3852,1948.413297704552
6182.450288111464,0.4023,1786.2970151298434
6182.500301526114,0.4184,1651.4691640622464
6182.560317623697,0.4115,1707.3167726335496
6182.610331038355,0.399,1815.966900665108
6182.660344453016,0.421,1631.134005561494
6182.7103578676815,0.4251,1599.821922017439
6182.76037128235,0.3609,2219.625604012873
6182.810384697023,0.3711,2099.2861834497726
6182.860398111698,0.4001,1805.995330315879
6182.91041152638,0.4238,1609.6518106683934
6182.960424941063,0.3598,2233.2182312244076
6183.01043835575,0.3851,1949.4253263786022
6183.070454453379,0.393,1871.8394060728365
6183.120467868075,0.3769,2035.172929296195
6183.170481282775,0.3769,2035.172929296195
6183.220494697477,0.3683,2131.3270684840286
6183.270508112184,0.3776,2027.634281024108
6183.3205215268945,0.4517,1416.9476089090426
6183.370534941609,0.4402,1491.948551447289
6183.420548356326,0.4193,1644.3872486613288
6183.470561771049,0.3996,1810.5176543452153
6183.520575185774,0.4292,1569.402884184187
6183.570588600502,0.4268,1587.1027352026822
6183.630604698183,0.416,1670.5794989620401
6183.6806181129205,0.3894,1906.609584040886
6183.730631527662,0.3793,2009.4995873508649
6183.780644942404,0.4289,1571.5991277272612
6183.830658357155,0.4369,1514.5716355911854
6183.880671771906,0.3714,2095.896146807121
6183.930685186661,0.3733,2074.6153652520748
6183.980698601423,0.371,2100.418023582469
6184.030712016186,0.3653,2166.4774578296524
6184.080725430953,0.362,2206.1566987922565
6184.140741528678,0.3641,2180.781494900069
6184.190754943454,0.3942,1860.4604983014183
6184.240768358231,0.3728,2080.1840375473876
6184.290781773016,0.3798,2004.2121424640561
6184.3407951878,0.3687,2126.7050665022534
6184.390808602592,0.3742,2064.6479495583703
6184.440822017385,0.3819,1982.2311909397943
6184.490835432182,0.3846,1954.4973165716415
6184.540848846984,0.3857,1943.364956129773
6184.59086226179,0.3704,2107.228326648041
6184.65087835956,0.3558,2283.713230803457
6184.700891774372,0.4143,1684.3173938709692
6184.750905189191,0.3459,2416.3078321270245
6184.800918604013,0.3516,2338.5986440604647
6184.850932018837,0.4167,1664.971528597376
6184.900945433664,0.3797,2005.2679606274278
6184.950958848494,0.3472,2398.247287971925
6185.000972263331,0.3716,2093.6406823396846
6185.050985678171,0.3979,1826.0212846940292
6185.100999093014,0.4145,1682.6923931634576
6185.151012507859,0.4135,1690.8409929626996
6185.21102860568,0.3665,2152.3136937335303
6185.2610420205365,0.4016,1792.5295576574138
6185.311055435396,0.4008,1799.6924879089784
6185.361068850257,0.4356,1523.6252473412512
6185.411082265124,0.417,1662.5767535928867
6185.461095679994,0.3569,2269.657717806449
6185.5111090948685,0.3899,1901.7227356150438
6185.561122509745,0.3749,2056.9450930434
6185.611135924624,0.3205,2814.4732087007897
6185.6611493395085,0.3821,1980.1566479059754
6185.721165437377,0.3998,1808.7066885901158
6185.771178852269,0.4638,1343.9791626095569
6185.821192267166,0.3804,1997.8947094257392
6185.871205682068,0.377,2034.0934080147247
6185.921219096971,0.3894,1906.609584040886
6185.971232511879,0.3736,2071.284888494839
6186.021245926791,0.3909,1892.0052355359392
6186.071259341705,0.416,1670.5794989620401
6186.121272756624,0.4045,1766.919230698914
6186.171286171546,0.3749,2056.9450930434
6186.221299586475,0.3412,2483.3349802737002
6186.28131568439,0.4184,1651.4691640622464
6186.331329099325,0.3858,1942.3576424654373
6186.3813425142625,0.3646,2174.8043138875814
6186.431355929205,0.3976,1828.7778826517167
6186.481369344151,0.4334,1539.1327476777224
6186.5313827591,0.4025,1784.5222585794427
6186.581396174052,0.3832,1968.804662761384
6186.63140958901,0.3829,1971.8909580718366
6186.681423003972,0.409,1728.252353728367
6186.731436418935,0.3613,2214.7135845742146
6186.791452516897,0.4148,1680.2592979211945
6186.84146593187,0.3683,2131.3270684840286
6186.891479346846,0.357,2268.386382521974
6186.941492761825,0.3751,2054.7521938274062
6186.991506176811,0.364,2181.979887790184
6187.041519591797,0.3323,2618.1383988721086
6187.091533006788,0.3331,2605.5776707256055
6187.1415464217835,0.4221,1622.6435755859268
6187.191559836782,0.3773,2030.8599926789316
6187.241573251784,0.3587,2246.936100385294
6187.29158666679,0.3857,1943.364956129773
6187.351602764803,0.3833,1967.7775076845696
6187.401616179816,0.3797,2005.2679606274278
6187.451629594834,0.3782,2021.2058710430138
6187.501643009856,0.3893,1907.5892139211383
6187.551656424881,0.4111,1710.6408168554801
6187.60166983991,0.3727,2081.3004622987555
6187.651683254942,0.3515,2339.929468896212
6187.701696669979,0.3707,2103.8190415470826
6187.75171008502,0.3924,1877.5680473524706
6187.801723500063,0.3869,1931.3286912480658
6187.861739598121,0.3563,2277.308222525568
6187.911753013173,0.3835,1965.7256075342686
6187.961766428229,0.4199,1639.691249148831
6188.011779843288,0.3896,1904.6525867958887
6188.061793258352,0.3535,2313.527165445317
6188.111806673419,0.3419,2473.1767474882545
6188.161820088489,0.384,1960.6098764773408
6188.211833503564,0.3604,2225.788642671581
6188.261846918643,0.3271,2702.0423591977856
6188.311860333724,0.3806,1995.795534932892
6188.371876431826,0.3596,2235.703028828337
6188.421889846916,0.3932,1869.9356842058676
6188.471903262011,0.3678,2137.125790522013
6188.5219166771085,0.39,1900.747620717578
6188.571930092207,0.4109,1712.3064804887606
6188.621943507314,0.3498,2362.728409773569
6188.671956922422,0.3993,1813.239206938869
6188.721970337535,0.4001,1805.995330315879
6188.77198375265,0.4015,1793.4225829730103
6188.82199716777,0.3956,1847.315759617881
6188.872010582894,0.4273,1583.3906582997379
6188.932026681047,0.4041,1770.418937405041
6188.98204009618,0.386,1940.3453632824219
6189.032053511313,0.3834,1966.7511562215564
6189.082066926452,0.4088,1729.9438125212876
6189.132080341596,0.3584,2250.6992759914538
6189.182093756742,0.3902,1898.7996395482967
6189.2321071718925,0.3582,2253.2133143220676
6189.282120587046,0.3475,2394.1082286720193
6189.332134002203,0.3105,2998.6783927425554
6189.3821474173665,0.3031,3146.8870723419686
6189.442163515563,0.4191,1645.9570655878204
6189.492176930732,0.425,1600.5748661921205
6189.542190345906,0.4265,1589.3362506004048
6189.5922037610835,0.3694,2118.6526625324227
6189.642217176263,0.4305,1559.9388258921547
6189.692230591448,0.3867,1933.3269567073844
6189.742244006636,0.3636,2186.783351132581
6189.792257421828,0.3737,2070.1765116067954
6189.8422708370235,0.4021,1788.0744205638096
6189.892284252223,0.3909,1892.0052355359392
6189.942297667425,0.3327,2611.846708663293
6190.0023137656735,0.4175,1658.5969279133433
6190.052327180885,0.3843,1957.5500177523847
6190.102340596099,0.3964,1839.866932105428
6190.152354011318,0.3867,1933.3269567073844
6190.202367426541,0.417,1662.5767535928867
6190.252380841767,0.4281,1577.4783667495853
6190.302394256996,0.3395,2508.267096248029
6190.35240767223,0.3595,2236.946983072772
6190.402421087467,0.3467,2405.169611882029
6190.452434502708,0.3896,1904.6525867958887
6190.512450601001,0.3703,2108.366596788151
6190.562464016251,0.3776,2027.634281024108
6190.612477431503,0.3208,2809.2117091073246
6190.66249084676,0.3089,3029.8230709357736
6190.712504262019,0.3136,2939.686506780539
6190.762517677283,0.331,2638.7441593716403
6190.812531092552,0.3739,2067.962425159403
6190.862544507821,0.2858,3539.3899115808117
6190.912557923096,0.3862,1938.3362095570217
6190.962571338376,0.4057,1756.482148637624
6191.022587436715,0.3572,2265.8469144491296
6191.072600852001,0.4238,1609.6518106683934
6191.122614267292,0.4425,1476.4793718814794
6191.1726276825875,0.362,2206.1566987922565
6191.222641097884,0.3207,2810.9639017658988
6191.272654513187,0.3261,2718.639580993438
6191.322667928492,0.3469,2402.3970902904284
6191.372681343801,0.3718,2091.388856686206
6191.422694759113,0.3491,2372.2131609249773
6191.47270817443,0.3542,2304.391851008013
6191.52272158975,0.4508,1422.6109762704702
6191.582737688139,0.3729,2079.068510842728
6191.632751103468,0.3866,1934.3272526188523
6191.6827645188,0.3806,1995.795534932892
6191.732777934136,0.3282,2683.960356416851
6191.782791349475,0.3552,2291.4349727035883
6191.832804764818,0.366,2158.1983329813565
6191.8828181801655,0.3455,2421.9059787236383
6191.932831595515,0.3536,2312.2187980892577
6191.98284501087,0.4587,1374.0309739665263
6192.032858426228,0.3618,2208.596455973193
6192.092874524663,0.3814,1987.431834095056
6192.142887940028,0.3758,2047.1045986431716
6192.192901355397,0.4159,1671.3829499455978
6192.242914770773,0.3782,2021.2058710430138
6192.29292818615,0.4063,1751.2982523136398
6192.3429416015315,0.3946,1856.6905787310593
6192.392955016915,0.313,2950.9676365737846
6192.442968432302,0.359,2243.182354955459
6192.492981847697,0.3629,2195.227663364212
6192.542995263092,0.3787,2015.872186766678
6192.593008678491,0.3388,2518.6425130356524
6192.653024776975,0.382,1981.1935121183908
6192.703038192383,0.4047,1765.173267499399
6192.753051607794,0.3723,2085.7751610749897
6192.80306502321,0.377,2034.0934080147247
6192.8530784386285,0.3577,2259.516869812723
6192.90309185405,0.3873,1927.3414433674484
6192.953105269477,0.387,1930.330720097489
6193.003118684907,0.3586,2248.1894428981886
6193.053132100342,0.3603,2227.0243303447905
6193.103145515779,0.3216,2795.252958105642
6193.163161614309,0.4085,1732.4856604598517
6193.213175029755,0.3874,1926.346560705505
6193.263188445204,0.3983,1822.3555055380702
6193.313201860656,0.3698,2114.0718056313235
6193.363215276112,0.3763,2041.6681406465148
6193.413228691574,0.3524,2327.9927982446325
6193.463242107036,0.2512,4581.557788807577
6193.513255522505,0.2928,3372.1802884907106
6193.563268937975,0.3663,2154.6646578579584
6193.613282353451,0.3976,1828.7778826517167
6193.663295768929,0.4019,1789.8544801553628
6193.72331186751,0.3984,1821.4407855464856
6193.773325282998,0.3632,2191.6026936424773
6193.823338698487,0.3259,2721.9773722525542
6193.873352113982,0.374,2066.8567136985607
6193.92336552948,0.3958,1845.4493176117253
6193.973378944983,0.4,1806.898438597692
6194.023392360488,0.4071,1744.42201274975
6194.073405775997,0.367,2146.453089691617
6194.12341919151,0.314,2932.2016539273163
6194.173432607026,0.4149,1679.449438793963
6194.233448705652,0.3557,2284.9974747311726
6194.283462121175,0.412,1703.1753244769654
6194.333475536705,0.3864,1936.33017482
6194.383488952237,0.4073,1742.7092806675048
6194.433502367772,0.39,1900.747620717578
6194.483515783312,0.3758,2047.1045986431716
6194.533529198855,0.4094,1724.8768698964814
6194.583542614402,0.4123,1700.697684564763
6194.633556029953,0.3714,2095.896146807121
6194.6835694455085,0.3502,2357.3340698278366
6194.733582861067,0.4031,1779.2138296856015
6194.79359895974,0.4401,1492.6266312753953
6194.843612375306,0.4044,1767.7931838750844
6194.893625790879,0.3761,2043.8401221000856
6194.943639206451,0.3212,2802.2192962151435
6194.993652622029,0.3445,2435.9867568435116
6195.043666037609,0.3487,2377.658683045242
6195.093679453194,0.3444,2437.4015845660965
6195.143692868784,0.405,1762.5591709891628
6195.1937062843745,0.4181,1653.8399715753246
6195.243719699972,0.3866,1934.3272526188523
6195.303735798691,0.4153,1676.2158503322269
6195.353749214295,0.3356,2566.9026850006912
6195.403762629902,0.4038,1773.0505454423383
6195.453776045514,0.4432,1471.8190964418484
6195.503789461129,0.3447,2433.1607945617
6195.553802876749,0.3912,1889.1045070992632
6195.6038162923705,0.3801,2001.0496863542671
6195.653829707997,0.3868,1932.3274365177497
6195.703843123627,0.358,2255.7315672898058
6195.7538565392615,0.3713,2097.0252460466118
6195.813872638027,0.3514,2341.261430052732
6195.863886053667,0.3145,2922.885719105435
6195.913899469313,0.4193,1644.3872486613288
6195.963912884963,0.4449,1460.5927241805164
6196.013926300617,0.3904,1896.8546514279428
6196.063939716272,0.3795,2007.382101413976
6196.113953131933,0.3517,2337.268954253303
6196.163966547597,0.3793,2009.4995873508649
6196.213979963264,0.3812,1989.5178235806018
6196.263993378937,0.3515,2339.929468896212
6196.314006794612,0.3561,2279.8669884199758
6196.3740228934275,0.3768,2036.253310180896
6196.424036309109,0.3539,2308.3003484036926
6196.474049724797,0.3284,2680.692226204096
6196.524063140488,0.3931,1870.8871819270046
6196.57407655618,0.4261,1592.3216127394055
6196.624089971879,0.3992,1814.1477549212082
6196.674103387581,0.3795,2007.382101413976
6196.724116803287,0.3597,2234.4601119299095
6196.774130218996,0.3847,1953.4813362188652
6196.824143634709,0.3733,2074.6153652520748
6196.884159733569,0.375,2055.8482048567403
6196.934173149291,0.3955,1848.2500426163272
6196.984186565015,0.3944,1858.5741047270574
6197.034199980743,0.4355,1524.3250391558333
6197.084213396475,0.4257,1595.3153942088259
6197.134226812212,0.4451,1459.2804246569701
6197.184240227952,0.4133,1692.4778146489757
6197.234253643695,0.4029,1780.980671098687
6197.284267059441,0.385,1950.4381437467864
6197.334280475191,0.4184,1651.4691640622464
6197.384293890945,0.4276,1581.1696599196719
6197.444309989854,0.4777,1266.9036748646342
6197.494323405619,0.3865,1935.3283250550714
6197.544336821385,0.357,2268.386382521974
6197.594350237155,0.357,2268.386382521974
6197.644363652928,0.3601,2229.4987947586155
6197.694377068705,0.4309,1557.044026780419
6197.744390484486,0.4236,1611.172139282459
6197.7944039002705,0.3124,2962.313828666362
6197.844417316059,0.3885,1915.453505708019
6197.894430731851,0.4078,1738.4384698479823
6197.954446830807,0.3983,1822.3555055380702
6198.004460246607,0.4578,1379.4387534694797
6198.054473662411,0.4201,1638.1303855085825
6198.104487078218,0.3553,2290.14529859133
6198.154500494029,0.3875,1925.3524481739246
6198.204513909844,0.3779,2024.4162485974282
6198.254527325663,0.4055,1758.215229751697
6198.304540741485,0.4296,1566.481713607033
6198.35455415731,0.3858,1942.3576424654373
6198.404567573141,0.398,1825.1038036396537
6198.464583672142,0.3991,1815.0569859350119
6198.51459708798,0.3834,1966.7511562215564
6198.564610503821,0.3808,1993.6996670855497
6198.614623919665,0.3509,2347.9383260024315
6198.664637335516,0.415,1678.6401650351165
6198.714650751367,0.4182,1653.0491354755022
6198.7646641672245,0.4155,1674.602557050219
6198.8146775830855,0.402,1788.9641182597488
6198.864690998948,0.3719,2090.2643059691045
6198.914704414816,0.3575,2262.0457006699635
6198.964717830687,0.3905,1895.8832778453223
6199.024733929737,0.4173,1660.187141582695
6199.074747345616,0.3857,1943.364956129773
6199.1247607615,0.3453,2424.712350403441
6199.174774177386,0.3893,1907.5892139211383
6199.224787593276,0.3671,2145.2838415894075
6199.27480100917,0.361,2218.396068262282
6199.324814425067,0.3133,2945.3189700323283
6199.374827840969,0.3344,2585.358431421523
6199.424841256875,0.4031,1779.2138296856015
6199.474854672782,0.408,1736.7345403154252
6199.524868088697,0.3459,2416.3078321270245
6199.584884187794,0.3711,2099.2861834497726
6199.634897603717,0.3964,1839.866932105428
6199.68491101964,0.3552,2291.4349727035883
6199.734924435569,0.3901,1899.773255618172
6199.784937851499,0.346,2414.9113282696926
6199.834951267435,0.3391,2514.1880376999047
6199.884964683374,0.3869,1931.3286912480658
6199.934978099318,0.3975,1829.698135892351
6199.9849915152645,0.357,2268.386382521974
6200.035004931215,0.3871,1929.3335222662074
6200.09502103036,0.3664,2153.4886945680596
6200.145034446318,0.3975,1829.698135892351
6200.195047862279,0.4001,1805.995330315879
6200.245061278245,0.3452,2426.1173657732556
6200.295074694215,0.3136,2939.686506780539
6200.345088110188,0.3617,2209.817852520565
6200.3951015261655,0.4115,1707.3167726335496
6200.445114942144,0.3998,1808.7066885901158
6200.495128358129,0.4161,1669.7766271799992
6200.545141774117,0.4157,1672.991591746966
6200.605157873308,0.4066,1748.7149057247404
6200.655171289302,0.3604,2225.788642671581
6200.705184705303,0.3854,1946.3916031652084
6200.755198121307,0.4017,1791.6371991916546
6200.805211537313,0.3814,1987.431834095056
6200.855224953326,0.4052,1760.8196647321945
6200.905238369339,0.3581,2254.471913387785
6200.955251785356,0.3816,1985.349123599025
6201.005265201379,0.3892,1908.5695990068446
6201.055278617405,0.3936,1866.1369428082617
6201.115294716638,0.4328,1543.4031618728463
6201.165308132673,0.4402,1491.948551447289
6201.2153215487115,0.4084,1733.3341881404458
6201.265334964752,0.382,1981.1935121183908
6201.315348380797,0.3862,1938.3362095570217
6201.365361796845,0.3558,2283.713230803457
6201.415375212896,0.3952,1851.0571481946283
6201.465388628952,0.3598,2233.2182312244076
6201.515402045012,0.401,1797.8977355887505
6201.565415461077,0.376,2044.9274127767742
6201.615428877141,0.3531,2318.771755680467
6201.675444976427,0.4008,1799.6924879089784
6201.725458392501,0.4061,1753.0236649565852
6201.775471808582,0.3847,1953.4813362188652
6201.825485224662,0.3939,1863.2954781163417
6201.875498640749,0.3497,2364.0798878825817
6201.925512056839,0.405,1762.5591709891628
6201.975525472932,0.3619,2207.3760717699083
6202.025538889029,0.3836,1964.70086078572
6202.075552305129,0.412,1703.1753244769654
6202.125565721234,0.3623,2202.504636051701
6202.1755791373425,0.3692,2120.948676368314
6202.235595236677,0.3553,2290.14529859133
6202.285608652794,0.4027,1782.7501456516816
6202.335622068913,0.3982,1823.2709147555813
6202.385635485038,0.3936,1866.1369428082617
6202.435648901165,0.4084,1733.3341881404458
6202.4856623172955,0.4317,1551.2785499497104
6202.53567573343,0.38,2002.1030062043053
6202.585689149569,0.3448,2431.749657146761
6202.63570256571,0.3513,2342.5945288240523
6202.685715981856,0.3996,1810.5176543452153
6202.745732081235,0.3352,2573.032581379949
6202.795745497389,0.3505,2353.300429020165
6202.845758913548,0.4261,1592.3216127394055
6202.89577232971,0.3964,1839.866932105428
6202.945785745874,0.3771,2033.014745424805
6202.995799162042,0.4052,1760.8196647321945
6203.045812578215,0.4222,1621.875007339633
6203.095825994391,0.4039,1772.1726911885942
6203.145839410571,0.3969,1835.2342704675614
6203.195852826753,0.3755,2050.3769026018344
6203.255868926179,0.4135,1690.8409929626996
6203.305882342371,0.4065,1749.5753857724062
6203.3558957585665,0.3451,2427.523602714951
6203.405909174763,0.3539,2308.3003484036926
6203.455922590968,0.3762,2042.7536983638054
6203.505936007174,0.4065,1749.5753857724062
6203.555949423384,0.3717,2092.514315150649
6203.605962839597,0.407,1745.27932578568
6203.655976255813,0.4111,1710.6408168554801
6203.705989672034,0.3595,2236.946983072772
6203.7560030882605,0.3269,2705.3496221576283
6203.816019187736,0.3557,2284.9974747311726
6203.866032603966,0.3558,2283.713230803457
6203.916046020203,0.3002,3207.979819160057
6203.966059436444,0.3538,2309.6053908218355
6204.016072852688,0.4091,1727.40755445968
6204.066086268936,0.3728,2080.1840375473876
6204.116099685187,0.3772,2031.9369406159624
6204.166113101442,0.3853,1947.4020569059585
6204.2161265177,0.4034,1776.5684932839804
6204.266139933962,0.3938,1864.2419114958523
6204.316153350229,0.3895,1905.630708590625
6204.376169449752,0.4219,1624.1823519135567
6204.4261828660265,0.3319,2624.4528506179636
6204.476196282304,0.4052,1760.8196647321945
6204.526209698586,0.4899,1204.5899758828084
6204.57622311487,0.4174,1659.3917490131432
6204.6262365311595,0.3469,2402.3970902904284
6204.676249947453,0.3628,2196.4379853876767
6204.726263363748,0.3398,2503.8401054038045
6204.776276780049,0.298,3255.5206454960176
6204.826290196352,0.3602,2228.261047325964
6204.886306295921,0.4582,1377.0313617043578
6204.936319712233,0.4651,1336.4765721742015
6204.986333128548,0.4251,1599.821922017439
6205.036346544865,0.4225,1619.5725760624193
6205.0863599611885,0.4127,1697.402565812021
6205.136373377515,0.4394,1497.3861602548054
6205.186386793846,0.4317,1551.2785499497104
6205.23640021018,0.3604,2225.788642671581
6205.286413626516,0.3526,2325.352609970714
6205.336427042858,0.3489,2374.9335808389724
6205.396443142472,0.3534,2314.8366436237484
6205.4464565588205,0.3438,2445.9164933273387
6205.4964699751745,0.3362,2557.748831759978
6205.546483391531,0.3778,2025.4880743308552
6205.596496807891,0.4308,1557.766970664847
6205.646510224255,0.4291,1570.1344535607302
6205.696523640622,0.3623,2202.504636051701
6205.7465370569935,0.3519,2334.612974565164
6205.796550473369,0.3877,1923.3665303242196
6205.846563889748,0.3969,1835.2342704675614
6205.906579989406,0.3165,2886.0624455952066
6205.956593405793,0.3713,2097.0252460466118
6206.006606822184,0.4071,1744.42201274975
6206.056620238578,0.4142,1685.1307770907742
6206.106633654976,0.3703,2108.366596788151
6206.156647071377,0.3321,2621.292772698076
6206.206660487783,0.3489,2374.9335808389724
6206.25667390419,0.3638,2184.379638929639
6206.306687320604,0.3798,2004.2121424640561
6206.35670073702,0.3587,2246.936100385294
6206.40671415344,0.3572,2265.8469144491296
6206.466730253149,0.4246,1603.5919646646933
6206.5167436695765,0.393,1871.8394060728365
6206.566757086009,0.3678,2137.125790522013
6206.616770502443,0.4305,1559.9388258921547
6206.666783918883,0.3891,1909.5507400744634
6206.716797335324,0.3546,2299.1959443043597
6206.766810751772,0.3337,2596.2163494187025
6206.816824168222,0.3404,2495.021212025843
6206.866837584676,0.3658,2160.5589479883633
6206.916851001134,0.3615,2212.263687129128
6206.9668644175945,0.3659,2159.3781566214075
6207.026880517352,0.394,1862.3497652781
6207.076893933822,0.374,2066.8567136985607
6207.126907350294,0.4097,1722.351742513086
6207.176920766771,0.3785,2018.0031241014685
6207.2269341832525,0.3355,2568.4331038266832
6207.276947599736,0.3613,2214.7135845742146
6207.326961016222,0.3328,2610.2773297822273
6207.376974432715,0.3732,2075.727309386227
6207.42698784921,0.4368,1515.265198566769
6207.477001265707,0.4133,1692.4778146489757
6207.53701736551,0.3395,2508.267096248029
6207.587030782019,0.3563,2277.308222525568
6207.637044198528,0.4107,1713.974578110514
6207.687057615043,0.4041,1770.418937405041
6207.73707103156,0.4307,1558.4904181662673
6207.787084448081,0.3654,2165.2918119196597
6207.837097864606,0.3579,2256.992277207209
6207.887111281135,0.3471,2399.629359908445
6207.937124697669,0.3647,2173.6118268084447
6207.987138114204,0.3811,1990.562050095863
6208.047154214053,0.3746,2060.241029916151
6208.097167630597,0.3694,2118.6526625324227
6208.147181047146,0.4088,1729.9438125212876
6208.197194463696,0.4471,1446.2541370603844
6208.247207880251,0.4215,1627.2664784382723
6208.29722129681,0.3325,2614.989715420094
6208.347234713373,0.3784,2019.069860062979
6208.397248129939,0.3635,2187.986695357667
6208.447261546509,0.3576,2260.7807548672413
6208.497274963083,0.3763,2041.6681406465148
6208.547288379661,0.3894,1906.609584040886
6208.607304479559,0.383,1970.8613871142018
6208.657317896144,0.3933,1868.9849121707211
6208.707331312732,0.4016,1792.5295576574138
6208.757344729324,0.3571,2267.116115134762
6208.807358145921,0.3224,2781.3979891045115
6208.8573715625225,0.3631,2192.810018592463
6208.907384979127,0.3635,2187.986695357667
6208.957398395734,0.3581,2254.471913387785
6209.007411812345,0.4271,1584.8739246822508
6209.057425228959,0.4081,1735.8835148301287
6209.117441328902,0.4062,1752.1606400589749
6209.167454745524,0.4242,1606.6176020725386
6209.217468162152,0.3811,1990.562050095863
6209.2674815787805,0.3525,2326.6721423670965
6209.3174949954155,0.4011,1797.0013660383067
6209.367508412054,0.4241,1607.375349409412
6209.417521828694,0.372,2089.1406620234047
6209.467535245339,0.3846,1954.4973165716415
6209.517548661988,0.3608,2220.856162243556
6209.567562078641,0.3853,1947.4020569059585
6209.6175754952965,0.35,2360.0289279475837
6209.6775915952885,0.3326,2613.417503308107
6209.727605011953,0.3913,1888.1390799117744
6209.777618428621,0.3419,2473.1767474882545
6209.827631845291,0.3314,2632.3780912396064
6209.877645261967,0.3731,2076.8401477231337
6209.927658678646,0.3659,2159.3781566214075
6209.977672095328,0.3266,2710.3219133465172
6210.027685512014,0.345,2428.9310626450447
6210.077698928704,0.4246,1603.5919646646933
6210.127712345397,0.4243,1605.8603904341724
6210.187728445434,0.3897,1903.6752178832025
6210.237741862135,0.4182,1653.0491354755022
6210.28775527884,0.3971,1833.386103766989
6210.337768695551,0.3944,1858.5741047270574
6210.387782112264,0.4058,1755.6165688450542
6210.43779552898,0.342,2471.7306609721336
6210.487808945699,0.335,2576.105767010457
6210.537822362421,0.3992,1814.1477549212082
6210.587835779149,0.4089,1729.0977728800322
6210.637849195881,0.3769,2035.172929296195
6210.6978652959615,0.3829,1971.8909580718366
6210.747878712702,0.3088,3031.7857029541333
6210.797892129445,0.3418,2474.62410342551
6210.84790554619,0.3278,2690.5145717148553
6210.89791896294,0.3876,1924.3591049780423
6210.947932379694,0.4132,1693.297116933064
6210.997945796453,0.3818,1983.2696852237361
6211.047959213212,0.3721,2088.0179238744804
6211.097972629977,0.3679,2135.964154461207
6211.147986046747,0.3538,2309.6053908218355
6211.197999463518,0.3642,2179.584089015776
6211.258015563649,0.3893,1907.5892139211383
6211.308028980428,0.382,1981.1935121183908
6211.358042397214,0.3963,1840.7955692080818
6211.408055814,0.4039,1772.1726911885942
6211.458069230791,0.3957,1846.3821848548998
6211.508082647586,0.4283,1576.005467964796
6211.5580960643865,0.4307,1558.4904181662673
6211.608109481188,0.3644,2177.1922339318385
6211.658122897993,0.4152,1677.0233713672353
6211.708136314804,0.3572,2265.8469144491296
6211.768152414979,0.3735,2072.394155762232
6211.818165831797,0.3724,2084.6551344817067
6211.868179248619,0.3508,2349.2771323227576
6211.918192665443,0.3718,2091.388856686206
6211.968206082272,0.3804,1997.8947094257392
6212.018219499104,0.4212,1629.5853418615545
6212.068232915941,0.3399,2502.3670460209973
6212.118246332779,0.3351,2574.568486375962
6212.168259749623,0.3927,1874.7004444596494
6212.21827316647,0.3694,2118.6526625324227
6212.268286583321,0.3489,2374.9335808389724
6212.328302683545,0.3763,2041.6681406465148
6212.378316100404,0.3946,1856.6905787310593
6212.428329517265,0.4393,1498.0679509124736
6212.478342934134,0.4492,1432.7633637208694
6212.528356351002,0.413,1694.9375072616515
6212.578369767875,0.385,1950.4381437467864
6212.628383184752,0.384,1960.6098764773408
6212.678396601634,0.383,1970.8613871142018
6212.728410018518,0.3799,2003.157157948818
6212.778423435406,0.3819,1982.2311909397943
6212.838439535676,0.3788,2014.8079836094234
6212.888452952572,0.3784,2019.069860062979
6212.938466369473,0.3817,1984.3089958248834
6212.988479786376,0.3753,2052.5627995019286
6213.038493203282,0.377,2034.0934080147247
6213.088506620193,0.3628,2196.4379853876767
6213.138520037108,0.3402,2497.955659141786
6213.188533454026,0.3379,2532.0771997988454
6213.238546870949,0.3634,2189.191033121392
6213.288560287873,0.3953,1850.120736186777
6213.338573704803,0.4206,1634.2379632338043
6213.398589805122,0.4176,1657.8026777359762
6213.448603222059,0.3652,2167.6640778401247
6213.498616639,0.3982,1823.2709147555813
6213.548630055946,0.3127,2956.6325686153614
6213.598643472893,0.3629,2195.227663364212
6213.648656889845,0.3981,1824.1870138916186
6213.6986703068,0.3732,2075.727309386227
6213.74868372376,0.3728,2080.1840375473876
6213.798697140723,0.3185,2849.9306776761846
6213.848710557689,0.339,2515.67154887586
6213.908726658054,0.373,2077.953881221853
6213.958740075028,0.3927,1874.7004444596494
6214.008753492005,0.3539,2308.3003484036926
6214.058766908988,0.3075,3057.4744170413337
6214.108780325974,0.3365,2553.190256279398
6214.158793742963,0.3701,2110.645905701224
6214.208807159955,0.3962,1841.7249095555205
6214.2588205769525,0.3935,1867.0855422082777
6214.308833993953,0.4446,1462.5644950500978
6214.358847410958,0.3647,2173.6118268084447
6214.4088608279635,0.3698,2114.0718056313235
6214.468876928378,0.378,2023.3452734045695
6214.518890345394,0.379,2012.6821038640855
6214.568903762413,0.3732,2075.727309386227
6214.618917179435,0.3688,2125.5519152149254
6214.668930596462,0.3826,1974.9845161825187
6214.7189440134935,0.3692,2120.948676368314
6214.768957430528,0.3611,2217.1675538593154
6214.818970847565,0.3578,2258.254044320723
6214.868984264605,0.3466,2406.5576728380383
6214.9189976816515,0.3696,2116.360374973083
6214.979013782111,0.36,2230.7375737878447
6215.029027199164,0.3712,2098.1552579328786
6215.07904061622,0.3957,1846.3821848548998
6215.12905403328,0.3427,2461.6434747637713
6215.179067450344,0.3766,2038.4166544127675
6215.229080867412,0.3703,2108.366596788151
6215.279094284483,0.3688,2125.5519152149254
6215.329107701557,0.3695,2117.506053472381
6215.379121118636,0.3727,2081.3004622987555
6215.429134535719,0.3453,2424.712350403441
6215.489150636224,0.3651,2168.851673018435
6215.539164053313,0.3767,2037.3345515817198
6215.589177470406,0.3932,1869.9356842058676
6215.639190887505,0.4251,1599.821922017439
6215.689204304606,0.3876,1924.3591049780423
6215.739217721712,0.3534,2314.8366436237484
6215.78923113882,0.4444,1463.8812280045527
6215.839244555932,0.3945,1857.6319836451833
6215.889257973048,0.4197,1641.2543447144405
6215.939271390169,0.3578,2258.254044320723
6215.989284807292,0.3038,3132.4020433470814
6216.049300907844,0.3659,2159.3781566214075
6216.099314324975,0.4047,1765.173267499399
6216.149327742111,0.3384,2524.600252092078
6216.199341159248,0.3781,2022.275147852596
6216.249354576392,0.4059,1754.7516287206524
6216.299367993537,0.4225,1619.5725760624193
6216.349381410687,0.4277,1580.430365499174
6216.399394827842,0.4258,1594.5661577988085
6216.449408244998,0.4418,1481.161816418565
6216.499421662158,0.4336,1537.713214251871
6216.559437762757,0.3891,1909.5507400744634
6216.609451179925,0.3812,1989.5178235806018
6216.659464597097,0.3447,2433.1607945617
6216.7094780142725,0.3758,2047.1045986431716
6216.759491431453,0.3542,2304.391851008013
6216.8095048486375,0.4032,1778.3313947741817
6216.859518265824,0.3538,2309.6053908218355
6216.9095316830135,0.3867,1933.3269567073844
6216.959545100208,0.3758,2047.1045986431716
6217.009558517407,0.4063,1751.2982523136398
6217.059571934609,0.3837,1963.6769151400156
6217.119588035255,0.354,2306.99641179436
6217.169601452465,0.3522,2330.6374855480735
6217.2196148696785,0.3417,2476.07273027012
6217.269628286896,0.3627,2197.6493086398646
6217.319641704116,0.4018,1790.745506911955
6217.369655121341,0.413,1694.9375072616515
6217.419668538568,0.3748,2058.042859323643
6217.4696819558,0.3366,2551.673439041402
6217.5196953730365,0.4157,1672.991591746966
6217.569708790275,0.4342,1533.4663771301593
6217.629724890966,0.3675,2140.6163901411537
6217.679738308214,0.4067,1747.855060325814
6217.729751725464,0.3631,2192.810018592463
6217.779765142719,0.3694,2118.6526625324227
6217.829778559975,0.4453,1457.9698929329152
6217.879791977238,0.3287,2675.801211730145
6217.929805394504,0.4032,1778.3313947741817
6217.979818811772,0.4427,1475.1456085913833
6218.029832229045,0.3891,1909.5507400744634
6218.079845646322,0.3837,1963.6769151400156
6218.139861747059,0.376,2044.9274127767742
6218.189875164343,0.3631,2192.810018592463
6218.239888581631,0.3582,2253.2133143220676
6218.289901998922,0.3615,2212.263687129128
6218.339915416217,0.3696,2116.360374973083
6218.389928833516,0.375,2055.8482048567403
6218.43994225082,0.3661,2157.0194760110217
6218.489955668127,0.3538,2309.6053908218355
6218.539969085435,0.4432,1471.8190964418484
6218.58998250275,0.3209,2807.4611542619377
6218.639995920066,0.3491,2372.2131609249773
6218.700012020851,0.426,1593.0692675592338
6218.750025438177,0.3976,1828.7778826517167
6218.8000388555065,0.382,1981.1935121183908
6218.850052272839,0.4251,1599.821922017439
6218.900065690175,0.3767,2037.3345515817198
6218.950079107514,0.3758,2047.1045986431716
6219.000092524859,0.3665,2152.3136937335303
6219.050105942207,0.4154,1675.4089124136528
6219.100119359558,0.4032,1778.3313947741817
6219.150132776913,0.3886,1914.4678123872777
6219.2101488777425,0.3857,1943.364956129773
6219.260162295105,0.386,1940.3453632824219
6219.310175712471,0.3885,1915.453505708019
6219.36018912984,0.4014,1794.3162758030503
6219.410202547215,0.4331,1541.265736255724
6219.460215964593,0.421,1631.134005561494
6219.510229381972,0.3657,2161.7407081408583
6219.560242799357,0.3645,2175.9977825694973
6219.610256216745,0.3771,2033.014745424805
6219.660269634137,0.4141,1685.9447496460987
6219.710283051532,0.3728,2080.1840375473876
6219.770299152414,0.3788,2014.8079836094234
6219.820312569816,0.3706,2104.954550021356
6219.870325987223,0.3293,2666.059254669605
6219.920339404634,0.3553,2290.14529859133
6219.970352822049,0.4276,1581.1696599196719
6220.020366239467,0.3426,2463.080716764135
6220.0703796568905,0.3674,2141.7818239363496
6220.120393074314,0.3435,2450.1906897506783
6220.170406491744,0.3556,2286.2828022535564
6220.2204199091775,0.3794,2008.4404257977524
6220.280436010102,0.3759,2046.0155713165127
6220.330449427541,0.3708,2102.684451642622
6220.380462844986,0.382,1981.1935121183908
6220.430476262435,0.3738,2069.0690241454445
6220.480489679886,0.3617,2209.817852520565
6220.530503097342,0.3943,1859.5169427032913
6220.580516514801,0.4013,1795.2106368129657
6220.630529932263,0.3837,1963.6769151400156
6220.68054334973,0.4259,1593.8174490807532
6220.730556767201,0.4145,1682.6923931634576
6220.780570184674,0.3969,1835.2342704675614
6220.840586285648,0.3506,2351.9581825237005
6220.89059970313,0.38,2002.1030062043053
6220.940613120615,0.3216,2795.252958105642
6220.990626538103,0.3707,2103.8190415470826
6221.040639955596,0.3659,2159.3781566214075
6221.090653373093,0.3553,2290.14529859133
6221.140666790593,0.394,1862.3497652781
6221.190680208096,0.3732,2075.727309386227
6221.240693625603,0.3636,2186.783351132581
6221.290707043114,0.3739,2067.962425159403
6221.350723144134,0.3947,1855.7498892589942
6221.400736561652,0.3868,1932.3274365177497
6221.450749979173,0.3837,1963.6769151400156
6221.500763396702,0.3398,2503.8401054038045
6221.550776814231,0.323,2771.0742514492713
6221.600790231764,0.353,2320.0856897444933
6221.650803649301,0.3642,2179.584089015776
6221.700817066841,0.3565,2274.7537618893484
6221.750830484387,0.3692,2120.948676368314
6221.800843901935,0.4433,1471.1551443687872
6221.8608600029975,0.4279,1578.953331306092
6221.910873420554,0.3898,1902.6986010800852
6221.960886838115,0.3716,2093.6406823396846
6222.010900255677,0.3817,1984.3089958248834
6222.060913673245,0.3895,1905.630708590625
6222.1109270908155,0.3836,1964.70086078572
6222.160940508391,0.3253,2732.027710770497
6222.210953925967,0.373,2077.953881221853
6222.260967343551,0.3394,2509.7453692113104
6222.310980761136,0.3948,1854.8099145042163
6222.3609941787245,0.3756,2049.2852633588845
6222.421010279838,0.4133,1692.4778146489757
6222.471023697434,0.4241,1607.375349409412
6222.521037115034,0.4049,1763.4298909054348
6222.571050532639,0.3346,2582.2686788357832
6222.621063950247,0.344,2443.0732394145216
6222.671077367859,0.3539,2308.3003484036926
6222.721090785473,0.3451,2427.523602714951
6222.771104203092,0.3606,2223.320350682925
6222.821117620716,0.3885,1915.453505708019
6222.871131038341,0.3993,1813.239206938869
6222.931147139499,0.4222,1621.875007339633
6222.981160557135,0.3939,1863.2954781163417
6223.031173974772,0.3522,2330.6374855480735
6223.081187392413,0.3738,2069.0690241454445
6223.131200810059,0.3717,2092.514315150649
6223.181214227708,0.376,2044.9274127767742
6223.231227645361,0.3248,2740.445574502867
6223.281241063017,0.3552,2291.4349727035883
6223.331254480675,0.3925,1876.6114490929408
6223.38126789834,0.4245,1604.347572234197
6223.431281316008,0.41,1719.8321560505697
6223.491297417212,0.3895,1905.630708590625
6223.541310834887,0.3941,1861.4047722498944
6223.591324252567,0.4057,1756.482148637624
6223.641337670249,0.3732,2075.727309386227
6223.691351087936,0.3593,2239.438008220025
6223.741364505626,0.4255,1596.815452089362
6223.791377923319,0.4007,1800.590872018783
6223.841391341016,0.3622,2203.720982047752
6223.891404758716,0.3586,2248.1894428981886
6223.9414181764205,0.3822,1979.1205974501145
6224.001434277671,0.3953,1850.120736186777
6224.051447695383,0.3892,1908.5695990068446
6224.1014611131,0.3441,2441.65347123844
6224.1514745308195,0.3561,2279.8669884199758
6224.201487948542,0.3587,2246.936100385294
6224.25150136627,0.3718,2091.388856686206
6224.301514784001,0.3741,2065.751888814074
6224.351528201735,0.3367,2550.1579730841986
6224.4015416194725,0.3418,2474.62410342551
6224.451555037213,0.3818,1983.2696852237361
6224.50156845496,0.3911,1890.0706749271033
6224.561584556258,0.3609,2219.625604012873
6224.611597974012,0.3674,2141.7818239363496
6224.661611391769,0.4047,1765.173267499399
6224.71162480953,0.3781,2022.275147852596
6224.761638227294,0.3496,2365.432525889354
6224.811651645061,0.3396,2506.7901289834685
6224.861665062834,0.3265,2711.9823903245538
6224.9116784806065,0.3783,2020.1374420785146
6224.961691898387,0.3946,1856.6905787310593
6225.01170531617,0.3793,2009.4995873508649
6225.071721417513,0.3565,2274.7537618893484
6225.121734835302,0.4036,1774.8082119032342
6225.171748253098,0.3506,2351.9581825237005
6225.221761670895,0.3653,2166.4774578296524
6225.271775088698,0.3942,1860.4604983014183
6225.321788506502,0.3501,2358.6809215847215
6225.371801924311,0.4001,1805.995330315879
6225.421815342122,0.3378,2533.5765748676527
6225.471828759939,0.3374,2539.5874127587376
6225.521842177759,0.3598,2233.2182312244076
6225.571855595582,0.3082,3043.601641832029
6225.631871696975,0.3356,2566.9026850006912
6225.6818851148055,0.3698,2114.0718056313235
6225.731898532641,0.3698,2114.0718056313235
6225.78191195048,0.3935,1867.0855422082777
6225.831925368321,0.3677,2138.28837446766
6225.881938786167,0.3953,1850.120736186777
6225.931952204017,0.3729,2079.068510842728
6225.98196562187,0.4117,1705.6583826132187
6226.031979039726,0.4096,1723.1928351813242
6226.081992457585,0.3811,1990.562050095863
6226.142008559025,0.3855,1945.3819356657482
6226.192021976893,0.4111,1710.6408168554801
6226.242035394765,0.3951,1851.9942713096439
6226.29204881264,0.3852,1948.413297704552
6226.342062230518,0.3898,1902.6986010800852
6226.392075648402,0.4098,1721.5112655022344
6226.4420890662905,0.3904,1896.8546514279428
6226.492102484181,0.3809,1992.6529709840925
6226.542115902073,0.3877,1923.3665303242196
6226.592129319971,0.3719,2090.2643059691045
6226.6521454214535,0.3407,2490.629227149637
6226.702158839357,0.3281,2685.59666314604
6226.752172257267,0.3587,2246.936100385294
6226.802185675181,0.3823,1978.0853598994886
6226.852199093098,0.39,1900.747620717578
6226.902212511017,0.3938,1864.2419114958523
6226.952225928941,0.3926,1875.6555817101225
6227.002239346869,0.3704,2107.228326648041
6227.0522527648,0.3706,2104.954550021356
6227.102266182736,0.3855,1945.3819356657482
6227.152279600673,0.3425,2464.519217842696
6227.212295702203,0.3704,2107.228326648041
6227.26230912015,0.3782,2021.2058710430138
6227.3123225381,0.3489,2374.9335808389724
6227.362335956053,0.3862,1938.3362095570217
6227.412349374011,0.3735,2072.394155762232
6227.462362791972,0.3954,1849.1850345668029
6227.512376209936,0.432,1549.1247495008993
6227.562389627906,0.402,1788.9641182597488
6227.612403045877,0.3671,2145.2838415894075
6227.662416463852,0.4021,1788.0744205638096
6227.722432565426,0.3971,1833.386103766989
6227.772445983411,0.3464,2409.3374020011433
6227.822459401398,0.3644,2177.1922339318385
6227.872472819388,0.3703,2108.366596788151
6227.922486237384,0.3463,2410.729072986512
6227.972499655381,0.4259,1593.8174490807532
6228.022513073383,0.3077,3053.501104291715
6228.072526491388,0.3575,2262.0457006699635
6228.122539909396,0.3913,1888.1390799117744
6228.172553327409,0.3598,2233.2182312244076
6228.222566745427,0.3418,2474.62410342551
6228.2825828470495,0.4219,1624.1823519135567
6228.332596265075,0.3887,1913.4828797282187
6228.382609683102,0.4066,1748.7149057247404
6228.432623101134,0.4056,1757.3483687292749
6228.482636519169,0.4011,1797.0013660383067
6228.532649937208,0.3807,1994.747188112788
6228.582663355251,0.3599,2231.977385560347
6228.632676773296,0.3477,2391.3548058461597
6228.682690191346,0.3544,2301.791698492181
6228.7327036094,0.3335,2599.331176448008
6228.792719711068,0.3151,2911.765083205126
6228.84273312913,0.3361,2559.2710702149475
6228.892746547194,0.3552,2291.4349727035883
6228.942759965263,0.3682,2132.4849232931597
6228.992773383336,0.357,2268.386382521974
6229.042786801411,0.3923,1878.525377234028
6229.092800219491,0.3578,2258.254044320723
6229.142813637574,0.3754,2051.469414339503
6229.19282705566,0.3632,2191.6026936424773
6229.242840473752,0.3604,2225.788642671581
6229.302856575466,0.3928,1873.746036598102
6229.352869993563,0.3891,1909.5507400744634
6229.402883411666,0.3782,2021.2058710430138
6229.45289682977,0.3882,1918.4151574801695
6229.50291024788,0.3802,1999.9971975236017
6229.552923665994,0.3386,2521.618743290045
6229.60293708411,0.3861,1939.3403961422396
6229.652950502232,0.4094,1724.8768698964814
6229.702963920353,0.3773,2030.8599926789316
6229.752977338481,0.3619,2207.3760717699083
6229.802990756612,0.3683,2131.3270684840286
6229.863006858375,0.4065,1749.5753857724062
6229.913020276513,0.3965,1838.9389975381976
6229.963033694658,0.3631,2192.810018592463
6230.013047112802,0.3604,2225.788642671581
6230.063060530953,0.3669,2147.6232939706456
6230.113073949108,0.3641,2180.781494900069
6230.163087367263,0.3707,2103.8190415470826
6230.213100785425,0.3656,2162.923438138976
6230.26311420359,0.313,2950.9676365737846
6230.313127621759,0.305,3107.802202996366
6230.373143723565,0.3717,2092.514315150649
6230.423157141741,0.3742,2064.6479495583703
6230.4731705599215,0.3667,2149.966575232028
6230.5231839781045,0.3707,2103.8190415470826
6230.573197396293,0.392,1881.401764078275
6230.623210814482,0.4073,1742.7092806675048
6230.673224232677,0.382,1981.1935121183908
6230.723237650875,0.372,2089.1406620234047
6230.773251069078,0.3485,2380.3884782952873
6230.823264487282,0.3557,2284.9974747311726
6230.873277905491,0.3771,2033.014745424805
6230.933294007347,0.3914,1887.1743926078207
6230.983307425563,0.3996,1810.5176543452153
6231.033320843785,0.3731,2076.8401477231337
6231.083334262007,0.3707,2103.8190415470826
6231.1333476802365,0.396,1843.5857028266778
6231.183361098469,0.3898,1902.6986010800852
6231.2333745167025,0.3589,2244.4325575807375
6231.283387934943,0.3529,2321.4007409378696
6231.333401353183,0.3629,2195.227663364212
6231.383414771431,0.3801,2001.0496863542671
6231.44343087333,0.374,2066.8567136985607
6231.493444291585,0.3311,2637.150479087301
6231.543457709841,0.3464,2409.3374020011433
6231.593471128104,0.3914,1887.1743926078207
6231.643484546368,0.3565,2274.7537618893484
6231.693497964636,0.3536,2312.2187980892577
6231.74351138291,0.4003,1804.1911437952554
6231.7935248011845,0.3948,1854.8099145042163
6231.843538219464,0.3616,2211.040262532027
6231.893551637747,0.3276,2693.8006860424694
6231.953567739692,0.3368,2548.643856803184
6232.003581157982,0.3868,1932.3274365177497
6232.053594576277,0.4165,1666.5709209452514
6232.103607994576,0.3997,1809.6118316575855
6232.153621412877,0.3556,2286.2828022535564
6232.203634831183,0.3404,2495.021212025843
6232.2536482494925,0.3589,2244.4325575807375
6232.303661667804,0.3992,1814.1477549212082
6232.353675086121,0.3952,1851.0571481946283
6232.403688504442,0.3472,2398.247287971925
6232.453701922764,0.3344,2585.358431421523
6232.513718024758,0.3529,2321.4007409378696
6232.56373144309,0.3522,2330.6374855480735
6232.613744861426,0.3689,2124.3997015734567
6232.663758279765,0.3961,1842.6549538580014
6232.713771698106,0.3811,1990.562050095863
6232.763785116454,0.365,2170.040244433403
6232.813798534804,0.3849,1951.4517506288435
6232.863811953157,0.3911,1890.0706749271033
6232.913825371514,0.3763,2041.6681406465148
6232.963838789874,0.3888,1912.498706948371
6233.01385220824,0.3583,2251.955768915221
6233.073868310282,0.356,2281.1479888629856
6233.123881728652,0.4064,1750.4365010935394
6233.17389514703,0.397,1834.3098379682813
6233.223908565409,0.37,2111.7869464699515
6233.273921983793,0.3643,2178.387669053729
6233.323935402181,0.3821,1980.1566479059754
6233.373948820568,0.3744,2062.4427241493386
6233.423962238964,0.3515,2339.929468896212
6233.473975657361,0.3709,2101.550779317474
6233.523989075763,0.3658,2160.5589479883633
6233.58400517785,0.3404,2495.021212025843
6233.634018596258,0.3734,2073.504314362907
6233.684032014672,0.4029,1780.980671098687
6233.734045433089,0.372,2089.1406620234047
6233.784058851509,0.369,2123.24842456157
6233.834072269932,0.3545,2300.4932722275803
6233.88408568836,0.3295,2662.8237559798426
6233.934099106793,0.348,2387.233569322542
6233.984112525227,0.3947,1855.7498892589942
6234.034125943664,0.397,1834.3098379682813
6234.094142045795,0.4111,1710.6408168554801
6234.144155464242,0.3903,1897.8267717404078
6234.194168882693,0.3825,1976.0173201142304
6234.244182301147,0.3717,2092.514315150649
6234.294195719603,0.3383,2526.0929898501004
6234.344209138064,0.3227,2776.22892215757
6234.394222556528,0.3302,2651.545771432962
6234.444235974996,0.3529,2321.4007409378696
6234.4942493934695,0.3723,2085.7751610749897
6234.544262811944,0.3539,2308.3003484036926
6234.594276230422,0.3214,2798.7328759241436
6234.6542923326015,0.3653,2166.4774578296524
6234.704305751089,0.42,1638.9105386037259
6234.75431916958,0.3233,2765.9339235697335
6234.804332588074,0.3833,1967.7775076845696
6234.854346006571,0.3497,2364.0798878825817
6234.904359425074,0.3351,2574.568486375962
6234.954372843578,0.372,2089.1406620234047
6235.004386262086,0.3758,2047.1045986431716
6235.0543996806,0.3559,2282.4300692527218
6235.104413099115,0.3439,2444.4942462970207
6235.16442920134,0.3297,2659.5941435638515
6235.214442619864,0.3809,1992.6529709840925
6235.2644560383915,0.3954,1849.1850345668029
6235.314469456923,0.3619,2207.3760717699083
6235.364482875458,0.3603,2227.0243303447905
6235.414496293996,0.357,2268.386382521974
6235.4645097125385,0.3064,3079.466897183353
6235.514523131085,0.342,2471.7306609721336
6235.564536549635,0.3626,2198.861634225426
6235.614549968187,0.3475,2394.1082286720193
6235.664563386742,0.3361,2559.2710702149475
6235.724579489016,0.3776,2027.634281024108
6235.774592907581,0.3719,2090.2643059691045
6235.824606326149,0.3423,2467.4000031209457
6235.87461974472,0.4067,1747.855060325814
6235.924633163295,0.386,1940.3453632824219
6235.974646581875,0.3912,1889.1045070992632
6236.0246600004575,0.3669,2147.6232939706456
6236.074673419043,0.3822,1979.1205974501145
6236.124686837633,0.3863,1937.3328027186367
6236.174700256227,0.4166,1665.7709368353176
6236.234716358545,0.3873,1927.3414433674484
6236.284729777146,0.3495,2366.786325121566
6236.334743195752,0.3399,2502.3670460209973
6236.38475661436,0.352,2333.28668210898
6236.434770032973,0.3478,2389.9798753406135
6236.4847834515895,0.3763,2041.6681406465148
6236.53479687021,0.4028,1781.8650789058217
6236.584810288832,0.346,2414.9113282696926
6236.634823707457,0.4035,1775.688025404577
6236.684837126089,0.3843,1957.5500177523847
6236.744853228452,0.3402,2497.955659141786
6236.794866647089,0.3568,2270.930122185546
6236.844880065731,0.3498,2362.728409773569
6236.894893484377,0.3576,2260.7807548672413
6236.944906903027,0.3445,2435.9867568435116
6236.994920321681,0.3719,2090.2643059691045
6237.044933740335,0.4015,1793.4225829730103
6237.094947158997,0.3714,2095.896146807121
6237.144960577661,0.3635,2187.986695357667
6237.1949739963275,0.4206,1634.2379632338043
6237.244987414999,0.3654,2165.2918119196597
6237.305003517409,0.3366,2551.673439041402
6237.355016936089,0.3932,1869.9356842058676
6237.405030354771,0.3889,1911.515293266269
6237.455043773457,0.4066,1748.7149057247404
6237.5050571921465,0.3715,2094.7679592318805
6237.55507061084,0.3015,3180.3753804405696
6237.605084029537,0.3465,2407.9469357483654
6237.655097448239,0.3827,1973.9525217618798
6237.705110866942,0.4125,1699.0489269663897
6237.755124285651,0.3741,2065.751888814074
6237.805137704363,0.3415,2478.973802637167
6237.865153806822,0.3454,2423.308555191042
6237.915167225541,0.3809,1992.6529709840925
6237.9651806442635,0.4124,1699.8730059195104
6238.015194062991,0.376,2044.9274127767742
6238.065207481722,0.3463,2410.729072986512
6238.115220900456,0.335,2576.105767010457
6238.165234319193,0.3514,2341.261430052732
6238.215247737934,0.3837,1963.6769151400156
6238.265261156679,0.4186,1649.8914567533886
6238.315274575428,0.3825,1976.0173201142304
6238.375290677931,0.3901,1899.773255618172
6238.425304096687,0.4054,1759.0827323373608
6238.475317515448,0.361,2218.396068262282
6238.525330934213,0.353,2320.0856897444933
6238.57534435298,0.3436,2448.7647136075175
6238.625357771749,0.3639,2183.1792687711886
6238.675371190525,0.4234,1612.694622857416
6238.725384609304,0.4245,1604.347572234197
6238.775398028085,0.3476,2392.730923167858
6238.82541144687,0.3383,2526.0929898501004
6238.885427549419,0.3323,2618.1383988721086
6238.935440968211,0.3804,1997.8947094257392
6238.98545438701,0.3456,2420.504619590853
6239.035467805809,0.4009,1798.7947759891103
6239.0854812246125,0.3916,1885.2472346280906
6239.13549464342,0.4453,1457.9698929329152
6239.185508062233,0.3701,2110.645905701224
6239.235521481048,0.3927,1874.7004444596494
6239.285534899867,0.2758,3800.705538311555
6239.335548318689,0.3862,1938.3362095570217
6239.395564421282,0.3685,2129.0141860864987
6239.445577840112,0.4138,1688.390209023367
6239.495591258947,0.4354,1525.0253131963445
6239.545604677782,0.4228,1617.2750441418718
6239.595618096624,0.3393,2511.2249494128196
6239.645631515468,0.335,2576.105767010457
6239.695644934317,0.3549,2295.310538207344
6239.745658353169,0.3512,2343.9287665060424
6239.795671772024,0.3467,2405.169611882029
6239.845685190885,0.3505,2353.300429020165
6239.895698609747,0.4003,1804.1911437952554
6239.955714712389,0.3671,2145.2838415894075
6240.005728131258,0.3411,2484.791263895161
6240.055741550133,0.3582,2253.2133143220676
6240.10575496901,0.3878,1922.374723419841
6240.155768387893,0.389,1910.5326379014525
6240.205781806778,0.3615,2212.263687129128
6240.255795225666,0.3925,1876.6114490929408
6240.305808644559,0.3818,1983.2696852237361
6240.355822063456,0.3925,1876.6114490929408
6240.405835482356,0.385,1950.4381437467864
6240.455848901258,0.3959,1844.517157173602
6240.515865003948,0.3523,2329.3145788790966
6240.565878422859,0.4032,1778.3313947741817
6240.615891841774,0.3979,1826.0212846940292
6240.665905260693,0.3972,1832.463067160554
6240.715918679615,0.3751,2054.7521938274062
6240.76593209854,0.3474,2395.4867237269227
6240.815945517471,0.3907,1893.9427678121901
6240.865958936404,0.3592,2240.6850814370446
6240.915972355339,0.3275,2695.4460012946774
6240.96598577428,0.3714,2095.896146807121
6241.026001877014,0.3898,1902.6986010800852
6241.076015295961,0.3404,2495.021212025843
6241.1260287149125,0.3583,2251.955768915221
6241.176042133868,0.4087,1730.7904732594866
6241.226055552828,0.3754,2051.469414339503
6241.276068971792,0.3392,2512.705838394334
6241.326082390758,0.3624,2201.2892968228803
6241.376095809726,0.3728,2080.1840375473876
6241.4261092287,0.3994,1812.3313413040241
6241.476122647677,0.3876,1924.3591049780423
6241.5361387504545,0.3542,2304.391851008013
6241.58615216944,0.4236,1611.172139282459
6241.636165588428,0.409,1728.252353728367
6241.686179007421,0.3456,2420.504619590853
6241.736192426417,0.3092,3023.946595945445
6241.786205845417,0.3407,2490.629227149637
6241.836219264418,0.3338,2594.661035047221
6241.886232683426,0.3846,1954.4973165716415
6241.936246102437,0.3761,2043.8401221000856
6241.986259521452,0.4105,1715.6451144653452
6242.036272940469,0.3845,1955.514089727919
6242.096289043295,0.3925,1876.6114490929408
6242.146302462321,0.402,1788.9641182597488
6242.19631588135,0.3493,2369.4974125825297
6242.246329300383,0.359,2243.182354955459
6242.296342719418,0.4141,1685.9447496460987
6242.346356138459,0.4195,1642.819676462769
6242.396369557501,0.3773,2030.8599926789316
6242.44638297655,0.3388,2518.6425130356524
6242.496396395601,0.38,2002.1030062043053
6242.546409814654,0.402,1788.9641182597488
6242.606425917524,0.3729,2079.068510842728
6242.656439336587,0.3783,2020.1374420785146
6242.706452755653,0.2902,3432.8757710723294
6242.756466174722,0.412,1703.1753244769654
6242.806479593796,0.3675,2140.6163901411537
6242.856493012873,0.3693,2119.800203161261
6242.906506431954,0.4072,1743.5653312504053
6242.956519851036,0.371,2100.418023582469
6243.006533270124,0.3192,2837.444726601883
6243.056546689216,0.3487,2377.658683045242
6243.106560108311,0.4112,1709.8088963049827
6243.16657621123,0.4218,1624.9525610317762
6243.216589630333,0.3842,1958.5691742739598
6243.266603049439,0.3732,2075.727309386227
6243.316616468549,0.3753,2052.5627995019286
6243.366629887662,0.3557,2284.9974747311726
6243.4166433067785,0.3703,2108.366596788151
6243.4666567259,0.3581,2254.471913387785
6243.516670145024,0.4094,1724.8768698964814
6243.566683564152,0.3685,2129.0141860864987
6243.616696983285,0.3645,2175.9977825694973
6243.676713086247,0.3377,2535.0772821182322
6243.726726505387,0.3475,2394.1082286720193
6243.776739924531,0.3397,2505.3144658803876
6243.826753343677,0.3298,2657.9815402475456
6243.876766762828,0.3442,2440.2349403294725
6243.926780181983,0.3628,2196.4379853876767
6243.976793601139,0.3949,1853.8706537428716
6244.026807020302,0.3775,2028.7086637892633
6244.076820439466,0.3744,2062.4427241493386
6244.126833858634,0.3826,1974.9845161825187
6244.186849961641,0.3776,2027.634281024108
6244.236863380819,0.4094,1724.8768698964814
6244.286876799999,0.3627,2197.6493086398646
6244.336890219181,0.3485,2380.3884782952873
6244.38690363837,0.3851,1949.4253263786022
6244.43691705756,0.3685,2129.0141860864987
6244.486930476755,0.3489,2374.9335808389724
6244.536943895952,0.3971,1833.386103766989
6244.586957315156,0.3527,2324.034199781522
6244.636970734361,0.379,2012.6821038640855
6244.686984153568,0.3702,2109.5057894734764
6244.747000256625,0.3502,2357.3340698278366
6244.797013675841,0.3375,2538.08269948162
6244.84702709506,0.3754,2051.469414339503
6244.897040514285,0.3693,2119.800203161261
6244.947053933513,0.3682,2132.4849232931597
6244.997067352745,0.3866,1934.3272526188523
6245.0470807719785,0.3967,1837.0852331770348
6245.097094191218,0.384,1960.6098764773408
6245.147107610459,0.4264,1590.08180355032
6245.197121029706,0.3871,1929.3335222662074
6245.247134448955,0.3541,2305.693579744868
6245.307150552058,0.4156,1673.7967836813048
6245.3571639713155,0.441,1486.5405081523327
6245.407177390577,0.3839,1961.631423819002
6245.457190809841,0.3756,2049.2852633588845
6245.507204229109,0.3624,2201.2892968228803
6245.557217648382,0.3346,2582.2686788357832
6245.607231067657,0.3253,2732.027710770497
6245.657244486935,0.3906,1894.9126502279455
6245.707257906218,0.4083,1734.1833393548445
6245.757271325504,0.3566,2273.478143025435
6245.817287428652,0.3558,2283.713230803457
6245.867300847947,0.3787,2015.872186766678
6245.9173142672435,0.407,1745.27932578568
6245.967327686545,0.388,1920.3934096940575
6246.017341105851,0.335,2576.105767010457
6246.067354525158,0.3796,2006.3246133174941
6246.117367944472,0.3891,1909.5507400744634
6246.167381363785,0.3791,2011.6204254990791
6246.217394783106,0.363,2194.0183414663434
6246.267408202428,0.3791,2011.6204254990791
6246.327424305621,0.3974,1830.619083924156
6246.377437724952,0.3644,2177.1922339318385
6246.427451144286,0.3902,1898.7996395482967
6246.477464563624,0.3855,1945.3819356657482
6246.527477982965,0.4131,1694.1170142784895
6246.577491402311,0.3857,1943.364956129773
6246.627504821659,0.3523,2329.3145788790966
6246.677518241011,0.3445,2435.9867568435116
6246.727531660367,0.3465,2407.9469357483654
6246.777545079727,0.3924,1877.5680473524706
6246.827558499091,0.3613,2214.7135845742146
6246.887574602332,0.3437,2447.3399819489714
6246.937588021703,0.3445,2435.9867568435116
6246.987601441079,0.3741,2065.751888814074
6247.037614860457,0.3141,2930.334907312073
6247.087628279838,0.3473,2396.8664097028172
6247.137641699224,0.3661,2157.0194760110217
6247.187655118612,0.3513,2342.5945288240523
6247.237668538006,0.3882,1918.4151574801695
6247.287681957402,0.3897,1903.6752178832025
6247.337695376802,0.4013,1795.2106368129657
6247.3977114800855,0.4082,1735.0331147141287
6247.447724899495,0.3335,2599.331176448008
6247.497738318905,0.4117,1705.6583826132187
6247.547751738321,0.3851,1949.4253263786022
6247.5977651577405,0.4318,1550.5601176528533
6247.647778577162,0.3634,2189.191033121392
6247.6977919965875,0.3485,2380.3884782952873
6247.747805416019,0.3644,2177.1922339318385
6247.79781883545,0.3427,2461.6434747637713
6247.847832254887,0.3365,2553.190256279398
6247.897845674328,0.3976,1828.7778826517167
6247.957861777661,0.3958,1845.4493176117253
6248.007875197109,0.3589,2244.4325575807375
6248.057888616562,0.3679,2135.964154461207
6248.107902036018,0.3995,1811.4241573335592
6248.157915455477,0.3903,1897.8267717404078
6248.207928874937,0.3361,2559.2710702149475
6248.257942294405,0.3999,1807.802224463103
6248.3079557138735,0.3807,1994.747188112788
6248.357969133349,0.4,1806.898438597692
6248.407982552825,0.3855,1945.3819356657482
6248.467998656202,0.3887,1913.4828797282187
6248.518012075687,0.4099,1720.6714035480557
6248.568025495177,0.4092,1726.5633744681006
6248.618038914668,0.3318,2626.0350329119256
6248.668052334163,0.3689,2124.3997015734567
6248.718065753662,0.4252,1599.069509019047
6248.7680791731655,0.3265,2711.9823903245538
6248.818092592673,0.3596,2235.703028828337
6248.8681060121835,0.3454,2423.308555191042
6248.918119431697,0.3899,1901.7227356150438
6248.978135535117,0.3538,2309.6053908218355
6249.0281489546405,0.3587,2246.936100385294
6249.078162374166,0.3924,1877.5680473524706
6249.128175793693,0.4097,1722.351742513086
6249.178189213226,0.4134,1691.659106850523
6249.228202632763,0.4038,1773.0505454423383
6249.278216052303,0.4198,1640.4725176751188
6249.328229471846,0.4288,1572.332233472255
6249.378242891391,0.4214,1628.0388826597073
6249.428256310942,0.3795,2007.382101413976
6249.478269730496,0.4068,1746.9958489516641
6249.538285833967,0.3421,2470.2858423931016
6249.588299253528,0.3487,2377.658683045242
6249.638312673094,0.3976,1828.7778826517167
6249.688326092664,0.405,1762.5591709891628
6249.738339512235,0.3883,1917.4271774694726
6249.788352931814,0.3525,2326.6721423670965
6249.838366351393,0.3484,2381.7551391800093
6249.888379770976,0.3526,2325.352609970714
6249.938393190563,0.4046,1766.0459254537939
6249.988406610156,0.3796,2006.3246133174941
6250.048422713667,0.3791,2011.6204254990791
6250.098436133268,0.4108,1713.1402247548112
6250.148449552869,0.3878,1922.374723419841
6250.198462972476,0.3968,1836.1594019688443
6250.248476392086,0.3997,1809.6118316575855
6250.298489811697,0.3785,2018.0031241014685
6250.348503231314,0.3586,2248.1894428981886
6250.398516650935,0.3467,2405.169611882029
6250.448530070558,0.408,1736.7345403154252
6250.4985434901855,0.3901,1899.773255618172
6250.548556909816,0.4023,1786.2970151298434
6250.608573013378,0.405,1762.5591709891628
6250.658586433019,0.3873,1927.3414433674484
6250.708599852661,0.3864,1936.33017482
6250.758613272306,0.3925,1876.6114490929408
6250.808626691955,0.4261,1592.3216127394055
6250.85864011161,0.4104,1716.4812986535158
6250.908653531267,0.3788,2014.8079836094234
6250.958666950928,0.3505,2353.300429020165
6251.008680370592,0.4466,1449.4943083244016
6251.058693790258,0.4266,1588.591221886647
6251.118709893866,0.3358,2563.845948096232
6251.168723313541,0.3052,3103.730415652919
6251.21873673322,0.3606,2223.320350682925
6251.2687501529035,0.3702,2109.5057894734764
6251.31876357259,0.3683,2131.3270684840286
6251.36877699228,0.3683,2131.3270684840286
6251.418790411973,0.3431,2455.9070681973785
6251.46880383167,0.3747,2059.141504634975
6251.518817251371,0.3388,2518.6425130356524
6251.568830671075,0.3767,2037.3345515817198
6251.628846774725,0.3983,1822.3555055380702
6251.678860194437,0.3244,2747.207909061649
6251.7288736141545,0.3248,2740.445574502867
6251.778887033873,0.3601,2229.4987947586155
6251.828900453596,0.3864,1936.33017482
6251.878913873322,0.3469,2402.3970902904284
6251.928927293054,0.3832,1968.804662761384
6251.978940712787,0.3963,1840.7955692080818
6252.028954132525,0.348,2387.233569322542
6252.0789675522665,0.3559,2282.4300692527218
6252.128980972011,0.3412,2483.3349802737002
6252.188997075709,0.372,2089.1406620234047
6252.239010495463,0.3292,2667.6792158382887
6252.289023915218,0.3582,2253.2133143220676
6252.339037334977,0.3787,2015.872186766678
6252.389050754741,0.3322,2619.7148736318186
6252.4390641745085,0.3938,1864.2419114958523
6252.489077594279,0.3988,1817.7887840177793
6252.539091014052,0.3747,2059.141504634975
6252.5891044338305,0.4425,1476.4793718814794
6252.639117853612,0.4013,1795.2106368129657
6252.699133957354,0.3656,2162.923438138976
6252.749147377144,0.3326,2613.417503308107
6252.799160796934,0.3233,2765.9339235697335
6252.849174216733,0.3787,2015.872186766678
6252.899187636533,0.3825,1976.0173201142304
6252.949201056336,0.3109,2990.9672580260044
6252.999214476144,0.3278,2690.5145717148553
6253.049227895954,0.3414,2480.4262511429374
6253.099241315768,0.3808,1993.6996670855497
6253.1492547355865,0.3737,2070.1765116067954
6253.199268155408,0.3576,2260.7807548672413
6253.2592842591985,0.3816,1985.349123599025
6253.309297679028,0.3582,2253.2133143220676
6253.359311098861,0.3478,2389.9798753406135
6253.409324518698,0.3208,2809.2117091073246
6253.459337938537,0.4295,1567.2112411630883
6253.509351358382,0.3634,2189.191033121392
6253.559364778228,0.419,1646.7428171636127
6253.60937819808,0.3763,2041.6681406465148
6253.6593916179345,0.3364,2554.7084264051755
6253.709405037792,0.4175,1658.5969279133433
6253.769421141628,0.3694,2118.6526625324227
6253.819434561494,0.3887,1913.4828797282187
6253.869447981364,0.3938,1864.2419114958523
6253.919461401236,0.3672,2144.115548622573
6253.969474821112,0.4512,1420.0897400361598
6254.019488240993,0.3869,1931.3286912480658
6254.069501660878,0.3419,2473.1767474882545
6254.119515080765,0.401,1797.8977355887505
6254.169528500656,0.4092,1726.5633744681006
6254.219541920551,0.3557,2284.9974747311726
6254.269555340449,0.3853,1947.4020569059585
6254.329571444333,0.3686,2127.8591564530993
6254.3795848642385,0.3582,2253.2133143220676
6254.429598284149,0.4032,1778.3313947741817
6254.479611704062,0.3922,1879.483439483877
6254.529625123979,0.3539,2308.3003484036926
6254.5796385439,0.3797,2005.2679606274278
6254.629651963824,0.3709,2101.550779317474
6254.679665383751,0.3365,2553.190256279398
6254.729678803683,0.3316,2629.2036927881763
6254.779692223618,0.4007,1800.590872018783
6254.839708327545,0.3792,2010.5595869565177
6254.889721747488,0.414,1686.7593121064167
6254.939735167435,0.3456,2420.504619590853
6254.989748587385,0.3355,2568.4331038266832
6255.039762007338,0.3497,2364.0798878825817
6255.0897754272955,0.3761,2043.8401221000856
6255.139788847256,0.3416,2477.522629510481
6255.18980226722,0.3705,2106.0909780572824
6255.23981568719,0.4481,1439.8063032998894
6255.289829107161,0.3638,2184.379638929639
6255.339842527135,0.2835,3597.0519198374186
6255.39985863111,0.3347,2580.7258791899517
6255.449872051094,0.3612,2215.9400596730707
6255.499885471081,0.3843,1957.5500177523847
6255.5498988910695,0.3357,2565.3736336334237
6255.599912311064,0.3876,1924.3591049780423
6255.649925731061,0.3132,2947.200055447972
6255.699939151063,0.3547,2297.8997134840847
6255.749952571066,0.3452,2426.1173657732556
6255.799965991075,0.3903,1897.8267717404078
6255.849979411088,0.386,1940.3453632824219
6255.909995515106,0.3419,2473.1767474882545
6255.960008935125,0.3571,2267.116115134762
6256.010022355148,0.299,3233.781075064842
6256.0600357751755,0.4108,1713.1402247548112
6256.110049195206,0.4227,1618.0403446008854
6256.16006261524,0.3564,2276.030454654133
6256.210076035277,0.3566,2273.478143025435
6256.260089455317,0.3546,2299.1959443043597
6256.310102875363,0.3753,2052.5627995019286
6256.360116295413,0.4379,1507.6621182269616
6256.420132399475,0.4301,1562.841705371075
6256.47014581953,0.3567,2272.2035968583014
6256.52015923959,0.3827,1973.9525217618798
6256.570172659654,0.3788,2014.8079836094234
6256.620186079721,0.3499,2361.378090236533
6256.670199499792,0.3735,2072.394155762232
6256.720212919865,0.356,2281.1479888629856
6256.770226339943,0.2981,3253.336838932291
6256.820239760025,0.3539,2308.3003484036926
6256.87025318011,0.4327,1544.1166252145536
6256.9202666001975,0.4129,1695.7585964596465
6256.980282704309,0.3442,2440.2349403294725
6257.030296124406,0.3787,2015.872186766678
6257.080309544504,0.4136,1690.0234724111947
6257.130322964608,0.4397,1495.3435785814756
6257.180336384716,0.4343,1532.7602816650608
6257.230349804826,0.3251,2735.390195750269
6257.28036322494,0.3683,2131.3270684840286
6257.33037664506,0.3456,2420.504619590853
6257.380390065179,0.3931,1870.8871819270046
6257.430403485305,0.4034,1776.5684932839804
6257.4904195894605,0.3974,1830.619083924156
6257.540433009593,0.3968,1836.1594019688443
6257.590446429729,0.4022,1787.185386407062
6257.640459849869,0.4019,1789.8544801553628
6257.690473270014,0.3557,2284.9974747311726
6257.740486690161,0.3333,2602.451612392034
6257.790500110311,0.3814,1987.431834095056
6257.840513530465,0.3485,2380.3884782952873
6257.890526950623,0.3944,1858.5741047270574
6257.940540370785,0.3817,1984.3089958248834
6257.990553790952,0.3725,2083.536009799758
6258.050569895153,0.346,2414.9113282696926
6258.100583315327,0.3794,2008.4404257977524
6258.150596735503,0.3896,1904.6525867958887
6258.2006101556835,0.3341,2590.0034684065104
6258.250623575867,0.3577,2259.516869812723
6258.300636996055,0.3723,2085.7751610749897
6258.350650416245,0.3752,2053.6570590203905
6258.400663836441,0.4127,1697.402565812021
6258.450677256638,0.4101,1718.9935224105268
6258.500690676841,0.3694,2118.6526625324227
6258.560706781087,0.3368,2548.643856803184
6258.610720201297,0.3527,2324.034199781522
6258.660733621509,0.3708,2102.684451642622
6258.710747041726,0.3809,1992.6529709840925
6258.760760461945,0.4097,1722.351742513086
6258.81077388217,0.3437,2447.3399819489714
6258.8607873023975,0.3372,2542.6008564321874
6258.910800722629,0.3946,1856.6905787310593
6258.9608141428635,0.4201,1638.1303855085825
6259.010827563102,0.3071,3065.4443438132353
6259.060840983344,0.394,1862.3497652781
6259.120857087639,0.3432,2454.4760995965175
6259.170870507887,0.3635,2187.986695357667
6259.220883928141,0.414,1686.7593121064167
6259.270897348399,0.4329,1542.6901929034786
6259.320910768659,0.439,1500.1161191190156
6259.370924188923,0.3504,2354.6438248609666
6259.42093760919,0.3669,2147.6232939706456
6259.4709510294615,0.379,2012.6821038640855
6259.520964449737,0.3786,2016.9372333002268
6259.570977870016,0.3775,2028.7086637892633
6259.630993974353,0.3649,2171.229793155314
6259.681007394638,0.4058,1755.6165688450542
6259.731020814929,0.3586,2248.1894428981886
6259.781034235222,0.3905,1895.8832778453223
6259.83104765552,0.3386,2521.618743290045
6259.881061075819,0.3197,2828.576359284631
6259.931074496125,0.3547,2297.8997134840847
6259.9810879164315,0.4323,1546.9754314560896
6260.031101336744,0.3806,1995.795534932892
6260.0811147570585,0.3503,2355.9883713587005
6260.141130861441,0.4159,1671.3829499455978
6260.191144281763,0.4383,1504.9115442409377
6260.2411577020885,0.3848,1952.4661478455794
6260.291171122421,0.4081,1735.8835148301287
6260.341184542753,0.4169,1663.3744375277597
6260.391197963089,0.3236,2760.80788535653
6260.4412113834305,0.3338,2594.661035047221
6260.491224803775,0.372,2089.1406620234047
6260.541238224123,0.3691,2122.098083164365
6260.591251644474,0.3541,2305.693579744868
6260.641265064828,0.3577,2259.516869812723
6260.701281169259,0.4221,1622.6435755859268
6260.751294589622,0.4451,1459.2804246569701
6260.801308009988,0.352,2333.28668210898
6260.851321430358,0.3834,1966.7511562215564
6260.901334850732,0.3088,3031.7857029541333
6260.951348271108,0.3355,2568.4331038266832
6261.00136169149,0.3785,2018.0031241014685
6261.051375111873,0.4258,1594.5661577988085
6261.101388532261,0.3947,1855.7498892589942
6261.151401952653,0.4203,1636.5717495464633
6261.211418057128,0.4207,1633.4611437181522
6261.261431477526,0.3695,2117.506053472381
6261.3114448979295,0.3854,1946.3916031652084
6261.361458318335,0.3102,3004.481330371981
6261.4114717387465,0.3996,1810.5176543452153
6261.461485159159,0.3389,2517.156373470811
6261.511498579576,0.3122,2966.110437488179
6261.561511999997,0.3675,2140.6163901411537
6261.611525420422,0.3682,2132.4849232931597
6261.661538840849,0.3218,2791.77952659946
6261.71155226128,0.4171,1661.7796433236067
6261.771568365803,0.3804,1997.8947094257392
6261.821581786242,0.3218,2791.77952659946
6261.871595206685,0.3404,2495.021212025843
6261.921608627132,0.4068,1746.9958489516641
6261.971622047581,0.3408,2489.1678090088426
6262.021635468036,0.37,2111.7869464699515
6262.071648888494,0.3725,2083.536009799758
6262.121662308954,0.3623,2202.504636051701
6262.171675729418,0.3514,2341.261430052732
6262.221689149884,0.364,2181.979887790184
6262.281705254452,0.3471,2399.629359908445
6262.331718674928,0.3646,2174.8043138875814
6262.381732095406,0.3544,2301.791698492181
6262.43174551589,0.3587,2246.936100385294
6262.4817589363765,0.374,2066.8567136985607
6262.531772356867,0.4134,1691.659106850523
6262.58178577736,0.4169,1663.3744375277597
6262.631799197857,0.3363,2556.227951028111
6262.681812618358,0.3683,2131.3270684840286
6262.731826038862,0.3801,2001.0496863542671
6262.791842143473,0.3501,2358.6809215847215
6262.841855563985,0.3776,2027.634281024108
6262.891868984501,0.3777,2026.5607515057263
6262.94188240502,0.3535,2313.527165445317
6262.991895825544,0.3552,2291.4349727035883
6263.04190924607,0.3315,2630.7901738263845
6263.0919226666,0.3549,2295.310538207344
6263.141936087134,0.393,1871.8394060728365
6263.19194950767,0.3854,1946.3916031652084
6263.241962928211,0.4594,1369.8468781255021
6263.291976348754,0.4302,1562.1152263231425
6263.351992453414,0.3792,2010.5595869565177
6263.402005873965,0.3781,2022.275147852596
6263.452019294521,0.3978,1826.939457749959
6263.502032715081,0.3987,1818.7007540143074
6263.552046135645,0.3539,2308.3003484036926
6263.6020595562095,0.374,2066.8567136985607
6263.652072976781,0.3926,1875.6555817101225
6263.702086397355,0.4144,1683.5045994178975
6263.7520998179325,0.348,2387.233569322542
6263.802113238511,0.3512,2343.9287665060424
6263.852126659097,0.339,2515.67154887586
6263.912142763802,0.3689,2124.3997015734567
6263.962156184393,0.3614,2213.488127434972
6264.012169604991,0.3901,1899.773255618172
6264.06218302559,0.3461,2413.5160347256206
6264.112196446193,0.3318,2626.0350329119256
6264.1622098667995,0.363,2194.0183414663434
6264.212223287409,0.3768,2036.253310180896
6264.262236708023,0.4254,1597.5662745536467
6264.312250128639,0.3951,1851.9942713096439
6264.362263549261,0.3451,2427.523602714951
6264.422279654011,0.3525,2326.6721423670965
6264.472293074638,0.3866,1934.3272526188523
6264.522306495272,0.4118,1704.830093568167
6264.572319915907,0.3691,2122.098083164365
6264.622333336547,0.3919,1882.36202792012
6264.67234675719,0.3931,1870.8871819270046
6264.722360177835,0.3426,2463.080716764135
6264.772373598487,0.3209,2807.4611542619377
6264.822387019139,0.3333,2602.451612392034
6264.872400439797,0.3647,2173.6118268084447
6264.9324165445905,0.3584,2250.6992759914538
6264.982429965255,0.343,2457.3392885530625
6265.032443385924,0.3592,2240.6850814370446
6265.082456806596,0.3719,2090.2643059691045
6265.132470227272,0.3982,1823.2709147555813
6265.182483647953,0.3027,3155.209387173519
6265.232497068634,0.3004,3203.709644400348
6265.282510489321,0.3146,2921.027860306146
6265.332523910011,0.2794,3703.394561046866
6265.382537330704,0.3543,2303.0912243383464
6265.432550751402,0.4007,1800.590872018783
6265.492566856244,0.3871,1929.3335222662074
6265.54258027695,0.3816,1985.349123599025
6265.592593697656,0.3662,2155.841584654657
6265.642607118369,0.2792,3708.7021652273843
6265.692620539085,0.3199,2825.0406502301144
6265.742633959804,0.3734,2073.504314362907
6265.792647380528,0.386,1940.3453632824219
6265.842660801253,0.3879,1921.3836834733113
6265.892674221983,0.3943,1859.5169427032913
6265.942687642716,0.3804,1997.8947094257392
6266.002703747603,0.3778,2025.4880743308552
6266.052717168343,0.3128,2954.742446804613
6266.102730589089,0.3637,2185.5809993535872
6266.152744009838,0.343,2457.3392885530625
6266.20275743059,0.3944,1858.5741047270574
6266.252770851346,0.3412,2483.3349802737002
6266.302784272104,0.3756,2049.2852633588845
6266.352797692868,0.331,2638.7441593716403
6266.402811113633,0.401,1797.8977355887505
6266.452824534404,0.4263,1590.8278812283436
6266.502837955177,0.3712,2098.1552579328786
6266.562854060111,0.3649,2171.229793155314
6266.6128674808915,0.3658,2160.5589479883633
6266.662880901677,0.3123,2964.211221310571
6266.712894322465,0.3374,2539.5874127587376
6266.762907743256,0.3381,2529.082439903642
6266.812921164053,0.3271,2702.0423591977856
6266.862934584851,0.3255,2728.671421996306
6266.9129480056545,0.3463,2410.729072986512
6266.9629614264595,0.365,2170.040244433403
6267.012974847271,0.3352,2573.032581379949
6267.072990952247,0.3466,2406.5576728380383
6267.123004373066,0.4427,1475.1456085913833
6267.173017793885,0.3949,1853.8706537428716
6267.223031214712,0.3802,1999.9971975236017
6267.273044635541,0.3958,1845.4493176117253
6267.32305805637,0.3772,2031.9369406159624
6267.373071477207,0.3634,2189.191033121392
6267.423084898047,0.3722,2086.8960905490126
6267.473098318889,0.3304,2648.3366488844194
6267.523111739735,0.3554,2288.856712961658
6267.583127844757,0.3833,1967.7775076845696
6267.63314126561,0.3998,1808.7066885901158
6267.683154686468,0.3361,2559.2710702149475
6267.733168107328,0.3513,2342.5945288240523
6267.783181528194,0.3705,2106.0909780572824
6267.833194949062,0.3868,1932.3274365177497
6267.883208369934,0.3851,1949.4253263786022
6267.93322179081,0.3487,2377.658683045242
6267.983235211689,0.3648,2172.4203202559206
6268.0332486325715,0.3583,2251.955768915221
6268.083262053458,0.3616,2211.040262532027
6268.1432781585245,0.2927,3374.484863011275
6268.19329157942,0.3446,2434.573160651676
6268.243305000318,0.3617,2209.817852520565
6268.293318421219,0.3535,2313.527165445317
6268.343331842123,0.3693,2119.800203161261
6268.393345263031,0.3495,2366.786325121566
6268.443358683943,0.3118,2973.7255843384537
6268.493372104858,0.324,2753.99530468371
6268.543385525779,0.3881,1919.4039012925232
6268.593398946699,0.373,2077.953881221853
6268.653415051811,0.4093,1725.7198131484984
6268.7034284727415,0.4032,1778.3313947741817
6268.7534418936775,0.3766,2038.4166544127675
6268.803455314614,0.3614,2213.488127434972
6268.853468735555,0.3769,2035.172929296195
6268.9034821565,0.3253,2732.027710770497
6268.953495577448,0.3388,2518.6425130356524
6269.003508998399,0.3657,2161.7407081408583
6269.053522419354,0.2845,3571.80961675983
6269.103535840312,0.3347,2580.7258791899517
6269.153549261275,0.3787,2015.872186766678
6269.213565366435,0.3709,2101.550779317474
6269.263578787404,0.357,2268.386382521974
6269.31359220838,0.3653,2166.4774578296524
6269.363605629357,0.3891,1909.5507400744634
6269.41361905034,0.4161,1669.7766271799992
6269.463632471322,0.3634,2189.191033121392
6269.513645892312,0.3577,2259.516869812723
6269.563659313301,0.4291,1570.1344535607302
6269.613672734298,0.357,2268.386382521974
6269.663686155296,0.3483,2383.1229773714845
6269.723702260499,0.3963,1840.7955692080818
6269.773715681506,0.3959,1844.517157173602
6269.823729102515,0.3644,2177.1922339318385
6269.87374252353,0.352,2333.28668210898
6269.923755944546,0.393,1871.8394060728365
6269.973769365568,0.3605,2224.5539831644073
6270.023782786592,0.3415,2478.973802637167
6270.07379620762,0.4511,1420.719420370574
6270.1238096286515,0.3947,1855.7498892589942
6270.173823049687,0.3781,2022.275147852596
6270.233839154935,0.3749,2056.9450930434
6270.283852575977,0.3709,2101.550779317474
6270.333865997024,0.3724,2084.6551344817067
6270.383879418073,0.3699,2112.9289127795655
6270.433892839126,0.3872,1928.3370969554433
6270.483906260184,0.4065,1749.5753857724062
6270.533919681246,0.4256,1596.0651588068135
6270.583933102309,0.4243,1605.8603904341724
6270.633946523376,0.4287,1573.065852295999
6270.683959944447,0.4387,1502.1684906020266
6270.7339733655235,0.3887,1913.4828797282187
6270.793989470819,0.3634,2189.191033121392
6270.844002891899,0.3913,1888.1390799117744
6270.894016312986,0.3942,1860.4604983014183
6270.944029734075,0.4621,1353.8859458836246
6270.9940431551695,0.407,1745.27932578568
6271.044056576267,0.3367,2550.1579730841986
6271.094069997367,0.2865,3522.115652536298
6271.1440834184705,0.3411,2484.791263895161
6271.194096839579,0.3906,1894.9126502279455
6271.24411026069,0.3687,2126.7050665022534
6271.294123681806,0.3591,2241.933196628479
6271.354139787149,0.3571,2267.116115134762
6271.40415320827,0.3361,2559.2710702149475
6271.454166629396,0.427,1585.6163395743351
6271.504180050526,0.318,2858.8997412394115
6271.554193471659,0.4955,1177.5160247540905
6271.604206892795,0.3409,2487.707676757897
6271.654220313936,0.3222,2784.852058134017
6271.70423373508,0.3103,3002.545147628981
6271.754247156229,0.3391,2514.1880376999047
6271.804260577379,0.3938,1864.2419114958523
6271.864276682764,0.4238,1609.6518106683934
6271.914290103924,0.402,1788.9641182597488
6271.964303525086,0.3617,2209.817852520565
6272.014316946253,0.3205,2814.4732087007897
6272.0643303674215,0.3352,2573.032581379949
6272.114343788596,0.3241,2752.2960995360236
6272.164357209772,0.3047,3113.924924215146
6272.214370630952,0.3361,2559.2710702149475
6272.264384052137,0.3332,2604.01393791637
6272.314397473322,0.3624,2201.2892968228803
6272.374413578754,0.3873,1927.3414433674484
6272.424426999946,0.3833,1967.7775076845696
6272.474440421146,0.3848,1952.4661478455794
6272.5244538423485,0.3531,2318.771755680467
6272.574467263555,0.4193,1644.3872486613288
6272.6244806847635,0.3897,1903.6752178832025
6272.674494105977,0.3426,2463.080716764135
6272.724507527193,0.3449,2430.339746982105
6272.774520948413,0.3573,2264.5787792710676
6272.824534369636,0.3579,2256.992277207209
6272.88455047511,0.3952,1851.0571481946283
6272.93456389634,0.4238,1609.6518106683934
6272.984577317576,0.3693,2119.800203161261
6273.034590738814,0.2981,3253.336838932291
6273.084604160058,0.3513,2342.5945288240523
6273.134617581301,0.3188,2844.5694841760833
6273.184631002551,0.348,2387.233569322542
6273.234644423805,0.3838,1962.6537697623492
6273.284657845061,0.3965,1838.9389975381976
6273.334671266321,0.3661,2157.0194760110217
6273.384684687585,0.3071,3065.4443438132353
6273.444700793105,0.3324,2616.5633467052435
6273.4947142143765,0.3786,2016.9372333002268
6273.544727635651,0.3509,2347.9383260024315
6273.594741056928,0.3408,2489.1678090088426
6273.64475447821,0.3539,2308.3003484036926
6273.694767899497,0.4116,1706.4872754393534
6273.7447813207855,0.3769,2035.172929296195
6273.794794742077,0.3367,2550.1579730841986
6273.844808163373,0.3556,2286.2828022535564
6273.894821584674,0.3618,2208.596455973193
6273.944835005977,0.3673,2142.9482097510904
6274.004851111545,0.3839,1961.631423819002
6274.054864532856,0.3934,1868.0348650838
6274.104877954172,0.3647,2173.6118268084447
6274.154891375489,0.333,2607.1428125104226
6274.20490479681,0.4218,1624.9525610317762
6274.254918218136,0.4371,1513.1859374282647
6274.304931639465,0.4029,1780.980671098687
6274.354945060798,0.3833,1967.7775076845696
6274.404958482133,0.3382,2527.587051931618
6274.454971903471,0.3493,2369.4974125825297
6274.514988009084,0.3358,2563.845948096232
6274.565001430432,0.3745,2061.3414361071837
6274.615014851782,0.3899,1901.7227356150438
6274.665028273138,0.3956,1847.315759617881
6274.715041694493,0.4525,1411.9418473790408
6274.765055115856,0.3208,2809.2117091073246
6274.81506853722,0.3867,1933.3269567073844
6274.865081958589,0.3583,2251.955768915221
6274.915095379963,0.4014,1794.3162758030503
6274.965108801337,0.4018,1790.745506911955
6275.025124906993,0.3537,2310.9115402995226
6275.075138328377,0.4057,1756.482148637624
6275.125151749765,0.3741,2065.751888814074
6275.175165171154,0.3599,2231.977385560347
6275.225178592547,0.3877,1923.3665303242196
6275.275192013946,0.3689,2124.3997015734567
6275.325205435347,0.3875,1925.3524481739246
6275.375218856751,0.4582,1377.0313617043578
6275.4252322781595,0.4494,1431.4883825370425
6275.475245699571,0.3158,2898.87103539473
6275.525259120988,0.2784,3730.0470928168825
6275.585275226691,0.3551,2292.725736524714
6275.6352886481145,0.3735,2072.394155762232
6275.685302069542,0.4159,1671.3829499455978
6275.735315490971,0.4668,1326.7599132152418
6275.785328912406,0.4351,1527.1290331077084
6275.835342333842,0.3743,2063.5448949851398
6275.885355755284,0.4166,1665.7709368353176
6275.935369176727,0.4899,1204.5899758828084
6275.985382598175,0.3987,1818.7007540143074
6276.035396019627,0.4136,1690.0234724111947
6276.085409441082,0.3955,1848.2500426163272
6276.145425546833,0.3616,2211.040262532027
6276.195438968297,0.3011,3188.8309827210774
6276.245452389763,0.3727,2081.3004622987555
6276.295465811233,0.3702,2109.5057894734764
6276.3454792327075,0.3425,2464.519217842696
6276.395492654185,0.3254,2730.3487928097175
6276.4455060756645,0.3231,2769.359217805502
6276.49551949715,0.3492,2370.8547034761564
6276.545532918638,0.3657,2161.7407081408583
6276.595546340128,0.3277,2692.156876795004
6276.655562445922,0.3696,2116.360374973083
6276.705575867422,0.3648,2172.4203202559206
6276.755589288925,0.3624,2201.2892968228803
6276.80560271043,0.3674,2141.7818239363496
6276.85561613194,0.3622,2203.720982047752
6276.905629553455,0.3603,2227.0243303447905
6276.955642974971,0.3581,2254.471913387785
6277.005656396491,0.3592,2240.6850814370446
6277.055669818014,0.3621,2204.938335923328
6277.105683239543,0.3664,2153.4886945680596
6277.165699345382,0.382,1981.1935121183908
6277.215712766914,0.4008,1799.6924879089784
6277.265726188453,0.3825,1976.0173201142304
6277.315739609997,0.3961,1842.6549538580014
6277.365753031544,0.4192,1645.1718762658281
6277.415766453094,0.3519,2334.612974565164
6277.465779874645,0.4172,1660.9831061699726
6277.515793296203,0.4378,1508.350939999413
6277.565806717763,0.3988,1817.7887840177793
6277.615820139327,0.3429,2458.7727621239756
6277.675836245208,0.3552,2291.4349727035883
6277.725849666778,0.3968,1836.1594019688443
6277.775863088355,0.4052,1760.8196647321945
6277.825876509933,0.4226,1618.8061884029125
6277.875889931515,0.4146,1681.8807745402341
6277.925903353101,0.3776,2027.634281024108
6277.975916774691,0.3194,2833.8923816033157
6278.025930196283,0.4181,1653.8399715753246
6278.075943617878,0.402,1788.9641182597488
6278.1259570394795,0.4358,1522.227108619736
6278.175970461082,0.3559,2282.4300692527218
6278.2359865670105,0.3181,2857.1025445179766
6278.285999988623,0.3032,3144.811638469193
6278.336013410236,0.3074,3059.463982285079
6278.386026831856,0.3764,2040.5834480280228
6278.436040253477,0.4166,1665.7709368353176
6278.486053675102,0.3353,2571.498050381584
6278.536067096731,0.3327,2611.846708663293
6278.586080518365,0.349,2373.5727862662065
6278.636093939999,0.3603,2227.0243303447905
6278.686107361641,0.3925,1876.6114490929408
6278.736120783283,0.3018,3174.0557300440323
6278.796136889259,0.2919,3393.0068085355033
6278.84615031091,0.349,2373.5727862662065
6278.896163732565,0.3983,1822.3555055380702
6278.946177154223,0.4161,1669.7766271799992
6278.996190575885,0.3457,2419.104476384351
6279.046203997549,0.3201,2821.511566467701
6279.096217419217,0.3763,2041.6681406465148
6279.14623084089,0.3727,2081.3004622987555
6279.196244262567,0.343,2457.3392885530625
6279.246257684245,0.3733,2074.6153652520748
6279.306273790265,0.3331,2605.5776707256055
6279.356287211952,0.3781,2022.275147852596
6279.406300633643,0.385,1950.4381437467864
6279.456314055338,0.3628,2196.4379853876767
6279.506327477035,0.3359,2562.3196267628896
6279.556340898735,0.3492,2370.8547034761564
6279.60635432044,0.3199,2825.0406502301144
6279.656367742149,0.2978,3259.8948602664204
6279.706381163862,0.3162,2891.541425499313
6279.756394585575,0.3228,2774.509101648698
6279.816410691639,0.2834,3599.5908569210164
6279.866424113362,0.2642,4141.779579616137
6279.916437535089,0.321,2805.7122351891753
6279.966450956818,0.3564,2276.030454654133
6280.016464378552,0.36,2230.7375737878447
6280.06647780029,0.4302,1562.1152263231425
6280.116491222032,0.3411,2484.791263895161
6280.166504643776,0.4094,1724.8768698964814
6280.216518065524,0.4512,1420.0897400361598
6280.266531487276,0.4256,1596.0651588068135
6280.316544909031,0.3977,1827.8583235035335
6280.376561015141,0.3785,2018.0031241014685
6280.426574436904,0.3726,2082.417786061043
6280.47658785867,0.3668,2148.7944554693545
6280.52660128044,0.351,2346.600663794742
6280.576614702213,0.3353,2571.498050381584
6280.6266281239905,0.3479,2388.60613028687
6280.676641545771,0.3806,1995.795534932892
6280.726654967557,0.3104,3000.6108358891443
6280.776668389343,0.3005,3201.577753602643
6280.826681811134,0.2638,4154.34941720848
6280.886697917289,0.2918,3395.3327691724257
6280.936711339087,0.3389,2517.156373470811
6280.98672476089,0.354,2306.99641179436
6281.036738182696,0.3536,2312.2187980892577
6281.0867516045055,0.3958,1845.4493176117253
6281.136765026317,0.3655,2164.1071390442476
6281.186778448135,0.3533,2316.147233882381
6281.236791869955,0.3688,2125.5519152149254
6281.28680529178,0.3729,2079.068510842728
6281.336818713607,0.3799,2003.157157948818
6281.386832135437,0.391,1891.0375841530777
6281.44684824164,0.3912,1889.1045070992632
6281.496861663478,0.3378,2533.5765748676527
6281.546875085321,0.3701,2110.645905701224
6281.596888507165,0.349,2373.5727862662065
6281.646901929013,0.3814,1987.431834095056
6281.696915350868,0.3677,2138.28837446766
6281.746928772724,0.3173,2871.527733477434
6281.7969421945845,0.3619,2207.3760717699083
6281.846955616446,0.3867,1933.3269567073844
6281.896969038314,0.368,2134.8034652550755
6281.9569851445585,0.2999,3214.4011068621217
6282.006998566434,0.313,2950.9676365737846
6282.0570119883105,0.3283,2682.325544709768
6282.107025410192,0.3018,3174.0557300440323
6282.157038832078,0.3135,2941.562197993522
6282.207052253968,0.335,2576.105767010457
6282.257065675861,0.4142,1685.1307770907742
6282.3070790977545,0.4019,1789.8544801553628
6282.3570925196545,0.3816,1985.349123599025
6282.407105941559,0.4214,1628.0388826597073
6282.467122047847,0.3295,2662.8237559798426
6282.517135469758,0.3524,2327.9927982446325
6282.567148891671,0.3783,2020.1374420785146
6282.617162313591,0.3967,1837.0852331770348
6282.667175735512,0.3912,1889.1045070992632
6282.717189157435,0.3541,2305.693579744868
6282.7672025793645,0.3392,2512.705838394334
6282.817216001296,0.3362,2557.748831759978
6282.867229423232,0.3011,3188.8309827210774
6282.917242845171,0.3001,3210.118108804225
6282.967256267113,0.3476,2392.730923167858
6283.027272373449,0.3475,2394.1082286720193
6283.077285795399,0.351,2346.600663794742
6283.127299217354,0.3928,1873.746036598102
6283.177312639312,0.3457,2419.104476384351
6283.227326061272,0.3449,2430.339746982105
6283.277339483237,0.3681,2133.64372187485
6283.327352905206,0.3298,2657.9815402475456
6283.377366327176,0.3881,1919.4039012925232
6283.427379749151,0.4049,1763.4298909054348
6283.477393171131,0.4151,1677.831476080649
6283.53740927751,0.3536,2312.2187980892577
6283.5874226994965,0.371,2100.418023582469
6283.637436121485,0.3437,2447.3399819489714
6283.687449543479,0.3186,2848.1419303585953
6283.737462965476,0.3214,2798.7328759241436
6283.787476387478,0.3502,2357.3340698278366
6283.837489809482,0.3839,1961.631423819002
6283.887503231488,0.3859,1941.3511117867454
6283.9375166535,0.3943,1859.5169427032913
6283.987530075515,0.3773,2030.8599926789316
6284.037543497532,0.3412,2483.3349802737002
6284.097559603959,0.3765,2039.4996195893573
6284.147573025985,0.3152,2909.9178154661267
6284.197586448014,0.2871,3507.4096001280254
6284.2475998700465,0.3608,2220.856162243556
6284.297613292085,0.329,2670.9235707893313
6284.347626714125,0.278,3740.7887248837624
6284.397640136168,0.2701,3962.812393465017
6284.447653558215,0.3216,2795.252958105642
6284.497666980266,0.3402,2497.955659141786
6284.547680402322,0.3424,2465.9589794705516
6284.607696508791,0.3405,2493.5559271444436
6284.657709930853,0.3491,2372.2131609249773
6284.707723352919,0.3626,2198.861634225426
6284.757736774989,0.3449,2430.339746982105
6284.80775019706,0.3228,2774.509101648698
6284.857763619138,0.3485,2380.3884782952873
6284.907777041216,0.3712,2098.1552579328786
6284.9577904633,0.3774,2029.7839007056514
6285.007803885388,0.3627,2197.6493086398646
6285.057817307476,0.3518,2335.9403981843757
6285.11783341399,0.4374,1511.1109531277311
6285.167846836088,0.4027,1782.7501456516816
6285.217860258189,0.3584,2250.6992759914538
6285.267873680294,0.3351,2574.568486375962
6285.317887102403,0.3558,2283.713230803457
6285.367900524516,0.3638,2184.379638929639
6285.417913946631,0.339,2515.67154887586
6285.46792736875,0.3193,2835.667719699118
6285.517940790874,0.3357,2565.3736336334237
6285.567954212998,0.383,1970.8613871142018
6285.61796763513,0.3952,1851.0571481946283
6285.67798374169,0.3618,2208.596455973193
6285.727997163827,0.3213,2800.4752722486055
6285.778010585969,0.3244,2747.207909061649
6285.828024008114,0.3371,2544.109590006925
6285.878037430261,0.3109,2990.9672580260044
6285.928050852413,0.3658,2160.5589479883633
6285.978064274569,0.3561,2279.8669884199758
6286.028077696728,0.358,2255.7315672898058
6286.07809111889,0.3261,2718.639580993438
6286.128104541055,0.3466,2406.5576728380383
6286.178117963225,0.3788,2014.8079836094234
6286.238134069834,0.3627,2197.6493086398646
6286.2881474920105,0.3287,2675.801211730145
6286.338160914192,0.3495,2366.786325121566
6286.388174336375,0.3755,2050.3769026018344
6286.438187758565,0.3392,2512.705838394334
6286.488201180754,0.3474,2395.4867237269227
6286.53821460295,0.3274,2697.0928243918597
6286.588228025149,0.3791,2011.6204254990791
6286.638241447348,0.3757,2048.194495681852
6286.688254869554,0.3501,2358.6809215847215
6286.748270976206,0.3212,2802.2192962151435
6286.79828439842,0.3366,2551.673439041402
6286.848297820637,0.3709,2101.550779317474
6286.898311242857,0.3383,2526.0929898501004
6286.948324665081,0.3496,2365.432525889354
6286.998338087307,0.372,2089.1406620234047
6287.048351509538,0.3789,2013.7446229382422
6287.098364931773,0.3777,2026.5607515057263
6287.14837835401,0.3679,2135.964154461207
6287.198391776253,0.362,2206.1566987922565
6287.258407882947,0.349,2373.5727862662065
6287.308421305196,0.3688,2125.5519152149254
6287.358434727449,0.405,1762.5591709891628
6287.408448149705,0.3639,2183.1792687711886
6287.458461571965,0.3238,2757.3984391096355
6287.508474994227,0.3629,2195.227663364212
6287.558488416494,0.3897,1903.6752178832025
6287.608501838765,0.4229,1616.5102865120118
6287.658515261038,0.4255,1596.815452089362
6287.708528683316,0.4198,1640.4725176751188
6287.758542105597,0.4129,1695.7585964596465
6287.81855821234,0.3777,2026.5607515057263
6287.868571634628,0.3693,2119.800203161261
6287.918585056919,0.4058,1755.6165688450542
6287.968598479215,0.3927,1874.7004444596494
6288.018611901514,0.3533,2316.147233882381
6288.068625323817,0.3699,2112.9289127795655
6288.118638746123,0.3809,1992.6529709840925
6288.168652168434,0.3684,2130.1701564228733
6288.218665590747,0.3632,2191.6026936424773
6288.268679013064,0.3625,2200.0749632505317
6288.328695119849,0.3865,1935.3283250550714
6288.378708542174,0.3747,2059.141504634975
6288.428721964501,0.419,1646.7428171636127
6288.478735386834,0.4181,1653.8399715753246
6288.528748809169,0.3923,1878.525377234028
6288.578762231508,0.3522,2330.6374855480735
6288.6287756538495,0.3888,1912.498706948371
6288.678789076194,0.3682,2132.4849232931597
6288.728802498544,0.3432,2454.4760995965175
6288.7788159208985,0.4107,1713.974578110514
6288.828829343256,0.3285,2679.060399081914
6288.888845450086,0.3892,1908.5695990068446
6288.9388588724505,0.3229,2772.7908787386436
6288.988872294819,0.3344,2585.358431421523
6289.038885717191,0.3753,2052.5627995019286
6289.088899139564,0.3356,2566.9026850006912
6289.1389125619435,0.3406,2492.0919326906433
6289.188925984324,0.3898,1902.6986010800852
6289.2389394067095,0.3585,2249.4438343766146
6289.288952829098,0.3027,3155.209387173519
6289.338966251491,0.3216,2795.252958105642
6289.398982358367,0.356,2281.1479888629856
6289.4489957807655,0.3366,2551.673439041402
6289.49900920317,0.3208,2809.2117091073246
6289.549022625577,0.3679,2135.964154461207
6289.599036047988,0.3849,1951.4517506288435
6289.649049470403,0.3873,1927.3414433674484
6289.69906289282,0.3646,2174.8043138875814
6289.749076315243,0.3474,2395.4867237269227
6289.799089737666,0.3427,2461.6434747637713
6289.849103160094,0.3739,2067.962425159403
6289.909119267013,0.3297,2659.5941435638515
6289.959132689448,0.354,2306.99641179436
6290.009146111889,0.3721,2088.0179238744804
6290.059159534331,0.3572,2265.8469144491296
6290.109172956779,0.3973,1831.5407274467302
6290.159186379228,0.4062,1752.1606400589749
6290.209199801682,0.3881,1919.4039012925232
6290.25921322414,0.4091,1727.40755445968
6290.309226646599,0.3816,1985.349123599025
6290.359240069064,0.353,2320.0856897444933
6290.409253491531,0.373,2077.953881221853
6290.469269598498,0.4054,1759.0827323373608
6290.5192830209735,0.3994,1812.3313413040241
6290.569296443452,0.3818,1983.2696852237361
6290.619309865934,0.3773,2030.8599926789316
6290.66932328842,0.3812,1989.5178235806018
6290.719336710911,0.3495,2366.786325121566
6290.769350133404,0.3663,2154.6646578579584
6290.8193635559,0.3924,1877.5680473524706
6290.8693769784,0.3605,2224.5539831644073
6290.9193904009035,0.3483,2383.1229773714845
6290.979406507913,0.3591,2241.933196628479
6291.029419930424,0.3506,2351.9581825237005
6291.079433352939,0.3236,2760.80788535653
6291.12944677546,0.3315,2630.7901738263845
6291.179460197979,0.3748,2058.042859323643
6291.229473620505,0.4061,1753.0236649565852
6291.279487043035,0.3952,1851.0571481946283
6291.3295004655665,0.4027,1782.7501456516816
6291.379513888103,0.322,2788.3125652955923
6291.429527310643,0.3609,2219.625604012873
6291.479540733186,0.4051,1761.6890958102108
6291.539556840242,0.3962,1841.7249095555205
6291.589570262794,0.3933,1868.9849121707211
6291.639583685348,0.4097,1722.351742513086
6291.689597107905,0.4136,1690.0234724111947
6291.739610530467,0.3622,2203.720982047752
6291.789623953033,0.3704,2107.228326648041
6291.8396373756,0.4067,1747.855060325814
6291.889650798171,0.3284,2680.692226204096
6291.939664220747,0.3422,2468.842290269278
6291.989677643327,0.3691,2122.098083164365
6292.049693750427,0.327,2703.6952321334998
6292.099707173012,0.3629,2195.227663364212
6292.149720595603,0.4527,1410.6945517427828
6292.199734018197,0.44,1493.3051734821413
6292.249747440794,0.3694,2118.6526625324227
6292.299760863396,0.3664,2153.4886945680596
6292.349774285999,0.3958,1845.4493176117253
6292.399787708608,0.3853,1947.4020569059585
6292.449801131218,0.3658,2160.5589479883633
6292.499814553834,0.3593,2239.438008220025
6292.549827976452,0.3502,2357.3340698278366
6292.609844083599,0.3535,2313.527165445317
6292.6598575062235,0.3585,2249.4438343766146
6292.709870928856,0.3427,2461.6434747637713
6292.759884351489,0.3474,2395.4867237269227
6292.809897774125,0.3827,1973.9525217618798
6292.859911196765,0.399,1815.966900665108
6292.909924619408,0.3818,1983.2696852237361
6292.959938042057,0.371,2100.418023582469
6293.009951464706,0.4011,1797.0013660383067
6293.05996488736,0.4172,1660.9831061699726
6293.11998099455,0.3725,2083.536009799758
6293.169994417213,0.347,2401.012626888559
6293.220007839879,0.3582,2253.2133143220676
6293.270021262547,0.3541,2305.693579744868
6293.320034685219,0.3365,2553.190256279398
6293.370048107895,0.2932,3362.9855584947536
6293.420061530575,0.3319,2624.4528506179636
6293.4700749532585,0.3395,2508.267096248029
6293.520088375944,0.3347,2580.7258791899517
6293.570101798636,0.3055,3097.6377223509267
6293.63011790587,0.346,2414.9113282696926
6293.680131328567,0.3699,2112.9289127795655
6293.730144751268,0.3687,2126.7050665022534
6293.780158173972,0.3541,2305.693579744868
6293.830171596682,0.3534,2314.8366436237484
6293.880185019393,0.288,3485.5226180516383
6293.930198442108,0.3107,2994.8191026088543
6293.980211864827,0.3616,2211.040262532027
6294.03022528755,0.3645,2175.9977825694973
6294.080238710277,0.3216,2795.252958105642
6294.130252133006,0.3498,2362.728409773569
6294.190268240287,0.3518,2335.9403981843757
6294.240281663024,0.3578,2258.254044320723
6294.290295085765,0.347,2401.012626888559
6294.340308508509,0.3809,1992.6529709840925
6294.390321931255,0.3482,2384.491994222352
6294.440335354007,0.3477,2391.3548058461597
6294.490348776763,0.3622,2203.720982047752
6294.540362199521,0.381,1991.6070989424677
6294.590375622284,0.3348,2579.184461770484
6294.640389045047,0.2841,3581.8745558664605
6294.700405152372,0.2662,4079.7779983063315
6294.750418575144,0.3313,2633.967446762326
6294.800431997921,0.37,2111.7869464699515
6294.8504454207,0.332,2622.872097787167
6294.900458843485,0.3509,2347.9383260024315
6294.950472266272,0.3356,2566.9026850006912
6295.000485689063,0.3713,2097.0252460466118
6295.050499111859,0.3742,2064.6479495583703
6295.100512534655,0.3907,1893.9427678121901
6295.150525957455,0.3279,2688.8737689673976
6295.200539380261,0.3586,2248.1894428981886
6295.260555487632,0.3829,1971.8909580718366
6295.310568910444,0.3786,2016.9372333002268
6295.360582333259,0.3337,2596.2163494187025
6295.41059575608,0.3652,2167.6640778401247
6295.460609178903,0.3663,2154.6646578579584
6295.51062260173,0.3531,2318.771755680467
6295.560636024559,0.3366,2551.673439041402
6295.6106494473925,0.3226,2777.9503422464654
6295.66066287023,0.3429,2458.7727621239756
6295.710676293071,0.3644,2177.1922339318385
6295.770692400484,0.3671,2145.2838415894075
6295.820705823332,0.3649,2171.229793155314
6295.870719246184,0.3546,2299.1959443043597
6295.92073266904,0.3554,2288.856712961658
6295.970746091898,0.3418,2474.62410342551
6296.02075951476,0.3166,2884.2395791753224
6296.070772937625,0.3351,2574.568486375962
6296.120786360496,0.3824,1977.0509344038917
6296.170799783369,0.4087,1730.7904732594866
6296.220813206244,0.3624,2201.2892968228803
6296.270826629124,0.3398,2503.8401054038045
6296.330842736586,0.3234,2764.223659042831
6296.380856159472,0.3296,2661.208214880497
6296.430869582365,0.3977,1827.8583235035335
6296.480883005259,0.3873,1927.3414433674484
6296.530896428158,0.3562,2278.5870667111258
6296.580909851059,0.3535,2313.527165445317
6296.630923273965,0.3819,1982.2311909397943
6296.680936696874,0.3677,2138.28837446766
6296.730950119785,0.3553,2290.14529859133
6296.780963542701,0.3579,2256.992277207209
6296.840979650205,0.3584,2250.6992759914538
6296.890993073128,0.3187,2846.354866562557
6296.941006496056,0.2851,3556.791565686933
6296.991019918987,0.3096,3016.1378533422057
6297.0410333419195,0.3209,2807.4611542619377
6297.091046764857,0.3528,2322.71691052736
6297.141060187798,0.3444,2437.4015845660965
6297.191073610742,0.381,1991.6070989424677
6297.241087033692,0.4144,1683.5045994178975
6297.291100456643,0.3907,1893.9427678121901
6297.341113879597,0.4205,1635.0153370253413
6297.401129987147,0.3751,2054.7521938274062
6297.4511434101105,0.323,2771.0742514492713
6297.501156833077,0.3237,2759.1023722804402
6297.551170256049,0.3475,2394.1082286720193
6297.60118367902,0.3442,2440.2349403294725
6297.651197101996,0.3418,2474.62410342551
6297.701210524978,0.2885,3473.4515949183747
6297.751223947962,0.2977,3262.0852743878645
6297.80123737095,0.3687,2126.7050665022534
6297.8512507939395,0.376,2044.9274127767742
6297.911266901533,0.3645,2175.9977825694973
6297.961280324531,0.3802,1999.9971975236017
6298.011293747534,0.3916,1885.2472346280906
6298.061307170538,0.3504,2354.6438248609666
6298.11132059355,0.3256,2726.9955964298865
6298.16133401656,0.3312,2635.558242131648
6298.2113474395765,0.3488,2376.2955459843265
6298.261360862599,0.3806,1995.795534932892
6298.311374285619,0.3748,2058.042859323643
6298.361387708646,0.3551,2292.725736524714
6298.4214038162845,0.3783,2020.1374420785146
6298.471417239317,0.3547,2297.8997134840847
6298.521430662355,0.3864,1936.33017482
6298.571444085398,0.3955,1848.2500426163272
6298.621457508441,0.3496,2365.432525889354
6298.67147093149,0.3041,3126.2247727095646
6298.7214843545435,0.3087,3033.75024259497
6298.771497777598,0.3489,2374.9335808389724
6298.8215112006565,0.3687,2126.7050665022534
6298.871524623719,0.3598,2233.2182312244076
6298.921538046787,0.357,2268.386382521974
6298.9815541544685,0.3829,1971.8909580718366
6299.031567577542,0.3649,2171.229793155314
6299.081581000621,0.3707,2103.8190415470826
6299.131594423701,0.3963,1840.7955692080818
6299.181607846785,0.4073,1742.7092806675048
6299.231621269872,0.3973,1831.5407274467302
6299.281634692963,0.4266,1588.591221886647
6299.331648116058,0.3925,1876.6114490929408
6299.381661539156,0.3913,1888.1390799117744
6299.431674962258,0.4003,1804.1911437952554
6299.491691069985,0.3712,2098.1552579328786
6299.541704493093,0.329,2670.9235707893313
6299.591717916207,0.3085,3037.6850546401092
6299.641731339323,0.3064,3079.466897183353
6299.691744762443,0.3196,2830.3467034801142
6299.741758185567,0.3434,2451.617911828265
6299.791771608694,0.3221,2786.581505948822
6299.841785031824,0.3311,2637.150479087301
6299.891798454958,0.359,2243.182354955459
6299.941811878096,0.3558,2283.713230803457
6299.9918253012365,0.342,2471.7306609721336
6300.051841409011,0.3278,2690.5145717148553
6300.101854832159,0.3391,2514.1880376999047
6300.151868255311,0.3588,2245.6838056686843
6300.2018816784675,0.3237,2759.1023722804402
6300.251895101626,0.3368,2548.643856803184
6300.301908524789,0.3913,1888.1390799117744
6300.351921947954,0.4252,1599.069509019047
6300.401935371125,0.4336,1537.713214251871
6300.451948794298,0.4008,1799.6924879089784
6300.501962217473,0.3546,2299.1959443043597
6300.561978325291,0.3949,1853.8706537428716
6300.611991748476,0.3941,1861.4047722498944
6300.662005171664,0.3766,2038.4166544127675
6300.712018594855,0.3612,2215.9400596730707
6300.76203201805,0.3463,2410.729072986512
6300.812045441248,0.3471,2399.629359908445
6300.862058864451,0.341,2486.2488288886484
6300.912072287657,0.2867,3517.203375069982
6300.962085710865,0.2818,3640.58216268177
6301.012099134078,0.3061,3085.5060331712075
6301.072115241936,0.4031,1779.2138296856015
6301.122128665157,0.4041,1770.418937405041
6301.172142088381,0.3213,2800.4752722486055
6301.222155511608,0.3545,2300.4932722275803
6301.272168934838,0.3015,3180.3753804405696
6301.3221823580725,0.2828,3614.8810830349903
6301.372195781311,0.3242,2750.5984665084793
6301.422209204552,0.4063,1751.2982523136398
6301.4722226277945,0.3593,2239.438008220025
6301.522236051043,0.4165,1666.5709209452514
6301.572249474295,0.3698,2114.0718056313235
6301.632265582203,0.3711,2099.2861834497726
6301.682279005462,0.3369,2547.1310885961348
6301.732292428725,0.4035,1775.688025404577
6301.782305851991,0.3929,1872.7923573830067
6301.8323192752605,0.4054,1759.0827323373608
6301.882332698535,0.4627,1350.3769632851308
6301.932346121811,0.2989,3235.9452177209314
6301.982359545091,0.4605,1363.3103803563604
6302.032372968376,0.6145,765.6154851569615
6302.082386391663,0.5774,867.1631880117847
6302.142402499612,0.4159,1671.3829499455978
6302.1924159229075,0.3275,2695.4460012946774
6302.242429346205,0.2917,3397.6611223544232
6302.292442769508,0.3696,2116.360374973083
6302.342456192814,0.3683,2131.3270684840286
6302.392469616123,0.3694,2118.6526625324227
6302.4424830394355,0.3261,2718.639580993438
6302.492496462753,0.3717,2092.514315150649
6302.542509886072,0.3968,1836.1594019688443
6302.592523309395,0.4059,1754.7516287206524
6302.64253673272,0.374,2066.8567136985607
6302.7025528407175,0.4258,1594.5661577988085
6302.752566264052,0.4252,1599.069509019047
6302.80257968739,0.3627,2197.6493086398646
6302.852593110731,0.3644,2177.1922339318385
6302.902606534076,0.3678,2137.125790522013
6302.952619957425,0.4195,1642.819676462769
6303.002633380776,0.3654,2165.2918119196597
6303.052646804132,0.3251,2735.390195750269
6303.10266022749,0.37,2111.7869464699515
6303.152673650852,0.3912,1889.1045070992632
6303.212689758892,0.373,2077.953881221853
6303.262703182262,0.3467,2405.169611882029
6303.312716605635,0.3557,2284.9974747311726
6303.362730029012,0.3566,2273.478143025435
6303.412743452393,0.3089,3029.8230709357736
6303.462756875777,0.3263,2715.307925360452
6303.512770299163,0.3283,2682.325544709768
6303.562783722556,0.3329,2608.709364964042
6303.612797145949,0.3343,2586.9053876751095
6303.662810569348,0.3242,2750.5984665084793
6303.72282667743,0.3377,2535.0772821182322
6303.772840100835,0.3681,2133.64372187485
6303.822853524244,0.3559,2282.4300692527218
6303.872866947656,0.3444,2437.4015845660965
6303.922880371075,0.3624,2201.2892968228803
6303.972893794493,0.3429,2458.7727621239756
6304.022907217916,0.4051,1761.6890958102108
6304.072920641343,0.414,1686.7593121064167
6304.122934064772,0.4218,1624.9525610317762
6304.172947488206,0.3564,2276.030454654133
6304.222960911642,0.3443,2438.817645250401
6304.282977019772,0.3293,2666.059254669605
6304.332990443218,0.2913,3406.9985262678338
6304.3830038666665,0.3397,2505.3144658803876
6304.433017290117,0.294,3344.7085589824983
6304.4830307135735,0.3134,2943.439684979759
6304.533044137032,0.3489,2374.9335808389724
6304.583057560495,0.3937,1865.1890661487946
6304.63307098396,0.3647,2173.6118268084447
6304.683084407428,0.3545,2300.4932722275803
6304.733097830903,0.3471,2399.629359908445
6304.78311125438,0.3783,2020.1374420785146
6304.843127362555,0.3642,2179.584089015776
6304.893140786038,0.3751,2054.7521938274062
6304.943154209526,0.3832,1968.804662761384
6304.993167633019,0.3759,2046.0155713165127
6305.043181056512,0.3731,2076.8401477231337
6305.09319448001,0.333,2607.1428125104226
6305.143207903512,0.3234,2764.223659042831
6305.1932213270165,0.3903,1897.8267717404078
6305.243234750525,0.4205,1635.0153370253413
6305.293248174037,0.3888,1912.498706948371
6305.353264282255,0.3577,2259.516869812723
6305.403277705776,0.4163,1668.1726189947817
6305.453291129299,0.3707,2103.8190415470826
6305.503304552825,0.3148,2917.317452825001
6305.553317976355,0.3294,2664.440768646953
6305.603331399889,0.4206,1634.2379632338043
6305.653344823426,0.3752,2053.6570590203905
6305.703358246967,0.4111,1710.6408168554801
6305.753371670511,0.3848,1952.4661478455794
6305.80338509406,0.3883,1917.4271774694726
6305.86340120232,0.3886,1914.4678123872777
6305.913414625876,0.3668,2148.7944554693545
6305.963428049434,0.3808,1993.6996670855497
6306.013441472997,0.3719,2090.2643059691045
6306.063454896562,0.3164,2887.8870406643055
6306.113468320132,0.36,2230.7375737878447
6306.163481743705,0.3687,2126.7050665022534
6306.2134951672815,0.3765,2039.4996195893573
6306.2635085908605,0.3749,2056.9450930434
6306.313522014443,0.3728,2080.1840375473876
6306.36353543803,0.3755,2050.3769026018344
6306.423551546339,0.3732,2075.727309386227
6306.473564969933,0.3821,1980.1566479059754
6306.523578393532,0.371,2100.418023582469
6306.573591817134,0.3525,2326.6721423670965
6306.6236052407385,0.3043,3122.1167383271527
6306.673618664347,0.3477,2391.3548058461597
6306.723632087958,0.3646,2174.8043138875814
6306.773645511573,0.3982,1823.2709147555813
6306.823658935193,0.4565,1387.306529316421
6306.873672358815,0.4156,1673.7967836813048
6306.933688467166,0.3789,2013.7446229382422
6306.983701890797,0.3882,1918.4151574801695
6307.03371531443,0.3747,2059.141504634975
6307.083728738067,0.3721,2088.0179238744804
6307.133742161707,0.3728,2080.1840375473876
6307.183755585352,0.3626,2198.861634225426
6307.233769009,0.3381,2529.082439903642
6307.283782432651,0.386,1940.3453632824219
6307.333795856305,0.3597,2234.4601119299095
6307.383809279963,0.3506,2351.9581825237005
6307.433822703624,0.3797,2005.2679606274278
6307.493838812023,0.3914,1887.1743926078207
6307.543852235693,0.3795,2007.382101413976
6307.593865659365,0.3877,1923.3665303242196
6307.64387908304,0.4025,1784.5222585794427
6307.69389250672,0.3917,1884.2847624435096
6307.743905930404,0.3541,2305.693579744868
6307.793919354091,0.4004,1803.290064204663
6307.8439327777805,0.3945,1857.6319836451833
6307.893946201475,0.4246,1603.5919646646933
6307.9439596251705,0.3718,2091.388856686206
6308.003975733613,0.3858,1942.3576424654373
6308.053989157318,0.356,2281.1479888629856
6308.104002581024,0.3868,1932.3274365177497
6308.154016004736,0.3206,2812.7177342814084
6308.2040294284525,0.3462,2412.1219500966185
6308.254042852171,0.391,1891.0375841530777
6308.304056275894,0.3549,2295.310538207344
6308.354069699619,0.3707,2103.8190415470826
6308.404083123348,0.3767,2037.3345515817198
6308.4540965470815,0.3746,2060.241029916151
6308.5141126555645,0.3291,2669.3006539462185
6308.564126079305,0.3389,2517.156373470811
6308.614139503048,0.3345,2583.8128623611065
6308.664152926796,0.4037,1773.9290521316534
6308.714166350547,0.3775,2028.7086637892633
6308.764179774303,0.3338,2594.661035047221
6308.814193198058,0.3985,1820.5267540890948
6308.864206621821,0.4019,1789.8544801553628
6308.914220045585,0.3561,2279.8669884199758
6308.964233469354,0.3372,2542.6008564321874
6309.014246893126,0.3366,2551.673439041402
6309.074263001655,0.3789,2013.7446229382422
6309.124276425437,0.3238,2757.3984391096355
6309.1742898492175,0.3573,2264.5787792710676
6309.224303273004,0.3828,1972.9213360065417
6309.274316696795,0.4118,1704.830093568167
6309.3243301205885,0.374,2066.8567136985607
6309.374343544385,0.3197,2828.576359284631
6309.424356968187,0.3847,1953.4813362188652
6309.474370391989,0.3671,2145.2838415894075
6309.524383815798,0.3621,2204.938335923328
6309.574397239607,0.3289,2672.547968166297
6309.634413348185,0.3155,2904.3865474054237
6309.684426772004,0.3505,2353.300429020165
6309.734440195825,0.3639,2183.1792687711886
6309.784453619651,0.3417,2476.07273027012
6309.834467043481,0.3279,2688.8737689673976
6309.884480467314,0.2923,3383.726825984888
6309.934493891148,0.3336,2597.773062659615
6309.984507314987,0.3777,2026.5607515057263
6310.03452073883,0.3758,2047.1045986431716
6310.084534162677,0.3827,1973.9525217618798
6310.144550271297,0.3887,1913.4828797282187
6310.194563695151,0.3447,2433.1607945617
6310.24457711901,0.3873,1927.3414433674484
6310.2945905428705,0.3983,1822.3555055380702
6310.344603966735,0.3855,1945.3819356657482
6310.394617390603,0.3794,2008.4404257977524
6310.444630814473,0.3839,1961.631423819002
6310.49464423835,0.3514,2341.261430052732
6310.544657662228,0.3784,2019.069860062979
6310.59467108611,0.3917,1884.2847624435096
6310.654687194772,0.3618,2208.596455973193
6310.704700618662,0.3542,2304.391851008013
6310.754714042557,0.3538,2309.6053908218355
6310.804727466452,0.3493,2369.4974125825297
6310.854740890351,0.358,2255.7315672898058
6310.904754314255,0.3569,2269.657717806449
6310.954767738163,0.3838,1962.6537697623492
6311.004781162073,0.3493,2369.4974125825297
6311.054794585988,0.3965,1838.9389975381976
6311.104808009904,0.4343,1532.7602816650608
6311.164824118611,0.4077,1739.2913751241624
6311.214837542537,0.3728,2080.1840375473876
6311.264850966466,0.3818,1983.2696852237361
6311.314864390396,0.3394,2509.7453692113104
6311.364877814333,0.3106,2996.74781578318
6311.4148912382725,0.3282,2683.960356416851
6311.464904662215,0.3792,2010.5595869565177
6311.51491808616,0.386,1940.3453632824219
6311.56493151011,0.3558,2283.713230803457
6311.614944934063,0.3724,2084.6551344817067
6311.664958358019,0.403,1780.0969215763266
6311.724974466771,0.3581,2254.471913387785
6311.774987890736,0.4247,1602.8368907779036
6311.825001314704,0.3716,2093.6406823396846
6311.8750147386745,0.41,1719.8321560505697
6311.925028162649,0.4057,1756.482148637624
6311.9750415866265,0.4025,1784.5222585794427
6312.025055010608,0.3992,1814.1477549212082
6312.075068434594,0.4146,1681.8807745402341
6312.125081858582,0.3461,2413.5160347256206
6312.175095282576,0.2962,3295.2081715181916
6312.225108706571,0.3429,2458.7727621239756
6312.285124815369,0.3676,2139.451907329717
6312.335138239373,0.3175,2867.9112115538596
6312.38515166338,0.3158,2898.87103539473
6312.435165087389,0.3511,2345.264144396417
6312.485178511403,0.3363,2556.227951028111
6312.535191935421,0.3713,2097.0252460466118
6312.585205359442,0.4129,1695.7585964596465
6312.635218783466,0.3402,2497.955659141786
6312.685232207492,0.403,1780.0969215763266
6312.735245631523,0.386,1940.3453632824219
6312.795261740367,0.4144,1683.5045994178975
6312.845275164406,0.4164,1667.371481480432
6312.8952885884455,0.4094,1724.8768698964814
6312.945302012492,0.3417,2476.07273027012
6312.995315436541,0.3522,2330.6374855480735
6313.045328860594,0.3589,2244.4325575807375
6313.0953422846505,0.3728,2080.1840375473876
6313.145355708711,0.36,2230.7375737878447
6313.1953691327735,0.323,2771.0742514492713
6313.24538255684,0.3728,2080.1840375473876
6313.305398665724,0.3811,1990.562050095863
6313.355412089799,0.3578,2258.254044320723
6313.405425513876,0.3604,2225.788642671581
6313.455438937958,0.3227,2776.22892215757
6313.505452362043,0.3873,1927.3414433674484
6313.55546578613,0.4009,1798.7947759891103
6313.605479210222,0.3147,2919.171772295897
6313.655492634317,0.3267,2708.6629609026913
6313.705506058416,0.371,2100.418023582469
6313.755519482519,0.3744,2062.4427241493386
6313.805532906624,0.3639,2183.1792687711886
6313.865549015555,0.3813,1988.4744185341378
6313.915562439668,0.3767,2037.3345515817198
6313.965575863784,0.3805,1996.8447084140867
6314.015589287905,0.3603,2227.0243303447905
6314.065602712028,0.3725,2083.536009799758
6314.115616136156,0.3617,2209.817852520565
6314.165629560287,0.3698,2114.0718056313235
6314.215642984422,0.4199,1639.691249148831
6314.265656408557,0.399,1815.966900665108
6314.315669832699,0.3661,2157.0194760110217
6314.3756859416735,0.3263,2715.307925360452
6314.425699365821,0.3469,2402.3970902904284
6314.475712789973,0.3594,2238.1919758179024
6314.525726214129,0.3564,2276.030454654133
6314.575739638288,0.3536,2312.2187980892577
6314.6257530624525,0.3933,1868.9849121707211
6314.675766486617,0.3767,2037.3345515817198
6314.725779910786,0.3685,2129.0141860864987
6314.77579333496,0.373,2077.953881221853
6314.825806759136,0.3544,2301.791698492181
6314.875820183317,0.3802,1999.9971975236017
6314.935836292337,0.3928,1873.746036598102
6314.985849716525,0.3696,2116.360374973083
6315.035863140717,0.3568,2270.930122185546
6315.085876564911,0.4082,1735.0331147141287
6315.135889989109,0.4471,1446.2541370603844
6315.1859034133095,0.364,2181.979887790184
6315.235916837514,0.3943,1859.5169427032913
6315.2859302617235,0.3938,1864.2419114958523
6315.335943685936,0.398,1825.1038036396537
6315.385957110152,0.3428,2460.207490372655
6315.445973219214,0.391,1891.0375841530777
6315.4959866434365,0.407,1745.27932578568
6315.546000067664,0.3904,1896.8546514279428
6315.596013491894,0.3918,1883.3230271248522
6315.646026916128,0.3763,2041.6681406465148
6315.696040340365,0.3751,2054.7521938274062
6315.746053764605,0.319,2841.0037552004374
6315.7960671888495,0.4341,1534.1729606223234
6315.846080613098,0.3476,2392.730923167858
6315.896094037347,0.3567,2272.2035968583014
6315.956110146452,0.3656,2162.923438138976
6316.006123570713,0.3834,1966.7511562215564
6316.056136994975,0.3819,1982.2311909397943
6316.106150419239,0.3805,1996.8447084140867
6316.156163843509,0.3668,2148.7944554693545
6316.206177267782,0.3298,2657.9815402475456
6316.256190692057,0.3663,2154.6646578579584
6316.306204116338,0.3861,1939.3403961422396
6316.356217540619,0.362,2206.1566987922565
6316.406230964906,0.3292,2667.6792158382887
6316.456244389196,0.3937,1865.1890661487946
6316.516260498349,0.3991,1815.0569859350119
6316.5662739226445,0.3912,1889.1045070992632
6316.616287346947,0.3451,2427.523602714951
6316.666300771251,0.3312,2635.558242131648
6316.71631419556,0.3958,1845.4493176117253
6316.76632761987,0.3786,2016.9372333002268
6316.816341044187,0.3825,1976.0173201142304
6316.866354468505,0.3506,2351.9581825237005
6316.916367892826,0.3581,2254.471913387785
6316.966381317152,0.3357,2565.3736336334237
6317.016394741479,0.3803,1998.9455388383592
6317.07641085068,0.3652,2167.6640778401247
6317.126424275017,0.3357,2565.3736336334237
6317.176437699356,0.3046,3115.96985254591
6317.226451123698,0.3258,2723.6485734511043
6317.276464548046,0.3712,2098.1552579328786
6317.326477972396,0.3627,2197.6493086398646
6317.376491396749,0.3106,2996.74781578318
6317.426504821107,0.3385,2523.108837092854
6317.476518245467,0.3716,2093.6406823396846
6317.5265316698315,0.3111,2987.122839853839
6317.586547779073,0.3096,3016.1378533422057
6317.636561203446,0.3257,2725.3213142130016
6317.68657462782,0.3793,2009.4995873508649
6317.7365880522,0.3368,2548.643856803184
6317.786601476581,0.3426,2463.080716764135
6317.836614900968,0.4152,1677.0233713672353
6317.886628325357,0.3204,2816.2303270741736
6317.936641749749,0.4483,1438.5219116668125
6317.986655174145,0.3362,2557.748831759978
6318.036668598546,0.3981,1824.1870138916186
6318.096684707829,0.3254,2730.3487928097175
6318.146698132237,0.3841,1959.5891269058163
6318.196711556648,0.3994,1812.3313413040241
6318.246724981063,0.3746,2060.241029916151
6318.29673840548,0.3619,2207.3760717699083
6318.3467518299,0.326,2720.3077087286133
6318.396765254325,0.3506,2351.9581825237005
6318.446778678754,0.3864,1936.33017482
6318.496792103186,0.3559,2282.4300692527218
6318.546805527621,0.3948,1854.8099145042163
6318.59681895206,0.365,2170.040244433403
6318.656835061389,0.3703,2108.366596788151
6318.7068484858355,0.3642,2179.584089015776
6318.756861910285,0.4073,1742.7092806675048
6318.806875334738,0.3968,1836.1594019688443
6318.8568887591955,0.4071,1744.42201274975
6318.906902183654,0.3493,2369.4974125825297
6318.956915608119,0.3522,2330.6374855480735
6319.0069290325855,0.3194,2833.8923816033157
6319.056942457058,0.3561,2279.8669884199758
6319.106955881529,0.3648,2172.4203202559206
6319.166971990903,0.3707,2103.8190415470826
6319.216985415386,0.3661,2157.0194760110217
6319.26699883987,0.3791,2011.6204254990791
6319.317012264359,0.32,2823.275281222512
6319.367025688851,0.3842,1958.5691742739598
6319.417039113346,0.3437,2447.3399819489714
6319.467052537845,0.4292,1569.402884184187
6319.517065962348,0.311,2989.044121832443
6319.567079386854,0.3309,2640.3392847296554
6319.617092811362,0.3499,2361.378090236533
6319.6671062358755,0.3652,2167.6640778401247
6319.727122345295,0.3827,1973.9525217618798
6319.777135769815,0.4078,1738.4384698479823
6319.82714919434,0.3971,1833.386103766989
6319.877162618867,0.3294,2664.440768646953
6319.9271760433985,0.3561,2279.8669884199758
6319.977189467932,0.3213,2800.4752722486055
6320.027202892469,0.367,2146.453089691617
6320.07721631701,0.3972,1832.463067160554
6320.127229741556,0.3658,2160.5589479883633
6320.177243166104,0.3747,2059.141504634975
6320.2372592755655,0.3892,1908.5695990068446
6320.287272700122,0.4478,1441.73611845734
6320.337286124683,0.3853,1947.4020569059585
6320.387299549244,0.3317,2627.618646393111
6320.437312973811,0.4124,1699.8730059195104
6320.487326398379,0.439,1500.1161191190156
6320.537339822954,0.3829,1971.8909580718366
6320.58735324753,0.384,1960.6098764773408
6320.637366672111,0.3342,2588.4537327824237
6320.687380096692,0.3678,2137.125790522013
6320.747396206198,0.3417,2476.07273027012
6320.797409630789,0.381,1991.6070989424677
6320.847423055384,0.3198,2826.807675559933
6320.8974364799815,0.3167,2882.418439221678
6320.947449904584,0.3539,2308.3003484036926
6320.9974633291895,0.3746,2060.241029916151
6321.047476753798,0.3433,2453.0463812921985
6321.097490178409,0.3037,3134.4652026704116
6321.147503603026,0.3456,2420.504619590853
6321.197517027643,0.3404,2495.021212025843
6321.247530452266,0.3187,2846.354866562557
6321.3075465618185,0.3132,2947.200055447972
6321.357559986447,0.3166,2884.2395791753224
6321.40757341108,0.3504,2354.6438248609666
6321.457586835718,0.3824,1977.0509344038917
6321.507600260359,0.3311,2637.150479087301
6321.557613685004,0.3967,1837.0852331770348
6321.60762710965,0.356,2281.1479888629856
6321.6576405343,0.43,1563.568691322609
6321.707653958955,0.3886,1914.4678123872777
6321.757667383614,0.3668,2148.7944554693545
6321.817683493206,0.3641,2180.781494900069
6321.867696917872,0.3226,2777.9503422464654
6321.917710342541,0.3432,2454.4760995965175
6321.967723767213,0.3641,2180.781494900069
6322.017737191889,0.3303,2649.9404814773256
6322.0677506165675,0.2973,3270.869045019748
6322.117764041251,0.4023,1786.2970151298434
6322.167777465937,0.4222,1621.875007339633
6322.217790890627,0.3952,1851.0571481946283
6322.26780431532,0.3612,2215.9400596730707
6322.317817740015,0.3739,2067.962425159403
6322.377833849657,0.3737,2070.1765116067954
6322.427847274361,0.3251,2735.390195750269
6322.477860699068,0.3526,2325.352609970714
6322.527874123778,0.2929,3369.8780739973495
6322.577887548494,0.3208,2809.2117091073246
6322.627900973212,0.3745,2061.3414361071837
6322.677914397933,0.3309,2640.3392847296554
6322.727927822659,0.3563,2277.308222525568
6322.777941247386,0.39,1900.747620717578
6322.827954672118,0.4242,1606.6176020725386
6322.887970781802,0.3717,2092.514315150649
6322.93798420654,0.3387,2520.1299691235704
6322.987997631285,0.3603,2227.0243303447905
6323.038011056031,0.3757,2048.194495681852
6323.0880244807795,0.3948,1854.8099145042163
6323.138037905534,0.3021,3167.7548973966063
6323.1880513302885,0.3338,2594.661035047221
6323.238064755052,0.3454,2423.308555191042
6323.288078179814,0.4119,1704.002407717934
6323.338091604581,0.4121,1702.3488432604183
6323.398107714307,0.3654,2165.2918119196597
6323.44812113908,0.3374,2539.5874127587376
6323.49813456386,0.372,2089.1406620234047
6323.548147988642,0.3771,2033.014745424805
6323.598161413428,0.358,2255.7315672898058
6323.648174838214,0.3394,2509.7453692113104
6323.698188263008,0.3614,2213.488127434972
6323.748201687804,0.364,2181.979887790184
6323.798215112603,0.3458,2417.7055476978308
6323.848228537406,0.3401,2499.4248244170844
6323.898241962212,0.3424,2465.9589794705516
6323.958258071983,0.3319,2624.4528506179636
6324.008271496797,0.3688,2125.5519152149254
6324.058284921613,0.3879,1921.3836834733113
6324.108298346433,0.4037,1773.9290521316534
6324.158311771258,0.3434,2451.617911828265
6324.208325196085,0.3438,2445.9164933273387
6324.258338620917,0.3574,2263.3117084082364
6324.308352045751,0.3073,3061.4554901410593
6324.358365470588,0.3166,2884.2395791753224
6324.408378895429,0.3606,2223.320350682925
6324.468395005243,0.3664,2153.4886945680596
6324.518408430093,0.3401,2499.4248244170844
6324.568421854945,0.3639,2183.1792687711886
6324.6184352798,0.352,2333.28668210898
6324.6684487046605,0.3579,2256.992277207209
6324.718462129524,0.3748,2058.042859323643
6324.76847555439,0.3622,2203.720982047752
6324.818488979257,0.3586,2248.1894428981886
6324.8685024041315,0.3763,2041.6681406465148
6324.918515829009,0.4392,1498.7502073260982
6324.968529253891,0.394,1862.3497652781
6325.02854536375,0.3946,1856.6905787310593
6325.078558788637,0.3668,2148.7944554693545
6325.128572213528,0.3608,2220.856162243556
6325.178585638423,0.3519,2334.612974565164
6325.228599063321,0.3232,2767.645775835314
6325.278612488221,0.298,3255.5206454960176
6325.328625913128,0.403,1780.0969215763266
6325.378639338035,0.4552,1395.2418096733093
6325.428652762948,0.4082,1735.0331147141287
6325.478666187862,0.3443,2438.817645250401
6325.538682297766,0.3303,2649.9404814773256
6325.588695722689,0.3892,1908.5695990068446
6325.638709147615,0.3851,1949.4253263786022
6325.688722572545,0.3724,2084.6551344817067
6325.738735997478,0.3701,2110.645905701224
6325.788749422415,0.3781,2022.275147852596
6325.838762847356,0.346,2414.9113282696926
6325.8887762723,0.3756,2049.2852633588845
6325.938789697247,0.367,2146.453089691617
6325.988803122195,0.3867,1933.3269567073844
6326.038816547151,0.4355,1524.3250391558333
6326.098832657101,0.3138,2935.9405025202814
6326.148846082062,0.1057,25876.033496278033
6326.198859507027,-0.1367,15471.243503798185
6326.248872931996,-0.511,1107.1737900310382
6326.298886356967,-0.7619,498.03640504565516
6326.348899781944,-0.5811,856.1613936756471
6326.398913206923,-0.2165,6167.99633967722
6326.448926631905,0.3387,2520.1299691235704
6326.498940056891,0.3641,2180.781494900069
6326.54895348188,0.3813,1988.4744185341378
6326.608969591873,0.3535,2313.527165445317
6326.658983016869,0.4041,1770.418937405041
6326.708996441869,0.3862,1938.3362095570217
6326.759009866873,0.4033,1777.4496161905456
6326.80902329188,0.3639,2183.1792687711886
6326.85903671689,0.3339,2593.107117869632
6326.909050141904,0.3506,2351.9581825237005
6326.959063566923,0.3772,2031.9369406159624
6327.009076991944,0.407,1745.27932578568
6327.059090416969,0.3539,2308.3003484036926
6327.109103841995,0.3292,2667.6792158382887
6327.169119952034,0.3158,2898.87103539473
6327.219133377072,0.325,2737.0737665846455
6327.2691468021085,0.387,1930.330720097489
6327.319160227152,0.3619,2207.3760717699083
6327.369173652199,0.3226,2777.9503422464654
6327.419187077247,0.3681,2133.64372187485
6327.469200502302,0.4197,1641.2543447144405
6327.519213927357,0.4342,1533.4663771301593
6327.569227352417,0.3332,2604.01393791637
6327.61924077748,0.2901,3435.242855253453
6327.679256887562,0.3263,2715.307925360452
6327.729270312631,0.381,1991.6070989424677
6327.779283737706,0.3173,2871.527733477434
6327.829297162784,0.3458,2417.7055476978308
6327.879310587865,0.3553,2290.14529859133
6327.929324012951,0.3352,2573.032581379949
6327.979337438037,0.3646,2174.8043138875814
6328.029350863129,0.3602,2228.261047325964
6328.079364288225,0.3254,2730.3487928097175
6328.129377713323,0.3238,2757.3984391096355
6328.189393823446,0.3706,2104.954550021356
6328.239407248553,0.3426,2463.080716764135
6328.289420673662,0.3473,2396.8664097028172
6328.339434098775,0.3154,2906.2285497928683
6328.38944752389,0.2663,4076.7145385449776
6328.439460949012,0.2159,6202.21174340177
6328.489474374134,0.2376,5121.054154163219
6328.539487799262,0.2997,3218.692682322808
6328.589501224393,0.2894,3451.881209602841
6328.639514649526,0.3648,2172.4203202559206
6328.689528074663,0.4276,1581.1696599196719
6328.749544184832,0.4198,1640.4725176751188
6328.7995576099775,0.3995,1811.4241573335592
6328.849571035126,0.3755,2050.3769026018344
6328.899584460276,0.3687,2126.7050665022534
6328.949597885432,0.4055,1758.215229751697
6328.999611310591,0.3511,2345.264144396417
6329.049624735752,0.2749,3825.6325804319763
6329.099638160918,0.3345,2583.8128623611065
6329.149651586087,0.3594,2238.1919758179024
6329.199665011261,0.3401,2499.4248244170844
6329.259681121473,0.3915,1886.2104444315546
6329.309694546651,0.3441,2441.65347123844
6329.359707971835,0.3345,2583.8128623611065
6329.409721397022,0.352,2333.28668210898
6329.459734822212,0.3291,2669.3006539462185
6329.509748247406,0.3592,2240.6850814370446
6329.559761672604,0.3336,2597.773062659615
6329.609775097803,0.3519,2334.612974565164
6329.6597885230085,0.4142,1685.1307770907742
6329.7098019482155,0.4302,1562.1152263231425
6329.759815373427,0.3185,2849.9306776761846
6329.819831483684,0.3935,1867.0855422082777
6329.869844908903,0.3243,2748.9024036622886
6329.919858334126,0.3466,2406.5576728380383
6329.969871759352,0.3806,1995.795534932892
6330.019885184581,0.376,2044.9274127767742
6330.069898609813,0.3094,3020.038438905487
6330.119912035049,0.3596,2235.703028828337
6330.169925460288,0.3516,2338.5986440604647
6330.2199388855315,0.3362,2557.748831759978
6330.269952310778,0.3531,2318.771755680467
6330.329968421078,0.3778,2025.4880743308552
6330.379981846331,0.3271,2702.0423591977856
6330.429995271589,0.3407,2490.629227149637
6330.48000869685,0.3726,2082.417786061043
6330.530022122114,0.3412,2483.3349802737002
6330.580035547381,0.3724,2084.6551344817067
6330.630048972653,0.3567,2272.2035968583014
6330.680062397928,0.3854,1946.3916031652084
6330.730075823204,0.3931,1870.8871819270046
6330.780089248487,0.3849,1951.4517506288435
6330.830102673772,0.3256,2726.9955964298865
6330.8901187841175,0.3056,3095.6108108476565
6330.94013220941,0.3561,2279.8669884199758
6330.990145634707,0.3866,1934.3272526188523
6331.040159060006,0.3716,2093.6406823396846
6331.090172485309,0.4072,1743.5653312504053
6331.140185910616,0.4192,1645.1718762658281
6331.190199335924,0.3574,2263.3117084082364
6331.240212761239,0.3667,2149.966575232028
6331.290226186554,0.3438,2445.9164933273387
6331.340239611875,0.3741,2065.751888814074
6331.400255722265,0.3863,1937.3328027186367
6331.450269147591,0.2921,3388.362051794945
6331.5002825729225,0.4208,1632.6848779515715
6331.550295998258,0.4019,1789.8544801553628
6331.600309423597,0.4103,1717.3180943094253
6331.650322848936,0.4561,1389.7409284733658
6331.700336274282,0.453,1408.8267049582864
6331.75034969963,0.3701,2110.645905701224
6331.800363124982,0.3589,2244.4325575807375
6331.850376550338,0.4179,1655.423347275121
6331.910392660769,0.4106,1714.8095411493052
6331.960406086132,0.3446,2434.573160651676
6332.010419511497,0.3576,2260.7807548672413
6332.060432936868,0.3601,2229.4987947586155
6332.11044636224,0.3539,2308.3003484036926
6332.160459787617,0.3376,2536.579323129227
6332.210473212997,0.3996,1810.5176543452153
6332.260486638382,0.3444,2437.4015845660965
6332.310500063769,0.4242,1606.6176020725386
6332.360513489158,0.3924,1877.5680473524706
6332.410526914551,0.3455,2421.9059787236383
6332.470543025031,0.4056,1757.3483687292749
6332.52055645043,0.3671,2145.2838415894075
6332.570569875837,0.3482,2384.491994222352
6332.620583301244,0.3829,1971.8909580718366
6332.670596726655,0.3323,2618.1383988721086
6332.7206101520715,0.3589,2244.4325575807375
6332.77062357749,0.3619,2207.3760717699083
6332.820637002911,0.3554,2288.856712961658
6332.870650428337,0.3516,2338.5986440604647
6332.920663853768,0.3827,1973.9525217618798
6332.980679964286,0.3907,1893.9427678121901
6333.030693389722,0.4084,1733.3341881404458
6333.080706815163,0.4059,1754.7516287206524
6333.130720240606,0.4173,1660.187141582695
6333.180733666054,0.334,2591.554596212904
6333.230747091503,0.3827,1973.9525217618798
6333.280760516958,0.3756,2049.2852633588845
6333.3307739424135,0.3572,2265.8469144491296
6333.380787367876,0.3623,2202.504636051701
6333.4308007933405,0.3983,1822.3555055380702
6333.480814218807,0.4648,1338.2023531577572
6333.5408303293725,0.537,1002.5492301783919
6333.590843754849,0.414,1686.7593121064167
6333.640857180328,0.4367,1515.959238053088
6333.690870605808,0.3884,1916.4399604739212
6333.740884031294,0.3879,1921.3836834733113
6333.7908974567845,0.3996,1810.5176543452153
6333.840910882275,0.3865,1935.3283250550714
6333.890924307773,0.4121,1702.3488432604183
6333.940937733272,0.3897,1903.6752178832025
6333.990951158775,0.3923,1878.525377234028
6334.050967269382,0.3976,1828.7778826517167
6334.100980694893,0.3116,2977.544159916792
6334.150994120406,0.3246,2743.823616868732
6334.201007545923,0.2726,3890.4604745429515
6334.251020971444,0.3017,3176.1601856187644
6334.301034396968,0.3561,2279.8669884199758
6334.351047822496,0.3906,1894.9126502279455
6334.401061248027,0.3694,2118.6526625324227
6334.451074673562,0.3426,2463.080716764135
6334.5010880991,0.305,3107.802202996366
6334.561104209749,0.4022,1787.185386407062
6334.611117635293,0.3664,2153.4886945680596
6334.661131060843,0.3216,2795.252958105642
6334.711144486397,0.3163,2889.713366569046
6334.761157911953,0.3364,2554.7084264051755
6334.811171337512,0.3539,2308.3003484036926
6334.861184763074,0.3952,1851.0571481946283
6334.91119818864,0.337,2545.6196668632056
6334.961211614209,0.3474,2395.4867237269227
6335.011225039782,0.3447,2433.1607945617
6335.06123846536,0.3395,2508.267096248029
6335.1212545760545,0.3406,2492.0919326906433
6335.171268001639,0.3336,2597.773062659615
6335.221281427228,0.3298,2657.9815402475456
6335.271294852818,0.359,2243.182354955459
6335.321308278412,0.349,2373.5727862662065
6335.3713217040095,0.369,2123.24842456157
6335.42133512961,0.3337,2596.2163494187025
6335.471348555216,0.3789,2013.7446229382422
6335.521361980824,0.3537,2310.9115402995226
6335.5713754064345,0.3597,2234.4601119299095
6335.631391517174,0.3503,2355.9883713587005
6335.681404942794,0.3212,2802.2192962151435
6335.731418368415,0.3453,2424.712350403441
6335.781431794041,0.3896,1904.6525867958887
6335.831445219672,0.3768,2036.253310180896
6335.881458645303,0.309,3027.862344070884
6335.931472070941,0.3216,2795.252958105642
6335.98148549658,0.3537,2310.9115402995226
6336.031498922222,0.3488,2376.2955459843265
6336.08151234787,0.3763,2041.6681406465148
6336.1315257735205,0.3977,1827.8583235035335
6336.191541884304,0.3581,2254.471913387785
6336.241555309963,0.2664,4073.654527965217
6336.2915687356235,0.3999,1807.802224463103
6336.341582161287,0.3375,2538.08269948162
6336.391595586956,0.4063,1751.2982523136398
6336.441609012626,0.4034,1776.5684932839804
6336.491622438301,0.3776,2027.634281024108
6336.5416358639795,0.3984,1821.4407855464856
6336.591649289662,0.3709,2101.550779317474
6336.6416627153485,0.327,2703.6952321334998
6336.7016788261735,0.4041,1770.418937405041
6336.751692251867,0.3403,2496.4877888518704
6336.801705677563,0.3313,2633.967446762326
6336.851719103263,0.3309,2640.3392847296554
6336.901732528965,0.3547,2297.8997134840847
6336.951745954672,0.3636,2186.783351132581
6337.001759380381,0.3905,1895.8832778453223
6337.051772806096,0.3855,1945.3819356657482
6337.101786231812,0.3724,2084.6551344817067
6337.151799657531,0.3683,2131.3270684840286
6337.201813083255,0.3108,2992.8922508212763
6337.261829194129,0.3649,2171.229793155314
6337.311842619861,0.3514,2341.261430052732
6337.361856045594,0.3334,2600.890692464452
6337.4118694713325,0.3545,2300.4932722275803
6337.461882897075,0.3785,2018.0031241014685
6337.51189632282,0.3634,2189.191033121392
6337.561909748569,0.3572,2265.8469144491296
6337.61192317432,0.3888,1912.498706948371
6337.661936600075,0.4037,1773.9290521316534
6337.711950025834,0.4217,1625.7233181452123
6337.77196613675,0.3648,2172.4203202559206
6337.8219795625155,0.3443,2438.817645250401
6337.871992988284,0.3328,2610.2773297822273
6337.922006414059,0.3769,2035.172929296195
6337.9720198398345,0.3892,1908.5695990068446
6338.0220332656145,0.3819,1982.2311909397943
6338.072046691398,0.3673,2142.9482097510904
6338.122060117185,0.3409,2487.707676757897
6338.172073542976,0.331,2638.7441593716403
6338.22208696877,0.3453,2424.712350403441
6338.272100394568,0.3354,2569.964891742478
6338.332116505528,0.2864,3524.575651310661
6338.382129931333,0.3265,2711.9823903245538
6338.43214335714,0.3332,2604.01393791637
6338.482156782953,0.3377,2535.0772821182322
6338.532170208768,0.3135,2941.562197993522
6338.582183634586,0.2983,3248.9758126980337
6338.632197060408,0.331,2638.7441593716403
6338.682210486235,0.318,2858.8997412394115
6338.732223912062,0.3354,2569.964891742478
6338.782237337895,0.3329,2608.709364964042
6338.842253448899,0.3706,2104.954550021356
6338.892266874737,0.4148,1680.2592979211945
6338.942280300581,0.3596,2235.703028828337
6338.992293726428,0.3196,2830.3467034801142
6339.042307152278,0.3424,2465.9589794705516
6339.092320578132,0.3964,1839.866932105428
6339.142334003989,0.4318,1550.5601176528533
6339.192347429849,0.4163,1668.1726189947817
6339.242360855714,0.3408,2489.1678090088426
6339.292374281581,0.2529,4520.17036367068
6339.352390392625,0.4145,1682.6923931634576
6339.402403818502,0.3759,2046.0155713165127
6339.452417244379,0.3948,1854.8099145042163
6339.502430670261,0.342,2471.7306609721336
6339.552444096146,0.3181,2857.1025445179766
6339.602457522036,0.3389,2517.156373470811
6339.652470947925,0.3447,2433.1607945617
6339.702484373822,0.3941,1861.4047722498944
6339.752497799722,0.3848,1952.4661478455794
6339.802511225624,0.3499,2361.378090236533
6339.852524651529,0.4465,1450.143649143505
6339.912540762619,0.4674,1323.3557912656213
6339.962554188533,0.4378,1508.350939999413
6340.01256761445,0.3674,2141.7818239363496
6340.06258104037,0.357,2268.386382521974
6340.1125944662945,0.3741,2065.751888814074
6340.162607892221,0.3606,2223.320350682925
6340.212621318152,0.3513,2342.5945288240523
6340.262634744086,0.3391,2514.1880376999047
6340.312648170024,0.4004,1803.290064204663
6340.362661595965,0.4096,1723.1928351813242
6340.422677707099,0.4022,1787.185386407062
6340.472691133046,0.3177,2864.301517528459
6340.522704559,0.3141,2930.334907312073
6340.572717984953,0.368,2134.8034652550755
6340.622731410912,0.3607,2222.087744088369
6340.672744836874,0.3369,2547.1310885961348
6340.72275826284,0.3481,2385.862191087195
6340.7727716888085,0.2744,3839.5870413127814
6340.822785114781,0.38,2002.1030062043053
6340.872798540757,0.414,1686.7593121064167
6340.922811966736,0.3889,1911.515293266269
6340.982828077916,0.3737,2070.1765116067954
6341.032841503902,0.3601,2229.4987947586155
6341.082854929892,0.3922,1879.483439483877
6341.132868355886,0.3425,2464.519217842696
6341.182881781884,0.3288,2674.1738478785205
6341.232895207882,0.3696,2116.360374973083
6341.282908633887,0.3339,2593.107117869632
6341.332922059894,0.3807,1994.747188112788
6341.382935485905,0.4046,1766.0459254537939
6341.432948911921,0.3585,2249.4438343766146
6341.492965023142,0.3179,2860.6986342241853
6341.542978449163,0.427,1585.6163395743351
6341.592991875188,0.3747,2059.141504634975
6341.643005301217,0.3808,1993.6996670855497
6341.693018727249,0.3842,1958.5691742739598
6341.743032153284,0.3982,1823.2709147555813
6341.793045579323,0.3949,1853.8706537428716
6341.843059005366,0.2939,3346.98502458049
6341.893072431411,0.2885,3473.4515949183747
6341.9430858574615,0.3612,2215.9400596730707
6342.003101968725,0.3301,2653.152520517557
6342.053115394782,0.3241,2752.2960995360236
6342.103128820842,0.3293,2666.059254669605
6342.153142246903,0.3287,2675.801211730145
6342.203155672973,0.3263,2715.307925360452
6342.253169099043,0.3268,2707.0055311273522
6342.303182525117,0.327,2703.6952321334998
6342.353195951195,0.3263,2715.307925360452
6342.403209377274,0.3283,2682.325544709768
6342.4532228033595,0.3287,2675.801211730145
6342.503236229446,0.3177,2864.301517528459
6342.563252340757,0.3372,2542.6008564321874
6342.61326576685,0.4001,1805.995330315879
6342.66327919295,0.3561,2279.8669884199758
6342.7132926190525,0.4168,1664.1726956788334
6342.763306045158,0.322,2788.3125652955923
6342.813319471266,0.3496,2365.432525889354
6342.863332897379,0.3866,1934.3272526188523
6342.913346323495,0.3544,2301.791698492181
6342.963359749614,0.3533,2316.147233882381
6343.013373175737,0.3548,2296.6045785300626
6343.063386601863,0.391,1891.0375841530777
6343.123402713217,0.3329,2608.709364964042
6343.173416139352,0.3846,1954.4973165716415
6343.223429565489,0.3952,1851.0571481946283
6343.27344299163,0.3515,2339.929468896212
6343.323456417772,0.3055,3097.6377223509267
6343.37346984392,0.3214,2798.7328759241436
6343.423483270072,0.3202,2819.749503899485
6343.473496696226,0.3194,2833.8923816033157
6343.5235101223825,0.3496,2365.432525889354
6343.573523548543,0.3527,2324.034199781522
6343.6335396599425,0.3071,3065.4443438132353
6343.683553086109,0.288,3485.5226180516383
6343.733566512282,0.3349,2577.6444249267183
6343.783579938457,0.3916,1885.2472346280906
6343.833593364636,0.3404,2495.021212025843
6343.883606790818,0.3904,1896.8546514279428
6343.933620217004,0.347,2401.012626888559
6343.983633643193,0.3216,2795.252958105642
6344.033647069385,0.3571,2267.116115134762
6344.083660495581,0.404,1771.2954887245266
6344.143676607021,0.4147,1681.069742981496
6344.193690033224,0.388,1920.3934096940575
6344.243703459431,0.3572,2265.8469144491296
6344.293716885642,0.3761,2043.8401221000856
6344.343730311856,0.3795,2007.382101413976
6344.393743738074,0.3449,2430.339746982105
6344.443757164294,0.3363,2556.227951028111
6344.493770590516,0.3647,2173.6118268084447
6344.543784016745,0.4019,1789.8544801553628
6344.593797442976,0.4067,1747.855060325814
6344.653813554456,0.4118,1704.830093568167
6344.703826980696,0.3856,1944.3730535920824
6344.753840406938,0.3514,2341.261430052732
6344.803853833182,0.3601,2229.4987947586155
6344.853867259431,0.3344,2585.358431421523
6344.903880685683,0.3042,3124.1697426927344
6344.95389411194,0.3584,2250.6992759914538
6345.003907538198,0.3612,2215.9400596730707
6345.053920964461,0.3287,2675.801211730145
6345.103934390727,0.3388,2518.6425130356524
6345.153947816995,0.4128,1696.580282450271
6345.213963928524,0.4057,1756.482148637624
6345.263977354801,0.3647,2173.6118268084447
6345.313990781081,0.3602,2228.261047325964
6345.364004207364,0.4081,1735.8835148301287
6345.4140176336505,0.4395,1496.7048349292463
6345.464031059942,0.3933,1868.9849121707211
6345.514044486235,0.3571,2267.116115134762
6345.564057912534,0.3348,2579.184461770484
6345.614071338834,0.4027,1782.7501456516816
6345.664084765137,0.3715,2094.7679592318805
6345.714098191445,0.3854,1946.3916031652084
6345.774114303019,0.3978,1826.939457749959
6345.824127729333,0.3733,2074.6153652520748
6345.874141155652,0.3302,2651.545771432962
6345.924154581974,0.3518,2335.9403981843757
6345.9741680083,0.3764,2040.5834480280228
6346.02418143463,0.3742,2064.6479495583703
6346.074194860961,0.384,1960.6098764773408
6346.124208287296,0.4031,1779.2138296856015
6346.174221713635,0.4388,1501.4838990340006
6346.224235139978,0.3956,1847.315759617881
6346.284251251594,0.3982,1823.2709147555813
6346.334264677942,0.3023,3163.5647597307097
6346.384278104297,0.3262,2716.9729871640734
6346.434291530654,0.3693,2119.800203161261
6346.484304957013,0.3644,2177.1922339318385
6346.5343183833775,0.3485,2380.3884782952873
6346.584331809745,0.3159,2897.036022394124
6346.634345236115,0.307,3067.441694701488
6346.684358662491,0.315,2913.614110520386
6346.734372088866,0.3448,2431.749657146761
6346.794388200525,0.407,1745.27932578568
6346.8444016269095,0.3903,1897.8267717404078
6346.894415053297,0.3524,2327.9927982446325
6346.944428479689,0.3983,1822.3555055380702
6346.994441906084,0.3946,1856.6905787310593
6347.044455332483,0.292,3390.6832371667692
6347.094468758884,0.3406,2492.0919326906433
6347.144482185291,0.3788,2014.8079836094234
6347.1944956116995,0.3717,2092.514315150649
6347.244509038112,0.4011,1797.0013660383067
6347.294522464527,0.3626,2198.861634225426
6347.354538576231,0.2815,3648.3459476954745
6347.404552002655,0.3168,2880.599023554741
6347.45456542908,0.4176,1657.8026777359762
6347.504578855512,0.4003,1804.1911437952554
6347.554592281946,0.3853,1947.4020569059585
6347.60460570838,0.3716,2093.6406823396846
6347.654619134821,0.4211,1630.3593978874933
6347.7046325612655,0.3475,2394.1082286720193
6347.754645987714,0.3536,2312.2187980892577
6347.804659414164,0.313,2950.9676365737846
6347.854672840616,0.4017,1791.6371991916546
6347.914688952366,0.3327,2611.846708663293
6347.9647023788275,0.35,2360.0289279475837
6348.014715805294,0.393,1871.8394060728365
6348.064729231763,0.3943,1859.5169427032913
6348.114742658234,0.4019,1789.8544801553628
6348.164756084708,0.3953,1850.120736186777
6348.214769511186,0.3533,2316.147233882381
6348.26478293767,0.379,2012.6821038640855
6348.314796364155,0.3678,2137.125790522013
6348.3648097906425,0.4168,1664.1726956788334
6348.424825902434,0.3848,1952.4661478455794
6348.474839328932,0.2871,3507.4096001280254
6348.524852755432,0.3746,2060.241029916151
6348.574866181934,0.3554,2288.856712961658
6348.624879608441,0.366,2158.1983329813565
6348.674893034951,0.4029,1780.980671098687
6348.724906461463,0.3779,2024.4162485974282
6348.774919887983,0.3755,2050.3769026018344
6348.8249333145,0.3666,2151.139654304375
6348.874946741025,0.3441,2441.65347123844
6348.93496285286,0.3584,2250.6992759914538
6348.984976279389,0.3457,2419.104476384351
6349.034989705923,0.347,2401.012626888559
6349.085003132463,0.3572,2265.8469144491296
6349.135016559005,0.3826,1974.9845161825187
6349.18502998555,0.3858,1942.3576424654373
6349.235043412095,0.381,1991.6070989424677
6349.2850568386475,0.3436,2448.7647136075175
6349.335070265203,0.3648,2172.4203202559206
6349.385083691763,0.3399,2502.3670460209973
6349.445099803637,0.3481,2385.862191087195
6349.495113230204,0.3813,1988.4744185341378
6349.5451266567725,0.3716,2093.6406823396846
6349.595140083346,0.3481,2385.862191087195
6349.645153509923,0.3461,2413.5160347256206
6349.695166936502,0.3411,2484.791263895161
6349.745180363085,0.3399,2502.3670460209973
6349.795193789671,0.3698,2114.0718056313235
6349.845207216263,0.3652,2167.6640778401247
6349.895220642855,0.3083,3041.6275269034054
6349.945234069453,0.3538,2309.6053908218355
6350.005250181373,0.3339,2593.107117869632
6350.055263607977,0.3635,2187.986695357667
6350.105277034586,0.3327,2611.846708663293
6350.155290461197,0.3442,2440.2349403294725
6350.205303887811,0.2869,3512.301367135837
6350.25531731443,0.309,3027.862344070884
6350.305330741051,0.3191,2839.223404403825
6350.355344167675,0.3411,2484.791263895161
6350.405357594304,0.3533,2316.147233882381
6350.455371020936,0.3419,2473.1767474882545
6350.5053844475715,0.3602,2228.261047325964
6350.565400559537,0.3794,2008.4404257977524
6350.615413986179,0.3684,2130.1701564228733
6350.665427412825,0.3979,1826.0212846940292
6350.715440839475,0.4064,1750.4365010935394
6350.76545426613,0.347,2401.012626888559
6350.815467692785,0.3566,2273.478143025435
6350.865481119444,0.3917,1884.2847624435096
6350.915494546108,0.3685,2129.0141860864987
6350.965507972773,0.3383,2526.0929898501004
6351.015521399444,0.4283,1576.005467964796
6351.075537511452,0.3977,1827.8583235035335
6351.12555093813,0.3905,1895.8832778453223
6351.17556436481,0.3893,1907.5892139211383
6351.225577791495,0.3631,2192.810018592463
6351.275591218183,0.3208,2809.2117091073246
6351.325604644873,0.2995,3222.9928581051176
6351.375618071568,0.3322,2619.7148736318186
6351.425631498267,0.3767,2037.3345515817198
6351.475644924968,0.3787,2015.872186766678
6351.525658351672,0.3481,2385.862191087195
6351.585674463722,0.3739,2067.962425159403
6351.635687890435,0.4048,1764.3012561961943
6351.68570131715,0.3974,1830.619083924156
6351.735714743869,0.3515,2339.929468896212
6351.785728170592,0.3092,3023.946595945445
6351.835741597318,0.41,1719.8321560505697
6351.885755024047,0.3424,2465.9589794705516
6351.935768450781,0.3379,2532.0771997988454
6351.985781877516,0.3551,2292.725736524714
6352.035795304255,0.3485,2380.3884782952873
6352.085808730999,0.3241,2752.2960995360236
6352.1458248430945,0.3132,2947.200055447972
6352.195838269845,0.3496,2365.432525889354
6352.2458516966,0.3761,2043.8401221000856
6352.295865123356,0.3719,2090.2643059691045
6352.345878550118,0.3992,1814.1477549212082
6352.395891976881,0.3613,2214.7135845742146
6352.445905403648,0.3574,2263.3117084082364
6352.495918830419,0.3829,1971.8909580718366
6352.545932257194,0.3693,2119.800203161261
6352.595945683972,0.3416,2477.522629510481
6352.655961796108,0.3803,1998.9455388383592
6352.705975222896,0.3331,2605.5776707256055
6352.755988649685,0.3208,2809.2117091073246
6352.806002076477,0.3131,2949.0829435270957
6352.856015503272,0.3378,2533.5765748676527
6352.9060289300705,0.3651,2168.851673018435
6352.956042356873,0.3669,2147.6232939706456
6353.00605578368,0.3381,2529.082439903642
6353.056069210488,0.3949,1853.8706537428716
6353.106082637301,0.4178,1656.2158879625474
6353.156096064116,0.3847,1953.4813362188652
6353.2161121763,0.3518,2335.9403981843757
6353.266125603123,0.2993,3227.301657204479
6353.316139029951,0.3293,2666.059254669605
6353.36615245678,0.3547,2297.8997134840847
6353.416165883614,0.4048,1764.3012561961943
6353.466179310451,0.4244,1605.1037139894731
6353.516192737292,0.3995,1811.4241573335592
6353.566206164137,0.3871,1929.3335222662074
6353.616219590983,0.3759,2046.0155713165127
6353.666233017834,0.3807,1994.747188112788
6353.726249130061,0.3926,1875.6555817101225
6353.7762625569185,0.5299,1029.5949850582415
6353.826275983779,0.4633,1346.881604827103
6353.876289410643,0.3941,1861.4047722498944
6353.9263028375135,0.3589,2244.4325575807375
6353.976316264385,0.3618,2208.596455973193
6354.026329691261,0.3556,2286.2828022535564
6354.0763431181385,0.3602,2228.261047325964
6354.126356545022,0.3646,2174.8043138875814
6354.176369971907,0.3661,2157.0194760110217
6354.236386084173,0.3723,2085.7751610749897
6354.2863995110665,0.3595,2236.946983072772
6354.336412937962,0.349,2373.5727862662065
6354.386426364863,0.3574,2263.3117084082364
6354.436439791765,0.3395,2508.267096248029
6354.486453218672,0.3191,2839.223404403825
6354.536466645583,0.3482,2384.491994222352
6354.586480072496,0.2872,3504.9675480594015
6354.636493499413,0.3908,1892.9736298354117
6354.686506926333,0.3107,2994.8191026088543
6354.736520353258,0.3531,2318.771755680467
6354.796536465569,0.3207,2810.9639017658988
6354.8465498925025,0.3037,3134.4652026704116
6354.896563319436,0.3892,1908.5695990068446
6354.9465767463735,0.3543,2303.0912243383464
6354.996590173315,0.3714,2095.896146807121
6355.046603600261,0.3387,2520.1299691235704
6355.096617027209,0.3315,2630.7901738263845
6355.146630454161,0.349,2373.5727862662065
6355.196643881115,0.3945,1857.6319836451833
6355.246657308073,0.411,1711.4733447196486
6355.306673420429,0.3732,2075.727309386227
6355.3566868473945,0.3466,2406.5576728380383
6355.406700274363,0.3366,2551.673439041402
6355.456713701336,0.3247,2742.133815419741
6355.5067271283115,0.3406,2492.0919326906433
6355.556740555292,0.3481,2385.862191087195
6355.606753982275,0.3376,2536.579323129227
6355.656767409261,0.3539,2308.3003484036926
6355.70678083625,0.3556,2286.2828022535564
6355.756794263244,0.3836,1964.70086078572
6355.80680769024,0.3486,2379.0229933666187
6355.866823802641,0.3883,1917.4271774694726
6355.916837229645,0.3835,1965.7256075342686
6355.966850656652,0.3598,2233.2182312244076
6356.016864083665,0.3449,2430.339746982105
6356.066877510678,0.3404,2495.021212025843
6356.116890937695,0.3864,1936.33017482
6356.166904364716,0.3401,2499.4248244170844
6356.21691779174,0.3389,2517.156373470811
6356.266931218769,0.3588,2245.6838056686843
6356.3169446458005,0.3804,1997.8947094257392
6356.376960758243,0.3902,1898.7996395482967
6356.426974185281,0.3841,1959.5891269058163
6356.476987612325,0.3908,1892.9736298354117
6356.527001039369,0.4282,1576.7416593769267
6356.5770144664175,0.4187,1649.1034507864892
6356.627027893471,0.3519,2334.612974565164
6356.677041320528,0.3466,2406.5576728380383
6356.727054747585,0.3632,2191.6026936424773
6356.777068174648,0.3212,2802.2192962151435
6356.827081601713,0.3576,2260.7807548672413
6356.877095028783,0.4018,1790.745506911955
6356.937111141273,0.3673,2142.9482097510904
6356.987124568347,0.369,2123.24842456157
6357.0371379954295,0.3546,2299.1959443043597
6357.087151422513,0.3109,2990.9672580260044
6357.1371648496,0.3675,2140.6163901411537
6357.18717827669,0.3892,1908.5695990068446
6357.237191703783,0.3635,2187.986695357667
6357.2872051308805,0.3485,2380.3884782952873
6357.337218557982,0.3146,2921.027860306146
6357.387231985087,0.3483,2383.1229773714845
6357.447248097615,0.3015,3180.3753804405696
6357.497261524727,0.3438,2445.9164933273387
6357.547274951843,0.3831,1969.8326222911726
6357.597288378961,0.396,1843.5857028266778
6357.647301806083,0.3601,2229.4987947586155
6357.6973152332075,0.3494,2368.1412869087962
6357.747328660336,0.358,2255.7315672898058
6357.79734208747,0.3976,1828.7778826517167
6357.847355514604,0.373,2077.953881221853
6357.897368941743,0.3673,2142.9482097510904
6357.947382368885,0.3868,1932.3274365177497
6358.00739848146,0.3477,2391.3548058461597
6358.0574119086095,0.3202,2819.749503899485
6358.107425335765,0.362,2206.1566987922565
6358.157438762921,0.3955,1848.2500426163272
6358.2074521900795,0.3605,2224.5539831644073
6358.257465617244,0.3802,1999.9971975236017
6358.30747904441,0.3635,2187.986695357667
6358.357492471581,0.3597,2234.4601119299095
6358.407505898753,0.3043,3122.1167383271527
6358.45751932593,0.3777,2026.5607515057263
6358.517535438547,0.3334,2600.890692464452
6358.567548865732,0.3391,2514.1880376999047
6358.6175622929195,0.3614,2213.488127434972
6358.667575720111,0.3305,2646.7342718906903
6358.717589147307,0.3277,2692.156876795004
6358.767602574504,0.3214,2798.7328759241436
6358.817616001705,0.3419,2473.1767474882545
6358.86762942891,0.3784,2019.069860062979
6358.917642856118,0.3497,2364.0798878825817
6358.96765628333,0.3613,2214.7135845742146
6359.027672395989,0.3709,2101.550779317474
6359.0776858232075,0.3498,2362.728409773569
6359.12769925043,0.3676,2139.451907329717
6359.177712677656,0.3652,2167.6640778401247
6359.227726104887,0.3512,2343.9287665060424
6359.277739532119,0.3928,1873.746036598102
6359.327752959353,0.3873,1927.3414433674484
6359.377766386594,0.3292,2667.6792158382887
6359.427779813836,0.3467,2405.169611882029
6359.477793241083,0.3744,2062.4427241493386
6359.527806668333,0.4061,1753.0236649565852
6359.587822781036,0.3804,1997.8947094257392
6359.637836208293,0.3465,2407.9469357483654
6359.687849635555,0.3696,2116.360374973083
6359.737863062818,0.373,2077.953881221853
6359.787876490086,0.3708,2102.684451642622
6359.837889917357,0.3587,2246.936100385294
6359.887903344632,0.3446,2434.573160651676
6359.937916771909,0.3909,1892.0052355359392
6359.98793019919,0.3664,2153.4886945680596
6360.037943626473,0.3239,2755.6960838933196
6360.097959739219,0.3527,2324.034199781522
6360.147973166511,0.3552,2291.4349727035883
6360.1979865938065,0.3183,2853.513231340545
6360.248000021104,0.351,2346.600663794742
6360.298013448407,0.3059,3089.541998656521
6360.348026875712,0.3314,2632.3780912396064
6360.398040303022,0.3591,2241.933196628479
6360.448053730333,0.3774,2029.7839007056514
6360.4980671576495,0.3645,2175.9977825694973
6360.548080584968,0.3667,2149.966575232028
6360.598094012292,0.3511,2345.264144396417
6360.658110125082,0.3692,2120.948676368314
6360.708123552412,0.3639,2183.1792687711886
6360.758136979745,0.337,2545.6196668632056
6360.808150407082,0.3633,2190.3963655178095
6360.858163834423,0.2948,3326.5801520935966
6360.9081772617665,0.3266,2710.3219133465172
6360.958190689113,0.3616,2211.040262532027
6361.008204116463,0.2985,3244.6235493793365
6361.058217543817,0.0906,35220.04563502325
6361.108230971175,0.0776,48008.84536669989
6361.168247084007,0.0828,42168.16795686695
6361.218260511371,0.1972,7434.258719875291
6361.268273938739,0.3273,2698.741157177062
6361.318287366111,0.3294,2664.440768646953
6361.368300793485,0.3543,2303.0912243383464
6361.418314220863,0.3712,2098.1552579328786
6361.468327648245,0.387,1930.330720097489
6361.51834107563,0.357,2268.386382521974
6361.568354503018,0.3362,2557.748831759978
6361.6183679304095,0.3749,2056.9450930434
6361.6783840432845,0.3985,1820.5267540890948
6361.728397470683,0.36,2230.7375737878447
6361.778410898086,0.3296,2661.208214880497
6361.828424325491,0.3341,2590.0034684065104
6361.878437752901,0.3389,2517.156373470811
6361.928451180314,0.3838,1962.6537697623492
6361.978464607731,0.3885,1915.453505708019
6362.028478035151,0.3614,2213.488127434972
6362.078491462573,0.3346,2582.2686788357832
6362.12850489,0.3348,2579.184461770484
6362.17851831743,0.3442,2440.2349403294725
6362.2385344303475,0.3254,2730.3487928097175
6362.288547857786,0.3437,2447.3399819489714
6362.338561285227,0.365,2170.040244433403
6362.3885747126715,0.3767,2037.3345515817198
6362.438588140118,0.3718,2091.388856686206
6362.488601567569,0.3535,2313.527165445317
6362.538614995023,0.3538,2309.6053908218355
6362.588628422481,0.346,2414.9113282696926
6362.638641849942,0.3246,2743.823616868732
6362.688655277405,0.3471,2399.629359908445
6362.748671390368,0.3303,2649.9404814773256
6362.79868481784,0.3354,2569.964891742478
6362.848698245315,0.3226,2777.9503422464654
6362.898711672794,0.3612,2215.9400596730707
6362.948725100274,0.3897,1903.6752178832025
6362.99873852776,0.3408,2489.1678090088426
6363.048751955249,0.3426,2463.080716764135
6363.0987653827415,0.339,2515.67154887586
6363.148778810239,0.2982,3251.155228981296
6363.198792237736,0.32,2823.275281222512
6363.248805665237,0.3268,2707.0055311273522
6363.308821778245,0.3627,2197.6493086398646
6363.358835205756,0.3666,2151.139654304375
6363.408848633269,0.3402,2497.955659141786
6363.458862060786,0.3244,2747.207909061649
6363.5088754883045,0.3893,1907.5892139211383
6363.558888915829,0.3716,2093.6406823396846
6363.608902343356,0.3588,2245.6838056686843
6363.658915770885,0.3449,2430.339746982105
6363.708929198418,0.3036,3136.5304010177447
6363.758942625956,0.3482,2384.491994222352
6363.818958739005,0.2962,3295.2081715181916
6363.868972166549,0.3682,2132.4849232931597
6363.918985594098,0.38,2002.1030062043053
6363.968999021648,0.3597,2234.4601119299095
6364.019012449204,0.4049,1763.4298909054348
6364.069025876762,0.3995,1811.4241573335592
6364.1190393043225,0.3143,2926.6067580877702
6364.169052731887,0.3229,2772.7908787386436
6364.219066159456,0.3729,2079.068510842728
6364.2690795870285,0.3277,2692.156876795004
6364.319093014602,0.3461,2413.5160347256206
6364.379109127696,0.3323,2618.1383988721086
6364.429122555279,0.3368,2548.643856803184
6364.479135982864,0.3542,2304.391851008013
6364.529149410454,0.3248,2740.445574502867
6364.579162838045,0.3007,3197.3203510015496
6364.629176265642,0.3177,2864.301517528459
6364.679189693242,0.3352,2573.032581379949
6364.729203120844,0.2753,3814.5237116833932
6364.779216548452,0.3605,2224.5539831644073
6364.829229976059,0.3227,2776.22892215757
6364.889246089196,0.4218,1624.9525610317762
6364.939259516813,0.3773,2030.8599926789316
6364.989272944432,0.3789,2013.7446229382422
6365.039286372057,0.3389,2517.156373470811
6365.089299799684,0.3553,2290.14529859133
6365.139313227315,0.3689,2124.3997015734567
6365.18932665495,0.3607,2222.087744088369
6365.239340082585,0.3743,2063.5448949851398
6365.289353510226,0.4095,1724.034544108396
6365.339366937869,0.3792,2010.5595869565177
6365.399383051047,0.2466,4754.077201449176
6365.449396478698,0.2961,3297.4342799100295
6365.499409906353,0.3549,2295.310538207344
6365.549423334012,0.3218,2791.77952659946
6365.599436761675,0.3405,2493.5559271444436
6365.649450189339,0.271,3936.5349340330026
6365.6994636170075,0.3068,3071.4422572934814
6365.749477044679,0.3493,2369.4974125825297
6365.7994904723555,0.3736,2071.284888494839
6365.849503900034,0.3684,2130.1701564228733
6365.899517327715,0.4058,1755.6165688450542
6365.959533440938,0.3594,2238.1919758179024
6366.009546868629,0.3481,2385.862191087195
6366.059560296322,0.3315,2630.7901738263845
6366.109573724017,0.3957,1846.3821848548998
6366.159587151717,0.3961,1842.6549538580014
6366.20960057942,0.3477,2391.3548058461597
6366.259614007126,0.3496,2365.432525889354
6366.309627434836,0.3674,2141.7818239363496
6366.359640862548,0.4107,1713.974578110514
6366.409654290264,0.359,2243.182354955459
6366.46967040353,0.328,2687.2344667208054
6366.519683831255,0.3611,2217.1675538593154
6366.569697258981,0.3422,2468.842290269278
6366.619710686713,0.3924,1877.5680473524706
6366.6697241144475,0.3323,2618.1383988721086
6366.719737542184,0.315,2913.614110520386
6366.769750969926,0.3171,2875.1511005304146
6366.819764397671,0.3602,2228.261047325964
6366.869777825417,0.3213,2800.4752722486055
6366.919791253169,0.4054,1759.0827323373608
6366.9698046809235,0.3862,1938.3362095570217
6367.029820794234,0.3743,2063.5448949851398
6367.079834221994,0.3344,2585.358431421523
6367.12984764976,0.3443,2438.817645250401
6367.179861077529,0.3657,2161.7407081408583
6367.229874505302,0.3796,2006.3246133174941
6367.279887933077,0.334,2591.554596212904
6367.329901360855,0.3611,2217.1675538593154
6367.379914788638,0.3342,2588.4537327824237
6367.429928216424,0.3084,3039.655332002462
6367.479941644213,0.3115,2979.4562064879715
6367.539957757564,0.3178,2862.499225607635
6367.58997118536,0.3786,2016.9372333002268
6367.639984613162,0.4344,1532.0546737777
6367.6899980409635,0.3292,2667.6792158382887
6367.740011468769,0.3118,2973.7255843384537
6367.790024896579,0.3438,2445.9164933273387
6367.840038324394,0.3359,2562.3196267628896
6367.890051752212,0.3004,3203.709644400348
6367.940065180031,0.3986,1819.613410475035
6367.990078607854,0.3621,2204.938335923328
6368.0400920356815,0.3396,2506.7901289834685
6368.100108149078,0.3284,2680.692226204096
6368.150121576912,0.3435,2450.1906897506783
6368.20013500475,0.3655,2164.1071390442476
6368.250148432591,0.3209,2807.4611542619377
6368.300161860437,0.3287,2675.801211730145
6368.350175288284,0.3441,2441.65347123844
6368.400188716134,0.3752,2053.6570590203905
6368.450202143989,0.334,2591.554596212904
6368.500215571847,0.3291,2669.3006539462185
6368.550228999709,0.3101,3006.4193865319435
6368.610245113148,0.3338,2594.661035047221
6368.660258541016,0.3306,2645.133348735248
6368.710271968888,0.385,1950.4381437467864
6368.760285396765,0.349,2373.5727862662065
6368.810298824644,0.3633,2190.3963655178095
6368.860312252526,0.3811,1990.562050095863
6368.91032568041,0.3705,2106.0909780572824
6368.960339108301,0.3683,2131.3270684840286
6369.010352536194,0.3879,1921.3836834733113
6369.060365964089,0.3543,2303.0912243383464
6369.110379391989,0.3369,2547.1310885961348
6369.170395505472,0.3193,2835.667719699118
6369.220408933379,0.3484,2381.7551391800093
6369.270422361289,0.344,2443.0732394145216
6369.320435789203,0.3455,2421.9059787236383
6369.37044921712,0.3232,2767.645775835314
6369.420462645041,0.3379,2532.0771997988454
6369.470476072964,0.3471,2399.629359908445
6369.520489500891,0.3477,2391.3548058461597
6369.570502928822,0.3437,2447.3399819489714
6369.620516356754,0.3411,2484.791263895161
6369.680532470281,0.3621,2204.938335923328
6369.730545898222,0.3952,1851.0571481946283
6369.780559326167,0.3891,1909.5507400744634
6369.830572754115,0.3875,1925.3524481739246
6369.880586182065,0.3461,2413.5160347256206
6369.93059961002,0.3776,2027.634281024108
6369.980613037979,0.3658,2160.5589479883633
6370.03062646594,0.3335,2599.331176448008
6370.080639893905,0.3859,1941.3511117867454
6370.130653321873,0.3521,2331.961519530962
6370.190669435442,0.3063,3081.477970985643
6370.240682863416,0.3712,2098.1552579328786
6370.290696291396,0.3369,2547.1310885961348
6370.340709719378,0.3156,2902.5462956878578
6370.390723147365,0.3484,2381.7551391800093
6370.440736575353,0.3627,2197.6493086398646
6370.490750003346,0.3874,1926.346560705505
6370.5407634313415,0.3451,2427.523602714951
6370.5907768593415,0.329,2670.9235707893313
6370.640790287344,0.3323,2618.1383988721086
6370.69080371535,0.3686,2127.8591564530993
6370.750819828962,0.3855,1945.3819356657482
6370.800833256975,0.3898,1902.6986010800852
6370.8508466849935,0.3444,2437.4015845660965
6370.900860113014,0.3849,1951.4517506288435
6370.950873541036,0.404,1771.2954887245266
6371.000886969064,0.397,1834.3098379682813
6371.050900397094,0.4175,1658.5969279133433
6371.100913825128,0.344,2443.0732394145216
6371.1509272531675,0.3172,2873.338560283675
6371.200940681206,0.3624,2201.2892968228803
6371.260956794859,0.3929,1872.7923573830067
6371.310970222908,0.3062,3083.4910154563913
6371.36098365096,0.3116,2977.544159916792
6371.410997079013,0.3257,2725.3213142130016
6371.461010507073,0.3451,2427.523602714951
6371.511023935135,0.3214,2798.7328759241436
6371.561037363199,0.3381,2529.082439903642
6371.611050791267,0.3636,2186.783351132581
6371.661064219339,0.3567,2272.2035968583014
6371.711077647414,0.3241,2752.2960995360236
6371.761091075493,0.3489,2374.9335808389724
6371.821107189192,0.3531,2318.771755680467
6371.8711206172775,0.3341,2590.0034684065104
6371.921134045366,0.333,2607.1428125104226
6371.9711474734595,0.345,2428.9310626450447
6372.021160901556,0.3795,2007.382101413976
6372.071174329654,0.3651,2168.851673018435
6372.121187757757,0.3644,2177.1922339318385
6372.171201185863,0.3533,2316.147233882381
6372.221214613974,0.335,2576.105767010457
6372.2712280420865,0.3806,1995.795534932892
6372.331244155826,0.3444,2437.4015845660965
6372.381257583947,0.3553,2290.14529859133
6372.43127101207,0.3847,1953.4813362188652
6372.481284440199,0.3486,2379.0229933666187
6372.531297868329,0.3345,2583.8128623611065
6372.581311296462,0.3048,3111.8820082723278
6372.631324724599,0.3986,1819.613410475035
6372.68133815274,0.3274,2697.0928243918597
6372.731351580884,0.3638,2184.379638929639
6372.781365009031,0.3854,1946.3916031652084
6372.841381122813,0.334,2591.554596212904
6372.891394550968,0.3849,1951.4517506288435
6372.941407979127,0.358,2255.7315672898058
6372.991421407287,0.3816,1985.349123599025
6373.041434835452,0.3607,2222.087744088369
6373.09144826362,0.3613,2214.7135845742146
6373.141461691792,0.3242,2750.5984665084793
6373.1914751199665,0.3826,1974.9845161825187
6373.241488548145,0.3741,2065.751888814074
6373.291501976327,0.3211,2803.9649498516496
6373.341515404512,0.3127,2956.6325686153614
6373.401531518339,0.3269,2705.3496221576283
6373.451544946531,0.3239,2755.6960838933196
6373.501558374728,0.3327,2611.846708663293
6373.551571802927,0.3449,2430.339746982105
6373.60158523113,0.337,2545.6196668632056
6373.651598659337,0.352,2333.28668210898
6373.701612087544,0.3839,1961.631423819002
6373.751625515758,0.3498,2362.728409773569
6373.8016389439745,0.3879,1921.3836834733113
6373.851652372195,0.3656,2162.923438138976
6373.911668486063,0.3799,2003.157157948818
6373.961681914288,0.4166,1665.7709368353176
6374.01169534252,0.3617,2209.817852520565
6374.061708770753,0.3664,2153.4886945680596
6374.11172219899,0.3739,2067.962425159403
6374.161735627231,0.3596,2235.703028828337
6374.211749055475,0.366,2158.1983329813565
6374.261762483723,0.3809,1992.6529709840925
6374.311775911973,0.376,2044.9274127767742
6374.361789340226,0.3637,2185.5809993535872
6374.411802768485,0.3622,2203.720982047752
6374.471818882398,0.3568,2270.930122185546
6374.521832310662,0.3333,2602.451612392034
6374.571845738932,0.3606,2223.320350682925
6374.621859167201,0.3572,2265.8469144491296
6374.671872595476,0.356,2281.1479888629856
6374.721886023755,0.3509,2347.9383260024315
6374.771899452037,0.3329,2608.709364964042
6374.821912880324,0.3586,2248.1894428981886
6374.87192630861,0.346,2414.9113282696926
6374.921939736902,0.3294,2664.440768646953
6374.981955850857,0.348,2387.233569322542
6375.031969279157,0.3722,2086.8960905490126
6375.081982707457,0.3634,2189.191033121392
6375.131996135765,0.3527,2324.034199781522
6375.182009564073,0.3684,2130.1701564228733
6375.232022992387,0.2986,3242.4506964785232
6375.282036420703,0.4188,1648.3160092250364
6375.332049849022,0.377,2034.0934080147247
6375.382063277345,0.3236,2760.80788535653
6375.4320767056715,0.3449,2430.339746982105
6375.492092819666,0.3442,2440.2349403294725
6375.542106248001,0.3339,2593.107117869632
6375.592119676338,0.3361,2559.2710702149475
6375.642133104678,0.3852,1948.413297704552
6375.692146533022,0.3417,2476.07273027012
6375.74215996137,0.3153,2908.072305071493
6375.792173389718,0.3149,2915.4648996473475
6375.842186818072,0.3138,2935.9405025202814
6375.892200246431,0.3103,3002.545147628981
6375.942213674791,0.3308,2641.935856908975
6375.992227103155,0.3265,2711.9823903245538
6376.0522432171965,0.3444,2437.4015845660965
6376.102256645568,0.3426,2463.080716764135
6376.1522700739415,0.3588,2245.6838056686843
6376.20228350232,0.3507,2350.61708406085
6376.252296930702,0.3568,2270.930122185546
6376.302310359087,0.3843,1957.5500177523847
6376.352323787475,0.3355,2568.4331038266832
6376.402337215866,0.2491,4659.131355614665
6376.45235064426,0.332,2622.872097787167
6376.5023640726595,0.3762,2042.7536983638054
6376.5523775010615,0.3844,1956.5316565127814
6376.612393615148,0.3439,2444.4942462970207
6376.662407043556,0.3177,2864.301517528459
6376.71242047197,0.3169,2878.781329998422
6376.762433900385,0.3196,2830.3467034801142
6376.812447328805,0.3355,2568.4331038266832
6376.862460757228,0.3451,2427.523602714951
6376.912474185652,0.3385,2523.108837092854
6376.9624876140815,0.3072,3063.448943139124
6377.0125010425145,0.2782,3735.412117194173
6377.062514470951,0.3139,2934.0701849050934
6377.122530585079,0.3176,2866.105512128721
6377.172544013522,0.3374,2539.5874127587376
6377.22255744197,0.2928,3372.1802884907106
6377.27257087042,0.3088,3031.7857029541333
6377.322584298874,0.3252,2733.708177781939
6377.37259772733,0.3357,2565.3736336334237
6377.422611155791,0.2831,3607.22381777936
6377.472624584255,0.4222,1621.875007339633
6377.522638012721,0.3189,2842.7857810904993
6377.572651441192,0.3375,2538.08269948162
6377.63266755536,0.3497,2364.0798878825817
6377.682680983838,0.361,2218.396068262282
6377.732694412319,0.3428,2460.207490372655
6377.782707840804,0.3238,2757.3984391096355
6377.832721269292,0.3534,2314.8366436237484
6377.882734697783,0.3905,1895.8832778453223
6377.932748126278,0.3892,1908.5695990068446
6377.982761554776,0.3614,2213.488127434972
6378.032774983278,0.3299,2656.3704031519205
6378.082788411782,0.3496,2365.432525889354
6378.132801840291,0.3448,2431.749657146761
6378.192817954505,0.3256,2726.9955964298865
6378.24283138302,0.3902,1898.7996395482967
6378.292844811537,0.3598,2233.2182312244076
6378.34285824006,0.3227,2776.22892215757
6378.392871668586,0.3773,2030.8599926789316
6378.442885097114,0.3703,2108.366596788151
6378.4928985256465,0.3902,1898.7996395482967
6378.542911954182,0.3915,1886.2104444315546
6378.592925382723,0.3436,2448.7647136075175
6378.642938811265,0.3941,1861.4047722498944
6378.702954925519,0.3882,1918.4151574801695
6378.75296835407,0.355,2294.01759128272
6378.802981782623,0.3601,2229.4987947586155
6378.85299521118,0.3672,2144.115548622573
6378.903008639741,0.3563,2277.308222525568
6378.953022068302,0.343,2457.3392885530625
6379.00303549687,0.4048,1764.3012561961943
6379.053048925441,0.3108,2992.8922508212763
6379.103062354014,0.3993,1813.239206938869
6379.153075782591,0.3513,2342.5945288240523
6379.20308921117,0.3893,1907.5892139211383
6379.263105325471,0.3802,1999.9971975236017
6379.313118754058,0.3778,2025.4880743308552
6379.36313218265,0.3907,1893.9427678121901
6379.413145611243,0.3326,2613.417503308107
6379.463159039841,0.3425,2464.519217842696
6379.5131724684425,0.3796,2006.3246133174941
6379.563185897046,0.3793,2009.4995873508649
6379.613199325655,0.3504,2354.6438248609666
6379.663212754264,0.3693,2119.800203161261
6379.71322618288,0.3301,2653.152520517557
6379.773242297222,0.3796,2006.3246133174941
6379.823255725843,0.3313,2633.967446762326
6379.873269154468,0.2939,3346.98502458049
6379.923282583097,0.3333,2602.451612392034
6379.973296011728,0.366,2158.1983329813565
6380.023309440365,0.3209,2807.4611542619377
6380.073322869004,0.3309,2640.3392847296554
6380.123336297646,0.3493,2369.4974125825297
6380.173349726291,0.3681,2133.64372187485
6380.223363154939,0.3724,2084.6551344817067
6380.283379269324,0.375,2055.8482048567403
6380.333392697978,0.3714,2095.896146807121
6380.383406126638,0.349,2373.5727862662065
6380.433419555301,0.3004,3203.709644400348
6380.483432983967,0.3649,2171.229793155314
6380.533446412637,0.2698,3971.63003812846
6380.58345984131,0.3391,2514.1880376999047
6380.633473269986,0.3531,2318.771755680467
6380.6834866986665,0.3715,2094.7679592318805
6380.7335001273495,0.3201,2821.511566467701
6380.783513556036,0.3178,2862.499225607635
6380.843529670463,0.3179,2860.6986342241853
6380.893543099158,0.3635,2187.986695357667
6380.943556527855,0.3471,2399.629359908445
6380.993569956554,0.3514,2341.261430052732
6381.043583385259,0.4135,1690.8409929626996
6381.0935968139665,0.3465,2407.9469357483654
6381.143610242677,0.3504,2354.6438248609666
6381.193623671392,0.3821,1980.1566479059754
6381.243637100108,0.3102,3004.481330371981
6381.293650528828,0.3318,2626.0350329119256
6381.343663957553,0.3227,2776.22892215757
6381.403680072027,0.3633,2190.3963655178095
6381.453693500758,0.3184,2851.721110630626
6381.503706929492,0.3128,2954.742446804613
6381.553720358231,0.3284,2680.692226204096
6381.603733786972,0.333,2607.1428125104226
6381.653747215718,0.3425,2464.519217842696
6381.7037606444665,0.3152,2909.9178154661267
6381.753774073217,0.3571,2267.116115134762
6381.803787501972,0.4016,1792.5295576574138
6381.853800930731,0.3865,1935.3283250550714
6381.913817045245,0.3375,2538.08269948162
6381.96383047401,0.3426,2463.080716764135
6382.01384390278,0.3956,1847.315759617881
6382.063857331553,0.3448,2431.749657146761
6382.1138707603295,0.3491,2372.2131609249773
6382.163884189107,0.3517,2337.268954253303
6382.21389761789,0.3385,2523.108837092854
6382.263911046676,0.3152,2909.9178154661267
6382.313924475466,0.3384,2524.600252092078
6382.363937904259,0.3568,2270.930122185546
6382.423954018814,0.4203,1636.5717495464633
6382.473967447614,0.3416,2477.522629510481
6382.523980876418,0.3393,2511.2249494128196
6382.573994305226,0.366,2158.1983329813565
6382.6240077340335,0.332,2622.872097787167
6382.674021162847,0.3572,2265.8469144491296
6382.724034591664,0.3207,2810.9639017658988
6382.774048020484,0.3418,2474.62410342551
6382.824061449308,0.3709,2101.550779317474
6382.874074878136,0.3108,2992.8922508212763
6382.934090992731,0.3266,2710.3219133465172
6382.9841044215655,0.3842,1958.5691742739598
6383.034117850404,0.3691,2122.098083164365
6383.0841312792445,0.4046,1766.0459254537939
6383.134144708089,0.3598,2233.2182312244076
6383.184158136936,0.3182,2855.3070419278993
6383.234171565787,0.319,2841.0037552004374
6383.2841849946435,0.3244,2747.207909061649
6383.334198423499,0.3445,2435.9867568435116
6383.38421185236,0.4126,1698.225447124094
6383.434225281226,0.3811,1990.562050095863
6383.494241395867,0.3992,1814.1477549212082
6383.544254824739,0.3744,2062.4427241493386
6383.594268253613,0.3742,2064.6479495583703
6383.644281682493,0.3348,2579.184461770484
6383.694295111375,0.3584,2250.6992759914538
6383.74430854026,0.3409,2487.707676757897
6383.794321969148,0.3778,2025.4880743308552
6383.84433539804,0.3524,2327.9927982446325
6383.894348826936,0.3379,2532.0771997988454
6383.9443622558365,0.3526,2325.352609970714
6383.994375684737,0.4018,1790.745506911955
6384.0543917994255,0.416,1670.5794989620401
6384.104405228334,0.3318,2626.0350329119256
6384.154418657247,0.3727,2081.3004622987555
6384.204432086162,0.3976,1828.7778826517167
6384.254445515083,0.3552,2291.4349727035883
6384.304458944006,0.3275,2695.4460012946774
6384.354472372933,0.3252,2733.708177781939
6384.4044858018615,0.3135,2941.562197993522
6384.454499230795,0.3589,2244.4325575807375
6384.5045126597315,0.3434,2451.617911828265
6384.564528774459,0.2954,3313.080393670894
6384.614542203403,0.3268,2707.0055311273522
6384.66455563235,0.334,2591.554596212904
6384.714569061299,0.367,2146.453089691617
6384.764582490253,0.3345,2583.8128623611065
6384.814595919211,0.327,2703.6952321334998
6384.864609348173,0.3369,2547.1310885961348
6384.914622777134,0.3984,1821.4407855464856
6384.964636206102,0.3047,3113.924924215146
6385.0146496350735,0.3505,2353.300429020165
6385.074665749843,0.3509,2347.9383260024315
6385.12467917882,0.2859,3536.91438968837
6385.174692607801,0.3316,2629.2036927881763
6385.224706036786,0.3352,2573.032581379949
6385.274719465774,0.3247,2742.133815419741
6385.324732894767,0.3859,1941.3511117867454
6385.37474632376,0.3624,2201.2892968228803
6385.424759752758,0.3613,2214.7135845742146
6385.47477318176,0.3884,1916.4399604739212
6385.524786610767,0.3187,2846.354866562557
6385.574800039773,0.3107,2994.8191026088543
6385.634816154587,0.3824,1977.0509344038917
6385.6848295836035,0.3791,2011.6204254990791
6385.734843012622,0.3123,2964.211221310571
6385.784856441643,0.3919,1882.36202792012
6385.834869870669,0.4231,1614.9823976873527
6385.884883299698,0.3474,2395.4867237269227
6385.934896728731,0.3338,2594.661035047221
6385.984910157766,0.3734,2073.504314362907
6386.034923586805,0.351,2346.600663794742
6386.084937015847,0.3529,2321.4007409378696
6386.144953130702,0.3579,2256.992277207209
6386.194966559752,0.3254,2730.3487928097175
6386.244979988806,0.355,2294.01759128272
6386.294993417862,0.3424,2465.9589794705516
6386.345006846922,0.3562,2278.5870667111258
6386.395020275985,0.3672,2144.115548622573
6386.44503370505,0.3444,2437.4015845660965
6386.495047134121,0.3004,3203.709644400348
6386.545060563194,0.318,2858.8997412394115
6386.595073992271,0.3742,2064.6479495583703
6386.645087421351,0.3887,1913.4828797282187
6386.705103536251,0.3976,1828.7778826517167
6386.755116965338,0.3722,2086.8960905490126
6386.805130394428,0.3799,2003.157157948818
6386.855143823523,0.3405,2493.5559271444436
6386.905157252621,0.3136,2939.686506780539
6386.95517068172,0.2934,3358.4022893844863
6387.005184110824,0.3056,3095.6108108476565
6387.055197539932,0.317,2876.965356380058
6387.105210969044,0.3795,2007.382101413976
6387.155224398157,0.3913,1888.1390799117744
6387.215240513098,0.302,3169.8530886995436
6387.265253942221,0.3693,2119.800203161261
6387.315267371345,0.3616,2211.040262532027
6387.365280800474,0.5059,1129.6003570808423
6387.415294229603,0.4036,1774.8082119032342
6387.465307658738,0.3796,2006.3246133174941
6387.515321087876,0.4002,1805.0928989405043
6387.565334517019,0.3628,2196.4379853876767
6387.615347946165,0.2786,3724.693618502465
6387.6653613753115,0.3473,2396.8664097028172
6387.725377490295,0.3209,2807.4611542619377
6387.775390919451,0.3626,2198.861634225426
6387.82540434861,0.3689,2124.3997015734567
6387.875417777771,0.3622,2203.720982047752
6387.925431206937,0.381,1991.6070989424677
6387.975444636107,0.4099,1720.6714035480557
6388.025458065278,0.3926,1875.6555817101225
6388.075471494454,0.4123,1700.697684564763
6388.125484923634,0.333,2607.1428125104226
6388.175498352814,0.3317,2627.618646393111
6388.225511782001,0.3192,2837.444726601883
6388.285527897029,0.3901,1899.773255618172
6388.335541326222,0.3561,2279.8669884199758
6388.385554755418,0.3311,2637.150479087301
6388.435568184618,0.3384,2524.600252092078
6388.4855816138215,0.3373,2541.093464546251
6388.5355950430285,0.3342,2588.4537327824237
6388.585608472238,0.3755,2050.3769026018344
6388.6356219014515,0.3323,2618.1383988721086
6388.685635330667,0.3951,1851.9942713096439
6388.735648759887,0.3362,2557.748831759978
6388.785662189112,0.3217,2793.51543257156
6388.845678304184,0.339,2515.67154887586
6388.895691733414,0.3357,2565.3736336334237
6388.945705162648,0.3487,2377.658683045242
6388.995718591884,0.2974,3268.6697792902214
6389.045732021126,0.2801,3684.9073946964813
6389.0957454503705,0.3377,2535.0772821182322
6389.145758879618,0.3506,2351.9581825237005
6389.195772308869,0.3638,2184.379638929639
6389.245785738122,0.3094,3020.038438905487
6389.29579916738,0.3363,2556.227951028111
6389.355815282493,0.3526,2325.352609970714
6389.405828711759,0.3373,2541.093464546251
6389.455842141026,0.3456,2420.504619590853
6389.505855570298,0.378,2023.3452734045695
6389.555868999572,0.3473,2396.8664097028172
6389.60588242885,0.3565,2274.7537618893484
6389.655895858133,0.2956,3308.5987314316562
6389.705909287416,0.298,3255.5206454960176
6389.755922716705,0.3184,2851.721110630626
6389.8059361459955,0.3781,2022.275147852596
6389.865952261151,0.3712,2098.1552579328786
6389.915965690449,0.3847,1953.4813362188652
6389.965979119751,0.2972,3273.0705311008596
6390.015992549058,0.3785,2018.0031241014685
6390.066005978366,0.3993,1813.239206938869
6390.116019407681,0.3551,2292.725736524714
6390.166032836995,0.3527,2324.034199781522
6390.216046266313,0.3436,2448.7647136075175
6390.266059695637,0.3669,2147.6232939706456
6390.316073124963,0.4037,1773.9290521316534
6390.3660865542915,0.3639,2183.1792687711886
6390.42610266949,0.3775,2028.7086637892633
6390.476116098827,0.4249,1601.3283420431965
6390.526129528167,0.3723,2085.7751610749897
6390.5761429575105,0.3827,1973.9525217618798
6390.626156386857,0.3778,2025.4880743308552
6390.676169816207,0.3536,2312.2187980892577
6390.726183245559,0.3356,2566.9026850006912
6390.776196674916,0.3395,2508.267096248029
6390.8262101042765,0.3103,3002.545147628981
6390.876223533639,0.3491,2372.2131609249773
6390.93623964888,0.3337,2596.2163494187025
6390.986253078248,0.4299,1564.2961846494466
6391.036266507624,0.4087,1730.7904732594866
6391.086279937,0.3743,2063.5448949851398
6391.136293366381,0.3683,2131.3270684840286
6391.186306795765,0.3654,2165.2918119196597
6391.236320225152,0.3405,2493.5559271444436
6391.286333654542,0.3428,2460.207490372655
6391.336347083938,0.324,2753.99530468371
6391.386360513335,0.3246,2743.823616868732
6391.436373942735,0.2425,4916.191924126927
6391.49639005802,0.3133,2945.3189700323283
6391.5464034874285,0.3321,2621.292772698076
6391.596416916839,0.3702,2109.5057894734764
6391.6464303462535,0.3782,2021.2058710430138
6391.696443775672,0.33,2654.760730500015
6391.746457205093,0.3068,3071.4422572934814
6391.796470634517,0.3106,2996.74781578318
6391.846484063946,0.3249,2738.758892197164
6391.896497493378,0.3598,2233.2182312244076
6391.946510922812,0.3119,2971.8190506149413
6392.006527038138,0.2778,3746.176949254808
6392.056540467579,0.2756,3806.223783309472
6392.106553897025,0.3024,3161.4728078619814
6392.156567326474,0.3588,2245.6838056686843
6392.206580755927,0.3576,2260.7807548672413
6392.256594185383,0.398,1825.1038036396537
6392.306607614841,0.3365,2553.190256279398
6392.356621044302,0.3352,2573.032581379949
6392.4066344737685,0.365,2170.040244433403
6392.456647903236,0.3675,2140.6163901411537
6392.516664018604,0.3272,2700.3910014961425
6392.5666774480815,0.2902,3432.8757710723294
6392.61669087756,0.2917,3397.6611223544232
6392.666704307043,0.2925,3379.1011050468323
6392.71671773653,0.3537,2310.9115402995226
6392.766731166019,0.4049,1763.4298909054348
6392.816744595512,0.3491,2372.2131609249773
6392.866758025008,0.3324,2616.5633467052435
6392.9167714545065,0.3423,2467.4000031209457
6392.96678488401,0.3967,1837.0852331770348
6393.016798313516,0.3543,2303.0912243383464
6393.076814428929,0.3663,2154.6646578579584
6393.126827858442,0.4283,1576.005467964796
6393.176841287958,0.3625,2200.0749632505317
6393.22685471748,0.3258,2723.6485734511043
6393.276868147003,0.3522,2330.6374855480735
6393.3268815765305,0.3739,2067.962425159403
6393.376895006059,0.3423,2467.4000031209457
6393.426908435595,0.2394,5044.335645282051
6393.476921865132,0.3134,2943.439684979759
6393.526935294672,0.3454,2423.308555191042
6393.586951410124,0.3354,2569.964891742478
6393.636964839671,0.3416,2477.522629510481
6393.686978269223,0.3671,2145.2838415894075
6393.736991698778,0.3998,1808.7066885901158
6393.787005128335,0.3819,1982.2311909397943
6393.837018557896,0.3411,2484.791263895161
6393.8870319874595,0.3343,2586.9053876751095
6393.9370454170285,0.356,2281.1479888629856
6393.987058846598,0.3923,1878.525377234028
6394.037072276175,0.3582,2253.2133143220676
6394.087085705752,0.3751,2054.7521938274062
6394.147101821249,0.3099,3010.301128777435
6394.197115250834,0.3024,3161.4728078619814
6394.247128680422,0.3329,2608.709364964042
6394.297142110015,0.3307,2643.5338776598664
6394.34715553961,0.3252,2733.708177781939
6394.397168969208,0.2937,3351.5449336224483
6394.447182398809,0.301,3190.950152216929
6394.497195828415,0.3358,2563.845948096232
6394.547209258024,0.3858,1942.3576424654373
6394.597222687635,0.3737,2070.1765116067954
6394.657238803174,0.3847,1953.4813362188652
6394.707252232793,0.3688,2125.5519152149254
6394.757265662414,0.3484,2381.7551391800093
6394.807279092041,0.3426,2463.080716764135
6394.85729252167,0.4075,1740.9990697742826
6394.907305951302,0.4023,1786.2970151298434
6394.957319380939,0.3764,2040.5834480280228
6395.007332810578,0.352,2333.28668210898
6395.05734624022,0.3086,3035.7166923312893
6395.107359669867,0.4379,1507.6621182269616
6395.167375785445,0.3554,2288.856712961658
6395.217389215099,0.2801,3684.9073946964813
6395.267402644756,0.3129,2952.854136895805
6395.3174160744165,0.3722,2086.8960905490126
6395.367429504079,0.3516,2338.5986440604647
6395.417442933744,0.3472,2398.247287971925
6395.467456363414,0.3786,2016.9372333002268
6395.517469793089,0.4188,1648.3160092250364
6395.567483222764,0.3653,2166.4774578296524
6395.617496652444,0.3118,2973.7255843384537
6395.667510082128,0.356,2281.1479888629856
6395.727526197751,0.3064,3079.466897183353
6395.777539627443,0.3582,2253.2133143220676
6395.827553057136,0.341,2486.2488288886484
6395.877566486833,0.3035,3138.597641076858
6395.927579916533,0.3644,2177.1922339318385
6395.977593346238,0.3491,2372.2131609249773
6396.027606775945,0.3976,1828.7778826517167
6396.077620205656,0.3875,1925.3524481739246
6396.12763363537,0.3953,1850.120736186777
6396.1776470650875,0.3819,1982.2311909397943
6396.237663180752,0.3186,2848.1419303585953
6396.287676610478,0.3104,3000.6108358891443
6396.337690040206,0.3278,2690.5145717148553
6396.387703469936,0.3369,2547.1310885961348
6396.437716899671,0.355,2294.01759128272
6396.48773032941,0.3506,2351.9581825237005
6396.5377437591505,0.3433,2453.0463812921985
6396.587757188894,0.3905,1895.8832778453223
6396.637770618643,0.3004,3203.709644400348
6396.687784048394,0.29,3437.6123885560714
6396.737797478149,0.2578,4349.974403649369
6396.797813593858,0.2905,3425.7891795468017
6396.84782702362,0.3316,2629.2036927881763
6396.897840453386,0.2983,3248.9758126980337
6396.947853883155,0.2875,3497.6566749653275
6396.997867312925,0.4079,1737.5861917833486
6397.047880742701,0.4245,1604.347572234197
6397.09789417248,0.3476,2392.730923167858
6397.147907602262,0.3162,2891.541425499313
6397.197921032048,0.3163,2889.713366569046
6397.247934461836,0.3329,2608.709364964042
6397.307950577586,0.3608,2220.856162243556
6397.357964007383,0.3865,1935.3283250550714
6397.407977437182,0.3494,2368.1412869087962
6397.457990866984,0.2518,4559.749618500898
6397.508004296791,0.3365,2553.190256279398
6397.5580177266,0.3326,2613.417503308107
6397.608031156413,0.3293,2666.059254669605
6397.65804458623,0.3337,2596.2163494187025
6397.708058016048,0.3496,2365.432525889354
6397.758071445871,0.4279,1578.953331306092
6397.808084875696,0.3559,2282.4300692527218
6397.868100991492,0.352,2333.28668210898
6397.918114421326,0.3643,2178.387669053729
6397.968127851162,0.3778,2025.4880743308552
6398.0181412810025,0.3648,2172.4203202559206
6398.068154710845,0.2903,3430.5111326386846
6398.118168140692,0.3633,2190.3963655178095
6398.1681815705415,0.3038,3132.4020433470814
6398.218195000394,0.3609,2219.625604012873
6398.268208430251,0.3111,2987.122839853839
6398.318221860111,0.2951,3319.819979983887
6398.378237975948,0.3176,2866.105512128721
6398.428251405816,0.3661,2157.0194760110217
6398.478264835686,0.3484,2381.7551391800093
6398.52827826556,0.3506,2351.9581825237005
6398.578291695438,0.3542,2304.391851008013
6398.628305125317,0.2738,3856.4334108621983
6398.6783185552,0.3273,2698.741157177062
6398.728331985088,0.345,2428.9310626450447
6398.778345414979,0.347,2401.012626888559
6398.828358844874,0.3728,2080.1840375473876
6398.87837227477,0.4384,1504.225076870734
6398.938388390652,0.3751,2054.7521938274062
6398.988401820558,0.3029,3151.04410845394
6399.038415250467,0.3606,2223.320350682925
6399.088428680376,0.4202,1637.3507893328135
6399.13844211029,0.3733,2074.6153652520748
6399.188455540208,0.3516,2338.5986440604647
6399.23846897013,0.3664,2153.4886945680596
6399.288482400056,0.352,2333.28668210898
6399.338495829982,0.3199,2825.0406502301144
6399.388509259914,0.3066,3075.450651302714
6399.448525375835,0.3204,2816.2303270741736
6399.498538805774,0.305,3107.802202996366
6399.548552235716,0.3608,2220.856162243556
6399.598565665661,0.402,1788.9641182597488
6399.648579095609,0.3726,2082.417786061043
6399.698592525562,0.406,1753.8873276342824
6399.748605955516,0.3158,2898.87103539473
6399.798619385475,0.3885,1915.453505708019
6399.848632815437,0.4086,1731.6377557027274
6399.898646245403,0.362,2206.1566987922565
6399.958662361365,0.3746,2060.241029916151
6400.008675791337,0.4023,1786.2970151298434
6400.058689221313,0.3588,2245.6838056686843
6400.108702651292,0.3495,2366.786325121566
6400.158716081275,0.3259,2721.9773722525542
6400.2087295112615,0.3377,2535.0772821182322
6400.2587429412515,0.3265,2711.9823903245538
6400.308756371242,0.3333,2602.451612392034
6400.35876980124,0.3625,2200.0749632505317
6400.408783231238,0.3599,2231.977385560347
6400.45879666124,0.3544,2301.791698492181
6400.518812777248,0.3853,1947.4020569059585
6400.568826207257,0.3608,2220.856162243556
6400.618839637272,0.382,1981.1935121183908
6400.668853067287,0.368,2134.8034652550755
6400.718866497308,0.3669,2147.6232939706456
6400.768879927329,0.3376,2536.579323129227
6400.818893357357,0.3328,2610.2773297822273
6400.8689067873875,0.3403,2496.4877888518704
6400.918920217419,0.3415,2478.973802637167
6400.968933647456,0.3368,2548.643856803184
6401.028949763504,0.2627,4189.21302122418
6401.078963193548,0.3541,2305.693579744868
6401.128976623595,0.3226,2777.9503422464654
6401.178990053645,0.3055,3097.6377223509267
6401.2290034837,0.3548,2296.6045785300626
6401.279016913756,0.4106,1714.8095411493052
6401.329030343817,0.3834,1966.7511562215564
6401.379043773881,0.3713,2097.0252460466118
6401.429057203946,0.3746,2060.241029916151
6401.479070634018,0.3473,2396.8664097028172
6401.529084064092,0.3734,2073.504314362907
6401.589100180186,0.4021,1788.0744205638096
6401.639113610265,0.4048,1764.3012561961943
6401.689127040349,0.3814,1987.431834095056
6401.7391404704385,0.3365,2553.190256279398
6401.7891539005295,0.3062,3083.4910154563913
6401.839167330623,0.3036,3136.5304010177447
6401.889180760721,0.2971,3275.2742405234176
6401.939194190821,0.3801,2001.0496863542671
6401.989207620925,0.3573,2264.5787792710676
6402.0392210510345,0.3419,2473.1767474882545
6402.099237167166,0.3599,2231.977385560347
6402.149250597282,0.362,2206.1566987922565
6402.199264027399,0.3386,2521.618743290045
6402.249277457522,0.3285,2679.060399081914
6402.299290887647,0.3085,3037.6850546401092
6402.349304317775,0.3462,2412.1219500966185
6402.399317747907,0.4213,1628.8118369599838
6402.449331178042,0.3867,1933.3269567073844
6402.499344608181,0.3631,2192.810018592463
6402.549358038321,0.3637,2185.5809993535872
6402.599371468466,0.3262,2716.9729871640734
6402.659387584646,0.346,2414.9113282696926
6402.709401014797,0.3824,1977.0509344038917
6402.759414444952,0.3877,1923.3665303242196
6402.809427875111,0.3429,2458.7727621239756
6402.859441305274,0.3383,2526.0929898501004
6402.909454735438,0.3401,2499.4248244170844
6402.959468165607,0.3614,2213.488127434972
6403.009481595779,0.3727,2081.3004622987555
6403.059495025956,0.3291,2669.3006539462185
6403.109508456135,0.4028,1781.8650789058217
6403.169524572352,0.3025,3159.3829303064695
6403.219538002539,0.3652,2167.6640778401247
6403.269551432729,0.3885,1915.453505708019
6403.319564862921,0.3548,2296.6045785300626
6403.369578293117,0.3277,2692.156876795004
6403.4195917233155,0.3491,2372.2131609249773
6403.469605153519,0.3826,1974.9845161825187
6403.519618583725,0.3411,2484.791263895161
6403.569632013935,0.2731,3876.22801439312
6403.619645444148,0.3028,3153.1257161266067
6403.679661560408,0.3358,2563.845948096232
6403.729674990627,0.295,3322.07107924079
6403.779688420852,0.321,2805.7122351891753
6403.829701851077,0.3622,2203.720982047752
6403.879715281309,0.3733,2074.6153652520748
6403.929728711541,0.3683,2131.3270684840286
6403.979742141777,0.3268,2707.0055311273522
6404.029755572018,0.2857,3541.8680333470065
6404.079769002261,0.3452,2426.1173657732556
6404.129782432506,0.3371,2544.109590006925
6404.179795862757,0.3593,2239.438008220025
6404.2398119790605,0.3673,2142.9482097510904
6404.28982540932,0.3718,2091.388856686206
6404.339838839579,0.3721,2088.0179238744804
6404.389852269842,0.3627,2197.6493086398646
6404.439865700111,0.4164,1667.371481480432
6404.489879130381,0.3799,2003.157157948818
6404.539892560655,0.3282,2683.960356416851
6404.589905990932,0.3021,3167.7548973966063
6404.639919421212,0.282,3635.420065837182
6404.6899328514955,0.3342,2588.4537327824237
6404.74994896784,0.3741,2065.751888814074
6404.799962398132,0.347,2401.012626888559
6404.849975828427,0.3242,2750.5984665084793
6404.8999892587235,0.3636,2186.783351132581
6404.9500026890255,0.3882,1918.4151574801695
6405.00001611933,0.4087,1730.7904732594866
6405.050029549637,0.3968,1836.1594019688443
6405.100042979949,0.4012,1796.1056666690201
6405.150056410262,0.4321,1548.4078127224316
6405.20006984058,0.3842,1958.5691742739598
6405.250083270901,0.3017,3176.1601856187644
6405.310099387291,0.3348,2579.184461770484
6405.360112817619,0.3658,2160.5589479883633
6405.41012624795,0.3149,2915.4648996473475
6405.4601396782855,0.3838,1962.6537697623492
6405.510153108624,0.3816,1985.349123599025
6405.560166538965,0.3568,2270.930122185546
6405.6101799693115,0.3251,2735.390195750269
6405.660193399658,0.3392,2512.705838394334
6405.710206830009,0.3914,1887.1743926078207
6405.760220260366,0.4092,1726.5633744681006
6405.820236376796,0.3618,2208.596455973193
6405.870249807157,0.3397,2505.3144658803876
6405.920263237522,0.3309,2640.3392847296554
6405.970276667891,0.3153,2908.072305071493
6406.020290098264,0.3069,3069.440998346113
6406.070303528639,0.2988,3238.111533567312
6406.120316959018,0.3456,2420.504619590853
6406.1703303894,0.3994,1812.3313413040241
6406.220343819786,0.3914,1887.1743926078207
6406.270357250174,0.3794,2008.4404257977524
6406.330373366645,0.4308,1557.766970664847
6406.380386797041,0.3956,1847.315759617881
6406.43040022744,0.3738,2069.0690241454445
6406.480413657843,0.328,2687.2344667208054
6406.530427088249,0.3426,2463.080716764135
6406.580440518659,0.3594,2238.1919758179024
6406.630453949069,0.3651,2168.851673018435
6406.680467379488,0.3717,2092.514315150649
6406.730480809906,0.3655,2164.1071390442476
6406.780494240329,0.3341,2590.0034684065104
6406.830507670756,0.3315,2630.7901738263845
6406.8905237872705,0.3126,2958.5245046469045
6406.940537217703,0.3409,2487.707676757897
6406.990550648138,0.2647,4126.14734616499
6407.040564078579,0.2708,3942.351734705674
6407.090577509021,0.2951,3319.819979983887
6407.140590939469,0.3266,2710.3219133465172
6407.190604369918,0.3872,1928.3370969554433
6407.240617800373,0.3777,2026.5607515057263
6407.290631230829,0.3378,2533.5765748676527
6407.340644661287,0.3795,2007.382101413976
6407.39065809175,0.3424,2465.9589794705516
6407.450674208311,0.4441,1465.8596639954635
6407.50068763878,0.4132,1693.297116933064
6407.550701069255,0.332,2622.872097787167
6407.600714499733,0.3032,3144.811638469193
6407.650727930211,0.3435,2450.1906897506783
6407.700741360697,0.3778,2025.4880743308552
6407.750754791183,0.3303,2649.9404814773256
6407.800768221673,0.3722,2086.8960905490126
6407.850781652167,0.3197,2828.576359284631
6407.9007950826635,0.3656,2162.923438138976
6407.960811199263,0.2762,3789.7049889778964
6408.010824629768,0.2312,5408.495595464327
6408.060838060276,0.2943,3337.893079958604
6408.110851490786,0.3603,2227.0243303447905
6408.160864921301,0.3625,2200.0749632505317
6408.210878351818,0.3451,2427.523602714951
6408.260891782338,0.3194,2833.8923816033157
6408.310905212862,0.3656,2162.923438138976
6408.360918643389,0.2767,3776.021334124224
6408.41093207392,0.3773,2030.8599926789316
6408.470948190562,0.3258,2723.6485734511043
6408.520961621101,0.3705,2106.0909780572824
6408.570975051642,0.3826,1974.9845161825187
6408.6209884821865,0.3223,2783.124219851455
6408.671001912733,0.2895,3449.496910390173
6408.721015343285,0.3323,2618.1383988721086
6408.771028773839,0.3429,2458.7727621239756
6408.821042204398,0.3436,2448.7647136075175
6408.871055634959,0.3442,2440.2349403294725
6408.921069065524,0.3465,2407.9469357483654
6408.97108249609,0.3489,2374.9335808389724
6409.031098612778,0.3476,2392.730923167858
6409.081112043353,0.3482,2384.491994222352
6409.1311254739285,0.3478,2389.9798753406135
6409.181138904512,0.3444,2437.4015845660965
6409.231152335097,0.3494,2368.1412869087962
6409.281165765686,0.3725,2083.536009799758
6409.331179196277,0.3745,2061.3414361071837
6409.381192626873,0.3862,1938.3362095570217
6409.43120605747,0.3422,2468.842290269278
6409.481219488072,0.356,2281.1479888629856
6409.541235604798,0.4283,1576.005467964796
6409.591249035407,0.3984,1821.4407855464856
6409.641262466018,0.3399,2502.3670460209973
6409.6912758966355,0.3363,2556.227951028111
6409.741289327253,0.3547,2297.8997134840847
6409.791302757876,0.3483,2383.1229773714845
6409.841316188501,0.3625,2200.0749632505317
6409.89132961913,0.3876,1924.3591049780423
6409.941343049762,0.3078,3051.5173517466733
6409.991356480398,0.3104,3000.6108358891443
6410.041369911037,0.3727,2081.3004622987555
6410.101386027808,0.3686,2127.8591564530993
6410.151399458454,0.3807,1994.747188112788
6410.201412889102,0.3665,2152.3136937335303
6410.2514263197545,0.3268,2707.0055311273522
6410.301439750411,0.3516,2338.5986440604647
6410.35145318107,0.3595,2236.946983072772
6410.401466611733,0.3476,2392.730923167858
6410.451480042399,0.3401,2499.4248244170844
6410.501493473067,0.3691,2122.098083164365
6410.55150690374,0.3726,2082.417786061043
6410.611523020552,0.3352,2573.032581379949
6410.661536451232,0.3508,2349.2771323227576
6410.711549881913,0.4058,1755.6165688450542
6410.7615633126015,0.3985,1820.5267540890948
6410.81157674329,0.3164,2887.8870406643055
6410.861590173984,0.2786,3724.693618502465
6410.91160360468,0.319,2841.0037552004374
6410.961617035378,0.3473,2396.8664097028172
6411.011630466082,0.3971,1833.386103766989
6411.06164389679,0.315,2913.614110520386
6411.121660013642,0.3088,3031.7857029541333
6411.171673444355,0.333,2607.1428125104226
6411.221686875072,0.3466,2406.5576728380383
6411.271700305791,0.3416,2477.522629510481
6411.321713736515,0.345,2428.9310626450447
6411.371727167242,0.3523,2329.3145788790966
6411.421740597972,0.3415,2478.973802637167
6411.4717540287065,0.3729,2079.068510842728
6411.521767459441,0.3133,2945.3189700323283
6411.571780890181,0.345,2428.9310626450447
6411.621794320926,0.3228,2774.509101648698
6411.681810437822,0.3336,2597.773062659615
6411.731823868573,0.316,2895.202751213293
6411.781837299327,0.3254,2730.3487928097175
6411.831850730085,0.3512,2343.9287665060424
6411.881864160844,0.382,1981.1935121183908
6411.931877591607,0.3847,1953.4813362188652
6411.981891022376,0.3443,2438.817645250401
6412.031904453147,0.3687,2126.7050665022534
6412.08191788392,0.3604,2225.788642671581
6412.131931314697,0.4009,1798.7947759891103
6412.191947431633,0.3246,2743.823616868732
6412.241960862418,0.3345,2583.8128623611065
6412.291974293206,0.3204,2816.2303270741736
6412.341987723998,0.3282,2683.960356416851
6412.392001154791,0.3136,2939.686506780539
6412.442014585588,0.3375,2538.08269948162
6412.49202801639,0.3635,2187.986695357667
6412.542041447195,0.3212,2802.2192962151435
6412.592054878001,0.3421,2470.2858423931016
6412.642068308813,0.3484,2381.7551391800093
6412.692081739626,0.3171,2875.1511005304146
6412.752097856608,0.4157,1672.991591746966
6412.8021112874285,0.3474,2395.4867237269227
6412.852124718253,0.3211,2803.9649498516496
6412.902138149082,0.3404,2495.021212025843
6412.952151579912,0.3794,2008.4404257977524
6413.002165010747,0.3684,2130.1701564228733
6413.052178441586,0.3413,2481.879976522736
6413.102191872426,0.3599,2231.977385560347
6413.152205303273,0.3874,1926.346560705505
6413.20221873412,0.3681,2133.64372187485
6413.26223485114,0.3483,2383.1229773714845
6413.312248281996,0.323,2771.0742514492713
6413.362261712855,0.3598,2233.2182312244076
6413.412275143718,0.3727,2081.3004622987555
6413.462288574582,0.3733,2074.6153652520748
6413.51230200545,0.3362,2557.748831759978
6413.562315436322,0.3569,2269.657717806449
6413.612328867196,0.4048,1764.3012561961943
6413.6623422980765,0.3924,1877.5680473524706
6413.712355728957,0.355,2294.01759128272
6413.772371846019,0.3528,2322.71691052736
6413.822385276908,0.2883,3478.2724680964984
6413.8723987078,0.3758,2047.1045986431716
6413.922412138695,0.4256,1596.0651588068135
6413.972425569595,0.4077,1739.2913751241624
6414.022439000497,0.3763,2041.6681406465148
6414.072452431402,0.2969,3279.6883413774804
6414.1224658623105,0.25,4625.646125895999
6414.172479293223,0.2912,3409.338891525602
6414.222492724138,0.3857,1943.364956129773
6414.272506155057,0.4011,1797.0013660383067
6414.332522272163,0.3421,2470.2858423931016
6414.382535703088,0.3208,2809.2117091073246
6414.432549134018,0.2924,3381.4127790320354
6414.48256256495,0.3087,3033.75024259497
6414.532575995888,0.2854,3549.318034339064
6414.582589426827,0.4106,1714.8095411493052
6414.632602857768,0.3549,2295.310538207344
6414.682616288714,0.3147,2919.171772295897
6414.732629719664,0.348,2387.233569322542
6414.782643150616,0.3594,2238.1919758179024
6414.832656581571,0.3424,2465.9589794705516
6414.892672698722,0.3196,2830.3467034801142
6414.942686129685,0.3241,2752.2960995360236
6414.992699560652,0.3522,2330.6374855480735
6415.042712991622,0.3539,2308.3003484036926
6415.092726422594,0.3361,2559.2710702149475
6415.14273985357,0.3188,2844.5694841760833
6415.192753284549,0.3857,1943.364956129773
6415.242766715533,0.3679,2135.964154461207
6415.292780146519,0.3963,1840.7955692080818
6415.342793577507,0.3848,1952.4661478455794
6415.4028096947,0.3678,2137.125790522013
6415.452823125697,0.3547,2297.8997134840847
6415.502836556695,0.3586,2248.1894428981886
6415.552849987699,0.371,2100.418023582469
6415.602863418706,0.3544,2301.791698492181
6415.652876849717,0.325,2737.0737665846455
6415.702890280729,0.3473,2396.8664097028172
6415.752903711745,0.368,2134.8034652550755
6415.802917142766,0.3459,2416.3078321270245
6415.852930573789,0.4,1806.898438597692
6415.912946691021,0.3534,2314.8366436237484
6415.96296012205,0.3258,2723.6485734511043
6416.012973553084,0.3261,2718.639580993438
6416.062986984121,0.3586,2248.1894428981886
6416.113000415161,0.3239,2755.6960838933196
6416.163013846205,0.3201,2821.511566467701
6416.213027277252,0.3421,2470.2858423931016
6416.263040708301,0.343,2457.3392885530625
6416.313054139356,0.3321,2621.292772698076
6416.363067570413,0.3286,2677.4300615280627
6416.423083687684,0.3411,2484.791263895161
6416.473097118749,0.3634,2189.191033121392
6416.523110549815,0.3566,2273.478143025435
6416.5731239808865,0.3206,2812.7177342814084
6416.62313741196,0.2905,3425.7891795468017
6416.673150843037,0.3238,2757.3984391096355
6416.723164274118,0.3808,1993.6996670855497
6416.773177705202,0.3655,2164.1071390442476
6416.823191136289,0.3355,2568.4331038266832
6416.8732045673805,0.314,2932.2016539273163
6416.923217998474,0.3271,2702.0423591977856
6416.983234115789,0.3712,2098.1552579328786
6417.03324754689,0.3652,2167.6640778401247
6417.083260977996,0.2931,3365.2807122124536
6417.133274409101,0.3066,3075.450651302714
6417.183287840214,0.3379,2532.0771997988454
6417.233301271327,0.3144,2924.745350947027
6417.283314702445,0.3321,2621.292772698076
6417.333328133566,0.3625,2200.0749632505317
6417.3833415646895,0.3811,1990.562050095863
6417.433354995817,0.3339,2593.107117869632
6417.483368426947,0.3228,2774.509101648698
6417.54338454431,0.3221,2786.581505948822
6417.593397975446,0.3605,2224.5539831644073
6417.643411406589,0.3672,2144.115548622573
6417.693424837734,0.3229,2772.7908787386436
6417.743438268881,0.3132,2947.200055447972
6417.793451700031,0.3335,2599.331176448008
6417.843465131185,0.3066,3075.450651302714
6417.893478562344,0.3419,2473.1767474882545
6417.943491993506,0.3971,1833.386103766989
6417.993505424668,0.3407,2490.629227149637
6418.0535215420705,0.3158,2898.87103539473
6418.103534973242,0.3989,1816.8774997971818
6418.153548404417,0.3384,2524.600252092078
6418.203561835597,0.345,2428.9310626450447
6418.253575266776,0.3695,2117.506053472381
6418.303588697962,0.3272,2700.3910014961425
6418.353602129151,0.3124,2962.313828666362
6418.403615560342,0.3241,2752.2960995360236
6418.453628991537,0.3323,2618.1383988721086
6418.503642422733,0.3464,2409.3374020011433
6418.563658540174,0.3451,2427.523602714951
6418.613671971381,0.3601,2229.4987947586155
6418.663685402591,0.3706,2104.954550021356
6418.713698833802,0.3567,2272.2035968583014
6418.763712265016,0.3276,2693.8006860424694
6418.813725696235,0.4133,1692.4778146489757
6418.863739127456,0.3234,2764.223659042831
6418.913752558682,0.366,2158.1983329813565
6418.96376598991,0.3532,2317.458937480823
6419.013779421142,0.3587,2246.936100385294
6419.063792852377,0.3698,2114.0718056313235
6419.123808969864,0.3721,2088.0179238744804
6419.173822401106,0.3574,2263.3117084082364
6419.223835832351,0.3341,2590.0034684065104
6419.273849263599,0.3212,2802.2192962151435
6419.3238626948505,0.3349,2577.6444249267183
6419.373876126108,0.3636,2186.783351132581
6419.4238895573635,0.3405,2493.5559271444436
6419.473902988628,0.3119,2971.8190506149413
6419.523916419892,0.2918,3395.3327691724257
6419.573929851161,0.3228,2774.509101648698
6419.623943282433,0.2846,3569.3000106059667
6419.683959399964,0.336,2560.794668009591
6419.733972831244,0.3573,2264.5787792710676
6419.783986262525,0.3089,3029.8230709357736
6419.833999693811,0.3395,2508.267096248029
6419.8840131251,0.3918,1883.3230271248522
6419.9340265563915,0.3637,2185.5809993535872
6419.9840399876875,0.3313,2633.967446762326
6420.034053418986,0.353,2320.0856897444933
6420.08406685029,0.3605,2224.5539831644073
6420.134080281593,0.3338,2594.661035047221
6420.194096399165,0.3293,2666.059254669605
6420.244109830478,0.3227,2776.22892215757
6420.294123261793,0.3451,2427.523602714951
6420.344136693113,0.3215,2796.99210521702
6420.394150124435,0.3125,2960.41825722181
6420.444163555761,0.358,2255.7315672898058
6420.494176987092,0.3414,2480.4262511429374
6420.544190418424,0.3277,2692.156876795004
6420.594203849759,0.3301,2653.152520517557
6420.644217281098,0.387,1930.330720097489
6420.70423339871,0.3371,2544.109590006925
6420.754246830054,0.3287,2675.801211730145
6420.804260261404,0.3603,2227.0243303447905
6420.8542736927575,0.3457,2419.104476384351
6420.904287124114,0.3432,2454.4760995965175
6420.954300555474,0.3491,2372.2131609249773
6421.004313986836,0.3027,3155.209387173519
6421.054327418203,0.3202,2819.749503899485
6421.104340849572,0.3765,2039.4996195893573
6421.154354280944,0.3454,2423.308555191042
6421.214370398596,0.3545,2300.4932722275803
6421.264383829976,0.3248,2740.445574502867
6421.31439726136,0.3218,2791.77952659946
6421.364410692745,0.3774,2029.7839007056514
6421.414424124136,0.3661,2157.0194760110217
6421.464437555527,0.319,2841.0037552004374
6421.514450986924,0.3542,2304.391851008013
6421.564464418325,0.3837,1963.6769151400156
6421.614477849726,0.3508,2349.2771323227576
6421.664491281134,0.3117,2975.6339533203095
6421.714504712543,0.3212,2802.2192962151435
6421.7745208302385,0.3356,2566.9026850006912
6421.824534261656,0.36,2230.7375737878447
6421.874547693076,0.3469,2402.3970902904284
6421.9245611245,0.2918,3395.3327691724257
6421.974574555926,0.3352,2573.032581379949
6422.024587987356,0.3061,3085.5060331712075
6422.07460141879,0.29,3437.6123885560714
6422.124614850225,0.3388,2518.6425130356524
6422.174628281665,0.4011,1797.0013660383067
6422.224641713108,0.3302,2651.545771432962
6422.274655144554,0.2784,3730.0470928168825
6422.334671262295,0.3342,2588.4537327824237
6422.3846846937495,0.307,3067.441694701488
6422.4346981252065,0.3238,2757.3984391096355
6422.484711556666,0.3346,2582.2686788357832
6422.53472498813,0.3428,2460.207490372655
6422.584738419598,0.3473,2396.8664097028172
6422.6347518510665,0.3257,2725.3213142130016
6422.684765282539,0.3324,2616.5633467052435
6422.734778714017,0.3511,2345.264144396417
6422.784792145496,0.3532,2317.458937480823
6422.844808263277,0.3638,2184.379638929639
6422.894821694764,0.3826,1974.9845161825187
6422.9448351262545,0.3658,2160.5589479883633
6422.99484855775,0.3066,3075.450651302714
6423.044861989247,0.309,3027.862344070884
6423.094875420745,0.3367,2550.1579730841986
6423.144888852249,0.3466,2406.5576728380383
6423.194902283758,0.4057,1756.482148637624
6423.244915715267,0.3048,3111.8820082723278
6423.29492914678,0.282,3635.420065837182
6423.3549452646,0.3321,2621.292772698076
6423.404958696122,0.3355,2568.4331038266832
6423.454972127646,0.3111,2987.122839853839
6423.504985559173,0.3072,3063.448943139124
6423.554998990704,0.3449,2430.339746982105
6423.605012422238,0.3381,2529.082439903642
6423.6550258537745,0.2945,3333.360993923456
6423.705039285317,0.3437,2447.3399819489714
6423.755052716858,0.3468,2403.7827514942046
6423.805066148407,0.319,2841.0037552004374
6423.8550795799565,0.3597,2234.4601119299095
6423.915095697822,0.3647,2173.6118268084447
6423.965109129379,0.3233,2765.9339235697335
6424.015122560941,0.3342,2588.4537327824237
6424.065135992505,0.3495,2366.786325121566
6424.115149424073,0.3511,2345.264144396417
6424.165162855644,0.3307,2643.5338776598664
6424.215176287217,0.3452,2426.1173657732556
6424.265189718794,0.3677,2138.28837446766
6424.315203150376,0.3652,2167.6640778401247
6424.36521658196,0.3356,2566.9026850006912
6424.425232699863,0.312,2969.9143497972586
6424.475246131455,0.359,2243.182354955459
6424.525259563051,0.3722,2086.8960905490126
6424.575272994647,0.3458,2417.7055476978308
6424.62528642625,0.3015,3180.3753804405696
6424.675299857853,0.3161,2893.3712196484553
6424.725313289461,0.3371,2544.109590006925
6424.775326721073,0.3464,2409.3374020011433
6424.825340152686,0.3455,2421.9059787236383
6424.875353584305,0.3583,2251.955768915221
6424.925367015924,0.3967,1837.0852331770348
6424.985383133875,0.377,2034.0934080147247
6425.035396565501,0.3421,2470.2858423931016
6425.085409997133,0.3853,1947.4020569059585
6425.135423428767,0.3994,1812.3313413040241
6425.185436860405,0.3659,2159.3781566214075
6425.235450292046,0.3722,2086.8960905490126
6425.2854637236915,0.3659,2159.3781566214075
6425.33547715534,0.3406,2492.0919326906433
6425.38549058699,0.3513,2342.5945288240523
6425.435504018643,0.3885,1915.453505708019
6425.495520136634,0.3494,2368.1412869087962
6425.5455335682955,0.3383,2526.0929898501004
6425.595546999959,0.3661,2157.0194760110217
6425.645560431628,0.4042,1769.54303658584
6425.6955738633,0.3583,2251.955768915221
6425.745587294975,0.3733,2074.6153652520748
6425.795600726652,0.3717,2092.514315150649
6425.845614158334,0.3566,2273.478143025435
6425.895627590017,0.3193,2835.667719699118
6425.945641021707,0.283,3609.7735339529604
6426.005657139735,0.3235,2762.5149802917163
6426.05567057143,0.379,2012.6821038640855
6426.10568400313,0.3792,2010.5595869565177
6426.1556974348305,0.3532,2317.458937480823
6426.205710866536,0.3178,2862.499225607635
6426.255724298243,0.3113,2983.285829013653
6426.305737729955,0.3442,2440.2349403294725
6426.35575116167,0.3538,2309.6053908218355
6426.405764593389,0.3383,2526.0929898501004
6426.455778025109,0.3255,2728.671421996306
6426.505791456834,0.3137,2937.8126090513847
6426.565807574908,0.3443,2438.817645250401
6426.61582100664,0.3552,2291.4349727035883
6426.665834438375,0.3234,2764.223659042831
6426.715847870113,0.3256,2726.9955964298865
6426.765861301854,0.3703,2108.366596788151
6426.815874733599,0.3762,2042.7536983638054
6426.865888165348,0.3443,2438.817645250401
6426.9159015971,0.3669,2147.6232939706456
6426.965915028854,0.2888,3466.2390557863337
6427.0159284606125,0.3695,2117.506053472381
6427.075944578727,0.3786,2016.9372333002268
6427.125958010492,0.3477,2391.3548058461597
6427.175971442261,0.3108,2992.8922508212763
6427.225984874032,0.3597,2234.4601119299095
6427.275998305809,0.2929,3369.8780739973495
6427.326011737587,0.3218,2791.77952659946
6427.37602516937,0.3691,2122.098083164365
6427.426038601153,0.3101,3006.4193865319435
6427.476052032941,0.3165,2886.0624455952066
6427.526065464734,0.3097,3014.190393753874
6427.576078896528,0.3217,2793.51543257156
6427.636095014687,0.3208,2809.2117091073246
6427.686108446488,0.3088,3031.7857029541333
6427.7361218782935,0.3034,3140.6669255399634
6427.7861353101025,0.3273,2698.741157177062
6427.836148741916,0.3766,2038.4166544127675
6427.886162173731,0.3552,2291.4349727035883
6427.936175605548,0.338,2530.5791553355007
6427.9861890373695,0.3754,2051.469414339503
6428.036202469194,0.3316,2629.2036927881763
6428.086215901023,0.3302,2651.545771432962
6428.146232019222,0.3133,2945.3189700323283
6428.196245451058,0.3189,2842.7857810904993
6428.246258882897,0.3816,1985.349123599025
6428.296272314738,0.3027,3155.209387173519
6428.346285746584,0.3441,2441.65347123844
6428.396299178433,0.2941,3342.434415116042
6428.446312610284,0.3167,2882.418439221678
6428.49632604214,0.3077,3053.501104291715
6428.546339474,0.371,2100.418023582469
6428.596352905861,0.3602,2228.261047325964
6428.656369024098,0.3314,2632.3780912396064
6428.706382455967,0.3858,1942.3576424654373
6428.75639588784,0.3706,2104.954550021356
6428.806409319715,0.31,3008.359318526563
6428.856422751595,0.302,3169.8530886995436
6428.906436183476,0.3392,2512.705838394334
6428.9564496153625,0.3669,2147.6232939706456
6429.006463047251,0.3806,1995.795534932892
6429.056476479143,0.3668,2148.7944554693545
6429.106489911039,0.3733,2074.6153652520748
6429.156503342938,0.4293,1568.6718259763823
6429.21651946122,0.3804,1997.8947094257392
6429.266532893124,0.3747,2059.141504634975
6429.316546325034,0.3815,1986.3900694030717
6429.366559756949,0.3772,2031.9369406159624
6429.416573188863,0.3554,2288.856712961658
6429.4665866207815,0.3253,2732.027710770497
6429.516600052704,0.3275,2695.4460012946774
6429.56661348463,0.3441,2441.65347123844
6429.616626916559,0.332,2622.872097787167
6429.666640348491,0.3199,2825.0406502301144
6429.716653780426,0.321,2805.7122351891753
6429.7766698987525,0.3366,2551.673439041402
6429.826683330696,0.3502,2357.3340698278366
6429.876696762642,0.3217,2793.51543257156
6429.926710194591,0.3241,2752.2960995360236
6429.9767236265425,0.3421,2470.2858423931016
6430.0267370585,0.3525,2326.6721423670965
6430.076750490458,0.3446,2434.573160651676
6430.126763922421,0.3392,2512.705838394334
6430.176777354384,0.3305,2646.7342718906903
6430.226790786353,0.3272,2700.3910014961425
6430.286806904721,0.3268,2707.0055311273522
6430.336820336698,0.3308,2641.935856908975
6430.386833768676,0.3467,2405.169611882029
6430.436847200659,0.3675,2140.6163901411537
6430.486860632645,0.3108,2992.8922508212763
6430.5368740646345,0.3441,2441.65347123844
6430.586887496627,0.3467,2405.169611882029
6430.636900928621,0.3218,2791.77952659946
6430.686914360621,0.3745,2061.3414361071837
6430.736927792622,0.3548,2296.6045785300626
6430.79694391103,0.3841,1959.5891269058163
6430.846957343038,0.3606,2223.320350682925
6430.896970775052,0.3438,2445.9164933273387
6430.9469842070675,0.3693,2119.800203161261
6430.996997639088,0.3372,2542.6008564321874
6431.04701107111,0.3561,2279.8669884199758
6431.097024503136,0.3442,2440.2349403294725
6431.147037935164,0.3054,3099.6666252458385
6431.197051367199,0.3076,3055.4867918840896
6431.247064799234,0.3168,2880.599023554741
6431.297078231273,0.3143,2926.6067580877702
6431.3570943497225,0.332,2622.872097787167
6431.40710778177,0.3374,2539.5874127587376
6431.457121213819,0.3515,2339.929468896212
6431.50713464587,0.3448,2431.749657146761
6431.557148077926,0.3302,2651.545771432962
6431.607161509987,0.295,3322.07107924079
6431.657174942049,0.2509,4592.520591311903
6431.7071883741155,0.3245,2745.5149807737444
6431.757201806185,0.3154,2906.2285497928683
6431.807215238255,0.311,2989.044121832443
6431.867231356747,0.3416,2477.522629510481
6431.917244788828,0.3668,2148.7944554693545
6431.967258220909,0.3508,2349.2771323227576
6432.017271652996,0.3452,2426.1173657732556
6432.067285085085,0.3106,2996.74781578318
6432.117298517177,0.3145,2922.885719105435
6432.167311949274,0.3245,2745.5149807737444
6432.217325381373,0.3028,3153.1257161266067
6432.267338813475,0.2992,3229.459297705147
6432.317352245581,0.3292,2667.6792158382887
6432.36736567769,0.3257,2725.3213142130016
6432.427381796226,0.3262,2716.9729871640734
6432.477395228341,0.3574,2263.3117084082364
6432.527408660461,0.3584,2250.6992759914538
6432.577422092584,0.3272,2700.3910014961425
6432.627435524711,0.3219,2790.045238177157
6432.67744895684,0.3554,2288.856712961658
6432.727462388972,0.3718,2091.388856686206
6432.777475821108,0.35,2360.0289279475837
6432.827489253247,0.3284,2680.692226204096
6432.87750268539,0.3592,2240.6850814370446
6432.937518803965,0.3688,2125.5519152149254
6432.987532236115,0.3246,2743.823616868732
6433.037545668267,0.3305,2646.7342718906903
6433.087559100423,0.3432,2454.4760995965175
6433.137572532584,0.3331,2605.5776707256055
6433.187585964745,0.3321,2621.292772698076
6433.237599396913,0.3551,2292.725736524714
6433.287612829082,0.3591,2241.933196628479
6433.337626261255,0.3461,2413.5160347256206
6433.387639693429,0.3906,1894.9126502279455
6433.447655812045,0.3655,2164.1071390442476
6433.497669244229,0.3511,2345.264144396417
6433.547682676415,0.3133,2945.3189700323283
6433.5976961086035,0.3485,2380.3884782952873
6433.647709540798,0.3535,2313.527165445317
6433.697722972994,0.3344,2585.358431421523
6433.747736405193,0.3493,2369.4974125825297
6433.797749837397,0.3394,2509.7453692113104
6433.8477632696,0.3102,3004.481330371981
6433.8977767018105,0.3269,2705.3496221576283
6433.947790134022,0.3163,2889.713366569046
6434.007806252682,0.381,1991.6070989424677
6434.057819684902,0.3313,2633.967446762326
6434.107833117124,0.3525,2326.6721423670965
6434.157846549351,0.3452,2426.1173657732556
6434.207859981581,0.3164,2887.8870406643055
6434.257873413812,0.2982,3251.155228981296
6434.307886846049,0.3356,2566.9026850006912
6434.357900278288,0.3348,2579.184461770484
6434.407913710531,0.2994,3225.1461782999518
6434.457927142778,0.3007,3197.3203510015496
6434.517943261476,0.3498,2362.728409773569
6434.567956693731,0.346,2414.9113282696926
6434.617970125985,0.3035,3138.597641076858
6434.667983558245,0.2933,3360.692751951901
6434.717996990507,0.3341,2590.0034684065104
6434.768010422774,0.3828,1972.9213360065417
6434.818023855045,0.3364,2554.7084264051755
6434.868037287317,0.318,2858.8997412394115
6434.918050719592,0.3407,2490.629227149637
6434.968064151872,0.3682,2132.4849232931597
6435.018077584154,0.3263,2715.307925360452
6435.0780937028985,0.344,2443.0732394145216
6435.128107135188,0.3692,2120.948676368314
6435.17812056748,0.3658,2160.5589479883633
6435.228133999777,0.3677,2138.28837446766
6435.278147432076,0.3259,2721.9773722525542
6435.328160864378,0.3155,2904.3865474054237
6435.378174296685,0.3767,2037.3345515817198
6435.428187728994,0.3515,2339.929468896212
6435.478201161307,0.3807,1994.747188112788
6435.528214593622,0.327,2703.6952321334998
6435.588230712406,0.3225,2779.673363899661
6435.63824414473,0.3459,2416.3078321270245
6435.688257577054,0.3324,2616.5633467052435
6435.738271009384,0.3898,1902.6986010800852
6435.788284441718,0.3835,1965.7256075342686
6435.838297874055,0.404,1771.2954887245266
6435.888311306393,0.3724,2084.6551344817067
6435.938324738736,0.3841,1959.5891269058163
6435.9883381710815,0.3609,2219.625604012873
6436.038351603432,0.3394,2509.7453692113104
6436.088365035784,0.3536,2312.2187980892577
6436.148381154611,0.3489,2374.9335808389724
6436.1983945869715,0.3511,2345.264144396417
6436.2484080193335,0.3476,2392.730923167858
6436.2984214517,0.3595,2236.946983072772
6436.348434884068,0.3776,2027.634281024108
6436.398448316442,0.3685,2129.0141860864987
6436.448461748818,0.3923,1878.525377234028
6436.498475181198,0.3368,2548.643856803184
6436.548488613581,0.3227,2776.22892215757
6436.598502045967,0.3695,2117.506053472381
6436.658518164833,0.3692,2120.948676368314
6436.708531597226,0.3255,2728.671421996306
6436.758545029623,0.3618,2208.596455973193
6436.808558462021,0.3305,2646.7342718906903
6436.858571894425,0.3463,2410.729072986512
6436.908585326832,0.3295,2662.8237559798426
6436.95859875924,0.3041,3126.2247727095646
6437.008612191652,0.3618,2208.596455973193
6437.0586256240695,0.3645,2175.9977825694973
6437.108639056487,0.3258,2723.6485734511043
6437.168655175396,0.3379,2532.0771997988454
6437.21866860782,0.299,3233.781075064842
6437.2686820402505,0.2992,3229.459297705147
6437.318695472683,0.3555,2287.5692145900125
6437.36870890512,0.3584,2250.6992759914538
6437.418722337559,0.3027,3155.209387173519
6437.468735770002,0.3412,2483.3349802737002
6437.518749202448,0.3754,2051.469414339503
6437.568762634897,0.3459,2416.3078321270245
6437.61877606735,0.3401,2499.4248244170844
6437.668789499807,0.3652,2167.6640778401247
6437.728805618757,0.371,2100.418023582469
6437.77881905122,0.3333,2602.451612392034
6437.828832483686,0.3325,2614.989715420094
6437.878845916156,0.3794,2008.4404257977524
6437.928859348627,0.3443,2438.817645250401
6437.978872781104,0.358,2255.7315672898058
6438.028886213584,0.3657,2161.7407081408583
6438.078899646065,0.3458,2417.7055476978308
6438.128913078553,0.3424,2465.9589794705516
6438.178926511039,0.3034,3140.6669255399634
6438.238942630032,0.3402,2497.955659141786
6438.288956062527,0.3653,2166.4774578296524
6438.338969495029,0.3498,2362.728409773569
6438.388982927531,0.3773,2030.8599926789316
6438.438996360037,0.37,2111.7869464699515
6438.489009792546,0.3376,2536.579323129227
6438.539023225059,0.2742,3845.190211721697
6438.589036657575,0.2861,3531.971130988942
6438.639050090093,0.3631,2192.810018592463
6438.6890635226155,0.3413,2481.879976522736
6438.739076955142,0.3402,2497.955659141786
6438.799093074177,0.3233,2765.9339235697335
6438.84910650671,0.3045,3118.0167959085725
6438.899119939244,0.2662,4079.7779983063315
6438.949133371784,0.3232,2767.645775835314
6438.999146804326,0.3477,2391.3548058461597
6439.049160236873,0.3798,2004.2121424640561
6439.099173669421,0.4032,1778.3313947741817
6439.149187101974,0.3315,2630.7901738263845
6439.19920053453,0.3753,2052.5627995019286
6439.249213967089,0.3431,2455.9070681973785
6439.3092300861645,0.3282,2683.960356416851
6439.35924351873,0.329,2670.9235707893313
6439.4092569513,0.339,2515.67154887586
6439.459270383873,0.338,2530.5791553355007
6439.509283816448,0.3605,2224.5539831644073
6439.559297249028,0.2896,3447.1150806657342
6439.60931068161,0.3234,2764.223659042831
6439.659324114197,0.3264,2713.644393705383
6439.709337546786,0.3449,2430.339746982105
6439.759350979376,0.3407,2490.629227149637
6439.809364411973,0.3681,2133.64372187485
6439.869380531091,0.3567,2272.2035968583014
6439.919393963694,0.2942,3340.1625898249977
6439.9694073963,0.2756,3806.223783309472
6440.019420828909,0.2801,3684.9073946964813
6440.069434261522,0.2737,3859.2519156600347
6440.119447694137,0.2982,3251.155228981296
6440.169461126757,0.3223,2783.124219851455
6440.219474559378,0.3338,2594.661035047221
6440.269487992004,0.3464,2409.3374020011433
6440.319501424632,0.3472,2398.247287971925
6440.379517543792,0.3452,2426.1173657732556
6440.4295309764275,0.3189,2842.7857810904993
6440.479544409066,0.3249,2738.758892197164
6440.52955784171,0.2984,3246.798587142429
6440.579571274356,0.308,3047.5556417488797
6440.629584707003,0.3684,2130.1701564228733
6440.679598139655,0.3549,2295.310538207344
6440.729611572311,0.3162,2891.541425499313
6440.7796250049705,0.339,2515.67154887586
6440.829638437634,0.3629,2195.227663364212
6440.8796518702975,0.3603,2227.0243303447905
6440.939667989501,0.3502,2357.3340698278366
6440.989681422173,0.3249,2738.758892197164
6441.039694854848,0.3434,2451.617911828265
6441.089708287528,0.315,2913.614110520386
6441.139721720209,0.3368,2548.643856803184
6441.189735152894,0.3662,2155.841584654657
6441.239748585583,0.346,2414.9113282696926
6441.289762018276,0.3513,2342.5945288240523
6441.339775450971,0.2943,3337.893079958604
6441.38978888367,0.357,2268.386382521974
6441.4498050029115,0.3097,3014.190393753874
6441.499818435618,0.3314,2632.3780912396064
6441.549831868328,0.3316,2629.2036927881763
6441.599845301039,0.3726,2082.417786061043
6441.649858733754,0.3594,2238.1919758179024
6441.699872166473,0.3602,2228.261047325964
6441.749885599194,0.348,2387.233569322542
6441.799899031921,0.3123,2964.211221310571
6441.849912464649,0.3367,2550.1579730841986
6441.899925897382,0.3095,3018.087200912338
6441.959942016664,0.353,2320.0856897444933
6442.009955449402,0.3815,1986.3900694030717
6442.059968882144,0.3379,2532.0771997988454
6442.10998231489,0.3375,2538.08269948162
6442.159995747639,0.3661,2157.0194760110217
6442.21000918039,0.3374,2539.5874127587376
6442.260022613144,0.3015,3180.3753804405696
6442.310036045904,0.2869,3512.301367135837
6442.360049478667,0.3342,2588.4537327824237
6442.41006291143,0.3543,2303.0912243383464
6442.4600763441995,0.4027,1782.7501456516816
6442.5200924635255,0.4067,1747.855060325814
6442.5701058963,0.3565,2274.7537618893484
6442.62011932908,0.4004,1803.290064204663
6442.670132761861,0.3658,2160.5589479883633
6442.720146194647,0.3461,2413.5160347256206
6442.7701596274355,0.363,2194.0183414663434
6442.820173060226,0.3099,3010.301128777435
6442.8701864930235,0.2639,4151.201598660279
6442.92019992582,0.3539,2308.3003484036926
6442.970213358622,0.3658,2160.5589479883633
6443.0302294779885,0.3484,2381.7551391800093
6443.080242910798,0.3086,3035.7166923312893
6443.130256343609,0.3514,2341.261430052732
6443.180269776424,0.3589,2244.4325575807375
6443.230283209241,0.3694,2118.6526625324227
6443.280296642065,0.3755,2050.3769026018344
6443.33031007489,0.319,2841.0037552004374
6443.380323507718,0.335,2576.105767010457
6443.430336940548,0.3179,2860.6986342241853
6443.480350373384,0.3392,2512.705838394334
6443.530363806221,0.3699,2112.9289127795655
6443.590379925633,0.3748,2058.042859323643
6443.640393358475,0.3636,2186.783351132581
6443.690406791326,0.3803,1998.9455388383592
6443.740420224177,0.351,2346.600663794742
6443.790433657031,0.317,2876.965356380058
6443.8404470898895,0.336,2560.794668009591
6443.890460522751,0.3247,2742.133815419741
6443.940473955616,0.3209,2807.4611542619377
6443.990487388483,0.3226,2777.9503422464654
6444.040500821356,0.3642,2179.584089015776
6444.1005169408045,0.3722,2086.8960905490126
6444.150530373684,0.2856,3544.3487586288593
6444.200543806564,0.3528,2322.71691052736
6444.250557239449,0.3495,2366.786325121566
6444.300570672339,0.3214,2798.7328759241436
6444.350584105229,0.3259,2721.9773722525542
6444.400597538123,0.3787,2015.872186766678
6444.450610971023,0.3744,2062.4427241493386
6444.500624403923,0.377,2034.0934080147247
6444.550637836828,0.3549,2295.310538207344
6444.610653956317,0.3383,2526.0929898501004
6444.660667389229,0.3696,2116.360374973083
6444.710680822144,0.3603,2227.0243303447905
6444.760694255062,0.3803,1998.9455388383592
6444.810707687982,0.3873,1927.3414433674484
6444.860721120907,0.3716,2093.6406823396846
6444.910734553836,0.3517,2337.268954253303
6444.960747986767,0.2854,3549.318034339064
6445.0107614196995,0.3053,3101.6975221419066
6445.060774852639,0.3189,2842.7857810904993
6445.1107882855795,0.3444,2437.4015845660965
6445.170804405112,0.3422,2468.842290269278
6445.22081783806,0.3371,2544.109590006925
6445.270831271012,0.3256,2726.9955964298865
6445.320844703967,0.3519,2334.612974565164
6445.370858136924,0.3334,2600.890692464452
6445.420871569886,0.3639,2183.1792687711886
6445.470885002848,0.3004,3203.709644400348
6445.520898435816,0.3572,2265.8469144491296
6445.570911868787,0.349,2373.5727862662065
6445.620925301762,0.3545,2300.4932722275803
6445.680941421334,0.3456,2420.504619590853
6445.730954854316,0.3139,2934.0701849050934
6445.780968287301,0.3575,2262.0457006699635
6445.830981720289,0.3285,2679.060399081914
6445.88099515328,0.3002,3207.979819160057
6445.9310085862735,0.3723,2085.7751610749897
6445.981022019271,0.3361,2559.2710702149475
6446.031035452272,0.357,2268.386382521974
6446.081048885276,0.3372,2542.6008564321874
6446.131062318283,0.2926,3376.791800785868
6446.181075751293,0.3696,2116.360374973083
6446.24109187091,0.3205,2814.4732087007897
6446.29110530393,0.3584,2250.6992759914538
6446.34111873695,0.3524,2327.9927982446325
6446.3911321699725,0.2998,3216.545820986481
6446.441145603,0.3811,1990.562050095863
6446.491159036032,0.4142,1685.1307770907742
6446.541172469066,0.395,1852.9321062520214
6446.591185902103,0.3965,1838.9389975381976
6446.641199335142,0.3497,2364.0798878825817
6446.691212768187,0.3851,1949.4253263786022
6446.751228887843,0.3571,2267.116115134762
6446.801242320895,0.3857,1943.364956129773
6446.851255753947,0.4294,1567.9412784612027
6446.901269187006,0.3565,2274.7537618893484
6446.951282620066,0.3402,2497.955659141786
6447.001296053131,0.3688,2125.5519152149254
6447.051309486197,0.3169,2878.781329998422
6447.101322919267,0.3916,1885.2472346280906
6447.151336352341,0.3462,2412.1219500966185
6447.201349785417,0.2939,3346.98502458049
6447.261365905112,0.3187,2846.354866562557
6447.311379338197,0.3532,2317.458937480823
6447.361392771285,0.3204,2816.2303270741736
6447.411406204375,0.2917,3397.6611223544232
6447.46141963747,0.3213,2800.4752722486055
6447.5114330705655,0.3237,2759.1023722804402
6447.561446503667,0.3391,2514.1880376999047
6447.61145993677,0.3409,2487.707676757897
6447.661473369876,0.3467,2405.169611882029
6447.711486802987,0.4013,1795.2106368129657
6447.7615002361,0.3145,2922.885719105435
6447.82151635584,0.3401,2499.4248244170844
6447.871529788961,0.3177,2864.301517528459
6447.921543222085,0.3828,1972.9213360065417
6447.971556655211,0.3138,2935.9405025202814
6448.021570088341,0.3722,2086.8960905490126
6448.071583521473,0.2838,3589.451205104974
6448.121596954611,0.307,3067.441694701488
6448.171610387752,0.3607,2222.087744088369
6448.221623820895,0.376,2044.9274127767742
6448.271637254041,0.3252,2733.708177781939
6448.321650687191,0.3416,2477.522629510481
6448.381666806974,0.3288,2674.1738478785205
6448.43168024013,0.3135,2941.562197993522
6448.48169367329,0.3248,2740.445574502867
6448.531707106454,0.2826,3619.999479968667
6448.581720539621,0.3321,2621.292772698076
6448.631733972789,0.34,2500.895286201496
6448.681747405962,0.315,2913.614110520386
6448.731760839139,0.3249,2738.758892197164
6448.78177427232,0.3178,2862.499225607635
6448.831787705502,0.2923,3383.726825984888
6448.891803825324,0.3515,2339.929468896212
6448.941817258515,0.3281,2685.59666314604
6448.99183069171,0.3019,3171.953365327252
6449.041844124906,0.3025,3159.3829303064695
6449.091857558105,0.3147,2919.171772295897
6449.141870991306,0.3765,2039.4996195893573
6449.191884424514,0.4078,1738.4384698479823
6449.2418978577225,0.3487,2377.658683045242
6449.291911290936,0.2952,3317.5711680342265
6449.341924724151,0.2987,3240.280025514659
6449.401940844015,0.3277,2692.156876795004
6449.451954277238,0.4002,1805.0928989405043
6449.501967710465,0.3687,2126.7050665022534
6449.551981143694,0.3437,2447.3399819489714
6449.601994576925,0.3157,2900.7077924223854
6449.652008010161,0.3179,2860.6986342241853
6449.7020214434015,0.292,3390.6832371667692
6449.752034876644,0.3155,2904.3865474054237
6449.802048309891,0.389,1910.5326379014525
6449.8520617431395,0.358,2255.7315672898058
6449.90207517639,0.3367,2550.1579730841986
6449.962091296298,0.3882,1918.4151574801695
6450.012104729556,0.3828,1972.9213360065417
6450.062118162819,0.3592,2240.6850814370446
6450.112131596086,0.3804,1997.8947094257392
6450.162145029355,0.3488,2376.2955459843265
6450.212158462627,0.407,1745.27932578568
6450.262171895903,0.341,2486.2488288886484
6450.312185329181,0.3738,2069.0690241454445
6450.362198762463,0.3838,1962.6537697623492
6450.412212195748,0.3571,2267.116115134762
6450.472228315694,0.3455,2421.9059787236383
6450.522241748989,0.3362,2557.748831759978
6450.572255182285,0.2998,3216.545820986481
6450.622268615584,0.2949,3324.324468907939
6450.672282048886,0.3007,3197.3203510015496
6450.722295482191,0.3168,2880.599023554741
6450.772308915501,0.3608,2220.856162243556
6450.822322348811,0.3626,2198.861634225426
6450.872335782126,0.3647,2173.6118268084447
6450.922349215446,0.3334,2600.890692464452
6450.972362648767,0.3302,2651.545771432962
6451.032378768757,0.3647,2173.6118268084447
6451.082392202086,0.3721,2088.0179238744804
6451.132405635418,0.3577,2259.516869812723
6451.182419068754,0.3496,2365.432525889354
6451.232432502092,0.363,2194.0183414663434
6451.282445935433,0.306,3087.523026709905
6451.332459368779,0.3306,2645.133348735248
6451.382472802127,0.3573,2264.5787792710676
6451.432486235479,0.352,2333.28668210898
6451.482499668834,0.3354,2569.964891742478
6451.542515788863,0.3324,2616.5633467052435
6451.592529222225,0.3648,2172.4203202559206
6451.642542655589,0.3493,2369.4974125825297
6451.692556088958,0.3138,2935.9405025202814
6451.742569522329,0.3342,2588.4537327824237
6451.792582955706,0.3696,2116.360374973083
6451.842596389083,0.3389,2517.156373470811
6451.892609822465,0.3335,2599.331176448008
6451.942623255848,0.323,2771.0742514492713
6451.992636689237,0.4061,1753.0236649565852
6452.052652809307,0.3666,2151.139654304375
6452.102666242702,0.331,2638.7441593716403
6452.152679676101,0.3659,2159.3781566214075
6452.2026931095015,0.2789,3716.684990958872
6452.252706542907,0.3115,2979.4562064879715
6452.302719976315,0.303,3148.9645614320534
6452.352733409724,0.2847,3566.793048452706
6452.402746843139,0.3193,2835.667719699118
6452.4527602765575,0.3949,1853.8706537428716
6452.50277370998,0.3828,1972.9213360065417
6452.552787143404,0.3857,1943.364956129773
6452.612803263516,0.3121,2968.0114795366653
6452.6628166969485,0.3026,3157.2951243226476
6452.712830130382,0.323,2771.0742514492713
6452.762843563818,0.3519,2334.612974565164
6452.81285699726,0.3494,2368.1412869087962
6452.862870430706,0.3901,1899.773255618172
6452.912883864152,0.3329,2608.709364964042
6452.9628972976025,0.3435,2450.1906897506783
6453.012910731057,0.3856,1944.3730535920824
6453.062924164515,0.4015,1793.4225829730103
6453.112937597974,0.3089,3029.8230709357736
6453.172953718132,0.3254,2730.3487928097175
6453.2229671516,0.3522,2330.6374855480735
6453.2729805850695,0.3325,2614.989715420094
6453.322994018545,0.2962,3295.2081715181916
6453.373007452022,0.3622,2203.720982047752
6453.423020885502,0.4015,1793.4225829730103
6453.473034318986,0.3827,1973.9525217618798
6453.523047752474,0.4327,1544.1166252145536
6453.5730611859635,0.4091,1727.40755445968
6453.623074619459,0.3289,2672.547968166297
6453.6830907396525,0.3452,2426.1173657732556
6453.733104173154,0.2933,3360.692751951901
6453.783117606659,0.4161,1669.7766271799992
6453.833131040165,0.396,1843.5857028266778
6453.883144473677,0.3247,2742.133815419741
6453.9331579071895,0.3966,1838.0117647979248
6453.983171340707,0.4055,1758.215229751697
6454.033184774226,0.3707,2103.8190415470826
6454.08319820775,0.3602,2228.261047325964
6454.133211641277,0.4092,1726.5633744681006
6454.193227761512,0.2703,3956.9502674357805
6454.243241195047,0.3292,2667.6792158382887
6454.293254628583,0.3062,3083.4910154563913
6454.343268062124,0.2324,5352.786380012174
6454.393281495667,0.2517,4563.373486030588
6454.443294929213,0.2124,6408.299229420636
6454.493308362764,0.2592,4303.1110229828
6454.543321796317,0.3116,2977.544159916792
6454.5933352298725,0.3043,3122.1167383271527
6454.643348663431,0.3091,3025.9035198944503
6454.703364783708,0.3395,2508.267096248029
6454.753378217275,0.3701,2110.645905701224
6454.803391650846,0.2768,3773.293497698916
6454.853405084418,0.2793,3706.0469378994903
6454.903418517994,0.3369,2547.1310885961348
6454.953431951575,0.2989,3235.9452177209314
6455.003445385158,0.3026,3157.2951243226476
6455.053458818743,0.3524,2327.9927982446325
6455.103472252334,0.3381,2529.082439903642
6455.153485685925,0.3271,2702.0423591977856
6455.203499119521,0.2779,3743.481382893841
6455.263515239841,0.2987,3240.280025514659
6455.313528673443,0.3462,2412.1219500966185
6455.363542107049,0.3466,2406.5576728380383
6455.413555540661,0.3394,2509.7453692113104
6455.463568974274,0.3496,2365.432525889354
6455.513582407888,0.3657,2161.7407081408583
6455.563595841507,0.3483,2383.1229773714845
6455.61360927513,0.3767,2037.3345515817198
6455.663622708755,0.3192,2837.444726601883
6455.7136361423845,0.3885,1915.453505708019
6455.763649576015,0.3467,2405.169611882029
6455.823665696379,0.3899,1901.7227356150438
6455.873679130019,0.3994,1812.3313413040241
6455.9236925636615,0.3801,2001.0496863542671
6455.973705997307,0.3632,2191.6026936424773
6456.023719430956,0.37,2111.7869464699515
6456.073732864609,0.3675,2140.6163901411537
6456.123746298263,0.3481,2385.862191087195
6456.1737597319225,0.3677,2138.28837446766
6456.223773165583,0.3406,2492.0919326906433
6456.273786599248,0.3508,2349.2771323227576
6456.3338027196505,0.3049,3109.8411020778326
6456.383816153324,0.2261,5655.238567155457
6456.433829586999,0.2935,3356.1141675985486
6456.483843020678,0.3708,2102.684451642622
6456.533856454361,0.3629,2195.227663364212
6456.583869888045,0.3386,2521.618743290045
6456.633883321733,0.4312,1554.8782121584125
6456.683896755425,0.3426,2463.080716764135
6456.733910189121,0.3035,3138.597641076858
6456.783923622818,0.3007,3197.3203510015496
6456.843939743261,0.3556,2286.2828022535564
6456.893953176965,0.3581,2254.471913387785
6456.943966610674,0.3346,2582.2686788357832
6456.993980044386,0.3316,2629.2036927881763
6457.043993478102,0.2942,3340.1625898249977
6457.0940069118205,0.2887,3468.6407373684638
6457.14402034554,0.3367,2550.1579730841986
6457.194033779265,0.3468,2403.7827514942046
6457.244047212992,0.3186,2848.1419303585953
6457.2940606467255,0.3178,2862.499225607635
6457.344074080459,0.2983,3248.9758126980337
6457.404090200945,0.2938,3349.2638150715134
6457.454103634685,0.403,1780.0969215763266
6457.504117068431,0.3253,2732.027710770497
6457.554130502178,0.3325,2614.989715420094
6457.604143935929,0.3326,2613.417503308107
6457.654157369683,0.3191,2839.223404403825
6457.704170803442,0.295,3322.07107924079
6457.754184237203,0.3547,2297.8997134840847
6457.804197670967,0.2941,3342.434415116042
6457.854211104734,0.3445,2435.9867568435116
6457.914227225259,0.3954,1849.1850345668029
6457.964240659034,0.315,2913.614110520386
6458.014254092811,0.3601,2229.4987947586155
6458.064267526591,0.3304,2648.3366488844194
6458.114280960376,0.3355,2568.4331038266832
6458.164294394163,0.3466,2406.5576728380383
6458.214307827954,0.3303,2649.9404814773256
6458.264321261749,0.3411,2484.791263895161
6458.314334695545,0.3683,2131.3270684840286
6458.364348129347,0.3288,2674.1738478785205
6458.414361563149,0.3015,3180.3753804405696
6458.474377683718,0.3369,2547.1310885961348
6458.5243911175285,0.3277,2692.156876795004
6458.574404551343,0.3081,3045.577679281461
6458.624417985159,0.3173,2871.527733477434
6458.67443141898,0.3315,2630.7901738263845
6458.7244448528045,0.3454,2423.308555191042
6458.77445828663,0.3146,2921.027860306146
6458.824471720461,0.28,3687.5399320170795
6458.874485154293,0.3454,2423.308555191042
6458.9244985881305,0.3209,2807.4611542619377
6458.984514708738,0.3337,2596.2163494187025
6459.0345281425825,0.4034,1776.5684932839804
6459.084541576431,0.3321,2621.292772698076
6459.13455501028,0.348,2387.233569322542
6459.184568444132,0.3473,2396.8664097028172
6459.234581877988,0.3199,2825.0406502301144
6459.284595311849,0.3567,2272.2035968583014
6459.334608745712,0.3332,2604.01393791637
6459.384622179578,0.2956,3308.5987314316562
6459.434635613447,0.2159,6202.21174340177
6459.494651734096,0.2851,3556.791565686933
6459.544665167972,0.3637,2185.5809993535872
6459.594678601852,0.3711,2099.2861834497726
6459.644692035735,0.3548,2296.6045785300626
6459.69470546962,0.3311,2637.150479087301
6459.74471890351,0.3731,2076.8401477231337
6459.794732337405,0.3383,2526.0929898501004
6459.8447457713,0.3227,2776.22892215757
6459.894759205199,0.3244,2747.207909061649
6459.9447726391,0.3497,2364.0798878825817
6459.994786073006,0.3214,2798.7328759241436
6460.0548021936975,0.3418,2474.62410342551
6460.104815627611,0.3592,2240.6850814370446
6460.154829061527,0.3918,1883.3230271248522
6460.2048424954455,0.4029,1780.980671098687
6460.254855929369,0.3827,1973.9525217618798
6460.3048693632945,0.3281,2685.59666314604
6460.354882797223,0.3646,2174.8043138875814
6460.404896231154,0.3349,2577.6444249267183
6460.454909665091,0.3453,2424.712350403441
6460.504923099029,0.3635,2187.986695357667
6460.554936532972,0.3134,2943.439684979759
6460.614952653705,0.2657,4095.147216679788
6460.664966087656,0.4338,1536.2956437622538
6460.714979521608,0.2798,3692.8134769253907
6460.764992955561,0.2998,3216.545820986481
6460.815006389521,0.2896,3447.1150806657342
6460.865019823483,0.2992,3229.459297705147
6460.915033257447,0.3459,2416.3078321270245
6460.965046691416,0.3569,2269.657717806449
6461.015060125388,0.3759,2046.0155713165127
6461.065073559362,0.3015,3180.3753804405696
6461.1250896801375,0.3207,2810.9639017658988
6461.175103114118,0.3858,1942.3576424654373
6461.225116548104,0.3928,1873.746036598102
6461.275129982091,0.396,1843.5857028266778
6461.325143416083,0.3283,2682.325544709768
6461.3751568500775,0.3302,2651.545771432962
6461.425170284076,0.3022,3165.658788658715
6461.475183718076,0.3646,2174.8043138875814
6461.525197152081,0.3517,2337.268954253303
6461.575210586087,0.375,2055.8482048567403
6461.635226706902,0.3855,1945.3819356657482
6461.685240140917,0.3427,2461.6434747637713
6461.735253574935,0.316,2895.202751213293
6461.785267008956,0.3751,2054.7521938274062
6461.83528044298,0.341,2486.2488288886484
6461.885293877009,0.265,4116.810449021485
6461.935307311041,0.3108,2992.8922508212763
6461.985320745074,0.3461,2413.5160347256206
6462.035334179111,0.3651,2168.851673018435
6462.085347613152,0.2965,3288.543355296791
6462.135361047195,0.3525,2326.6721423670965
6462.195377168053,0.3353,2571.498050381584
6462.245390602105,0.3227,2776.22892215757
6462.295404036159,0.354,2306.99641179436
6462.345417470216,0.3388,2518.6425130356524
6462.395430904275,0.322,2788.3125652955923
6462.445444338338,0.3705,2106.0909780572824
6462.495457772407,0.3424,2465.9589794705516
6462.545471206477,0.3839,1961.631423819002
6462.59548464055,0.3674,2141.7818239363496
6462.645498074627,0.3431,2455.9070681973785
6462.705514195523,0.3303,2649.9404814773256
6462.755527629608,0.3433,2453.0463812921985
6462.805541063695,0.3661,2157.0194760110217
6462.855554497785,0.3339,2593.107117869632
6462.905567931877,0.3601,2229.4987947586155
6462.955581365974,0.346,2414.9113282696926
6463.0055948000745,0.3157,2900.7077924223854
6463.055608234177,0.3422,2468.842290269278
6463.105621668284,0.363,2194.0183414663434
6463.155635102394,0.3594,2238.1919758179024
6463.205648536508,0.3381,2529.082439903642
6463.265664657445,0.2844,3574.321870633641
6463.315678091566,0.2956,3308.5987314316562
6463.365691525691,0.4032,1778.3313947741817
6463.415704959817,0.3949,1853.8706537428716
6463.465718393946,0.341,2486.2488288886484
6463.515731828078,0.3021,3167.7548973966063
6463.5657452622145,0.3759,2046.0155713165127
6463.615758696354,0.3612,2215.9400596730707
6463.665772130496,0.3563,2277.308222525568
6463.715785564642,0.3809,1992.6529709840925
6463.775801685621,0.3726,2082.417786061043
6463.825815119775,0.3529,2321.4007409378696
6463.875828553931,0.3598,2233.2182312244076
6463.92584198809,0.3193,2835.667719699118
6463.975855422252,0.3231,2769.359217805502
6464.025868856418,0.3348,2579.184461770484
6464.075882290586,0.3979,1826.0212846940292
6464.125895724759,0.3378,2533.5765748676527
6464.175909158935,0.3482,2384.491994222352
6464.225922593113,0.3185,2849.9306776761846
6464.285938714132,0.3523,2329.3145788790966
6464.335952148318,0.3301,2653.152520517557
6464.385965582507,0.2499,4629.3488494718285
6464.435979016698,0.3062,3083.4910154563913
6464.485992450894,0.3178,2862.499225607635
6464.536005885093,0.3349,2577.6444249267183
6464.586019319296,0.3134,2943.439684979759
6464.636032753499,0.3294,2664.440768646953
6464.686046187707,0.342,2471.7306609721336
6464.736059621919,0.3603,2227.0243303447905
6464.786073056134,0.3504,2354.6438248609666
6464.846089177197,0.3013,3184.598972035698
6464.896102611417,0.315,2913.614110520386
6464.946116045643,0.3562,2278.5870667111258
6464.99612947987,0.3269,2705.3496221576283
6465.046142914103,0.3299,2656.3704031519205
6465.096156348337,0.3588,2245.6838056686843
6465.146169782574,0.3557,2284.9974747311726
6465.196183216815,0.3489,2374.9335808389724
6465.24619665106,0.332,2622.872097787167
6465.296210085308,0.357,2268.386382521974
6465.35622620641,0.3253,2732.027710770497
6465.4062396406625,0.3611,2217.1675538593154
6465.456253074922,0.3153,2908.072305071493
6465.506266509182,0.3476,2392.730923167858
6465.556279943447,0.3189,2842.7857810904993
6465.606293377714,0.3396,2506.7901289834685
6465.656306811985,0.3654,2165.2918119196597
6465.70632024626,0.323,2771.0742514492713
6465.756333680538,0.3074,3059.463982285079
6465.806347114818,0.3236,2760.80788535653
6465.8563605491,0.3209,2807.4611542619377
6465.916376670245,0.3553,2290.14529859133
6465.966390104537,0.3668,2148.7944554693545
6466.016403538829,0.3434,2451.617911828265
6466.066416973127,0.3151,2911.765083205126
6466.116430407428,0.3661,2157.0194760110217
6466.166443841731,0.3777,2026.5607515057263
6466.2164572760375,0.338,2530.5791553355007
6466.266470710347,0.3785,2018.0031241014685
6466.316484144661,0.3664,2153.4886945680596
6466.366497578978,0.3571,2267.116115134762
6466.426513700162,0.3761,2043.8401221000856
6466.476527134486,0.3349,2577.6444249267183
6466.526540568812,0.3488,2376.2955459843265
6466.5765540031425,0.3008,3195.194833544297
6466.626567437475,0.3207,2810.9639017658988
6466.676580871813,0.2706,3948.1814376588104
6466.726594306152,0.2779,3743.481382893841
6466.776607740494,0.3521,2331.961519530962
6466.82662117484,0.3307,2643.5338776598664
6466.87663460919,0.3303,2649.9404814773256
6466.936650730413,0.3072,3063.448943139124
6466.98666416477,0.3644,2177.1922339318385
6467.03667759913,0.3253,2732.027710770497
6467.086691033492,0.3331,2605.5776707256055
6467.13670446786,0.334,2591.554596212904
6467.1867179022265,0.285,3559.2879889009005
6467.2367313366,0.2889,3463.8398677219484
6467.286744770975,0.3075,3057.4744170413337
6467.336758205354,0.363,2194.0183414663434
6467.386771639737,0.3377,2535.0772821182322
6467.436785074123,0.3039,3130.3409203643932
6467.496801195388,0.3137,2937.8126090513847
6467.546814629783,0.3664,2153.4886945680596
6467.596828064176,0.3764,2040.5834480280228
6467.646841498576,0.382,1981.1935121183908
6467.696854932977,0.4133,1692.4778146489757
6467.746868367383,0.3414,2480.4262511429374
6467.796881801793,0.3609,2219.625604012873
6467.846895236205,0.3407,2490.629227149637
6467.896908670617,0.3365,2553.190256279398
6467.946922105037,0.331,2638.7441593716403
6468.006938226342,0.3422,2468.842290269278
6468.056951660769,0.3161,2893.3712196484553
6468.106965095197,0.3653,2166.4774578296524
6468.156978529628,0.3684,2130.1701564228733
6468.2069919640635,0.3725,2083.536009799758
6468.257005398501,0.3281,2685.59666314604
6468.307018832943,0.2677,4034.18592404857
6468.357032267387,0.3224,2781.3979891045115
6468.407045701834,0.3605,2224.5539831644073
6468.457059136286,0.3129,2952.854136895805
6468.50707257074,0.3429,2458.7727621239756
6468.567088692089,0.3109,2990.9672580260044
6468.61710212655,0.329,2670.9235707893313
6468.667115561016,0.3714,2095.896146807121
6468.717128995484,0.3348,2579.184461770484
6468.767142429952,0.3656,2162.923438138976
6468.817155864428,0.2998,3216.545820986481
6468.8671692989055,0.2988,3238.111533567312
6468.917182733388,0.3151,2911.765083205126
6468.9671961678705,0.3124,2962.313828666362
6469.017209602355,0.3114,2981.3700953977063
6469.077225723746,0.3433,2453.0463812921985
6469.12723915824,0.3553,2290.14529859133
6469.177252592738,0.2839,3586.922986437832
6469.227266027237,0.3157,2900.7077924223854
6469.277279461741,0.3218,2791.77952659946
6469.327292896249,0.3371,2544.109590006925
6469.377306330758,0.3443,2438.817645250401
6469.427319765271,0.3638,2184.379638929639
6469.477333199788,0.3728,2080.1840375473876
6469.527346634308,0.3155,2904.3865474054237
6469.577360068831,0.363,2194.0183414663434
6469.637376190262,0.3571,2267.116115134762
6469.687389624792,0.294,3344.7085589824983
6469.7374030593255,0.3024,3161.4728078619814
6469.787416493862,0.3298,2657.9815402475456
6469.837429928402,0.3317,2627.618646393111
6469.887443362945,0.3192,2837.444726601883
6469.937456797491,0.3585,2249.4438343766146
6469.98747023204,0.3259,2721.9773722525542
6470.037483666593,0.3709,2101.550779317474
6470.087497101149,0.3091,3025.9035198944503
6470.147513222621,0.2949,3324.324468907939
6470.197526657182,0.3447,2433.1607945617
6470.247540091749,0.3861,1939.3403961422396
6470.297553526319,0.3289,2672.547968166297
6470.3475669608915,0.3829,1971.8909580718366
6470.397580395465,0.3713,2097.0252460466118
6470.447593830047,0.3263,2715.307925360452
6470.497607264627,0.3577,2259.516869812723
6470.547620699213,0.3605,2224.5539831644073
6470.597634133802,0.3305,2646.7342718906903
6470.647647568393,0.2993,3227.301657204479
6470.707663689907,0.3184,2851.721110630626
6470.757677124507,0.3474,2395.4867237269227
6470.807690559109,0.3452,2426.1173657732556
6470.857703993714,0.3384,2524.600252092078
6470.907717428324,0.3597,2234.4601119299095
6470.957730862934,0.3452,2426.1173657732556
6471.007744297549,0.3689,2124.3997015734567
6471.057757732167,0.4198,1640.4725176751188
6471.107771166789,0.3299,2656.3704031519205
6471.1577846014125,0.3366,2551.673439041402
6471.217800722968,0.3627,2197.6493086398646
6471.267814157598,0.3892,1908.5695990068446
6471.317827592233,0.3541,2305.693579744868
6471.367841026871,0.2891,3459.0489583498706
6471.417854461512,0.3022,3165.658788658715
6471.467867896157,0.3881,1919.4039012925232
6471.517881330803,0.3759,2046.0155713165127
6471.567894765456,0.3149,2915.4648996473475
6471.617908200111,0.3151,2911.765083205126
6471.667921634767,0.301,3190.950152216929
6471.72793775636,0.3522,2330.6374855480735
6471.777951191025,0.3587,2246.936100385294
6471.827964625691,0.3561,2279.8669884199758
6471.877978060364,0.3768,2036.253310180896
6471.927991495037,0.3632,2191.6026936424773
6471.978004929712,0.3509,2347.9383260024315
6472.028018364394,0.3455,2421.9059787236383
6472.0780317990775,0.3428,2460.207490372655
6472.128045233764,0.3358,2563.845948096232
6472.178058668455,0.3316,2629.2036927881763
6472.2280721031475,0.3158,2898.87103539473
6472.288088224785,0.2996,3220.841693738345
6472.338101659485,0.33,2654.760730500015
6472.388115094188,0.4211,1630.3593978874933
6472.438128528894,0.266,4085.9152861265534
6472.488141963603,0.3129,2952.854136895805
6472.538155398318,0.292,3390.6832371667692
6472.588168833035,0.2256,5680.333781388048
6472.638182267754,0.2383,5091.012543819869
6472.688195702475,0.322,2788.3125652955923
6472.738209137204,0.3661,2157.0194760110217
6472.798225258877,0.3643,2178.387669053729
6472.848238693611,0.3033,3142.738257103709
6472.898252128346,0.3581,2254.471913387785
6472.948265563087,0.3051,3105.765308396951
6472.99827899783,0.331,2638.7441593716403
6473.048292432576,0.3647,2173.6118268084447
6473.098305867325,0.3457,2419.104476384351
6473.148319302077,0.3147,2919.171772295897
6473.198332736832,0.3616,2211.040262532027
6473.248346171592,0.3398,2503.8401054038045
6473.298359606352,0.3846,1954.4973165716415
6473.358375728071,0.3425,2464.519217842696
6473.408389162841,0.3905,1895.8832778453223
6473.458402597613,0.3785,2018.0031241014685
6473.508416032389,0.381,1991.6070989424677
6473.558429467168,0.3977,1827.8583235035335
6473.608442901948,0.3266,2710.3219133465172
6473.658456336733,0.345,2428.9310626450447
6473.708469771522,0.3297,2659.5941435638515
6473.758483206313,0.3613,2214.7135845742146
6473.808496641109,0.342,2471.7306609721336
6473.868512762867,0.3044,3120.0657569514365
6473.918526197668,0.3205,2814.4732087007897
6473.968539632472,0.3444,2437.4015845660965
6474.018553067281,0.3036,3136.5304010177447
6474.068566502091,0.248,4700.55385368068
6474.118579936906,0.2948,3326.5801520935966
6474.168593371724,0.2893,3454.2679817187495
6474.218606806546,0.361,2218.396068262282
6474.268620241368,0.3929,1872.7923573830067
6474.318633676196,0.3464,2409.3374020011433
6474.368647111026,0.3191,2839.223404403825
6474.428663232828,0.3506,2351.9581825237005
6474.478676667665,0.3602,2228.261047325964
6474.528690102506,0.2801,3684.9073946964813
6474.5787035373505,0.3379,2532.0771997988454
6474.628716972197,0.3449,2430.339746982105
6474.678730407049,0.3444,2437.4015845660965
6474.728743841902,0.3638,2184.379638929639
6474.778757276758,0.3615,2212.263687129128
6474.828770711619,0.3415,2478.973802637167
6474.878784146483,0.326,2720.3077087286133
6474.938800268321,0.3228,2774.509101648698
6474.988813703193,0.3475,2394.1082286720193
6475.038827138065,0.3895,1905.630708590625
6475.088840572943,0.3628,2196.4379853876767
6475.138854007822,0.2956,3308.5987314316562
6475.1888674427055,0.2993,3227.301657204479
6475.238880877591,0.3094,3020.038438905487
6475.288894312482,0.3176,2866.105512128721
6475.338907747374,0.3423,2467.4000031209457
6475.388921182271,0.3589,2244.4325575807375
6475.44893730415,0.3722,2086.8960905490126
6475.498950739053,0.3282,2683.960356416851
6475.548964173959,0.3253,2732.027710770497
6475.598977608868,0.358,2255.7315672898058
6475.64899104378,0.3801,2001.0496863542671
6475.699004478697,0.3742,2064.6479495583703
6475.749017913616,0.3814,1987.431834095056
6475.799031348537,0.398,1825.1038036396537
6475.849044783464,0.3484,2381.7551391800093
6475.899058218392,0.353,2320.0856897444933
6475.949071653324,0.4122,1701.5229634841594
6476.009087775246,0.373,2077.953881221853
6476.059101210186,0.3222,2784.852058134017
6476.109114645127,0.3232,2767.645775835314
6476.159128080073,0.3363,2556.227951028111
6476.209141515023,0.3296,2661.208214880497
6476.259154949973,0.3193,2835.667719699118
6476.309168384929,0.3312,2635.558242131648
6476.3591818198865,0.3177,2864.301517528459
6476.409195254848,0.4441,1465.8596639954635
6476.459208689812,0.3811,1990.562050095863
6476.519224811774,0.3347,2580.7258791899517
6476.569238246745,0.2787,3722.021202261002
6476.61925168172,0.331,2638.7441593716403
6476.669265116697,0.3816,1985.349123599025
6476.719278551679,0.3323,2618.1383988721086
6476.769291986663,0.2847,3566.793048452706
6476.81930542165,0.2677,4034.18592404857
6476.869318856641,0.3503,2355.9883713587005
6476.919332291636,0.3278,2690.5145717148553
6476.969345726633,0.3225,2779.673363899661
6477.019359161633,0.3208,2809.2117091073246
6477.079375283637,0.3197,2828.576359284631
6477.129388718647,0.3187,2846.354866562557
6477.179402153655,0.3183,2853.513231340545
6477.22941558867,0.3191,2839.223404403825
6477.279429023687,0.3211,2803.9649498516496
6477.329442458707,0.3169,2878.781329998422
6477.379455893732,0.3248,2740.445574502867
6477.429469328757,0.3853,1947.4020569059585
6477.479482763787,0.3349,2577.6444249267183
6477.52949619882,0.3208,2809.2117091073246
6477.589512320865,0.3187,2846.354866562557
6477.639525755905,0.316,2895.202751213293
6477.6895391909475,0.337,2545.6196668632056
6477.739552625993,0.3531,2318.771755680467
6477.789566061045,0.3149,2915.4648996473475
6477.839579496098,0.3416,2477.522629510481
6477.889592931154,0.3168,2880.599023554741
6477.9396063662125,0.3602,2228.261047325964
6477.989619801275,0.3644,2177.1922339318385
6478.03963323634,0.3868,1932.3274365177497
6478.0996493584225,0.4113,1708.977582477601
6478.149662793496,0.3851,1949.4253263786022
6478.199676228571,0.3349,2577.6444249267183
6478.249689663652,0.3726,2082.417786061043
6478.2997030987335,0.3656,2162.923438138976
6478.34971653382,0.293,3367.578216309873
6478.399729968908,0.3016,3178.26673482492
6478.449743404,0.3371,2544.109590006925
6478.499756839095,0.3562,2278.5870667111258
6478.549770274194,0.3607,2222.087744088369
6478.5997837092955,0.3648,2172.4203202559206
6478.659799831421,0.3522,2330.6374855480735
6478.709813266531,0.3024,3161.4728078619814
6478.759826701642,0.2882,3480.6866692364592
6478.809840136757,0.2793,3706.0469378994903
6478.859853571875,0.2984,3246.798587142429
6478.909867006995,0.3725,2083.536009799758
6478.95988044212,0.3837,1963.6769151400156
6479.009893877248,0.3517,2337.268954253303
6479.05990731238,0.3491,2372.2131609249773
6479.109920747513,0.3665,2152.3136937335303
6479.169936869678,0.3534,2314.8366436237484
6479.2199503048205,0.3302,2651.545771432962
6479.269963739965,0.3665,2152.3136937335303
6479.319977175113,0.3768,2036.253310180896
6479.369990610263,0.3456,2420.504619590853
6479.420004045416,0.3332,2604.01393791637
6479.470017480575,0.3686,2127.8591564530993
6479.520030915734,0.3712,2098.1552579328786
6479.570044350899,0.3701,2110.645905701224
6479.620057786064,0.3668,2148.7944554693545
6479.670071221236,0.3502,2357.3340698278366
6479.730087343442,0.351,2346.600663794742
6479.780100778621,0.3183,2853.513231340545
6479.8301142138,0.2829,3612.325954429602
6479.880127648985,0.3241,2752.2960995360236
6479.930141084171,0.3269,2705.3496221576283
6479.9801545193595,0.3016,3178.26673482492
6480.030167954554,0.2725,3893.316371818838
6480.08018138975,0.2896,3447.1150806657342
6480.13019482495,0.3535,2313.527165445317
6480.180208260152,0.393,1871.8394060728365
6480.240224382399,0.3746,2060.241029916151
6480.290237817608,0.4332,1540.554247665635
6480.340251252822,0.4255,1596.815452089362
6480.390264688039,0.3643,2178.387669053729
6480.440278123257,0.348,2387.233569322542
6480.49029155848,0.3425,2464.519217842696
6480.540304993704,0.3099,3010.301128777435
6480.590318428935,0.2894,3451.881209602841
6480.640331864167,0.2945,3333.360993923456
6480.690345299401,0.3201,2821.511566467701
6480.74035873464,0.3376,2536.579323129227
6480.800374856931,0.3012,3186.713923594403
6480.850388292177,0.3639,2183.1792687711886
6480.900401727423,0.3567,2272.2035968583014
6480.950415162676,0.3509,2347.9383260024315
6481.000428597931,0.3292,2667.6792158382887
6481.050442033189,0.3227,2776.22892215757
6481.100455468452,0.3293,2666.059254669605
6481.150468903716,0.3576,2260.7807548672413
6481.200482338983,0.3694,2118.6526625324227
6481.250495774255,0.3564,2276.030454654133
6481.310511896584,0.3672,2144.115548622573
6481.360525331861,0.3367,2550.1579730841986
6481.4105387671425,0.3599,2231.977385560347
6481.460552202428,0.3062,3083.4910154563913
6481.510565637715,0.2726,3890.4604745429515
6481.560579073006,0.3056,3095.6108108476565
6481.610592508298,0.3354,2569.964891742478
6481.660605943597,0.304,3128.281831043402
6481.710619378898,0.3132,2947.200055447972
6481.760632814201,0.3546,2299.1959443043597
6481.810646249508,0.356,2281.1479888629856
6481.870662371882,0.3805,1996.8447084140867
6481.920675807194,0.3069,3069.440998346113
6481.970689242512,0.3329,2608.709364964042
6482.020702677832,0.3651,2168.851673018435
6482.070716113155,0.3684,2130.1701564228733
6482.120729548482,0.3378,2533.5765748676527
6482.170742983812,0.3215,2796.99210521702
6482.220756419144,0.3056,3095.6108108476565
6482.270769854481,0.3111,2987.122839853839
6482.320783289819,0.3401,2499.4248244170844
6482.380799412232,0.3557,2284.9974747311726
6482.430812847578,0.3469,2402.3970902904284
6482.480826282927,0.3308,2641.935856908975
6482.530839718282,0.3421,2470.2858423931016
6482.580853153636,0.3812,1989.5178235806018
6482.630866588995,0.3442,2440.2349403294725
6482.680880024358,0.3319,2624.4528506179636
6482.730893459723,0.3008,3195.194833544297
6482.780906895092,0.3351,2574.568486375962
6482.830920330464,0.3571,2267.116115134762
6482.8909364529145,0.342,2471.7306609721336
6482.940949888294,0.3536,2312.2187980892577
6482.990963323676,0.3733,2074.6153652520748
6483.040976759061,0.3811,1990.562050095863
6483.090990194449,0.3334,2600.890692464452
6483.141003629842,0.3169,2878.781329998422
6483.191017065236,0.2725,3893.316371818838
6483.241030500634,0.3238,2757.3984391096355
6483.291043936037,0.3404,2495.021212025843
6483.34105737144,0.3357,2565.3736336334237
6483.391070806848,0.373,2077.953881221853
6483.451086929342,0.3681,2133.64372187485
6483.501100364757,0.3053,3101.6975221419066
6483.551113800174,0.3095,3018.087200912338
6483.601127235596,0.3148,2917.317452825001
6483.65114067102,0.2863,3527.0382282405667
6483.701154106447,0.2691,3992.3193477401
6483.751167541879,0.3649,2171.229793155314
6483.801180977313,0.3312,2635.558242131648
6483.851194412749,0.2931,3365.2807122124536
6483.901207848189,0.3245,2745.5149807737444
6483.961223970721,0.339,2515.67154887586
6484.01123740617,0.3335,2599.331176448008
6484.061250841622,0.3391,2514.1880376999047
6484.111264277073,0.3394,2509.7453692113104
6484.161277712529,0.3076,3055.4867918840896
6484.211291147991,0.273,3879.068251567096
6484.261304583453,0.3207,2810.9639017658988
6484.311318018919,0.3764,2040.5834480280228
6484.361331454389,0.2842,3579.354336451225
6484.411344889862,0.3278,2690.5145717148553
6484.461358325339,0.3992,1814.1477549212082
6484.521374447913,0.3962,1841.7249095555205
6484.571387883397,0.3457,2419.104476384351
6484.621401318882,0.3109,2990.9672580260044
6484.6714147543735,0.3405,2493.5559271444436
6484.721428189865,0.3846,1954.4973165716415
6484.77144162536,0.342,2471.7306609721336
6484.82145506086,0.3038,3132.4020433470814
6484.871468496362,0.3078,3051.5173517466733
6484.921481931868,0.3555,2287.5692145900125
6484.971495367376,0.3526,2325.352609970714
6485.03151148999,0.3069,3069.440998346113
6485.0815249255065,0.3133,2945.3189700323283
6485.131538361024,0.319,2841.0037552004374
6485.181551796547,0.3203,2817.9890914548932
6485.23156523207,0.3193,2835.667719699118
6485.2815786676,0.3178,2862.499225607635
6485.331592103133,0.3278,2690.5145717148553
6485.381605538666,0.3506,2351.9581825237005
6485.431618974204,0.3539,2308.3003484036926
6485.481632409745,0.323,2771.0742514492713
6485.5416485323985,0.2944,3335.6258823714475
6485.5916619679465,0.2967,3284.111371601679
6485.641675403498,0.3155,2904.3865474054237
6485.691688839052,0.3257,2725.3213142130016
6485.741702274611,0.3108,2992.8922508212763
6485.791715710171,0.2873,3502.5280455402512
6485.841729145735,0.2935,3356.1141675985486
6485.891742581303,0.3019,3171.953365327252
6485.941756016872,0.3114,2981.3700953977063
6485.991769452445,0.3369,2547.1310885961348
6486.041782888024,0.3323,2618.1383988721086
6486.10179901072,0.3218,2791.77952659946
6486.151812446303,0.3283,2682.325544709768
6486.201825881891,0.331,2638.7441593716403
6486.2518393174805,0.3535,2313.527165445317
6486.301852753075,0.3612,2215.9400596730707
6486.351866188671,0.3343,2586.9053876751095
6486.40187962427,0.289,3461.4431697246805
6486.451893059872,0.3216,2795.252958105642
6486.501906495479,0.3403,2496.4877888518704
6486.551919931088,0.3396,2506.7901289834685
6486.601933366702,0.322,2788.3125652955923
6486.661949489439,0.2856,3544.3487586288593
6486.711962925059,0.3229,2772.7908787386436
6486.761976360683,0.3522,2330.6374855480735
6486.811989796309,0.3053,3101.6975221419066
6486.862003231937,0.3447,2433.1607945617
6486.912016667568,0.2831,3607.22381777936
6486.962030103205,0.3012,3186.713923594403
6487.0120435388435,0.3154,2906.2285497928683
6487.062056974485,0.3242,2750.5984665084793
6487.1120704101295,0.3415,2478.973802637167
6487.172086532909,0.3246,2743.823616868732
6487.2220999685605,0.3015,3180.3753804405696
6487.272113404214,0.334,2591.554596212904
6487.322126839872,0.3593,2239.438008220025
6487.3721402755355,0.2971,3275.2742405234176
6487.422153711201,0.2878,3490.3686522291264
6487.472167146869,0.3249,2738.758892197164
6487.5221805825395,0.2858,3539.3899115808117
6487.572194018213,0.3393,2511.2249494128196
6487.622207453891,0.3225,2779.673363899661
6487.682223576708,0.3249,2738.758892197164
6487.732237012392,0.281,3661.3408900463132
6487.782250448079,0.3134,2943.439684979759
6487.83226388377,0.3163,2889.713366569046
6487.882277319465,0.3011,3188.8309827210774
6487.932290755162,0.2952,3317.5711680342265
6487.982304190862,0.296,3299.6626448662705
6488.032317626567,0.2914,3404.6605700241007
6488.082331062274,0.2948,3326.5801520935966
6488.132344497983,0.3548,2296.6045785300626
6488.19236062084,0.3236,2760.80788535653
6488.242374056555,0.3216,2795.252958105642
6488.292387492277,0.3894,1906.609584040886
6488.342400928,0.3286,2677.4300615280627
6488.392414363728,0.337,2545.6196668632056
6488.442427799457,0.3464,2409.3374020011433
6488.492441235188,0.3107,2994.8191026088543
6488.5424546709255,0.3196,2830.3467034801142
6488.592468106665,0.321,2805.7122351891753
6488.642481542406,0.331,2638.7441593716403
6488.6924949781505,0.3639,2183.1792687711886
6488.752511101051,0.3674,2141.7818239363496
6488.802524536804,0.3227,2776.22892215757
6488.852537972561,0.2869,3512.301367135837
6488.902551408318,0.3252,2733.708177781939
6488.95256484408,0.323,2771.0742514492713
6489.002578279847,0.3218,2791.77952659946
6489.052591715615,0.2645,4132.389602066269
6489.102605151387,0.3486,2379.0229933666187
6489.152618587162,0.2968,3281.898738813917
6489.202632022939,0.3414,2480.4262511429374
6489.252645458721,0.3615,2212.263687129128
6489.312661581663,0.2551,4442.542330217375
6489.36267501745,0.1854,8410.69244151601
6489.4126884532425,0.2171,6133.8372550420945
6489.462701889037,0.2917,3397.6611223544232
6489.512715324835,0.353,2320.0856897444933
6489.562728760637,0.3931,1870.8871819270046
6489.61274219644,0.4708,1304.3109595071132
6489.662755632247,0.5441,976.5553160946037
6489.712769068058,0.5335,1015.7467024923076
6489.762782503873,0.5899,830.8021886388194
6489.822798626851,0.2909,3416.374474519375
6489.872812062673,0.3054,3099.6666252458385
6489.922825498497,0.2812,3656.1345944028303
6489.9728389343245,0.2699,3968.6875560470253
6490.0228523701535,0.3289,2672.547968166297
6490.072865805988,0.3253,2732.027710770497
6490.122879241825,0.3318,2626.0350329119256
6490.172892677665,0.3139,2934.0701849050934
6490.222906113508,0.2977,3262.0852743878645
6490.272919549352,0.2905,3425.7891795468017
6490.332935672373,0.2741,3847.9963974927923
6490.382949108226,0.318,2858.8997412394115
6490.432962544083,0.3174,2869.718617952696
6490.482975979941,0.3385,2523.108837092854
6490.532989415804,0.2937,3351.5449336224483
6490.583002851671,0.2595,4293.16742272271
6490.63301628754,0.3082,3043.601641832029
6490.683029723413,0.2963,3292.9843166449605
6490.733043159286,0.3112,2985.2034097072737
6490.783056595166,0.3097,3014.190393753874
6490.833070031048,0.2963,3292.9843166449605
6490.89308615411,0.3086,3035.7166923312893
6490.943099589998,0.3206,2812.7177342814084
6490.993113025891,0.3306,2645.133348735248
6491.0431264617855,0.353,2320.0856897444933
6491.0931398976845,0.3707,2103.8190415470826
6491.143153333587,0.368,2134.8034652550755
6491.193166769489,0.348,2387.233569322542
6491.2431802054,0.3181,2857.1025445179766
6491.29319364131,0.3403,2496.4877888518704
6491.343207077224,0.3407,2490.629227149637
6491.393220513141,0.3444,2437.4015845660965
6491.453236636247,0.3036,3136.5304010177447
6491.503250072172,0.3554,2288.856712961658
6491.553263508099,0.2967,3284.111371601679
6491.603276944031,0.3233,2765.9339235697335
6491.653290379964,0.3272,2700.3910014961425
6491.7033038159,0.3007,3197.3203510015496
6491.7533172518415,0.3055,3097.6377223509267
6491.803330687785,0.3212,2802.2192962151435
6491.8533441237305,0.3232,2767.645775835314
6491.903357559681,0.3529,2321.4007409378696
6491.9633736828255,0.3729,2079.068510842728
6492.013387118782,0.3426,2463.080716764135
6492.063400554742,0.3439,2444.4942462970207
6492.1134139907035,0.3662,2155.841584654657
6492.163427426671,0.3113,2983.285829013653
6492.21344086264,0.3074,3059.463982285079
6492.263454298614,0.2577,4353.351044329897
6492.31346773459,0.2749,3825.6325804319763
6492.363481170568,0.2908,3418.724508998033
6492.4134946065515,0.328,2687.2344667208054
6492.473510729735,0.3257,2725.3213142130016
6492.523524165722,0.3424,2465.9589794705516
6492.5735376017155,0.3263,2715.307925360452
6492.623551037711,0.3305,2646.7342718906903
6492.67356447371,0.3622,2203.720982047752
6492.723577909713,0.3257,2725.3213142130016
6492.773591345716,0.3288,2674.1738478785205
6492.8236047817245,0.3611,2217.1675538593154
6492.873618217736,0.3381,2529.082439903642
6492.923631653751,0.3202,2819.749503899485
6492.983647776973,0.3472,2398.247287971925
6493.033661212995,0.343,2457.3392885530625
6493.0836746490195,0.3258,2723.6485734511043
6493.133688085048,0.3494,2368.1412869087962
6493.1837015210795,0.3093,3021.9915697668166
6493.233714957113,0.3481,2385.862191087195
6493.28372839315,0.3498,2362.728409773569
6493.333741829191,0.3245,2745.5149807737444
6493.383755265236,0.2878,3490.3686522291264
6493.433768701283,0.2926,3376.791800785868
6493.483782137332,0.3086,3035.7166923312893
6493.543798260597,0.3528,2322.71691052736
6493.593811696656,0.3462,2412.1219500966185
6493.643825132716,0.3298,2657.9815402475456
6493.693838568778,0.3049,3109.8411020778326
6493.743852004845,0.3002,3207.979819160057
6493.793865440915,0.2733,3870.556890300025
6493.843878876988,0.2872,3504.9675480594015
6493.893892313064,0.3251,2735.390195750269
6493.9439057491445,0.301,3190.950152216929
6493.993919185225,0.3003,3205.8436653065805
6494.043932621313,0.3008,3195.194833544297
6494.10394874462,0.2609,4247.216595887626
6494.153962180712,0.321,2805.7122351891753
6494.203975616809,0.3679,2135.964154461207
6494.253989052907,0.3165,2886.0624455952066
6494.30400248901,0.3373,2541.093464546251
6494.354015925117,0.313,2950.9676365737846
6494.4040293612225,0.2995,3222.9928581051176
6494.454042797337,0.3245,2745.5149807737444
6494.504056233452,0.3673,2142.9482097510904
6494.55406966957,0.3416,2477.522629510481
6494.614085792916,0.3077,3053.501104291715
6494.6640992290395,0.3244,2747.207909061649
6494.714112665168,0.3252,2733.708177781939
6494.7641261013005,0.331,2638.7441593716403
6494.814139537434,0.311,2989.044121832443
6494.864152973573,0.2936,3353.828383405567
6494.914166409713,0.3078,3051.5173517466733
6494.964179845859,0.2984,3246.798587142429
6495.014193282005,0.2885,3473.4515949183747
6495.064206718156,0.3332,2604.01393791637
6495.124222841541,0.3482,2384.491994222352
6495.174236277698,0.3309,2640.3392847296554
6495.22424971386,0.3512,2343.9287665060424
6495.274263150023,0.3809,1992.6529709840925
6495.32427658619,0.3279,2688.8737689673976
6495.3742900223615,0.3,3212.2585370872675
6495.424303458535,0.4097,1722.351742513086
6495.474316894711,0.3129,2952.854136895805
6495.524330330889,0.3173,2871.527733477434
6495.574343767073,0.3378,2533.5765748676527
6495.624357203259,0.3139,2934.0701849050934
6495.684373326688,0.2884,3475.8607778173523
6495.73438676288,0.343,2457.3392885530625
6495.784400199076,0.2958,3304.1261566809135
6495.834413635277,0.2931,3365.2807122124536
6495.884427071479,0.347,2401.012626888559
6495.934440507684,0.3505,2353.300429020165
6495.984453943891,0.2962,3295.2081715181916
6496.034467380105,0.31,3008.359318526563
6496.084480816319,0.3494,2368.1412869087962
6496.134494252539,0.3441,2441.65347123844
6496.194510376005,0.3387,2520.1299691235704
6496.244523812231,0.3312,2635.558242131648
6496.294537248458,0.3092,3023.946595945445
6496.34455068469,0.2905,3425.7891795468017
6496.394564120927,0.3035,3138.597641076858
6496.444577557163,0.3429,2458.7727621239756
6496.494590993404,0.2943,3337.893079958604
6496.544604429649,0.3434,2451.617911828265
6496.594617865898,0.3325,2614.989715420094
6496.644631302149,0.3732,2075.727309386227
6496.6946447384025,0.2948,3326.5801520935966
6496.754660861911,0.3103,3002.545147628981
6496.804674298171,0.3662,2155.841584654657
6496.854687734438,0.3595,2236.946983072772
6496.904701170704,0.3159,2897.036022394124
6496.9547146069735,0.3099,3010.301128777435
6497.004728043246,0.3071,3065.4443438132353
6497.054741479524,0.3161,2893.3712196484553
6497.104754915806,0.3583,2251.955768915221
6497.1547683520885,0.3417,2476.07273027012
6497.204781788374,0.3173,2871.527733477434
6497.264797911921,0.2753,3814.5237116833932
6497.314811348216,0.3254,2730.3487928097175
6497.36482478451,0.3474,2395.4867237269227
6497.41483822081,0.3227,2776.22892215757
6497.464851657113,0.3273,2698.741157177062
6497.514865093421,0.318,2858.8997412394115
6497.56487852973,0.313,2950.9676365737846
6497.614891966042,0.3327,2611.846708663293
6497.6649054023555,0.326,2720.3077087286133
6497.714918838676,0.2969,3279.6883413774804
6497.774934962262,0.3352,2573.032581379949
6497.824948398587,0.3565,2274.7537618893484
6497.874961834916,0.314,2932.2016539273163
6497.9249752712485,0.3297,2659.5941435638515
6497.974988707584,0.2787,3722.021202261002
6498.0250021439215,0.3506,2351.9581825237005
6498.0750155802625,0.354,2306.99641179436
6498.125029016607,0.3695,2117.506053472381
6498.1750424529555,0.3683,2131.3270684840286
6498.2250558893065,0.2506,4603.522788817824
6498.275069325661,0.3182,2855.3070419278993
6498.335085449289,0.335,2576.105767010457
6498.38509888565,0.3095,3018.087200912338
6498.435112322015,0.3408,2489.1678090088426
6498.485125758381,0.3199,2825.0406502301144
6498.535139194752,0.2889,3463.8398677219484
6498.585152631127,0.3269,2705.3496221576283
6498.6351660675045,0.3026,3157.2951243226476
6498.685179503885,0.3323,2618.1383988721086
6498.735192940266,0.3224,2781.3979891045115
6498.785206376654,0.3154,2906.2285497928683
6498.845222500322,0.3298,2657.9815402475456
6498.895235936716,0.3265,2711.9823903245538
6498.94524937311,0.3446,2434.573160651676
6498.995262809511,0.3477,2391.3548058461597
6499.0452762459145,0.3395,2508.267096248029
6499.09528968232,0.3409,2487.707676757897
6499.145303118731,0.3426,2463.080716764135
6499.195316555142,0.3444,2437.4015845660965
6499.245329991559,0.3166,2884.2395791753224
6499.295343427977,0.3166,2884.2395791753224
6499.345356864399,0.3007,3197.3203510015496
6499.405372988109,0.3081,3045.577679281461
6499.455386424538,0.3297,2659.5941435638515
6499.505399860971,0.3253,2732.027710770497
6499.555413297406,0.3698,2114.0718056313235
6499.605426733844,0.3223,2783.124219851455
6499.655440170284,0.3153,2908.072305071493
6499.705453606731,0.3222,2784.852058134017
6499.755467043178,0.3365,2553.190256279398
6499.805480479629,0.3489,2374.9335808389724
6499.855493916084,0.3904,1896.8546514279428
6499.915510039832,0.2609,4247.216595887626
6499.965523476294,0.3617,2209.817852520565
6500.015536912758,0.3014,3182.4861252483956
6500.065550349226,0.2839,3586.922986437832
6500.115563785695,0.3331,2605.5776707256055
6500.165577222169,0.318,2858.8997412394115
6500.215590658648,0.3119,2971.8190506149413
6500.265604095129,0.3336,2597.773062659615
6500.315617531611,0.3163,2889.713366569046
6500.365630968097,0.3456,2420.504619590853
6500.415644404587,0.3091,3025.9035198944503
6500.475660528378,0.3366,2551.673439041402
6500.525673964874,0.3647,2173.6118268084447
6500.575687401375,0.3999,1807.802224463103
6500.625700837877,0.3955,1848.2500426163272
6500.675714274384,0.3923,1878.525377234028
6500.725727710893,0.3433,2453.0463812921985
6500.775741147406,0.3371,2544.109590006925
6500.825754583921,0.3329,2608.709364964042
6500.87576802044,0.3645,2175.9977825694973
6500.925781456962,0.3748,2058.042859323643
6500.985797580793,0.331,2638.7441593716403
6501.035811017322,0.3197,2828.576359284631
6501.085824453853,0.3434,2451.617911828265
6501.135837890388,0.3197,2828.576359284631
6501.185851326927,0.3247,2742.133815419741
6501.235864763468,0.3589,2244.4325575807375
6501.285878200012,0.3284,2680.692226204096
6501.335891636561,0.3248,2740.445574502867
6501.385905073112,0.3199,2825.0406502301144
6501.435918509667,0.3118,2973.7255843384537
6501.485931946224,0.3181,2857.1025445179766
6501.545948070098,0.3416,2477.522629510481
6501.59596150666,0.3675,2140.6163901411537
6501.64597494323,0.3482,2384.491994222352
6501.6959883798,0.3267,2708.6629609026913
6501.746001816374,0.3562,2278.5870667111258
6501.7960152529495,0.3323,2618.1383988721086
6501.846028689531,0.2893,3454.2679817187495
6501.8960421261145,0.349,2373.5727862662065
6501.9460555627,0.3119,2971.8190506149413
6501.9960689992895,0.347,2401.012626888559
6502.056085123203,0.3339,2593.107117869632
6502.1060985598,0.3222,2784.852058134017
6502.156111996398,0.3163,2889.713366569046
6502.206125433,0.3549,2295.310538207344
6502.256138869607,0.3672,2144.115548622573
6502.306152306217,0.3649,2171.229793155314
6502.356165742829,0.3173,2871.527733477434
6502.406179179443,0.4095,1724.034544108396
6502.456192616062,0.3562,2278.5870667111258
6502.506206052686,0.3275,2695.4460012946774
6502.566222176635,0.3438,2445.9164933273387
6502.616235613263,0.3776,2027.634281024108
6502.666249049897,0.3499,2361.378090236533
6502.716262486531,0.2774,3756.9883821196468
6502.766275923172,0.3581,2254.471913387785
6502.816289359811,0.3409,2487.707676757897
6502.866302796457,0.3097,3014.190393753874
6502.916316233103,0.3226,2777.9503422464654
6502.966329669755,0.309,3027.862344070884
6503.016343106409,0.3178,2862.499225607635
6503.066356543067,0.3071,3065.4443438132353
6503.126372667059,0.3397,2505.3144658803876
6503.176386103723,0.3341,2590.0034684065104
6503.226399540392,0.3545,2300.4932722275803
6503.27641297706,0.3651,2168.851673018435
6503.326426413734,0.3375,2538.08269948162
6503.376439850411,0.3083,3041.6275269034054
6503.426453287092,0.3336,2597.773062659615
6503.476466723776,0.3348,2579.184461770484
6503.526480160462,0.2996,3220.841693738345
6503.576493597151,0.2904,3428.148936584312
6503.636509721184,0.3195,2832.118710225539
6503.68652315788,0.3212,2802.2192962151435
6503.736536594579,0.308,3047.5556417488797
6503.786550031282,0.3111,2987.122839853839
6503.836563467988,0.3508,2349.2771323227576
6503.886576904697,0.3243,2748.9024036622886
6503.936590341409,0.345,2428.9310626450447
6503.986603778124,0.3244,2747.207909061649
6504.036617214842,0.3003,3205.8436653065805
6504.0866306515645,0.3195,2832.118710225539
6504.13664408829,0.3496,2365.432525889354
6504.196660212363,0.3347,2580.7258791899517
6504.246673649096,0.325,2737.0737665846455
6504.296687085831,0.2686,4007.196564106807
6504.346700522569,0.2989,3235.9452177209314
6504.396713959311,0.2817,3643.167335145556
6504.446727396054,0.3001,3210.118108804225
6504.496740832802,0.3374,2539.5874127587376
6504.546754269553,0.3467,2405.169611882029
6504.596767706307,0.3279,2688.8737689673976
6504.646781143065,0.3438,2445.9164933273387
6504.7067972671775,0.3635,2187.986695357667
6504.7568107039415,0.3492,2370.8547034761564
6504.806824140709,0.3253,2732.027710770497
6504.85683757748,0.3214,2798.7328759241436
6504.906851014252,0.3382,2527.587051931618
6504.956864451028,0.3626,2198.861634225426
6505.006877887809,0.3385,2523.108837092854
6505.0568913245925,0.3327,2611.846708663293
6505.106904761379,0.3382,2527.587051931618
6505.156918198167,0.318,2858.8997412394115
6505.2169343223195,0.2857,3541.8680333470065
6505.266947759116,0.2985,3244.6235493793365
6505.3169611959165,0.3173,2871.527733477434
6505.366974632717,0.3039,3130.3409203643932
6505.4169880695235,0.3139,2934.0701849050934
6505.467001506332,0.3213,2800.4752722486055
6505.517014943145,0.3333,2602.451612392034
6505.567028379961,0.3403,2496.4877888518704
6505.617041816777,0.3466,2406.5576728380383
6505.6670552536,0.331,2638.7441593716403
6505.717068690425,0.3488,2376.2955459843265
6505.777084814617,0.3501,2358.6809215847215
6505.8270982514505,0.3307,2643.5338776598664
6505.8771116882845,0.3046,3115.96985254591
6505.927125125123,0.3293,2666.059254669605
6505.977138561965,0.3314,2632.3780912396064
6506.027151998807,0.329,2670.9235707893313
6506.077165435656,0.3624,2201.2892968228803
6506.127178872506,0.3516,2338.5986440604647
6506.177192309359,0.3335,2599.331176448008
6506.227205746217,0.3403,2496.4877888518704
6506.287221870449,0.3275,2695.4460012946774
6506.337235307312,0.3227,2776.22892215757
6506.3872487441795,0.3156,2902.5462956878578
6506.437262181051,0.3579,2256.992277207209
6506.487275617923,0.3618,2208.596455973193
6506.5372890548,0.3232,2767.645775835314
6506.58730249168,0.3008,3195.194833544297
6506.637315928562,0.3105,2998.6783927425554
6506.687329365448,0.3018,3174.0557300440323
6506.7373428023375,0.3077,3053.501104291715
6506.78735623923,0.3043,3122.1167383271527
6506.847372363505,0.3225,2779.673363899661
6506.897385800404,0.3409,2487.707676757897
6506.947399237306,0.3484,2381.7551391800093
6506.997412674212,0.3463,2410.729072986512
6507.047426111119,0.3132,2947.200055447972
6507.097439548032,0.3104,3000.6108358891443
6507.1474529849465,0.3345,2583.8128623611065
6507.197466421864,0.3221,2786.581505948822
6507.247479858786,0.2695,3980.477145748865
6507.2974932957095,0.2924,3381.4127790320354
6507.357509420025,0.256,4411.360734177876
6507.407522856955,0.2861,3531.971130988942
6507.4575362938895,0.2877,3492.795460094774
6507.507549730828,0.332,2622.872097787167
6507.557563167769,0.3634,2189.191033121392
6507.607576604713,0.3223,2783.124219851455
6507.657590041659,0.3012,3186.713923594403
6507.70760347861,0.2937,3351.5449336224483
6507.757616915564,0.3038,3132.4020433470814
6507.8076303525195,0.3369,2547.1310885961348
6507.857643789481,0.3277,2692.156876795004
6507.917659913835,0.3187,2846.354866562557
6507.967673350803,0.2992,3229.459297705147
6508.017686787773,0.3149,2915.4648996473475
6508.067700224746,0.2817,3643.167335145556
6508.117713661722,0.3061,3085.5060331712075
6508.1677270987,0.3411,2484.791263895161
6508.2177405356815,0.2865,3522.115652536298
6508.267753972669,0.3192,2837.444726601883
6508.317767409658,0.313,2950.9676365737846
6508.367780846648,0.3594,2238.1919758179024
6508.427796971044,0.3371,2544.109590006925
6508.4778104080415,0.362,2206.1566987922565
6508.527823845044,0.3582,2253.2133143220676
6508.577837282049,0.3315,2630.7901738263845
6508.627850719057,0.3576,2260.7807548672413
6508.677864156069,0.3596,2235.703028828337
6508.727877593084,0.3714,2095.896146807121
6508.7778910301,0.302,3169.8530886995436
6508.827904467122,0.3338,2594.661035047221
6508.877917904147,0.299,3233.781075064842
6508.927931341174,0.2873,3502.5280455402512
6508.987947465609,0.3242,2750.5984665084793
6509.037960902644,0.3069,3069.440998346113
6509.087974339681,0.3188,2844.5694841760833
6509.137987776723,0.3039,3130.3409203643932
6509.188001213766,0.3189,2842.7857810904993
6509.238014650813,0.2847,3566.793048452706
6509.288028087863,0.308,3047.5556417488797
6509.338041524916,0.3012,3186.713923594403
6509.388054961971,0.2887,3468.6407373684638
6509.438068399032,0.2789,3716.684990958872
6509.498084523508,0.3617,2209.817852520565
6509.5480979605745,0.3533,2316.147233882381
6509.598111397642,0.3422,2468.842290269278
6509.6481248347145,0.2811,3658.736353143221
6509.69813827179,0.3394,2509.7453692113104
6509.74815170887,0.3465,2407.9469357483654
6509.798165145951,0.316,2895.202751213293
6509.848178583036,0.2943,3337.893079958604
6509.898192020126,0.2655,4101.319230554237
6509.948205457216,0.3029,3151.04410845394
6510.008221581732,0.3205,2814.4732087007897
6510.05823501883,0.2837,3591.9820977114605
6510.10824845593,0.2997,3218.692682322808
6510.158261893036,0.3444,2437.4015845660965
6510.208275330143,0.3404,2495.021212025843
6510.258288767253,0.3201,2821.511566467701
6510.308302204369,0.315,2913.614110520386
6510.358315641486,0.3313,2633.967446762326
6510.408329078607,0.3328,2610.2773297822273
6510.45834251573,0.3473,2396.8664097028172
6510.508355952857,0.3151,2911.765083205126
6510.568372077412,0.3084,3039.655332002462
6510.618385514546,0.3255,2728.671421996306
6510.668398951682,0.3303,2649.9404814773256
6510.718412388823,0.298,3255.5206454960176
6510.768425825966,0.2577,4353.351044329897
6510.818439263114,0.3064,3079.466897183353
6510.8684527002615,0.3823,1978.0853598994886
6510.918466137415,0.3685,2129.0141860864987
6510.96847957457,0.3496,2365.432525889354
6511.01849301173,0.3526,2325.352609970714
6511.078509136324,0.3462,2412.1219500966185
6511.12852257349,0.3784,2019.069860062979
6511.17853601066,0.3518,2335.9403981843757
6511.228549447832,0.279,3714.0211876601247
6511.278562885006,0.3422,2468.842290269278
6511.328576322184,0.3414,2480.4262511429374
6511.378589759366,0.3586,2248.1894428981886
6511.428603196551,0.309,3027.862344070884
6511.478616633738,0.3014,3182.4861252483956
6511.5286300709295,0.318,2858.8997412394115
6511.578643508123,0.3146,2921.027860306146
6511.638659632761,0.3393,2511.2249494128196
6511.6886730699625,0.3654,2165.2918119196597
6511.738686507166,0.3286,2677.4300615280627
6511.788699944373,0.3094,3020.038438905487
6511.838713381584,0.3322,2619.7148736318186
6511.888726818798,0.3404,2495.021212025843
6511.938740256015,0.3361,2559.2710702149475
6511.988753693233,0.2989,3235.9452177209314
6512.038767130457,0.2646,4129.266704775489
6512.088780567684,0.295,3322.07107924079
6512.14879669236,0.3306,2645.133348735248
6512.198810129591,0.3019,3171.953365327252
6512.248823566829,0.3012,3186.713923594403
6512.2988370040675,0.3392,2512.705838394334
6512.34885044131,0.3559,2282.4300692527218
6512.398863878557,0.319,2841.0037552004374
6512.448877315805,0.3178,2862.499225607635
6512.498890753057,0.3442,2440.2349403294725
6512.548904190313,0.357,2268.386382521974
6512.598917627571,0.3444,2437.4015845660965
6512.648931064832,0.361,2218.396068262282
6512.708947189549,0.3131,2949.0829435270957
6512.758960626818,0.265,4116.810449021485
6512.808974064089,0.2954,3313.080393670894
6512.858987501364,0.3163,2889.713366569046
6512.909000938643,0.3557,2284.9974747311726
6512.959014375923,0.252,4552.514821494175
6513.0090278132075,0.3392,2512.705838394334
6513.059041250495,0.2924,3381.4127790320354
6513.109054687786,0.341,2486.2488288886484
6513.159068125077,0.2489,4666.6218891793305
6513.219084249836,0.3082,3043.601641832029
6513.269097687135,0.2834,3599.5908569210164
6513.31911112444,0.3398,2503.8401054038045
6513.369124561746,0.2748,3828.417380089689
6513.419137999055,0.2997,3218.692682322808
6513.4691514363685,0.2903,3430.5111326386846
6513.519164873685,0.3145,2922.885719105435
6513.569178311005,0.271,3936.5349340330026
6513.619191748326,0.3119,2971.8190506149413
6513.6692051856535,0.3476,2392.730923167858
6513.7292213104465,0.3069,3069.440998346113
6513.779234747779,0.3192,2837.444726601883
6513.829248185116,0.3462,2412.1219500966185
6513.879261622453,0.3261,2718.639580993438
6513.929275059796,0.2801,3684.9073946964813
6513.979288497142,0.2953,3315.3246402940645
6514.029301934489,0.341,2486.2488288886484
6514.079315371841,0.3639,2183.1792687711886
6514.129328809195,0.3095,3018.087200912338
6514.179342246553,0.3585,2249.4438343766146
6514.229355683914,0.3186,2848.1419303585953
6514.289371808751,0.3987,1818.7007540143074
6514.339385246119,0.3425,2464.519217842696
6514.38939868349,0.3178,2862.499225607635
6514.439412120864,0.3863,1937.3328027186367
6514.489425558239,0.3342,2588.4537327824237
6514.539438995622,0.392,1881.401764078275
6514.589452433003,0.3506,2351.9581825237005
6514.639465870391,0.2736,3862.073511477103
6514.689479307782,0.2269,5615.430763462248
6514.739492745173,0.2839,3586.922986437832
6514.799508870049,0.3175,2867.9112115538596
6514.849522307448,0.3014,3182.4861252483956
6514.899535744853,0.3061,3085.5060331712075
6514.949549182259,0.315,2913.614110520386
6514.999562619666,0.3004,3203.709644400348
6515.049576057081,0.2977,3262.0852743878645
6515.099589494497,0.2699,3968.6875560470253
6515.149602931914,0.3005,3201.577753602643
6515.199616369337,0.2738,3856.4334108621983
6515.249629806761,0.3219,2790.045238177157
6515.29964324419,0.3276,2693.8006860424694
6515.359659369105,0.2496,4640.48373490642
6515.4096728065415,0.2539,4484.634710632259
6515.459686243979,0.3294,2664.440768646953
6515.509699681422,0.3097,3014.190393753874
6515.559713118865,0.2781,3738.09897104217
6515.609726556313,0.333,2607.1428125104226
6515.659739993763,0.3766,2038.4166544127675
6515.709753431217,0.2747,3831.2052215708813
6515.759766868674,0.2661,4082.844912435025
6515.809780306135,0.3002,3207.979819160057
6515.869796431091,0.3094,3020.038438905487
6515.919809868558,0.2702,3959.8797032934594
6515.969823306028,0.3067,3073.445474094121
6516.019836743501,0.314,2932.2016539273163
6516.069850180978,0.3132,2947.200055447972
6516.119863618457,0.3651,2168.851673018435
6516.169877055939,0.3548,2296.6045785300626
6516.219890493427,0.3681,2133.64372187485
6516.269903930915,0.3646,2174.8043138875814
6516.319917368407,0.3597,2234.4601119299095
6516.379933493401,0.3471,2399.629359908445
6516.429946930902,0.3062,3083.4910154563913
6516.479960368403,0.3529,2321.4007409378696
6516.529973805909,0.2934,3358.4022893844863
6516.579987243417,0.3136,2939.686506780539
6516.630000680928,0.2957,3306.3613096566924
6516.680014118442,0.3337,2596.2163494187025
6516.730027555962,0.3082,3043.601641832029
6516.780040993482,0.3007,3197.3203510015496
6516.830054431006,0.2847,3566.793048452706
6516.880067868534,0.2632,4173.311736956146
6516.940083993571,0.287,3509.854205300112
6516.990097431104,0.2987,3240.280025514659
6517.040110868641,0.3075,3057.4744170413337
6517.090124306183,0.3312,2635.558242131648
6517.140137743725,0.3084,3039.655332002462
6517.190151181273,0.3294,2664.440768646953
6517.240164618823,0.347,2401.012626888559
6517.290178056374,0.2979,3257.706651622427
6517.340191493932,0.2864,3524.575651310661
6517.39020493149,0.3272,2700.3910014961425
6517.450221056566,0.3375,2538.08269948162
6517.500234494132,0.2839,3586.922986437832
6517.550247931702,0.3386,2521.618743290045
6517.600261369275,0.2948,3326.5801520935966
6517.65027480685,0.2496,4640.48373490642
6517.7002882444285,0.2473,4727.201902134651
6517.75030168201,0.3016,3178.26673482492
6517.800315119597,0.2899,3439.9843743600177
6517.850328557185,0.2834,3599.5908569210164
6517.900341994778,0.326,2720.3077087286133
6517.95035543237,0.3319,2624.4528506179636
6518.010371557488,0.3056,3095.6108108476565
6518.0603849950885,0.3201,2821.511566467701
6518.110398432695,0.32,2823.275281222512
6518.160411870301,0.3259,2721.9773722525542
6518.210425307912,0.301,3190.950152216929
6518.260438745525,0.2558,4418.261544202099
6518.310452183144,0.2736,3862.073511477103
6518.3604656207635,0.3321,2621.292772698076
6518.410479058386,0.3383,2526.0929898501004
6518.460492496013,0.3023,3163.5647597307097
6518.520508621168,0.2851,3556.791565686933
6518.5705220588015,0.3307,2643.5338776598664
6518.620535496439,0.3347,2580.7258791899517
6518.670548934079,0.3335,2599.331176448008
6518.720562371721,0.3456,2420.504619590853
6518.770575809368,0.3321,2621.292772698076
6518.820589247016,0.3052,3103.730415652919
6518.8706026846685,0.3342,2588.4537327824237
6518.920616122324,0.3387,2520.1299691235704
6518.970629559982,0.2635,4163.814385416627
6519.020642997644,0.2561,4407.9163903603385
6519.080659122841,0.3134,2943.439684979759
6519.130672560509,0.3061,3085.5060331712075
6519.1806859981825,0.3179,2860.6986342241853
6519.230699435856,0.3303,2649.9404814773256
6519.280712873534,0.3155,2904.3865474054237
6519.330726311216,0.2767,3776.021334124224
6519.380739748899,0.3091,3025.9035198944503
6519.430753186586,0.3126,2958.5245046469045
6519.480766624278,0.2931,3365.2807122124536
6519.53078006197,0.3154,2906.2285497928683
6519.590796187208,0.3409,2487.707676757897
6519.640809624909,0.3255,2728.671421996306
6519.690823062611,0.3217,2793.51543257156
6519.740836500318,0.3944,1858.5741047270574
6519.790849938027,0.2817,3643.167335145556
6519.84086337574,0.2644,4135.516043391844
6519.890876813458,0.2824,3625.1287554952187
6519.940890251176,0.3052,3103.730415652919
6519.990903688899,0.2859,3536.91438968837
6520.040917126623,0.2846,3569.3000106059667
6520.090930564353,0.274,3850.8056562794777
6520.150946689632,0.2967,3284.111371601679
6520.200960127367,0.3232,2767.645775835314
6520.250973565106,0.3097,3014.190393753874
6520.300987002847,0.2966,3286.3262427558984
6520.351000440593,0.3108,2992.8922508212763
6520.401013878341,0.2951,3319.819979983887
6520.45102731609,0.3025,3159.3829303064695
6520.501040753845,0.3135,2941.562197993522
6520.551054191605,0.3854,1946.3916031652084
6520.6010676293645,0.2743,3842.3870944857767
6520.6610837546805,0.3643,2178.387669053729
6520.711097192449,0.2842,3579.354336451225
6520.761110630218,0.3091,3025.9035198944503
6520.811124067993,0.3155,2904.3865474054237
6520.861137505771,0.3029,3151.04410845394
6520.91115094355,0.3109,2990.9672580260044
6520.961164381333,0.3437,2447.3399819489714
6521.011177819119,0.2976,3264.2778969515994
6521.061191256909,0.2906,3423.4318581695265
6521.111204694702,0.294,3344.7085589824983
6521.171220820056,0.3011,3188.8309827210774
6521.221234257856,0.3188,2844.5694841760833
6521.271247695659,0.2954,3313.080393670894
6521.321261133466,0.2939,3346.98502458049
6521.371274571274,0.2888,3466.2390557863337
6521.421288009085,0.2724,3896.175414921781
6521.471301446901,0.2845,3571.80961675983
6521.521314884719,0.2901,3435.242855253453
6521.5713283225405,0.3104,3000.6108358891443
6521.621341760363,0.3449,2430.339746982105
6521.671355198191,0.2682,4019.15829361013
6521.73137132359,0.2836,3594.5156680293653
6521.781384761425,0.3157,2900.7077924223854
6521.831398199262,0.3224,2781.3979891045115
6521.881411637103,0.3924,1877.5680473524706
6521.931425074948,0.3651,2168.851673018435
6521.981438512795,0.3422,2468.842290269278
6522.031451950644,0.2905,3425.7891795468017
6522.081465388498,0.323,2771.0742514492713
6522.131478826354,0.3377,2535.0772821182322
6522.181492264213,0.3222,2784.852058134017
6522.241508389648,0.3361,2559.2710702149475
6522.291521827516,0.3027,3155.209387173519
6522.341535265385,0.2617,4221.289450711936
6522.391548703259,0.2703,3956.9502674357805
6522.441562141135,0.329,2670.9235707893313
6522.4915755790125,0.3071,3065.4443438132353
6522.541589016895,0.2737,3859.2519156600347
6522.5916024547805,0.2797,3695.454492590572
6522.641615892669,0.3139,2934.0701849050934
6522.691629330561,0.3142,2928.469942788107
6522.741642768455,0.31,3008.359318526563
6522.801658893933,0.3212,2802.2192962151435
6522.851672331834,0.2769,3770.568616131657
6522.901685769739,0.3275,2695.4460012946774
6522.951699207647,0.2825,3622.562755982256
6523.001712645557,0.2727,3887.607718480642
6523.051726083472,0.3104,3000.6108358891443
6523.1017395213885,0.2647,4126.14734616499
6523.15175295931,0.3059,3089.541998656521
6523.201766397233,0.2777,3748.8754281566025
6523.251779835159,0.292,3390.6832371667692
6523.311795960677,0.3327,2611.846708663293
6523.36180939861,0.3451,2427.523602714951
6523.411822836545,0.3428,2460.207490372655
6523.461836274485,0.3046,3115.96985254591
6523.511849712428,0.2793,3706.0469378994903
6523.561863150374,0.2888,3466.2390557863337
6523.611876588324,0.3284,2680.692226204096
6523.661890026276,0.3281,2685.59666314604
6523.71190346423,0.322,2788.3125652955923
6523.761916902189,0.3146,2921.027860306146
6523.821933027743,0.2599,4279.962814111589
6523.871946465709,0.2663,4076.7145385449776
6523.921959903678,0.3294,2664.440768646953
6523.9719733416505,0.3337,2596.2163494187025
6524.021986779624,0.2391,5057.001841263636
6524.072000217602,0.293,3367.578216309873
6524.122013655582,0.2706,3948.1814376588104
6524.1720270935675,0.2839,3586.922986437832
6524.222040531555,0.2846,3569.3000106059667
6524.272053969546,0.2957,3306.3613096566924
6524.32206740754,0.3366,2551.673439041402
6524.382083533134,0.3198,2826.807675559933
6524.432096971134,0.337,2545.6196668632056
6524.482110409139,0.3169,2878.781329998422
6524.532123847146,0.2673,4046.2687950691247
6524.582137285155,0.2257,5675.301393046363
6524.632150723169,0.3383,2526.0929898501004
6524.682164161183,0.3571,2267.116115134762
6524.732177599204,0.3033,3142.738257103709
6524.782191037225,0.2402,5010.790836030689
6524.83220447525,0.2543,4470.537691173062
6524.882217913279,0.2514,4574.271047102523
6524.942234038919,0.249,4662.874366221371
6524.992247476954,0.289,3461.4431697246805
6525.042260914991,0.3151,2911.765083205126
6525.092274353033,0.3428,2460.207490372655
6525.142287791078,0.3728,2080.1840375473876
6525.192301229127,0.2856,3544.3487586288593
6525.242314667176,0.3513,2342.5945288240523
6525.292328105231,0.246,4777.296008688198
6525.342341543289,0.2837,3591.9820977114605
6525.392354981349,0.3115,2979.4562064879715
6525.452371107026,0.3383,2526.0929898501004
6525.502384545094,0.2805,3674.4053857364806
6525.552397983163,0.2585,4326.447536838186
6525.602411421239,0.3215,2796.99210521702
6525.652424859314,0.2952,3317.5711680342265
6525.702438297393,0.3283,2682.325544709768
6525.752451735476,0.329,2670.9235707893313
6525.802465173563,0.379,2012.6821038640855
6525.852478611651,0.3235,2762.5149802917163
6525.902492049744,0.2661,4082.844912435025
6525.9625081754575,0.2859,3536.91438968837
6526.012521613558,0.3659,2159.3781566214075
6526.06253505166,0.2787,3722.021202261002
6526.112548489767,0.3382,2527.587051931618
6526.162561927874,0.2816,3645.7552621785203
6526.212575365986,0.3001,3210.118108804225
6526.262588804101,0.2319,5375.893468516394
6526.31260224222,0.2748,3828.417380089689
6526.36261568034,0.3067,3073.445474094121
6526.412629118465,0.3381,2529.082439903642
6526.472645244217,0.2771,3765.1277005143593
6526.522658682348,0.2408,4985.851330717959
6526.572672120483,0.2516,4567.00167538846
6526.622685558619,0.3292,2667.6792158382887
6526.67269899676,0.3246,2743.823616868732
6526.722712434905,0.295,3322.07107924079
6526.772725873051,0.3131,2949.0829435270957
6526.8227393112,0.3061,3085.5060331712075
6526.872752749353,0.3094,3020.038438905487
6526.922766187508,0.2904,3428.148936584312
6526.972779625669,0.287,3509.854205300112
6527.032795751463,0.2675,4040.2205841437444
6527.08280918963,0.2496,4640.48373490642
6527.132822627798,0.3318,2626.0350329119256
6527.182836065971,0.3745,2061.3414361071837
6527.232849504147,0.3071,3065.4443438132353
6527.282862942324,0.2984,3246.798587142429
6527.332876380506,0.2749,3825.6325804319763
6527.382889818691,0.3324,2616.5633467052435
6527.43290325688,0.3368,2548.643856803184
6527.482916695071,0.3122,2966.110437488179
6527.532930133265,0.2951,3319.819979983887
6527.592946259103,0.302,3169.8530886995436
6527.642959697303,0.3346,2582.2686788357832
6527.692973135507,0.3389,2517.156373470811
6527.742986573714,0.3263,2715.307925360452
6527.793000011924,0.3191,2839.223404403825
6527.843013450139,0.339,2515.67154887586
6527.893026888354,0.2875,3497.6566749653275
6527.943040326576,0.3049,3109.8411020778326
6527.993053764798,0.3314,2632.3780912396064
6528.043067203023,0.3376,2536.579323129227
6528.103083328899,0.3573,2264.5787792710676
6528.1530967671315,0.3162,2891.541425499313
6528.203110205368,0.3,3212.2585370872675
6528.253123643605,0.2532,4509.465447304153
6528.30313708185,0.2742,3845.190211721697
6528.353150520095,0.3379,2532.0771997988454
6528.403163958344,0.3456,2420.504619590853
6528.453177396594,0.3491,2372.2131609249773
6528.503190834849,0.3403,2496.4877888518704
6528.553204273108,0.3196,2830.3467034801142
6528.613220399021,0.3114,2981.3700953977063
6528.663233837286,0.3672,2144.115548622573
6528.713247275554,0.2984,3246.798587142429
6528.763260713823,0.3223,2783.124219851455
6528.813274152098,0.319,2841.0037552004374
6528.863287590376,0.3202,2819.749503899485
6528.913301028654,0.3382,2527.587051931618
6528.96331446694,0.3016,3178.26673482492
6529.013327905225,0.2959,3301.8932694378636
6529.063341343516,0.3193,2835.667719699118
6529.113354781807,0.3307,2643.5338776598664
6529.173370907763,0.2698,3971.63003812846
6529.223384346063,0.2896,3447.1150806657342
6529.273397784366,0.2854,3549.318034339064
6529.323411222672,0.3143,2926.6067580877702
6529.37342466098,0.2732,3873.3908954917733
6529.423438099292,0.2438,4863.903293089101
6529.473451537608,0.2867,3517.203375069982
6529.523464975927,0.3513,2342.5945288240523
6529.573478414248,0.2531,4513.029523534888
6529.623491852572,0.3365,2553.190256279398
6529.683507978566,0.3677,2138.28837446766
6529.733521416899,0.3392,2512.705838394334
6529.783534855231,0.2804,3677.0266749552843
6529.83354829357,0.2438,4863.903293089101
6529.88356173191,0.3304,2648.3366488844194
6529.933575170255,0.3459,2416.3078321270245
6529.983588608603,0.3271,2702.0423591977856
6530.033602046951,0.2986,3242.4506964785232
6530.083615485304,0.3206,2812.7177342814084
6530.133628923661,0.3116,2977.544159916792
6530.183642362022,0.2476,4715.7536331051715
6530.243658488056,0.3078,3051.5173517466733
6530.293671926423,0.2637,4157.500817558074
6530.343685364794,0.3299,2656.3704031519205
6530.3936988031655,0.2946,3331.098411479884
6530.443712241541,0.3003,3205.8436653065805
6530.493725679919,0.2863,3527.0382282405667
6530.543739118302,0.3024,3161.4728078619814
6530.593752556687,0.3442,2440.2349403294725
6530.643765995075,0.3685,2129.0141860864987
6530.693779433467,0.3387,2520.1299691235704
6530.75379555954,0.3234,2764.223659042831
6530.803808997938,0.3058,3091.562951599315
6530.853822436339,0.353,2320.0856897444933
6530.903835874745,0.3144,2924.745350947027
6530.953849313151,0.3215,2796.99210521702
6531.003862751563,0.2986,3242.4506964785232
6531.053876189976,0.2653,4107.505208205684
6531.1038896283935,0.2619,4214.844759530919
6531.153903066813,0.3284,2680.692226204096
6531.2039165052365,0.2783,3732.7281591723795
6531.263932631348,0.2806,3671.78689852705
6531.313946069778,0.2804,3677.0266749552843
6531.36395950821,0.2422,4928.378256854701
6531.413972946648,0.2997,3218.692682322808
6531.463986385086,0.2793,3706.0469378994903
6531.513999823529,0.2846,3569.3000106059667
6531.564013261974,0.3134,2943.439684979759
6531.614026700424,0.3248,2740.445574502867
6531.664040138874,0.3181,2857.1025445179766
6531.714053577329,0.2583,4333.149984758041
6531.764067015788,0.2955,3310.8384250774425
6531.824083141942,0.2507,4599.851000784512
6531.874096580407,0.2991,3231.6191026932324
6531.924110018874,0.2974,3268.6697792902214
6531.974123457347,0.2501,4621.94784290611
6532.0241368958195,0.297,3277.4801762823113
6532.074150334298,0.3693,2119.800203161261
6532.124163772778,0.277,3767.8466851562916
6532.174177211261,0.3292,2667.6792158382887
6532.224190649748,0.3059,3089.541998656521
6532.274204088239,0.2934,3358.4022893844863
6532.3242175267305,0.3073,3061.4554901410593
6532.384233652927,0.3179,2860.6986342241853
6532.434247091426,0.2799,3690.175291415008
6532.484260529929,0.262,4211.627947073782
6532.534273968435,0.3472,2398.247287971925
6532.584287406944,0.3537,2310.9115402995226
6532.634300845456,0.2946,3331.098411479884
6532.6843142839725,0.318,2858.8997412394115
6532.73432772249,0.3177,2864.301517528459
6532.78434116101,0.2967,3284.111371601679
6532.834354599537,0.309,3027.862344070884
6532.89437072577,0.2745,3836.7900477386006
6532.9443841643015,0.2884,3475.8607778173523
6532.994397602835,0.2855,3546.8320910746534
6533.0444110413755,0.2932,3362.9855584947536
6533.094424479915,0.3414,2480.4262511429374
6533.144437918459,0.3274,2697.0928243918597
6533.194451357007,0.2838,3589.451205104974
6533.244464795556,0.2775,3754.2811403801807
6533.294478234109,0.3087,3033.75024259497
6533.344491672667,0.2788,3719.3516611207156
6533.404507798938,0.315,2913.614110520386
6533.4545212375015,0.3191,2839.223404403825
6533.504534676067,0.2831,3607.22381777936
6533.554548114637,0.3159,2897.036022394124
6533.60456155321,0.3131,2949.0829435270957
6533.654574991785,0.2869,3512.301367135837
6533.704588430364,0.251,4588.861955887967
6533.754601868945,0.2512,4581.557788807577
6533.804615307531,0.2782,3735.412117194173
6533.85462874612,0.2972,3273.0705311008596
6533.9046421847115,0.3507,2350.61708406085
6533.964658311025,0.3105,2998.6783927425554
6534.014671749623,0.2702,3959.8797032934594
6534.064685188225,0.2815,3648.3459476954745
6534.114698626829,0.2371,5142.6755467718685
6534.164712065436,0.2097,6574.381377626333
6534.214725504045,0.2392,5052.774480357887
6534.264738942661,0.2356,5208.367710302112
6534.314752381279,0.2375,5125.3675105417515
6534.364765819897,0.36,2230.7375737878447
6534.414779258521,0.3029,3151.04410845394
6534.474795384872,0.2772,3762.4116579550787
6534.524808823502,0.3206,2812.7177342814084
6534.574822262136,0.3542,2304.391851008013
6534.624835700772,0.3294,2664.440768646953
6534.674849139411,0.2647,4126.14734616499
6534.724862578052,0.2883,3478.2724680964984
6534.7748760167,0.2886,3471.0449159249447
6534.824889455348,0.2913,3406.9985262678338
6534.874902893998,0.3183,2853.513231340545
6534.924916332654,0.3076,3055.4867918840896
6534.9749297713115,0.2528,4523.747140962834
6535.034945897705,0.2955,3310.8384250774425
6535.08495933637,0.3277,2692.156876795004
6535.1349727750385,0.3262,2716.9729871640734
6535.18498621371,0.293,3367.578216309873
6535.234999652382,0.3244,2747.207909061649
6535.28501309106,0.339,2515.67154887586
6535.33502652974,0.2921,3388.362051794945
6535.385039968423,0.2597,4286.557491604392
6535.435053407111,0.2963,3292.9843166449605
6535.485066845801,0.2913,3406.9985262678338
6535.545082972231,0.2848,3564.2887265872264
6535.595096410928,0.3071,3065.4443438132353
6535.645109849627,0.3172,2873.338560283675
6535.695123288329,0.2739,3853.61799257035
6535.745136727036,0.2754,3811.7540549488376
6535.795150165744,0.2784,3730.0470928168825
6535.8451636044565,0.3227,2776.22892215757
6535.895177043172,0.2854,3549.318034339064
6535.945190481892,0.2966,3286.3262427558984
6535.995203920612,0.3007,3197.3203510015496
6536.055220047081,0.3309,2640.3392847296554
6536.1052334858105,0.3198,2826.807675559933
6536.155246924541,0.2548,4453.009693292178
6536.205260363276,0.2629,4182.841619723624
6536.255273802012,0.3213,2800.4752722486055
6536.305287240753,0.3117,2975.6339533203095
6536.355300679497,0.2714,3924.9398874866033
6536.405314118245,0.2904,3428.148936584312
6536.455327556994,0.2993,3227.301657204479
6536.505340995747,0.282,3635.420065837182
6536.555354434503,0.3172,2873.338560283675
6536.615370561015,0.3079,3049.535531735518
6536.665383999778,0.2875,3497.6566749653275
6536.715397438545,0.2842,3579.354336451225
6536.765410877313,0.3077,3053.501104291715
6536.815424316086,0.3322,2619.7148736318186
6536.865437754862,0.3191,2839.223404403825
6536.9154511936395,0.2741,3847.9963974927923
6536.965464632421,0.3101,3006.4193865319435
6537.0154780712055,0.334,2591.554596212904
6537.065491509995,0.3174,2869.718617952696
6537.125507636543,0.3181,2857.1025445179766
6537.175521075338,0.2473,4727.201902134651
6537.225534514137,0.2922,3386.0432491543497
6537.275547952936,0.3314,2632.3780912396064
6537.325561391742,0.2802,3682.2776754252845
6537.375574830547,0.2642,4141.779579616137
6537.425588269358,0.2934,3358.4022893844863
6537.475601708172,0.263,4179.661368389439
6537.525615146988,0.3289,2672.547968166297
6537.575628585808,0.3209,2807.4611542619377
6537.625642024631,0.2557,4421.718023054336
6537.685658151222,0.2315,5394.487039512143
6537.735671590051,0.26,4276.671180812098
6537.785685028884,0.2926,3376.791800785868
6537.83569846772,0.3017,3176.1601856187644
6537.88571190656,0.3325,2614.989715420094
6537.935725345401,0.3262,2716.9729871640734
6537.985738784246,0.2883,3478.2724680964984
6538.0357522230925,0.2919,3393.0068085355033
6538.085765661945,0.3403,2496.4877888518704
6538.1357791007995,0.3704,2107.228326648041
6538.195795227428,0.3131,2949.0829435270957
6538.24580866629,0.3305,2646.7342718906903
6538.295822105154,0.3068,3071.4422572934814
6538.345835544022,0.2491,4659.131355614665
6538.395848982893,0.2607,4253.735705132757
6538.445862421766,0.2574,4363.504589853804
6538.495875860643,0.2659,4088.9891245861804
6538.545889299522,0.2746,3833.9961093072584
6538.595902738405,0.2598,4283.258249090156
6538.645916177291,0.2915,3402.3250194893026
6538.705932303958,0.3345,2583.8128623611065
6538.7559457428515,0.342,2471.7306609721336
6538.805959181747,0.2997,3218.692682322808
6538.855972620646,0.2841,3581.8745558664605
6538.905986059549,0.3551,2292.725736524714
6538.955999498455,0.3789,2013.7446229382422
6539.006012937362,0.4034,1776.5684932839804
6539.0560263762745,0.2764,3784.2226153258275
6539.106039815188,0.263,4179.661368389439
6539.156053254106,0.2688,4001.2357145606798
6539.2060666930265,0.2931,3365.2807122124536
6539.266082819736,0.3235,2762.5149802917163
6539.316096258664,0.2752,3817.2963882033887
6539.366109697595,0.289,3461.4431697246805
6539.416123136527,0.2305,5441.395197793365
6539.466136575465,0.2839,3586.922986437832
6539.516150014406,0.3243,2748.9024036622886
6539.56616345335,0.2889,3463.8398677219484
6539.616176892295,0.2421,4932.4504383756575
6539.666190331245,0.3161,2893.3712196484553
6539.716203770197,0.325,2737.0737665846455
6539.766217209152,0.3541,2305.693579744868
6539.826233335903,0.2703,3956.9502674357805
6539.876246774865,0.2317,5385.178216798389
6539.926260213831,0.2743,3842.3870944857767
6539.976273652799,0.3175,2867.9112115538596
6540.026287091771,0.2708,3942.351734705674
6540.076300530746,0.2372,5138.340327684686
6540.126313969724,0.2653,4107.505208205684
6540.176327408705,0.2865,3522.115652536298
6540.226340847689,0.2749,3825.6325804319763
6540.276354286677,0.2885,3473.4515949183747
6540.336370413466,0.2841,3581.8745558664605
6540.386383852459,0.2411,4973.45134215617
6540.436397291456,0.2466,4754.077201449176
6540.4864107304575,0.2733,3870.556890300025
6540.536424169461,0.2878,3490.3686522291264
6540.586437608467,0.2967,3284.111371601679
6540.636451047476,0.2743,3842.3870944857767
6540.686464486489,0.2723,3899.037608473728
6540.736477925505,0.2949,3324.324468907939
6540.786491364524,0.2885,3473.4515949183747
6540.84650749135,0.2285,5537.065827493898
6540.896520930376,0.293,3367.578216309873
6540.9465343694055,0.3258,2723.6485734511043
6540.996547808436,0.2466,4754.077201449176
6541.046561247471,0.2655,4101.319230554237
6541.0965746865095,0.3149,2915.4648996473475
6541.14658812555,0.2802,3682.2776754252845
6541.196601564596,0.2338,5288.873358264235
6541.246615003643,0.274,3850.8056562794777
6541.296628442693,0.2521,4548.903878335181
6541.346641881747,0.2546,4460.008501165357
6541.406658008616,0.2431,4891.954466907117
6541.456671447676,0.2554,4432.111831104879
6541.50668488674,0.3048,3111.8820082723278
6541.556698325807,0.343,2457.3392885530625
6541.606711764876,0.2658,4092.0664330289687
6541.6567252039495,0.2283,5546.7714199587035
6541.706738643024,0.2612,4237.465995671336
6541.756752082102,0.2919,3393.0068085355033
6541.806765521186,0.2935,3356.1141675985486
6541.856778960271,0.2851,3556.791565686933
6541.916795087176,0.2928,3372.1802884907106
6541.966808526269,0.3154,2906.2285497928683
6542.016821965365,0.2984,3246.798587142429
6542.066835404463,0.337,2545.6196668632056
6542.116848843565,0.2948,3326.5801520935966
6542.166862282669,0.2708,3942.351734705674
6542.216875721777,0.2649,4119.919223617279
6542.266889160888,0.2653,4107.505208205684
6542.3169026000005,0.2758,3800.705538311555
6542.366916039117,0.3165,2886.0624455952066
6542.416929478238,0.3281,2685.59666314604
6542.476945605185,0.3232,2767.645775835314
6542.526959044312,0.2807,3669.1712093348297
6542.576972483443,0.2883,3478.2724680964984
6542.626985922576,0.2988,3238.111533567312
6542.676999361711,0.2897,3444.7357170204086
6542.72701280085,0.2792,3708.7021652273843
6542.777026239993,0.281,3661.3408900463132
6542.827039679139,0.235,5234.9974693009135
6542.877053118286,0.2645,4132.389602066269
6542.927066557439,0.263,4179.661368389439
6542.9870826844235,0.2957,3306.3613096566924
6543.037096123583,0.2813,3653.5356098753946
6543.087109562743,0.2385,5082.477773808314
6543.137123001909,0.2493,4651.658842503703
6543.187136441077,0.2491,4659.131355614665
6543.237149880247,0.2763,3786.962313999427
6543.287163319422,0.2759,3797.950914908496
6543.337176758598,0.2985,3244.6235493793365
6543.387190197778,0.3118,2973.7255843384537
6543.4372036369605,0.3167,2882.418439221678
6543.497219763984,0.3124,2962.313828666362
6543.547233203175,0.2794,3703.394561046866
6543.597246642367,0.2009,7162.946373404616
6543.647260081565,0.3751,2054.7521938274062
6543.697273520764,0.2736,3862.073511477103
6543.747286959966,0.2559,4414.809116686263
6543.79730039917,0.2748,3828.417380089689
6543.847313838381,0.2844,3574.321870633641
6543.897327277593,0.2728,3884.7580990268857
6543.947340716807,0.2562,4404.476078929378
6543.997354156023,0.2387,5073.964447847695
6544.057370283091,0.2237,5777.235160431242
6544.107383722314,0.2737,3859.2519156600347
6544.157397161543,0.2913,3406.9985262678338
6544.207410600772,0.3158,2898.87103539473
6544.257424040007,0.318,2858.8997412394115
6544.307437479244,0.2841,3581.8745558664605
6544.357450918485,0.2514,4574.271047102523
6544.407464357728,0.2847,3566.793048452706
6544.457477796975,0.267,4055.366608121371
6544.507491236223,0.2691,3992.3193477401
6544.5675073633265,0.2665,4070.597961391036
6544.617520802584,0.2445,4836.092703560463
6544.667534241842,0.2789,3716.684990958872
6544.717547681104,0.3305,2646.7342718906903
6544.76756112037,0.3343,2586.9053876751095
6544.81757455964,0.3642,2179.584089015776
6544.867587998912,0.3009,3193.071434887825
6544.917601438185,0.232,5371.2600963535315
6544.967614877463,0.2985,3244.6235493793365
6545.017628316745,0.2727,3887.607718480642
6545.06764175603,0.2703,3956.9502674357805
6545.127657883172,0.3193,2835.667719699118
6545.177671322465,0.3417,2476.07273027012
6545.2276847617595,0.2771,3765.1277005143593
6545.277698201056,0.2621,4208.41481586787
6545.327711640356,0.2325,5348.182842609661
6545.37772507966,0.2308,5427.258711094186
6545.427738518966,0.2647,4126.14734616499
6545.477751958276,0.2969,3279.6883413774804
6545.527765397587,0.2987,3240.280025514659
6545.577778836904,0.2676,4037.2015627740543
6545.637794964087,0.2404,5002.456916472764
6545.687808403409,0.2893,3454.2679817187495
6545.737821842735,0.2411,4973.45134215617
6545.787835282063,0.2645,4132.389602066269
6545.837848721395,0.2633,4170.142345849628
6545.88786216073,0.2208,5929.988140283189
6545.937875600068,0.2274,5590.763953404509
6545.98788903941,0.2727,3887.607718480642
6546.0379024787535,0.2904,3428.148936584312
6546.0879159180995,0.3038,3132.4020433470814
6546.137929357451,0.2739,3853.61799257035
6546.197945484676,0.2942,3340.1625898249977
6546.247958924033,0.2855,3546.8320910746534
6546.297972363392,0.2613,4234.2232563357165
6546.347985802758,0.3008,3195.194833544297
6546.397999242123,0.3066,3075.450651302714
6546.448012681492,0.2682,4019.15829361013
6546.498026120865,0.31,3008.359318526563
6546.54803956024,0.2861,3531.971130988942
6546.5980529996195,0.2821,3632.8431336614085
6546.648066439001,0.2857,3541.8680333470065
6546.708082566263,0.2835,3597.0519198374186
6546.758096005651,0.2847,3566.793048452706
6546.808109445044,0.2845,3571.80961675983
6546.858122884439,0.2813,3653.5356098753946
6546.908136323837,0.28,3687.5399320170795
6546.958149763236,0.2842,3579.354336451225
6547.008163202642,0.2746,3833.9961093072584
6547.058176642049,0.2341,5275.326680930433
6547.10819008146,0.2979,3257.706651622427
6547.158203520873,0.2629,4182.841619723624
6547.2182196481735,0.246,4777.296008688198
6547.268233087595,0.2294,5493.704344891631
6547.3182465270165,0.2398,5027.521274887078
6547.368259966444,0.3133,2945.3189700323283
6547.418273405872,0.3077,3053.501104291715
6547.468286845305,0.256,4411.360734177876
6547.518300284742,0.2205,5946.135066040965
6547.5683137241795,0.2237,5777.235160431242
6547.618327163622,0.2979,3257.706651622427
6547.668340603067,0.2928,3372.1802884907106
6547.718354042516,0.268,4025.159253269152
6547.778370169857,0.278,3740.7887248837624
6547.828383609312,0.2769,3770.568616131657
6547.878397048769,0.2906,3423.4318581695265
6547.928410488231,0.2812,3656.1345944028303
6547.978423927695,0.2914,3404.6605700241007
6548.028437367162,0.2758,3800.705538311555
6548.078450806634,0.5921,824.6398304948517
6548.128464246104,1.1998,200.83410146515072
6548.178477685582,1.2994,171.22591805025402
6548.228491125061,0.7144,566.4633144502781
6548.288507252441,0.2822,3630.2689404648436
6548.338520691928,0.3269,2705.3496221576283
6548.388534131418,0.3395,2508.267096248029
6548.43854757091,0.3175,2867.9112115538596
6548.488561010406,0.3071,3065.4443438132353
6548.538574449904,0.2667,4064.4951396038464
6548.588587889406,0.2789,3716.684990958872
6548.63860132891,0.2858,3539.3899115808117
6548.688614768419,0.2556,4425.178559584306
6548.738628207931,0.2491,4659.131355614665
6548.788641647446,0.2413,4965.210364715323
6548.848657774865,0.2312,5408.495595464327
6548.898671214386,0.2777,3748.8754281566025
6548.94868465391,0.317,2876.965356380058
6548.998698093438,0.2776,3751.5768237967104
6549.048711532967,0.2235,5787.579311091069
6549.098724972501,0.227,5610.484358917873
6549.148738412038,0.2768,3773.293497698916
6549.198751851578,0.3046,3115.96985254591
6549.24876529112,0.3012,3186.713923594403
6549.298778730665,0.3091,3025.9035198944503
6549.358794858124,0.1677,10279.798268323853
6549.408808297678,0.2699,3968.6875560470253
6549.458821737232,0.2701,3962.812393465017
6549.508835176792,0.2546,4460.008501165357
6549.558848616353,0.2407,4989.994967034098
6549.6088620559185,0.2391,5057.001841263636
6549.658875495487,0.2605,4260.269835306296
6549.708888935056,0.2657,4095.147216679788
6549.75890237463,0.2222,5855.498559669102
6549.808915814209,0.2992,3229.459297705147
6549.858929253789,0.2517,4563.373486030588
6549.918945381289,0.2846,3569.3000106059667
6549.968958820877,0.2932,3362.9855584947536
6550.018972260467,0.2999,3214.4011068621217
6550.068985700061,0.3132,2947.200055447972
6550.118999139656,0.3101,3006.4193865319435
6550.169012579255,0.2871,3507.4096001280254
6550.219026018857,0.2923,3383.726825984888
6550.269039458464,0.3039,3130.3409203643932
6550.319052898073,0.237,5147.01625461263
6550.369066337685,0.1985,7337.202388683462
6550.429082465223,0.2301,5460.329925652498
6550.479095904841,0.2935,3356.1141675985486
6550.529109344464,0.2712,3930.7309975951516
6550.579122784089,0.2201,5967.767091930394
6550.629136223715,0.2465,4757.935231650595
6550.679149663346,0.2551,4442.542330217375
6550.729163102981,0.2557,4421.718023054336
6550.779176542618,0.2458,4785.073421426416
6550.829189982258,0.2729,3881.9116115850948
6550.8792034219005,0.2683,4016.1628449969126
6550.9292168615475,0.2444,4840.051019672246
6550.989232989127,0.2424,4920.249008038243
6551.03924642878,0.2817,3643.167335145556
6551.089259868436,0.3044,3120.0657569514365
6551.139273308096,0.2691,3992.3193477401
6551.189286747759,0.2847,3566.793048452706
6551.239300187423,0.2684,4013.1707438643975
6551.289313627092,0.2279,5566.25931732653
6551.339327066765,0.2601,4273.38334334634
6551.389340506438,0.2702,3959.8797032934594
6551.439353946117,0.2683,4016.1628449969126
6551.499370073734,0.2648,4123.031520890361
6551.549383513419,0.2646,4129.266704775489
6551.599396953106,0.2673,4046.2687950691247
6551.649410392798,0.2741,3847.9963974927923
6551.699423832492,0.29,3437.6123885560714
6551.7494372721885,0.2825,3622.562755982256
6551.799450711889,0.2335,5302.4722830831415
6551.849464151593,0.2893,3454.2679817187495
6551.899477591298,0.3055,3097.6377223509267
6551.949491031009,0.2234,5792.761807718512
6552.009507158662,0.2042,6933.302799112661
6552.059520598378,0.2639,4151.201598660279
6552.109534038097,0.2837,3591.9820977114605
6552.159547477819,0.2296,5484.137641563789
6552.209560917545,0.2478,4708.1445425970505
6552.259574357275,0.2847,3566.793048452706
6552.309587797005,0.2143,6295.170563239569
6552.35960123674,0.2705,3951.1011394182883
6552.409614676479,0.2712,3930.7309975951516
6552.459628116218,0.2546,4460.008501165357
6552.509641555962,0.2496,4640.48373490642
6552.569657683659,0.28,3687.5399320170795
6552.619671123411,0.3103,3002.545147628981
6552.669684563164,0.2892,3456.657230158815
6552.719698002921,0.2628,4186.025502158563
6552.76971144268,0.2709,3939.4417239654254
6552.819724882443,0.3699,2112.9289127795655
6552.86973832221,0.2266,5630.309288978648
6552.919751761978,0.2261,5655.238567155457
6552.96976520175,0.2547,4456.507036339477
6553.019778641527,0.2553,4435.584578840328
6553.079794769261,0.2397,5031.716977017371
6553.129808209043,0.2374,5129.686318790453
6553.179821648828,0.2515,4570.634193449539
6553.229835088616,0.2603,4266.819032590774
6553.279848528407,0.261,4243.962659729543
6553.329861968202,0.2631,4176.484742636591
6553.379875408,0.2928,3372.1802884907106
6553.4298888478,0.2454,4800.685332448373
6553.479902287602,0.2537,4491.708237966732
6553.52991572741,0.2538,4488.169384021983
6553.579929167221,0.2491,4659.131355614665
6553.639945294995,0.261,4243.962659729543
6553.689958734812,0.2699,3968.6875560470253
6553.739972174632,0.2392,5052.774480357887
6553.789985614456,0.2084,6656.6588410125705
6553.83999905428,0.3072,3063.448943139124
6553.890012494109,0.2492,4655.392850117754
6553.940025933942,0.3018,3174.0557300440323
6553.990039373777,0.2796,3698.0983424601222
6554.040052813614,0.2959,3301.8932694378636
6554.090066253456,0.3147,2919.171772295897
6554.15008238127,0.2954,3313.080393670894
6554.200095821119,0.2627,4189.21302122418
6554.250109260969,0.2399,5023.3308184551415
6554.3001227008235,0.2263,5645.247025664246
6554.350136140682,0.2659,4088.9891245861804
6554.400149580541,0.1824,8689.633640553668
6554.450163020404,0.2357,5203.949177633387
6554.500176460271,0.3051,3105.765308396951
6554.55018990014,0.2836,3594.5156680293653
6554.600203340014,0.2961,3297.4342799100295
6554.660219467864,0.3169,2878.781329998422
6554.710232907745,0.2893,3454.2679817187495
6554.760246347627,0.2785,3727.3689139752396
6554.810259787512,0.2843,3576.836775953291
6554.860273227402,0.2272,5600.611136587936
6554.910286667294,0.2877,3492.795460094774
6554.960300107188,0.2342,5270.8226861210305
6555.0103135470845,0.2531,4513.029523534888
6555.060326986986,0.2362,5181.940628936669
6555.110340426891,0.2755,3808.9874136160897
6555.1603538668,0.2759,3797.950914908496
6555.220369994691,0.2439,4859.9156864888555
6555.270383434605,0.2452,4808.519954965585
6555.320396874523,0.2776,3751.5768237967104
6555.370410314443,0.277,3767.8466851562916
6555.4204237543645,0.2415,4956.989853188662
6555.470437194291,0.2594,4296.478123096503
6555.520450634222,0.2233,5797.9512684754945
6555.570464074153,0.1443,13884.083447071966
6555.6204775140895,0.1701,9991.763896124985
6555.670490954027,0.2515,4570.634193449539
6555.7305070819575,0.2846,3569.3000106059667
6555.780520521906,0.3239,2755.6960838933196
6555.830533961853,0.2904,3428.148936584312
6555.8805474018045,0.2472,4731.027257248521
6555.930560841759,0.2237,5777.235160431242
6555.980574281716,0.209,6618.493833912856
6556.030587721677,0.2534,4502.349949148284
6556.080601161641,0.1957,7548.658997874539
6556.130614601608,0.2518,4559.749618500898
6556.180628041577,0.26,4276.671180812098
6556.23064148155,0.2351,5230.545013446998
6556.290657609522,0.2729,3881.9116115850948
6556.340671049502,0.2098,6568.11561667764
6556.390684489485,0.2348,5243.919453476104
6556.440697929472,0.2605,4260.269835306296
6556.490711369461,0.2297,5479.363658093238
6556.5407248094525,0.2116,6456.846547509852
6556.590738249447,0.2394,5044.335645282051
6556.640751689447,0.2404,5002.456916472764
6556.690765129449,0.1676,10292.068917085637
6556.740778569452,0.2406,4994.1437710312
6556.80079469746,0.2521,4548.903878335181
6556.850808137473,0.2374,5129.686318790453
6556.900821577488,0.2244,5741.248181291197
6556.950835017505,0.2316,5389.829613653343
6557.000848457524,0.2596,4289.860547522181
6557.050861897548,0.2479,4704.346901651001
6557.100875337575,0.2317,5385.178216798389
6557.150888777606,0.2404,5002.456916472764
6557.200902217638,0.2392,5052.774480357887
6557.250915657674,0.2446,4832.139241280331
6557.310931785722,0.2362,5181.940628936669
6557.360945225764,0.2337,5293.400514678008
6557.4109586658105,0.2235,5787.579311091069
6557.460972105859,0.2739,3853.61799257035
6557.5109855459095,0.2644,4135.516043391844
6557.560998985965,0.2449,4820.307898183951
6557.611012426023,0.247,4738.691910663115
6557.661025866084,0.2379,5108.146704620987
6557.7110393061475,0.2185,6055.486480895661
6557.761052746215,0.2288,5522.555132766219
6557.811066186286,0.2627,4189.21302122418
6557.871082314375,0.2671,4052.3305974262867
6557.92109575445,0.2563,4401.039793593019
6557.971109194532,0.1835,8585.765569917026
6558.0211226346155,0.1854,8410.69244151601
6558.071136074701,0.256,4411.360734177876
6558.121149514792,0.2242,5751.495787574292
6558.171162954884,0.2188,6038.892401942174
6558.221176394979,0.2649,4119.919223617279
6558.271189835077,0.2408,4985.851330717959
6558.32120327518,0.231,5417.864969493726
6558.371216715284,0.2368,5155.7141736526455
6558.431232843413,0.2338,5288.873358264235
6558.481246283524,0.255,4446.027346678904
6558.531259723641,0.2396,5035.917933605236
6558.581273163759,0.2357,5203.949177633387
6558.631286603878,0.2696,3977.524828116934
6558.6813000440025,0.2671,4052.3305974262867
6558.731313484129,0.2921,3388.362051794945
6558.78132692426,0.2427,4908.092795886907
6558.831340364392,0.2474,4723.38118473278
6558.881353804528,0.244,4855.932981658787
6558.941369932695,0.2354,5217.22167483332
6558.991383372839,0.2264,5640.261181706546
6559.041396812984,0.2442,4847.982245202741
6559.091410253133,0.2624,4198.797453662458
6559.141423693284,0.2455,4796.775199617867
6559.19143713344,0.2372,5138.340327684686
6559.241450573599,0.18,8922.900723549543
6559.291464013761,0.2136,6336.498459126545
6559.341477453926,0.2459,4781.182342940384
6559.391490894092,0.2377,5116.746240482456
6559.451507022299,0.2107,6512.124623581891
6559.501520462472,0.2096,6580.656108840699
6559.55153390265,0.2094,6593.232550631382
6559.601547342829,0.2325,5348.182842609661
6559.651560783013,0.2606,4257.00088972122
6559.701574223199,0.2769,3770.568616131657
6559.751587663389,0.2434,4879.9028983838525
6559.801601103582,0.2134,6348.381192105223
6559.851614543777,0.2678,4031.1736629157613
6559.901627983977,0.2431,4891.954466907117
6559.951641424179,0.2276,5580.942717882218
6560.011657552425,0.2858,3539.3899115808117
6560.0616709926335,0.2179,6088.880491048447
6560.111684432846,0.2171,6133.8372550420945
6560.161697873061,0.2219,5871.341994559664
6560.211711313277,0.2429,4900.013665407577
6560.261724753498,0.258,4343.232897417076
6560.311738193724,0.2238,5772.0734815715805
6560.36175163395,0.2398,5027.521274887078
6560.41176507418,0.2552,4439.061409743265
6560.461778514413,0.2271,5605.544487126017
6560.521794642697,0.2319,5375.893468516394
6560.571808082938,0.2543,4470.537691173062
6560.62182152318,0.2263,5645.247025664246
6560.671834963427,0.2807,3669.1712093348297
6560.721848403677,0.2756,3806.223783309472
6560.771861843928,0.2767,3776.021334124224
6560.821875284184,0.2255,5685.372866157796
6560.871888724443,0.2675,4040.2205841437444
6560.921902164703,0.2315,5394.487039512143
6560.971915604969,0.2008,7170.082523091824
6561.021929045237,0.2118,6444.658129129258
6561.081945173561,0.2324,5352.786380012174
6561.131958613836,0.2284,5541.915436702652
6561.1819720541125,0.2183,6066.58722784038
6561.2319854943935,0.2249,5715.748667244673
6561.281998934678,0.2352,5226.098235514434
6561.332012374964,0.2397,5031.716977017371
6561.382025815255,0.2258,5670.275689272841
6561.432039255546,0.1831,8623.3192424555
6561.482052695842,0.2145,6283.436844952997
6561.532066136142,0.235,5234.9974693009135
6561.592082264504,0.2303,5450.850229130086
6561.642095704809,0.2329,5329.827953016803
6561.692109145119,0.2476,4715.7536331051715
6561.7421225854305,0.2191,6022.366439721192
6561.792136025745,0.2394,5044.335645282051
6561.842149466062,0.2226,5834.473541530611
6561.892162906384,0.2065,6779.717197526074
6561.942176346708,0.2273,5595.684295830178
6561.992189787035,0.2209,5924.620445331387
6562.042203227366,0.2068,6760.0612008003445
6562.1022193557665,0.2576,4356.731618181538
6562.152232796105,0.2673,4046.2687950691247
6562.202246236443,0.23,5465.079050176944
6562.252259676786,0.1871,8258.547658540141
6562.302273117131,0.2387,5073.964447847695
6562.352286557482,0.2184,6061.0330423160485
6562.402299997835,0.2169,6145.154243342419
6562.45231343819,0.2152,6242.626139763981
6562.502326878549,0.2489,4666.6218891793305
6562.552340318911,0.2198,5984.068673018482
6562.6023537592755,0.1941,7673.621095602222
6562.6623698877165,0.2486,4677.891604793841
6562.712383328088,0.2671,4052.3305974262867
6562.762396768462,0.2513,4577.912243249819
6562.8124102088395,0.2522,4545.297229640397
6562.8624236492215,0.2118,6444.658129129258
6562.912437089605,0.2143,6295.170563239569
6562.962450529991,0.2074,6721.00478572198
6563.01246397038,0.2272,5600.611136587936
6563.062477410775,0.2081,6675.865256127162
6563.11249085117,0.2655,4101.319230554237
6563.16250429157,0.2191,6022.366439721192
6563.222520420051,0.2022,7071.137764535838
6563.272533860458,0.1998,7242.03437100794
6563.322547300866,0.1972,7434.258719875291
6563.372560741279,0.2076,6708.061173074456
6563.422574181693,0.2203,5956.9363500330555
6563.47258762211,0.2137,6330.569599741328
6563.522601062532,0.1767,9259.294173357059
6563.572614502958,0.1878,8197.097405477638
6563.622627943384,0.2482,4692.98150706806
6563.672641383815,0.2536,4495.25127906171
6563.732657512334,0.2159,6202.21174340177
6563.782670952772,0.1999,7234.790562356889
6563.832684393211,0.2111,6487.469297659741
6563.882697833655,0.2267,5625.343216930369
6563.932711274101,0.2004,7198.7340298542285
6563.982724714551,0.2096,6580.656108840699
6564.032738155003,0.2097,6574.381377626333
6564.08275159546,0.2256,5680.333781388048
6564.132765035917,0.2356,5208.367710302112
6564.182778476377,0.1981,7366.862450674612
6564.2427946049365,0.214,6312.832863075602
6564.292808045405,0.2203,5956.9363500330555
6564.342821485876,0.2333,5311.567392124509
6564.392834926351,0.2412,4969.328290953532
6564.442848366829,0.2459,4781.182342940384
6564.492861807309,0.2405,4998.297751305913
6564.542875247792,0.2105,6524.505027009499
6564.592888688279,0.1872,8249.72682760264
6564.642902128769,0.1977,7396.7027245425215
6564.692915569261,0.2405,4998.297751305913
6564.752931697856,0.1945,7642.091260698673
6564.802945138358,0.2111,6487.469297659741
6564.852958578859,0.1953,7579.611790865246
6564.902972019366,0.2242,5751.495787574292
6564.952985459874,0.2536,4495.25127906171
6565.002998900385,0.1735,9603.995153195072
6565.053012340901,0.1646,10670.652035674972
6565.10302578142,0.2337,5293.400514678008
6565.15303922194,0.2076,6708.061173074456
6565.203052662465,0.1964,7494.9459848015495
6565.2530661029905,0.1835,8585.765569917026
6565.313082231627,0.153,12350.011387942834
6565.363095672162,0.1548,12064.47347761951
6565.413109112699,0.1656,10542.169308180015
6565.4631225532385,0.1496,12917.750842362999
6565.51313599378,0.1572,11698.906983378576
6565.563149434328,0.1885,8136.330468559281
6565.613162874877,0.1776,9165.688282281804
6565.66317631543,0.187,8267.382644250969
6565.713189755984,0.2027,7036.296216534749
6565.763203196545,0.1533,12301.722359272839
6565.813216637105,0.1597,11335.498546571049
6565.873232765784,0.1138,22323.574706979965
6565.92324620635,0.1057,25876.033496278033
6565.973259646922,0.1369,15425.620965634356
6566.023273087497,0.1965,7487.319520932591
6566.073286528075,0.1683,10206.633110782665
6566.1232999686545,0.1899,8016.806353975234
6566.173313409238,0.1759,9343.70847337881
6566.223326849825,0.1607,11194.86184069455
6566.273340290416,0.1555,11956.099599353069
6566.323353731007,0.1722,9749.549720752386
6566.383369859723,0.1877,8205.8339396009
6566.433383300322,0.1872,8249.72682760264
6566.483396740924,0.1803,8893.232078162942
6566.53341018153,0.1795,8972.679432819406
6566.583423622139,0.1915,7883.404381908032
6566.633437062749,0.1824,8689.633640553668
6566.683450503365,0.1797,8952.71808298431
6566.733463943985,0.2077,6701.6033839092215
6566.783477384604,0.2113,6475.194109094621
6566.833490825228,0.2133,6354.335096980954
6566.893506953982,0.251,4588.861955887967
6566.943520394613,0.2435,4875.895604065514
6566.993533835245,0.2129,6378.234672401514
6567.043547275882,0.209,6618.493833912856
6567.093560716523,0.173,9659.589477382131
6567.143574157166,0.1909,7933.037184966205
6567.1935875978115,0.205,6879.2950667062905
6567.243601038461,0.1989,7307.721090366827
6567.293614479112,0.2104,6530.708472354229
6567.343627919768,0.2242,5751.495787574292
6567.393641360427,0.256,4411.360734177876
6567.45365748922,0.2391,5057.001841263636
6567.503670929885,0.2022,7071.137764535838
6567.553684370554,0.2067,6766.603691090978
6567.603697811225,0.2182,6072.149051448151
6567.653711251899,0.2196,5994.973529820307
6567.7037246925765,0.2205,5946.135066040965
6567.753738133257,0.2205,5946.135066040965
6567.80375157394,0.2155,6225.257456710492
6567.853765014626,0.2219,5871.341994559664
6567.903778455316,0.237,5147.01625461263
6567.963794584147,0.2044,6919.74139620583
6568.013808024843,0.2355,5212.791872845933
6568.063821465544,0.2589,4313.089209529438
6568.113834906244,0.1903,7983.140189496664
6568.1638483469505,0.165,10618.978564651723
6568.213861787659,0.1945,7642.091260698673
6568.263875228369,0.1989,7307.721090366827
6568.313888669085,0.1951,7595.159628670396
6568.363902109803,0.2493,4651.658842503703
6568.413915550524,0.2415,4956.989853188662
6568.463928991246,0.2352,5226.098235514434
6568.52394512012,0.2258,5670.275689272841
6568.573958560851,0.246,4777.296008688198
6568.623972001585,0.253,4516.597826761418
6568.6739854423195,0.2382,5095.28799285809
6568.723998883059,0.2266,5630.309288978648
6568.774012323803,0.2167,6156.502580487179
6568.824025764548,0.2325,5348.182842609661
6568.8740392053,0.2427,4908.092795886907
6568.924052646048,0.1955,7564.111645553625
6568.974066086805,0.1722,9749.549720752386
6569.034082215715,0.1797,8952.71808298431
6569.084095656476,0.2231,5808.351132339103
6569.134109097241,0.2271,5605.544487126017
6569.1841225380085,0.2194,6005.90822192735
6569.234135978781,0.1976,7404.191122223074
6569.284149419554,0.1952,7587.379735988314
6569.334162860332,0.2457,4788.969251871451
6569.3841763011105,0.2787,3722.021202261002
6569.4341897418935,0.2413,4965.210364715323
6569.484203182681,0.2337,5293.400514678008
6569.544219311628,0.2294,5493.704344891631
6569.594232752421,0.2409,4981.712853503974
6569.644246193216,0.2098,6568.11561667764
6569.694259634016,0.2501,4621.94784290611
6569.744273074818,0.2345,5257.345256586502
6569.794286515622,0.1967,7472.101473085702
6569.84429995643,0.2409,4981.712853503974
6569.8943133972425,0.2494,4647.9293255600605
6569.944326838056,0.2484,4685.427443709775
6569.994340278874,0.2774,3756.9883821196468
6570.044353719693,0.2392,5052.774480357887
6570.104369848683,0.2128,6384.230634178692
6570.1543832895095,0.2308,5427.258711094186
6570.204396730341,0.2305,5441.395197793365
6570.254410171173,0.2288,5522.555132766219
6570.3044236120095,0.2214,5897.890979228123
6570.354437052849,0.2449,4820.307898183951
6570.404450493691,0.2781,3738.09897104217
6570.454463934537,0.2342,5270.8226861210305
6570.504477375385,0.2293,5498.497086544823
6570.5544908162365,0.2584,4329.796815435792
6570.604504257091,0.2625,4195.598991419826
6570.664520386121,0.1884,8144.9700084560645
6570.714533826983,0.1816,8766.362501715099
6570.764547267846,0.2274,5590.763953404509
6570.814560708714,0.1937,7705.346463077476
6570.864574149587,0.2337,5293.400514678008
6570.914587590459,0.1994,7271.118671128515
6570.9646010313345,0.2349,5239.455612746857
6571.014614472215,0.2276,5580.942717882218
6571.064627913097,0.2174,6116.920299473102
6571.114641353985,0.2521,4548.903878335181
6571.17465748305,0.2146,6277.582284290469
6571.224670923943,0.2246,5731.027938313757
6571.274684364838,0.2408,4985.851330717959
6571.324697805738,0.251,4588.861955887967
6571.374711246641,0.2409,4981.712853503974
6571.424724687544,0.25,4625.646125895999
6571.474738128452,0.269,3995.288155597152
6571.524751569363,0.2476,4715.7536331051715
6571.574765010278,0.197,7449.361247143904
6571.624778451193,0.203,7015.514751393723
6571.684794580298,0.23,5465.079050176944
6571.734808021223,0.2279,5566.25931732653
6571.784821462149,0.2308,5427.258711094186
6571.834834903079,0.2396,5035.917933605236
6571.884848344011,0.2193,6011.386790243777
6571.934861784947,0.2173,6122.55150022764
6571.984875225888,0.2397,5031.716977017371
6572.034888666829,0.233,5325.253994777978
6572.084902107774,0.2324,5352.786380012174
6572.134915548722,0.222,5866.053712411211
6572.194931677864,0.2203,5956.9363500330555
6572.2449451188195,0.2562,4404.476078929378
6572.294958559776,0.2295,5488.917866867894
6572.344972000737,0.2247,5725.928047630692
6572.394985441702,0.2342,5270.8226861210305
6572.444998882669,0.1949,7610.755354830382
6572.495012323639,0.2142,6301.0497514948
6572.545025764613,0.217,6139.491837809072
6572.595039205587,0.2763,3786.962313999427
6572.645052646568,0.2709,3939.4417239654254
6572.69506608755,0.184,8539.167452564592
6572.755082216734,0.2621,4208.41481586787
6572.805095657721,0.2274,5590.763953404509
6572.855109098715,0.3187,2846.354866562557
6572.905122539709,0.3062,3083.4910154563913
6572.955135980708,0.2537,4491.708237966732
6573.005149421708,0.2567,4387.334787782805
6573.055162862712,0.3153,2908.072305071493
6573.105176303721,0.2348,5243.919453476104
6573.155189744731,0.2297,5479.363658093238
6573.205203185745,0.2665,4070.597961391036
6573.255216626761,0.2612,4237.465995671336
6573.315232755984,0.2198,5984.068673018482
6573.36524619701,0.231,5417.864969493726
6573.4152596380345,0.2462,4769.537542063133
6573.465273079063,0.2392,5052.774480357887
6573.515286520096,0.2646,4129.266704775489
6573.565299961132,0.2763,3786.962313999427
6573.61531340217,0.2583,4333.149984758041
6573.665326843213,0.2359,5195.1289637487
6573.715340284257,0.2334,5307.016915023646
6573.765353725305,0.2399,5023.3308184551415
6573.825369854565,0.2367,5160.071403449772
6573.875383295621,0.2425,4916.191924126927
6573.925396736678,0.2375,5125.3675105417515
6573.975410177738,0.2445,4836.092703560463
6574.025423618802,0.2655,4101.319230554237
6574.075437059868,0.2464,4761.79796006309
6574.125450500939,0.2382,5095.28799285809
6574.1754639420105,0.2581,4339.868019702543
6574.225477383086,0.2456,4792.869842016381
6574.275490824165,0.232,5371.2600963535315
6574.335506953464,0.2399,5023.3308184551415
6574.3855203945495,0.2388,5069.715803943833
6574.435533835637,0.2311,5413.177241804135
6574.485547276729,0.2104,6530.708472354229
6574.5355607178235,0.2319,5375.893468516394
6574.585574158923,0.28,3687.5399320170795
6574.6355876000225,0.2534,4502.349949148284
6574.685601041126,0.2608,4250.474275773632
6574.735614482234,0.2617,4221.289450711936
6574.785627923344,0.2502,4618.25399340435
6574.835641364458,0.2447,4828.190624899165
6574.895657493795,0.2438,4863.903293089101
6574.945670934916,0.2717,3916.277189116085
6574.995684376038,0.2669,4058.406031968986
6575.045697817163,0.2189,6033.376197780624
6575.095711258293,0.258,4343.232897417076
6575.145724699425,0.2384,5086.742473809778
6575.19573814056,0.2226,5834.473541530611
6575.245751581698,0.193,7761.341238978467
6575.295765022838,0.2496,4640.48373490642
6575.345778463982,0.3011,3188.8309827210774
6575.405794593359,0.2566,4390.7550314156115
6575.455808034511,0.2761,3792.450644573924
6575.505821475665,0.2454,4800.685332448373
6575.555834916821,0.2099,6561.858808904412
6575.60584835798,0.2362,5181.940628936669
6575.655861799144,0.2603,4266.819032590774
6575.70587524031,0.2483,4689.202193663426
6575.755888681478,0.2337,5293.400514678008
6575.805902122652,0.3016,3178.26673482492
6575.855915563827,0.262,4211.627947073782
6575.9059290050045,0.2839,3586.922986437832
6575.965945134422,0.2345,5257.345256586502
6576.015958575607,0.2488,4670.373931744556
6576.065972016797,0.2189,6033.376197780624
6576.115985457986,0.3244,2747.207909061649
6576.165998899182,0.2768,3773.293497698916
6576.216012340378,0.2688,4001.2357145606798
6576.266025781579,0.2906,3423.4318581695265
6576.316039222781,0.2814,3650.9393956181857
6576.366052663988,0.2429,4900.013665407577
6576.416066105197,0.2367,5160.071403449772
6576.476082234652,0.263,4179.661368389439
6576.5260956758675,0.2562,4404.476078929378
6576.576109117087,0.2067,6766.603691090978
6576.62612255831,0.2954,3313.080393670894
6576.6761359995335,0.2719,3910.517979908194
6576.726149440762,0.2741,3847.9963974927923
6576.776162881994,0.2273,5595.684295830178
6576.8261763232285,0.2897,3444.7357170204086
6576.876189764466,0.2618,4218.065258864864
6576.926203205706,0.2642,4141.779579616137
6576.9862193352,0.2517,4563.373486030588
6577.036232776446,0.2069,6753.528194623994
6577.0862462176965,0.2495,4644.204292088828
6577.13625965895,0.2948,3326.5801520935966
6577.186273100206,0.2749,3825.6325804319763
6577.236286541465,0.2374,5129.686318790453
6577.2862999827275,0.2091,6612.1649199172425
6577.336313423993,0.267,4055.366608121371
6577.38632686526,0.1973,7426.724673184434
6577.436340306532,0.2503,4614.564570307083
6577.486353747807,0.2469,4742.5312240273115
6577.546369877339,0.2536,4495.25127906171
6577.5963833186215,0.2584,4329.796815435792
6577.646396759906,0.2645,4132.389602066269
6577.696410201193,0.2216,5887.249818785547
6577.746423642483,0.2628,4186.025502158563
6577.796437083777,0.21,6555.610937257125
6577.846450525073,0.2417,4948.789739864614
6577.896463966374,0.2092,6605.845079589398
6577.946477407675,0.2467,4750.223861842717
6577.996490848982,0.2271,5605.544487126017
6578.056506978551,0.2438,4863.903293089101
6578.106520419862,0.2717,3916.277189116085
6578.156533861179,0.3021,3167.7548973966063
6578.206547302499,0.2757,3803.463159661237
6578.256560743818,0.2725,3893.316371818838
6578.306574185142,0.2589,4313.089209529438
6578.356587626472,0.2021,7078.137123441986
6578.4066010678025,0.2558,4418.261544202099
6578.456614509136,0.225,5710.6691533700505
6578.506627950472,0.2666,4067.5448336561217
6578.556641391811,0.2195,6000.437139663737
6578.616657521423,0.2402,5010.790836030689
6578.66667096277,0.2543,4470.537691173062
6578.716684404119,0.2409,4981.712853503974
6578.766697845473,0.2617,4221.289450711936
6578.816711286827,0.211,6493.619985671053
6578.866724728186,0.2599,4279.962814111589
6578.916738169549,0.2864,3524.575651310661
6578.966751610913,0.2426,4912.139856164873
6579.01676505228,0.1871,8258.547658540141
6579.06677849365,0.3508,2349.2771323227576
6579.126794623299,0.2786,3724.693618502465
6579.176808064677,0.1925,7801.71204666551
6579.226821506057,0.3346,2582.2686788357832
6579.276834947441,0.3052,3103.730415652919
6579.326848388828,0.2522,4545.297229640397
6579.376861830218,0.2381,5099.568829962883
6579.42687527161,0.3586,2248.1894428981886
6579.476888713004,0.2618,4218.065258864864
6579.526902154403,0.2102,6543.141934344984
6579.576915595805,0.2739,3853.61799257035
6579.626929037212,0.2833,3602.132483072237
6579.686945166901,0.2567,4387.334787782805
6579.736958608313,0.2416,4952.887250972338
6579.786972049727,0.2532,4509.465447304153
6579.836985491144,0.2673,4046.2687950691247
6579.886998932565,0.2729,3881.9116115850948
6579.937012373989,0.3017,3176.1601856187644
6579.987025815415,0.3075,3057.4744170413337
6580.037039256846,0.3068,3071.4422572934814
6580.087052698278,0.2415,4956.989853188662
6580.137066139714,0.2428,4904.05073504487
6580.197082269441,0.2822,3630.2689404648436
6580.247095710884,0.2654,4104.410471276893
6580.297109152329,0.2442,4847.982245202741
6580.3471225937765,0.2535,4498.798513915141
6580.397136035229,0.2665,4070.597961391036
6580.447149476685,0.2788,3719.3516611207156
6580.497162918143,0.2873,3502.5280455402512
6580.547176359601,0.2484,4685.427443709775
6580.597189801067,0.2917,3397.6611223544232
6580.647203242534,0.266,4085.9152861265534
6580.697216684004,0.2156,6219.4840013387075
6580.757232813771,0.2974,3268.6697792902214
6580.807246255247,0.3214,2798.7328759241436
6580.857259696727,0.2638,4154.34941720848
6580.90727313821,0.2665,4070.597961391036
6580.957286579697,0.2493,4651.658842503703
6581.007300021184,0.2806,3671.78689852705
6581.057313462676,0.2923,3383.726825984888
6581.107326904172,0.2652,4110.603446614893
6581.15734034567,0.2685,4010.181985226599
6581.207353787171,0.262,4211.627947073782
6581.267369916975,0.2451,4812.444460276609
6581.317383358482,0.2723,3899.037608473728
6581.367396799995,0.2666,4067.5448336561217
6581.417410241508,0.2828,3614.8810830349903
6581.467423683024,0.2821,3632.8431336614085
6581.517437124544,0.2666,4067.5448336561217
6581.567450566067,0.2558,4418.261544202099
6581.617464007593,0.2557,4421.718023054336
6581.667477449123,0.2609,4247.216595887626
6581.717490890654,0.2648,4123.031520890361
6581.777507020497,0.2679,4028.16477433352
6581.827520462035,0.2649,4119.919223617279
6581.877533903577,0.2617,4221.289450711936
6581.927547345121,0.3309,2640.3392847296554
6581.9775607866695,0.299,3233.781075064842
6582.02757422822,0.2881,3483.103384723924
6582.0775876697735,0.2914,3404.6605700241007
6582.127601111331,0.3161,2893.3712196484553
6582.177614552889,0.2614,4230.98423785698
6582.2276279944535,0.2565,4394.1792760974995
6582.27764143602,0.2707,3945.2649710138407
6582.337657565902,0.2354,5217.22167483332
6582.387671007476,0.2546,4460.008501165357
6582.43768444905,0.2836,3594.5156680293653
6582.4876978906295,0.2315,5394.487039512143
6582.537711332212,0.2434,4879.9028983838525
6582.587724773797,0.2205,5946.135066040965
6582.637738215383,0.2606,4257.00088972122
6582.687751656975,0.2784,3730.0470928168825
6582.737765098568,0.2879,3487.9443727184084
6582.787778540167,0.2311,5413.177241804135
6582.847794670088,0.3189,2842.7857810904993
6582.897808111691,0.2801,3684.9073946964813
6582.947821553297,0.2558,4418.261544202099
6582.997834994907,0.3024,3161.4728078619814
6583.0478484365185,0.2595,4293.16742272271
6583.097861878135,0.2501,4621.94784290611
6583.147875319753,0.254,4481.104211215328
6583.197888761376,0.2574,4363.504589853804
6583.247902203001,0.2557,4421.718023054336
6583.297915644629,0.2536,4495.25127906171
6583.347929086261,0.257,4377.098000930203
6583.407945216222,0.3008,3195.194833544297
6583.457958657859,0.2878,3490.3686522291264
6583.5079720995,0.312,2969.9143497972586
6583.557985541143,0.3112,2985.2034097072737
6583.607998982791,0.254,4481.104211215328
6583.65801242444,0.2623,4201.999574761021
6583.7080258660935,0.2441,4851.955170568174
6583.758039307748,0.2657,4095.147216679788
6583.808052749408,0.2964,3290.7627122496724
6583.858066191071,0.2965,3288.543355296791
6583.918082321068,0.2895,3449.496910390173
6583.968095762737,0.2569,4380.506278752851
6584.018109204408,0.2145,6283.436844952997
6584.068122646085,0.2104,6530.708472354229
6584.118136087761,0.2625,4195.598991419826
6584.168149529442,0.3095,3018.087200912338
6584.218162971125,0.2605,4260.269835306296
6584.268176412813,0.2949,3324.324468907939
6584.318189854502,0.2599,4279.962814111589
6584.368203296196,0.2778,3746.176949254808
6584.418216737892,0.2624,4198.797453662458
6584.478232867929,0.2866,3519.6582283198545
6584.528246309634,0.2802,3682.2776754252845
6584.578259751339,0.2538,4488.169384021983
6584.628273193048,0.2552,4439.061409743265
6584.678286634759,0.2457,4788.969251871451
6584.728300076475,0.2452,4808.519954965585
6584.778313518193,0.2511,4585.207690705715
6584.828326959914,0.3115,2979.4562064879715
6584.878340401638,0.273,3879.068251567096
6584.928353843364,0.3346,2582.2686788357832
6584.988369973441,0.3284,2680.692226204096
6585.0383834151735,0.2628,4186.025502158563
6585.0883968569115,0.2298,5474.595905593839
6585.138410298651,0.2681,4022.15709469934
6585.188423740394,0.2598,4283.258249090156
6585.23843718214,0.2817,3643.167335145556
6585.288450623889,0.3219,2790.045238177157
6585.33846406564,0.2855,3546.8320910746534
6585.388477507395,0.2596,4289.860547522181
6585.438490949153,0.2925,3379.1011050468323
6585.498507079266,0.3152,2909.9178154661267
6585.548520521031,0.2807,3669.1712093348297
6585.598533962799,0.2738,3856.4334108621983
6585.64854740457,0.3198,2826.807675559933
6585.698560846343,0.3221,2786.581505948822
6585.748574288119,0.3025,3159.3829303064695
6585.798587729899,0.2794,3703.394561046866
6585.848601171681,0.265,4116.810449021485
6585.8986146134675,0.287,3509.854205300112
6585.948628055257,0.2127,6390.23505483168
6585.99864149705,0.2332,5316.123724413841
6586.0586576272035,0.2605,4260.269835306296
6586.1086710690015,0.2635,4163.814385416627
6586.158684510803,0.2828,3614.8810830349903
6586.208697952608,0.3,3212.2585370872675
6586.258711394414,0.2534,4502.349949148284
6586.308724836227,0.2968,3281.898738813917
6586.358738278039,0.3177,2864.301517528459
6586.408751719856,0.284,3584.397437944597
6586.458765161678,0.2351,5230.545013446998
6586.508778603499,0.2234,5792.761807718512
6586.568794733691,0.2502,4618.25399340435
6586.61880817552,0.2964,3290.7627122496724
6586.668821617354,0.3254,2730.3487928097175
6586.718835059187,0.325,2737.0737665846455
6586.768848501026,0.2899,3439.9843743600177
6586.818861942868,0.2467,4750.223861842717
6586.868875384714,0.2777,3748.8754281566025
6586.918888826562,0.2827,3617.4389236015945
6586.968902268411,0.3254,2730.3487928097175
6587.018915710266,0.2695,3980.477145748865
6587.068929152122,0.3005,3201.577753602643
6587.128945282354,0.2267,5625.343216930369
6587.178958724217,0.2608,4250.474275773632
6587.228972166084,0.2569,4380.506278752851
6587.2789856079535,0.2502,4618.25399340435
6587.328999049826,0.2212,5908.561016494083
6587.379012491701,0.2472,4731.027257248521
6587.429025933579,0.2249,5715.748667244673
6587.479039375462,0.2211,5913.9068965980705
6587.529052817347,0.2474,4723.38118473278
6587.579066259234,0.2957,3306.3613096566924
6587.6390823895035,0.2656,4098.231480773353
6587.689095831397,0.2584,4329.796815435792
6587.739109273295,0.2578,4349.974403649369
6587.789122715196,0.2596,4289.860547522181
6587.839136157098,0.2635,4163.814385416627
6587.889149599006,0.2067,6766.603691090978
6587.939163040915,0.2668,4061.4488740872434
6587.989176482828,0.3074,3059.463982285079
6588.0391899247425,0.2903,3430.5111326386846
6588.089203366661,0.2531,4513.029523534888
6588.149219496968,0.309,3027.862344070884
6588.199232938894,0.2368,5155.7141736526455
6588.249246380823,0.2485,4681.657249863019
6588.299259822753,0.2372,5138.340327684686
6588.349273264688,0.2922,3386.0432491543497
6588.399286706625,0.3048,3111.8820082723278
6588.449300148567,0.2815,3648.3459476954745
6588.49931359051,0.297,3277.4801762823113
6588.549327032456,0.2612,4237.465995671336
6588.599340474406,0.2978,3259.8948602664204
6588.6493539163575,0.2862,3529.5033869299245
6588.709370046706,0.3143,2926.6067580877702
6588.759383488663,0.284,3584.397437944597
6588.8093969306265,0.2636,4160.655805145278
6588.859410372591,0.2912,3409.338891525602
6588.90942381456,0.2887,3468.6407373684638
6588.959437256531,0.333,2607.1428125104226
6589.009450698505,0.3616,2211.040262532027
6589.059464140484,0.2792,3708.7021652273843
6589.109477582463,0.2857,3541.8680333470065
6589.159491024447,0.2763,3786.962313999427
6589.21950715483,0.3178,2862.499225607635
6589.269520596822,0.3125,2960.41825722181
6589.319534038816,0.2915,3402.3250194893026
6589.369547480811,0.2702,3959.8797032934594
6589.419560922809,0.2865,3522.115652536298
6589.469574364812,0.3044,3120.0657569514365
6589.519587806818,0.3228,2774.509101648698
6589.569601248826,0.2926,3376.791800785868
6589.619614690837,0.2739,3853.61799257035
6589.669628132852,0.2896,3447.1150806657342
6589.719641574868,0.2771,3765.1277005143593
6589.779657705294,0.2799,3690.175291415008
6589.829671147318,0.2795,3700.74503059086
6589.879684589346,0.2425,4916.191924126927
6589.929698031376,0.2948,3326.5801520935966
6589.979711473407,0.2886,3471.0449159249447
6590.029724915443,0.3192,2837.444726601883
6590.079738357482,0.2066,6773.1556838625165
6590.129751799525,0.3051,3105.765308396951
6590.17976524157,0.3021,3167.7548973966063
6590.229778683618,0.3154,2906.2285497928683
6590.289794814081,0.2842,3579.354336451225
6590.339808256137,0.2904,3428.148936584312
6590.389821698194,0.3201,2821.511566467701
6590.439835140254,0.2995,3222.9928581051176
6590.489848582319,0.3361,2559.2710702149475
6590.539862024387,0.3084,3039.655332002462
6590.589875466454,0.3357,2565.3736336334237
6590.639888908529,0.3156,2902.5462956878578
6590.689902350605,0.3297,2659.5941435638515
6590.739915792684,0.3473,2396.8664097028172
6590.7899292347665,0.3338,2594.661035047221
6590.8499453652685,0.225,5710.6691533700505
6590.899958807356,0.2776,3751.5768237967104
6590.949972249449,0.3087,3033.75024259497
6590.999985691545,0.2531,4513.029523534888
6591.049999133643,0.2917,3397.6611223544232
6591.100012575743,0.2748,3828.417380089689
6591.150026017846,0.2818,3640.58216268177
6591.2000394599545,0.2755,3808.9874136160897
6591.250052902063,0.3094,3020.038438905487
6591.300066344176,0.304,3128.281831043402
6591.360082474716,0.2533,4505.905591395475
6591.410095916836,0.2578,4349.974403649369
6591.460109358959,0.3063,3081.477970985643
6591.510122801084,0.2571,4373.693699305567
6591.560136243212,0.2346,5252.864265652919
6591.610149685344,0.2838,3589.451205104974
6591.66016312748,0.2527,4527.3281653513095
6591.710176569618,0.2967,3284.111371601679
6591.760190011759,0.3128,2954.742446804613
6591.810203453902,0.2645,4132.389602066269
6591.86021689605,0.2282,5551.63378843719
6591.92023302663,0.2654,4104.410471276893
6591.9702464687825,0.283,3609.7735339529604
6592.020259910938,0.3052,3103.730415652919
6592.070273353098,0.2845,3571.80961675983
6592.120286795262,0.2498,4633.056020745619
6592.170300237428,0.28,3687.5399320170795
6592.220313679595,0.2803,3679.6507701827445
6592.270327121767,0.2746,3833.9961093072584
6592.3203405639415,0.2636,4160.655805145278
6592.370354006121,0.3125,2960.41825722181
6592.430370136736,0.3403,2496.4877888518704
6592.480383578922,0.2465,4757.935231650595
6592.530397021108,0.2724,3896.175414921781
6592.580410463299,0.3355,2568.4331038266832
6592.630423905493,0.3164,2887.8870406643055
6592.68043734769,0.3302,2651.545771432962
6592.730450789889,0.3145,2922.885719105435
6592.7804642320925,0.2729,3881.9116115850948
6592.830477674298,0.3143,2926.6067580877702
6592.880491116506,0.2875,3497.6566749653275
6592.94050724716,0.3063,3081.477970985643
6592.990520689375,0.2423,4924.311116181057
6593.040534131594,0.2925,3379.1011050468323
6593.0905475738155,0.3195,2832.118710225539
6593.140561016038,0.3181,2857.1025445179766
6593.190574458266,0.3586,2248.1894428981886
6593.240587900498,0.3297,2659.5941435638515
6593.290601342731,0.318,2858.8997412394115
6593.340614784967,0.3252,2733.708177781939
6593.390628227205,0.3268,2707.0055311273522
6593.440641669448,0.3154,2906.2285497928683
6593.500657800144,0.2746,3833.9961093072584
6593.550671242392,0.2904,3428.148936584312
6593.600684684643,0.3119,2971.8190506149413
6593.650698126899,0.2903,3430.5111326386846
6593.700711569159,0.2598,4283.258249090156
6593.75072501142,0.2655,4101.319230554237
6593.800738453683,0.3353,2571.498050381584
6593.8507518959495,0.2806,3671.78689852705
6593.900765338221,0.306,3087.523026709905
6593.950778780494,0.26,4276.671180812098
6594.010794911224,0.2779,3743.481382893841
6594.060808353506,0.3402,2497.955659141786
6594.110821795788,0.3188,2844.5694841760833
6594.160835238075,0.3041,3126.2247727095646
6594.210848680364,0.327,2703.6952321334998
6594.260862122655,0.3394,2509.7453692113104
6594.31087556495,0.2284,5541.915436702652
6594.360889007248,0.3683,2131.3270684840286
6594.41090244955,0.3116,2977.544159916792
6594.460915891854,0.275,3822.8508181740917
6594.510929334159,0.2854,3549.318034339064
6594.570945464934,0.3317,2627.618646393111
6594.620958907249,0.3177,2864.301517528459
6594.670972349564,0.2913,3406.9985262678338
6594.720985791882,0.2751,3820.0720889004265
6594.770999234205,0.2726,3890.4604745429515
6594.8210126765325,0.1783,9093.861569023678
6594.871026118862,0.3367,2550.1579730841986
6594.921039561193,0.2647,4126.14734616499
6594.971053003528,0.3721,2088.0179238744804
6595.0210664458655,0.292,3390.6832371667692
6595.081082576677,0.2476,4715.7536331051715
6595.13109601902,0.2427,4908.092795886907
6595.181109461367,0.2763,3786.962313999427
6595.231122903717,0.2939,3346.98502458049
6595.281136346072,0.2916,3399.991871364003
6595.331149788429,0.3095,3018.087200912338
6595.381163230789,0.3404,2495.021212025843
6595.43117667315,0.2617,4221.289450711936
6595.481190115515,0.2619,4214.844759530919
6595.531203557885,0.2855,3546.8320910746534
6595.591219688732,0.3093,3021.9915697668166
6595.641233131106,0.2698,3971.63003812846
6595.691246573486,0.2977,3262.0852743878645
6595.741260015866,0.3173,2871.527733477434
6595.791273458251,0.2519,4556.130065938017
6595.841286900638,0.2873,3502.5280455402512
6595.891300343029,0.2875,3497.6566749653275
6595.941313785422,0.2741,3847.9963974927923
6595.991327227819,0.2317,5385.178216798389
6596.041340670218,0.2913,3406.9985262678338
6596.091354112622,0.3044,3120.0657569514365
6596.151370243507,0.2858,3539.3899115808117
6596.201383685918,0.2924,3381.4127790320354
6596.25139712833,0.2599,4279.962814111589
6596.301410570744,0.2683,4016.1628449969126
6596.351424013162,0.3035,3138.597641076858
6596.401437455583,0.2947,3328.838131911303
6596.451450898008,0.3069,3069.440998346113
6596.501464340435,0.2937,3351.5449336224483
6596.551477782864,0.2522,4545.297229640397
6596.601491225298,0.2473,4727.201902134651
6596.651504667735,0.2414,4961.097554951266
6596.711520798663,0.2835,3597.0519198374186
6596.7615342411045,0.2975,3266.4727309274454
6596.811547683551,0.3194,2833.8923816033157
6596.861561126,0.3199,2825.0406502301144
6596.911574568453,0.2521,4548.903878335181
6596.961588010907,0.3037,3134.4652026704116
6597.011601453365,0.2805,3674.4053857364806
6597.061614895827,0.3,3212.2585370872675
6597.11162833829,0.3176,2866.105512128721
6597.161641780757,0.3257,2725.3213142130016
6597.221657911722,0.262,4211.627947073782
6597.271671354195,0.2543,4470.537691173062
6597.321684796672,0.3199,2825.0406502301144
6597.371698239153,0.296,3299.6626448662705
6597.421711681635,0.2042,6933.302799112661
6597.471725124122,0.3472,2398.247287971925
6597.52173856661,0.2701,3962.812393465017
6597.571752009101,0.3598,2233.2182312244076
6597.621765451598,0.3469,2402.3970902904284
6597.671778894093,0.3313,2633.967446762326
6597.731795025095,0.3312,2635.558242131648
6597.7818084676,0.2762,3789.7049889778964
6597.8318219101075,0.3414,2480.4262511429374
6597.881835352619,0.2903,3430.5111326386846
6597.9318487951305,0.2313,5403.820019959806
6597.981862237648,0.2832,3604.6768020898567
6598.031875680168,0.2479,4704.346901651001
6598.08188912269,0.3095,3018.087200912338
6598.1319025652165,0.3221,2786.581505948822
6598.181916007745,0.3286,2677.4300615280627
6598.2419321387815,0.3131,2949.0829435270957
6598.291945581318,0.3421,2470.2858423931016
6598.341959023856,0.3234,2764.223659042831
6598.3919724663965,0.2862,3529.5033869299245
6598.441985908942,0.27,3965.7483427725333
6598.491999351489,0.3483,2383.1229773714845
6598.5420127940415,0.2948,3326.5801520935966
6598.5920262365935,0.2998,3216.545820986481
6598.642039679149,0.3239,2755.6960838933196
6598.692053121709,0.2544,4467.0238220835445
6598.742066564271,0.2696,3977.524828116934
6598.802082695351,0.3302,2651.545771432962
6598.852096137918,0.3279,2688.8737689673976
6598.90210958049,0.2427,4908.092795886907
6598.952123023066,0.2768,3773.293497698916
6599.002136465643,0.2751,3820.0720889004265
6599.052149908224,0.3084,3039.655332002462
6599.10216335081,0.2931,3365.2807122124536
6599.152176793396,0.2734,3867.725994263187
6599.202190235987,0.2107,6512.124623581891
6599.25220367858,0.2292,5503.296102761097
6599.302217121176,0.2431,4891.954466907117
6599.362233252296,0.3133,2945.3189700323283
6599.412246694897,0.3188,2844.5694841760833
6599.462260137505,0.2797,3695.454492590572
6599.512273580112,0.3454,2423.308555191042
6599.562287022724,0.3165,2886.0624455952066
6599.612300465339,0.2361,5186.331155048852
6599.662313907957,0.226,5660.244288121819
6599.712327350579,0.2261,5655.238567155457
6599.762340793201,0.3082,3043.601641832029
6599.812354235828,0.285,3559.2879889009005
6599.872370366985,0.3124,2962.313828666362
6599.922383809619,0.3137,2937.8126090513847
6599.972397252254,0.3496,2365.432525889354
6600.022410694894,0.3517,2337.268954253303
6600.0724241375365,0.2917,3397.6611223544232
6600.122437580183,0.2791,3711.3602471165027
6600.172451022832,0.211,6493.619985671053
6600.222464465482,0.2791,3711.3602471165027
6600.272477908136,0.2961,3297.4342799100295
6600.322491350795,0.3216,2795.252958105642
6600.382507481989,0.3339,2593.107117869632
6600.432520924651,0.3278,2690.5145717148553
6600.482534367319,0.31,3008.359318526563
6600.53254780999,0.2939,3346.98502458049
6600.582561252664,0.3236,2760.80788535653
6600.632574695338,0.3057,3093.585888130781
6600.682588138017,0.2945,3333.360993923456
6600.732601580701,0.2862,3529.5033869299245
6600.782615023387,0.2885,3473.4515949183747
6600.832628466073,0.2701,3962.812393465017
6600.882641908765,0.3103,3002.545147628981
6600.9426580399995,0.2835,3597.0519198374186
6600.992671482698,0.3167,2882.418439221678
6601.042684925398,0.2923,3383.726825984888
6601.092698368102,0.2802,3682.2776754252845
6601.1427118108095,0.2834,3599.5908569210164
6601.192725253519,0.3005,3201.577753602643
6601.242738696233,0.3171,2875.1511005304146
6601.292752138947,0.2781,3738.09897104217
6601.342765581668,0.2822,3630.2689404648436
6601.39277902439,0.2723,3899.037608473728
6601.442792467114,0.2832,3604.6768020898567
6601.502808598389,0.2871,3507.4096001280254
6601.552822041119,0.2479,4704.346901651001
6601.602835483854,0.2914,3404.6605700241007
6601.652848926593,0.2846,3569.3000106059667
6601.702862369333,0.2608,4250.474275773632
6601.752875812077,0.3029,3151.04410845394
6601.802889254823,0.2678,4031.1736629157613
6601.852902697574,0.3208,2809.2117091073246
6601.902916140326,0.3099,3010.301128777435
6601.952929583083,0.3183,2853.513231340545
6602.012945714391,0.2787,3722.021202261002
6602.062959157154,0.2696,3977.524828116934
6602.11297259992,0.289,3461.4431697246805
6602.162986042688,0.3139,2934.0701849050934
6602.21299948546,0.3076,3055.4867918840896
6602.263012928233,0.3265,2711.9823903245538
6602.313026371013,0.2932,3362.9855584947536
6602.363039813792,0.2899,3439.9843743600177
6602.413053256576,0.2863,3527.0382282405667
6602.463066699363,0.2347,5248.389001200582
6602.523082830709,0.2804,3677.0266749552843
6602.573096273503,0.3322,2619.7148736318186
6602.623109716299,0.3227,2776.22892215757
6602.673123159098,0.3135,2941.562197993522
6602.723136601901,0.3018,3174.0557300440323
6602.773150044705,0.3246,2743.823616868732
6602.823163487514,0.2859,3536.91438968837
6602.873176930326,0.2948,3326.5801520935966
6602.923190373139,0.2944,3335.6258823714475
6602.9732038159555,0.2997,3218.692682322808
6603.0332199473405,0.3544,2301.791698492181
6603.083233390164,0.3201,2821.511566467701
6603.133246832991,0.3312,2635.558242131648
6603.18326027582,0.2672,4049.297994775198
6603.2332737186525,0.2173,6122.55150022764
6603.283287161489,0.3243,2748.9024036622886
6603.3333006043285,0.3064,3079.466897183353
6603.383314047171,0.3466,2406.5576728380383
6603.433327490015,0.3172,2873.338560283675
6603.483340932861,0.2874,3500.091089022771
6603.533354375712,0.2958,3304.1261566809135
6603.593370507139,0.3076,3055.4867918840896
6603.643383949996,0.3267,2708.6629609026913
6603.693397392856,0.2753,3814.5237116833932
6603.743410835719,0.2691,3992.3193477401
6603.793424278586,0.2963,3292.9843166449605
6603.843437721456,0.3109,2990.9672580260044
6603.893451164328,0.2773,3759.6985532353315
6603.943464607204,0.2835,3597.0519198374186
6603.993478050082,0.246,4777.296008688198
6604.043491492963,0.2581,4339.868019702543
6604.093504935848,0.3167,2882.418439221678
6604.153521067313,0.2934,3358.4022893844863
6604.203534510204,0.258,4343.232897417076
6604.253547953099,0.3211,2803.9649498516496
6604.3035613959955,0.3339,2593.107117869632
6604.353574838895,0.3014,3182.4861252483956
6604.403588281799,0.2982,3251.155228981296
6604.453601724706,0.2448,4824.246846500482
6604.503615167615,0.2425,4916.191924126927
6604.553628610526,0.282,3635.420065837182
6604.603642053442,0.3015,3180.3753804405696
6604.663658184944,0.31,3008.359318526563
6604.713671627866,0.2707,3945.2649710138407
6604.76368507079,0.2591,4306.433234333258
6604.813698513718,0.2699,3968.6875560470253
6604.86371195665,0.3387,2520.1299691235704
6604.913725399582,0.3327,2611.846708663293
6604.96373884252,0.3083,3041.6275269034054
6605.013752285458,0.2482,4692.98150706806
6605.063765728402,0.3003,3205.8436653065805
6605.113779171348,0.2912,3409.338891525602
6605.173795302887,0.2648,4123.031520890361
6605.223808745839,0.3716,2093.6406823396846
6605.273822188795,0.2643,4138.646034116867
6605.323835631753,0.3383,2526.0929898501004
6605.3738490747155,0.3234,2764.223659042831
6605.423862517679,0.2916,3399.991871364003
6605.473875960647,0.2437,4867.895809506718
6605.5238894036165,0.27,3965.7483427725333
6605.573902846591,0.3194,2833.8923816033157
6605.623916289567,0.3755,2050.3769026018344
6605.673929732548,0.3669,2147.6232939706456
6605.733945864125,0.346,2414.9113282696926
6605.783959307111,0.3005,3201.577753602643
6605.833972750102,0.2593,4299.792654545444
6605.883986193094,0.2896,3447.1150806657342
6605.933999636087,0.31,3008.359318526563
6605.984013079085,0.2289,5517.730908483063
6606.034026522088,0.3351,2574.568486375962
6606.084039965092,0.3128,2954.742446804613
6606.134053408099,0.2375,5125.3675105417515
6606.184066851109,0.2614,4230.98423785698
6606.244082982726,0.3341,2590.0034684065104
6606.294096425742,0.2647,4126.14734616499
6606.344109868761,0.2598,4283.258249090156
6606.394123311784,0.2665,4070.597961391036
6606.444136754809,0.3087,3033.75024259497
6606.494150197839,0.3599,2231.977385560347
6606.5441636408705,0.2431,4891.954466907117
6606.5941770839045,0.3027,3155.209387173519
6606.644190526943,0.2987,3240.280025514659
6606.6942039699825,0.2896,3447.1150806657342
6606.744217413027,0.2454,4800.685332448373
6606.8042335446835,0.2864,3524.575651310661
6606.854246987734,0.2566,4390.7550314156115
6606.904260430789,0.3103,3002.545147628981
6606.954273873844,0.3883,1917.4271774694726
6607.004287316903,0.4079,1737.5861917833486
6607.054300759965,0.3041,3126.2247727095646
6607.10431420303,0.2515,4570.634193449539
6607.154327646099,0.2947,3328.838131911303
6607.20434108917,0.2591,4306.433234333258
6607.254354532245,0.3151,2911.765083205126
6607.314370663938,0.3307,2643.5338776598664
6607.364384107019,0.3138,2935.9405025202814
6607.414397550104,0.2813,3653.5356098753946
6607.46441099319,0.2992,3229.459297705147
6607.514424436279,0.3115,2979.4562064879715
6607.564437879372,0.3313,2633.967446762326
6607.614451322468,0.3384,2524.600252092078
6607.664464765568,0.316,2895.202751213293
6607.71447820867,0.3123,2964.211221310571
6607.764491651775,0.2737,3859.2519156600347
6607.824507783505,0.236,5190.7272634970095
6607.874521226616,0.283,3609.7735339529604
6607.924534669732,0.2501,4621.94784290611
6607.9745481128475,0.2265,5635.281940028642
6608.024561555969,0.2487,4674.130501187648
6608.074574999093,0.3077,3053.501104291715
6608.12458844222,0.3231,2769.359217805502
6608.174601885349,0.2434,4879.9028983838525
6608.2246153284805,0.2744,3839.5870413127814
6608.274628771617,0.3118,2973.7255843384537
6608.324642214757,0.3061,3085.5060331712075
6608.384658346527,0.3316,2629.2036927881763
6608.434671789671,0.3593,2239.438008220025
6608.484685232819,0.3162,2891.541425499313
6608.5346986759705,0.2691,3992.3193477401
6608.584712119126,0.3408,2489.1678090088426
6608.634725562282,0.3399,2502.3670460209973
6608.684739005441,0.3496,2365.432525889354
6608.734752448606,0.321,2805.7122351891753
6608.784765891772,0.2734,3867.725994263187
6608.834779334941,0.2906,3423.4318581695265
6608.894795466748,0.3651,2168.851673018435
6608.944808909923,0.2663,4076.7145385449776
6608.994822353103,0.2721,3904.7714654549213
6609.044835796284,0.3196,2830.3467034801142
6609.094849239468,0.3171,2875.1511005304146
6609.144862682655,0.2857,3541.8680333470065
6609.194876125848,0.3692,2120.948676368314
6609.24488956904,0.2456,4792.869842016381
6609.294903012238,0.2759,3797.950914908496
6609.344916455438,0.345,2428.9310626450447
6609.394929898639,0.341,2486.2488288886484
6609.454946030489,0.2751,3820.0720889004265
6609.504959473697,0.2218,5876.6374310593355
6609.554972916909,0.2819,3637.9997408792924
6609.604986360125,0.256,4411.360734177876
6609.654999803343,0.2815,3648.3459476954745
6609.705013246566,0.3138,2935.9405025202814
6609.75502668979,0.2763,3786.962313999427
6609.805040133015,0.2482,4692.98150706806
6609.855053576248,0.3006,3199.4479900794718
6609.90506701948,0.221,5919.260035161722
6609.9650831513645,0.2728,3884.7580990268857
6610.015096594603,0.3452,2426.1173657732556
6610.065110037846,0.3265,2711.9823903245538
6610.115123481092,0.3232,2767.645775835314
6610.165136924342,0.3443,2438.817645250401
6610.215150367594,0.324,2753.99530468371
6610.265163810848,0.3483,2383.1229773714845
6610.315177254106,0.3097,3014.190393753874
6610.365190697368,0.2614,4230.98423785698
6610.415204140632,0.3045,3118.0167959085725
6610.475220272552,0.3368,2548.643856803184
6610.525233715822,0.3252,2733.708177781939
6610.575247159097,0.3265,2711.9823903245538
6610.625260602373,0.2662,4079.7779983063315
6610.675274045653,0.2566,4390.7550314156115
6610.7252874889355,0.2528,4523.747140962834
6610.775300932221,0.2867,3517.203375069982
6610.825314375509,0.3126,2958.5245046469045
6610.8753278188,0.3052,3103.730415652919
6610.925341262095,0.285,3559.2879889009005
6610.975354705391,0.2411,4973.45134215617
6611.035370837352,0.2685,4010.181985226599
6611.085384280658,0.3176,2866.105512128721
6611.135397723966,0.3519,2334.612974565164
6611.185411167275,0.3168,2880.599023554741
6611.235424610589,0.2468,4746.37520523053
6611.285438053903,0.2796,3698.0983424601222
6611.3354514972225,0.359,2243.182354955459
6611.385464940545,0.259,4309.759294532942
6611.43547838387,0.3171,2875.1511005304146
6611.485491827199,0.3655,2164.1071390442476
6611.53550527053,0.3394,2509.7453692113104
6611.595521402532,0.2831,3607.22381777936
6611.645534845867,0.3144,2924.745350947027
6611.695548289208,0.2675,4040.2205841437444
6611.745561732552,0.3493,2369.4974125825297
6611.7955751759,0.3782,2021.2058710430138
6611.84558861925,0.3238,2757.3984391096355
6611.895602062601,0.2707,3945.2649710138407
6611.945615505956,0.2646,4129.266704775489
6611.995628949317,0.2598,4283.258249090156
6612.045642392676,0.2847,3566.793048452706
6612.105658524714,0.3151,2911.765083205126
6612.155671968082,0.3047,3113.924924215146
6612.2056854114535,0.2745,3836.7900477386006
6612.2556988548295,0.2613,4234.2232563357165
6612.3057122982045,0.278,3740.7887248837624
6612.355725741586,0.3016,3178.26673482492
6612.405739184969,0.3046,3115.96985254591
6612.455752628355,0.2904,3428.148936584312
6612.505766071745,0.3058,3091.562951599315
6612.555779515136,0.3223,2783.124219851455
6612.615795647211,0.3084,3039.655332002462
6612.665809090609,0.2637,4157.500817558074
6612.715822534013,0.2329,5329.827953016803
6612.765835977417,0.3057,3093.585888130781
6612.815849420825,0.2598,4283.258249090156
6612.865862864234,0.2351,5230.545013446998
6612.915876307648,0.2927,3374.484863011275
6612.965889751065,0.32,2823.275281222512
6613.015903194484,0.3053,3101.6975221419066
6613.065916637908,0.3067,3073.445474094121
6613.115930081332,0.2979,3257.706651622427
6613.175946213449,0.3413,2481.879976522736
6613.22595965688,0.3249,2738.758892197164
6613.275973100315,0.3224,2781.3979891045115
6613.325986543753,0.2975,3266.4727309274454
6613.3759999871945,0.2668,4061.4488740872434
6613.42601343064,0.2619,4214.844759530919
6613.476026874086,0.2741,3847.9963974927923
6613.526040317536,0.2968,3281.898738813917
6613.576053760989,0.2859,3536.91438968837
6613.6260672044455,0.2431,4891.954466907117
6613.686083336597,0.2604,4263.54254766633
6613.7360967800605,0.298,3255.5206454960176
6613.786110223526,0.3077,3053.501104291715
6613.836123666995,0.2938,3349.2638150715134
6613.886137110467,0.2238,5772.0734815715805
6613.936150553941,0.3398,2503.8401054038045
6613.986163997419,0.2979,3257.706651622427
6614.0361774409,0.3215,2796.99210521702
6614.0861908843835,0.3052,3103.730415652919
6614.1362043278705,0.2602,4270.0992958802
6614.18621777136,0.288,3485.5226180516383
6614.246233903552,0.255,4446.027346678904
6614.296247347048,0.2609,4247.216595887626
6614.3462607905485,0.32,2823.275281222512
6614.396274234049,0.2743,3842.3870944857767
6614.446287677554,0.2937,3351.5449336224483
6614.496301121063,0.3447,2433.1607945617
6614.5463145645745,0.3354,2569.964891742478
6614.59632800809,0.3064,3079.466897183353
6614.6463414516065,0.3687,2126.7050665022534
6614.696354895127,0.3069,3069.440998346113
6614.756371027354,0.3395,2508.267096248029
6614.80638447088,0.3322,2619.7148736318186
6614.856397914411,0.3343,2586.9053876751095
6614.906411357944,0.3556,2286.2828022535564
6614.956424801479,0.3238,2757.3984391096355
6615.006438245018,0.2216,5887.249818785547
6615.056451688559,0.3531,2318.771755680467
6615.106465132104,0.3014,3182.4861252483956
6615.156478575653,0.2814,3650.9393956181857
6615.206492019203,0.2708,3942.351734705674
6615.266508151468,0.2773,3759.6985532353315
6615.316521595025,0.3011,3188.8309827210774
6615.366535038585,0.295,3322.07107924079
6615.416548482148,0.3071,3065.4443438132353
6615.466561925717,0.2808,3666.558314174763
6615.516575369283,0.2365,5168.802450240439
6615.566588812857,0.2529,4520.17036367068
6615.616602256432,0.2882,3480.6866692364592
6615.666615700011,0.3043,3122.1167383271527
6615.716629143593,0.2997,3218.692682322808
6615.766642587176,0.2954,3313.080393670894
6615.826658719482,0.3743,2063.5448949851398
6615.876672163071,0.321,2805.7122351891753
6615.926685606665,0.2994,3225.1461782999518
6615.976699050262,0.2837,3591.9820977114605
6616.026712493863,0.282,3635.420065837182
6616.076725937465,0.2839,3586.922986437832
6616.12673938107,0.2601,4273.38334334634
6616.17675282468,0.2967,3284.111371601679
6616.22676626829,0.3064,3079.466897183353
6616.276779711905,0.3542,2304.391851008013
6616.336795844248,0.3256,2726.9955964298865
6616.386809287869,0.2873,3502.5280455402512
6616.436822731493,0.2691,3992.3193477401
6616.48683617512,0.282,3635.420065837182
6616.536849618749,0.3373,2541.093464546251
6616.586863062384,0.272,3907.6431381706007
6616.63687650602,0.2867,3517.203375069982
6616.6868899496585,0.3054,3099.6666252458385
6616.736903393299,0.2891,3459.0489583498706
6616.786916836947,0.2646,4129.266704775489
6616.836930280595,0.2666,4067.5448336561217
6616.896946412975,0.2987,3240.280025514659
6616.946959856631,0.315,2913.614110520386
6616.996973300289,0.3475,2394.1082286720193
6617.046986743949,0.3228,2774.509101648698
6617.097000187614,0.2863,3527.0382282405667
6617.147013631279,0.2699,3968.6875560470253
6617.197027074951,0.2812,3656.1345944028303
6617.247040518622,0.3205,2814.4732087007897
6617.297053962298,0.3602,2228.261047325964
6617.347067405978,0.3157,2900.7077924223854
6617.407083538395,0.2162,6185.011336402242
6617.45709698208,0.2397,5031.716977017371
6617.507110425769,0.2706,3948.1814376588104
6617.557123869459,0.3265,2711.9823903245538
6617.607137313153,0.3328,2610.2773297822273
6617.657150756851,0.3146,2921.027860306146
6617.707164200551,0.3459,2416.3078321270245
6617.757177644255,0.3477,2391.3548058461597
6617.80719108796,0.3466,2406.5576728380383
6617.857204531669,0.3449,2430.339746982105
6617.907217975382,0.3499,2361.378090236533
6617.96723410784,0.3525,2326.6721423670965
6618.017247551558,0.3532,2317.458937480823
6618.06726099528,0.3538,2309.6053908218355
6618.117274439005,0.3515,2339.929468896212
6618.167287882732,0.3431,2455.9070681973785
6618.217301326463,0.4043,1768.667785623423
6618.267314770195,0.3596,2235.703028828337
6618.317328213932,0.3523,2329.3145788790966
6618.367341657673,0.3071,3065.4443438132353
6618.4173551014155,0.281,3661.3408900463132
6618.477371233909,0.3003,3205.8436653065805
6618.527384677658,0.3274,2697.0928243918597
6618.577398121412,0.3108,2992.8922508212763
6618.627411565167,0.3028,3153.1257161266067
6618.677425008926,0.3372,2542.6008564321874
6618.727438452685,0.3159,2897.036022394124
6618.777451896448,0.2961,3297.4342799100295
6618.827465340217,0.2691,3992.3193477401
6618.8774787839875,0.2503,4614.564570307083
6618.92749222776,0.2687,4004.2144755375707
6618.987508360291,0.3184,2851.721110630626
6619.037521804071,0.2979,3257.706651622427
6619.087535247852,0.2907,3421.0769691016353
6619.137548691639,0.2801,3684.9073946964813
6619.187562135427,0.3493,2369.4974125825297
6619.23757557922,0.3758,2047.1045986431716
6619.287589023014,0.3547,2297.8997134840847
6619.3376024668105,0.3202,2819.749503899485
6619.387615910611,0.2866,3519.6582283198545
6619.437629354416,0.3463,2410.729072986512
6619.487642798222,0.2916,3399.991871364003
6619.547658930794,0.3043,3122.1167383271527
6619.597672374607,0.3216,2795.252958105642
6619.647685818421,0.3223,2783.124219851455
6619.697699262241,0.3165,2886.0624455952066
6619.747712706063,0.2976,3264.2778969515994
6619.797726149887,0.268,4025.159253269152
6619.847739593716,0.2993,3227.301657204479
6619.897753037547,0.3289,2672.547968166297
6619.94776648138,0.2624,4198.797453662458
6619.9977799252165,0.32,2823.275281222512
6620.057796057825,0.2525,4534.502982337386
6620.107809501669,0.2648,4123.031520890361
6620.157822945514,0.2932,3362.9855584947536
6620.207836389364,0.2724,3896.175414921781
6620.257849833217,0.3723,2085.7751610749897
6620.307863277071,0.2978,3259.8948602664204
6620.35787672093,0.2805,3674.4053857364806
6620.407890164792,0.2728,3884.7580990268857
6620.457903608656,0.3191,2839.223404403825
6620.507917052524,0.2927,3374.484863011275
6620.557930496394,0.2685,4010.181985226599
6620.617946629042,0.2831,3607.22381777936
6620.667960072919,0.2969,3279.6883413774804
6620.717973516799,0.3347,2580.7258791899517
6620.767986960681,0.2679,4028.16477433352
6620.818000404568,0.2658,4092.0664330289687
6620.868013848456,0.2847,3566.793048452706
6620.918027292349,0.3005,3201.577753602643
6620.968040736243,0.3102,3004.481330371981
6621.018054180139,0.3037,3134.4652026704116
6621.068067624041,0.3012,3186.713923594403
6621.128083756726,0.3327,2611.846708663293
6621.178097200634,0.3215,2796.99210521702
6621.2281106445425,0.3191,2839.223404403825
6621.278124088455,0.3275,2695.4460012946774
6621.328137532372,0.3066,3075.450651302714
6621.378150976292,0.3168,2880.599023554741
6621.428164420213,0.3072,3063.448943139124
6621.478177864138,0.3063,3081.477970985643
6621.528191308067,0.3313,2633.967446762326
6621.578204751998,0.3073,3061.4554901410593
6621.628218195933,0.3142,2928.469942788107
6621.688234328656,0.2661,4082.844912435025
6621.738247772597,0.2684,4013.1707438643975
6621.78826121654,0.2799,3690.175291415008
6621.838274660488,0.2919,3393.0068085355033
6621.888288104437,0.3014,3182.4861252483956
6621.938301548388,0.3186,2848.1419303585953
6621.988314992345,0.3484,2381.7551391800093
6622.038328436302,0.3663,2154.6646578579584
6622.088341880264,0.332,2622.872097787167
6622.138355324229,0.2636,4160.655805145278
6622.1983714569915,0.267,4055.366608121371
6622.248384900962,0.2917,3397.6611223544232
6622.298398344937,0.282,3635.420065837182
6622.348411788914,0.2881,3483.103384723924
6622.398425232893,0.3046,3115.96985254591
6622.448438676876,0.3099,3010.301128777435
6622.498452120863,0.3531,2318.771755680467
6622.5484655648515,0.3595,2236.946983072772
6622.598479008844,0.2475,4719.565097549159
6622.648492452838,0.2835,3597.0519198374186
6622.708508585634,0.2917,3397.6611223544232
6622.758522029637,0.3147,2919.171772295897
6622.8085354736395,0.3361,2559.2710702149475
6622.858548917648,0.3177,2864.301517528459
6622.908562361659,0.2669,4058.406031968986
6622.958575805672,0.2481,4696.765391282568
6623.008589249688,0.2605,4260.269835306296
6623.058602693707,0.3162,2891.541425499313
6623.108616137731,0.2577,4353.351044329897
6623.158629581755,0.2282,5551.63378843719
6623.208643025783,0.3134,2943.439684979759
6623.26865915862,0.3689,2124.3997015734567
6623.318672602655,0.359,2243.182354955459
6623.368686046694,0.3421,2470.2858423931016
6623.418699490734,0.338,2530.5791553355007
6623.468712934779,0.3102,3004.481330371981
6623.518726378824,0.2699,3968.6875560470253
6623.568739822875,0.3241,2752.2960995360236
6623.618753266926,0.3334,2600.890692464452
6623.668766710984,0.3046,3115.96985254591
6623.718780155043,0.2806,3671.78689852705
6623.7787962879165,0.2951,3319.819979983887
6623.828809731981,0.3092,3023.946595945445
6623.87882317605,0.2812,3656.1345944028303
6623.928836620121,0.2938,3349.2638150715134
6623.978850064194,0.3013,3184.598972035698
6624.028863508272,0.3253,2732.027710770497
6624.0788769523515,0.3003,3205.8436653065805
6624.128890396436,0.3112,2985.2034097072737
6624.178903840521,0.3361,2559.2710702149475
6624.2289172846085,0.316,2895.202751213293
6624.278930728701,0.2802,3682.2776754252845
6624.338946861617,0.2825,3622.562755982256
6624.388960305713,0.3051,3105.765308396951
6624.438973749816,0.3379,2532.0771997988454
6624.48898719392,0.3412,2483.3349802737002
6624.539000638028,0.3078,3051.5173517466733
6624.589014082139,0.3017,3176.1601856187644
6624.639027526253,0.3027,3155.209387173519
6624.6890409703665,0.2876,3495.224799832439
6624.739054414487,0.2881,3483.103384723924
6624.789067858609,0.3067,3073.445474094121
6624.849083991561,0.3197,2828.576359284631
6624.8990974356875,0.3493,2369.4974125825297
6624.94911087982,0.3589,2244.4325575807375
6624.999124323956,0.3149,2915.4648996473475
6625.049137768093,0.3363,2556.227951028111
6625.0991512122355,0.3584,2250.6992759914538
6625.149164656377,0.3577,2259.516869812723
6625.199178100525,0.3508,2349.2771323227576
6625.2491915446735,0.3262,2716.9729871640734
6625.299204988828,0.3097,3014.190393753874
6625.349218432983,0.334,2591.554596212904
6625.409234565973,0.3178,2862.499225607635
6625.4592480101355,0.3375,2538.08269948162
6625.5092614543,0.321,2805.7122351891753
6625.559274898469,0.2849,3561.787041303226
6625.609288342639,0.2781,3738.09897104217
6625.659301786814,0.3246,2743.823616868732
6625.70931523099,0.3473,2396.8664097028172
6625.75932867517,0.3237,2759.1023722804402
6625.809342119354,0.2905,3425.7891795468017
6625.859355563539,0.2709,3939.4417239654254
6625.919371696567,0.2485,4681.657249863019
6625.96938514076,0.2937,3351.5449336224483
6626.019398584955,0.3471,2399.629359908445
6626.069412029153,0.3505,2353.300429020165
6626.1194254733555,0.2782,3735.412117194173
6626.169438917559,0.3132,2947.200055447972
6626.219452361768,0.2997,3218.692682322808
6626.269465805978,0.2649,4119.919223617279
6626.31947925019,0.2788,3719.3516611207156
6626.369492694407,0.3008,3195.194833544297
6626.429508827472,0.3356,2566.9026850006912
6626.479522271692,0.3188,2844.5694841760833
6626.529535715919,0.3154,2906.2285497928683
6626.5795491601475,0.3586,2248.1894428981886
6626.629562604379,0.3046,3115.96985254591
6626.679576048616,0.2954,3313.080393670894
6626.729589492851,0.3401,2499.4248244170844
6626.779602937092,0.3521,2331.961519530962
6626.829616381337,0.3128,2954.742446804613
6626.879629825584,0.2811,3658.736353143221
6626.929643269833,0.2795,3700.74503059086
6626.989659402936,0.3196,2830.3467034801142
6627.039672847192,0.3665,2152.3136937335303
6627.089686291453,0.2893,3454.2679817187495
6627.139699735715,0.2824,3625.1287554952187
6627.18971317998,0.2953,3315.3246402940645
6627.239726624247,0.274,3850.8056562794777
6627.289740068518,0.2681,4022.15709469934
6627.339753512792,0.2832,3604.6768020898567
6627.389766957069,0.2853,3551.806592083174
6627.439780401348,0.2878,3490.3686522291264
6627.499796534489,0.3325,2614.989715420094
6627.5498099787765,0.3541,2305.693579744868
6627.5998234230665,0.3499,2361.378090236533
6627.6498368673565,0.3341,2590.0034684065104
6627.699850311653,0.3083,3041.6275269034054
6627.749863755951,0.31,3008.359318526563
6627.799877200252,0.3309,2640.3392847296554
6627.849890644557,0.3197,2828.576359284631
6627.899904088864,0.3356,2566.9026850006912
6627.949917533174,0.3668,2148.7944554693545
6627.9999309774885,0.2691,3992.3193477401
6628.059947110666,0.3492,2370.8547034761564
6628.109960554986,0.3521,2331.961519530962
6628.15997399931,0.338,2530.5791553355007
6628.209987443635,0.3854,1946.3916031652084
6628.260000887964,0.3002,3207.979819160057
6628.310014332295,0.2679,4028.16477433352
6628.360027776631,0.2876,3495.224799832439
6628.410041220968,0.3174,2869.718617952696
6628.460054665309,0.32,2823.275281222512
6628.510068109653,0.2989,3235.9452177209314
6628.570084242868,0.3096,3016.1378533422057
6628.620097687219,0.317,2876.965356380058
6628.670111131571,0.2288,5522.555132766219
6628.720124575928,0.2971,3275.2742405234176
6628.770138020285,0.2852,3554.2977679744854
6628.820151464648,0.2951,3319.819979983887
6628.870164909013,0.2925,3379.1011050468323
6628.920178353381,0.3299,2656.3704031519205
6628.970191797753,0.3387,2520.1299691235704
6629.020205242125,0.3139,2934.0701849050934
6629.08022137538,0.314,2932.2016539273163
6629.13023481976,0.3081,3045.577679281461
6629.1802482641415,0.3233,2765.9339235697335
6629.230261708528,0.3431,2455.9070681973785
6629.280275152918,0.3217,2793.51543257156
6629.330288597309,0.3101,3006.4193865319435
6629.380302041704,0.2895,3449.496910390173
6629.430315486104,0.3237,2759.1023722804402
6629.480328930504,0.3339,2593.107117869632
6629.530342374909,0.3554,2288.856712961658
6629.580355819315,0.3515,2339.929468896212
6629.640371952608,0.3315,2630.7901738263845
6629.690385397022,0.3756,2049.2852633588845
6629.740398841438,0.3237,2759.1023722804402
6629.790412285857,0.2809,3663.9482090688866
6629.840425730281,0.3038,3132.4020433470814
6629.890439174707,0.3248,2740.445574502867
6629.940452619135,0.3286,2677.4300615280627
6629.990466063566,0.3654,2165.2918119196597
6630.040479507999,0.2996,3220.841693738345
6630.090492952438,0.2751,3820.0720889004265
6630.140506396878,0.2762,3789.7049889778964
6630.200522530211,0.3019,3171.953365327252
6630.250535974658,0.3604,2225.788642671581
6630.300549419108,0.3287,2675.801211730145
6630.350562863559,0.3475,2394.1082286720193
6630.400576308016,0.334,2591.554596212904
6630.450589752475,0.2943,3337.893079958604
6630.500603196936,0.2969,3279.6883413774804
6630.550616641401,0.3128,2954.742446804613
6630.60063008587,0.3138,2935.9405025202814
6630.650643530338,0.3416,2477.522629510481
6630.710659663708,0.2982,3251.155228981296
6630.760673108184,0.2659,4088.9891245861804
6630.810686552665,0.2814,3650.9393956181857
6630.860699997148,0.2807,3669.1712093348297
6630.9107134416345,0.3265,2711.9823903245538
6630.960726886124,0.3635,2187.986695357667
6631.010740330616,0.3282,2683.960356416851
6631.060753775109,0.3694,2118.6526625324227
6631.110767219608,0.2883,3478.2724680964984
6631.160780664109,0.3277,2692.156876795004
6631.220796797514,0.3077,3053.501104291715
6631.27081024202,0.3448,2431.749657146761
6631.320823686531,0.3545,2300.4932722275803
6631.370837131044,0.329,2670.9235707893313
6631.420850575561,0.2916,3399.991871364003
6631.470864020081,0.2567,4387.334787782805
6631.520877464603,0.2853,3551.806592083174
6631.570890909127,0.3423,2467.4000031209457
6631.6209043536555,0.2904,3428.148936584312
6631.670917798187,0.2476,4715.7536331051715
6631.720931242721,0.2474,4723.38118473278
6631.780947376165,0.2708,3942.351734705674
6631.830960820707,0.3018,3174.0557300440323
6631.880974265251,0.3139,2934.0701849050934
6631.9309877097985,0.314,2932.2016539273163
6631.981001154346,0.3086,3035.7166923312893
6632.031014598898,0.3052,3103.730415652919
6632.081028043455,0.3163,2889.713366569046
6632.131041488013,0.3368,2548.643856803184
6632.181054932575,0.3229,2772.7908787386436
6632.231068377138,0.2495,4644.204292088828
6632.291084510621,0.3037,3134.4652026704116
6632.341097955192,0.3032,3144.811638469193
6632.391111399765,0.3177,2864.301517528459
6632.441124844342,0.2956,3308.5987314316562
6632.49113828892,0.3091,3025.9035198944503
6632.541151733503,0.3156,2902.5462956878578
6632.59116517809,0.3263,2715.307925360452
6632.641178622678,0.3431,2455.9070681973785
6632.691192067271,0.3009,3193.071434887825
6632.741205511864,0.274,3850.8056562794777
6632.791218956462,0.3474,2395.4867237269227
6632.851235089984,0.3197,2828.576359284631
6632.901248534587,0.3211,2803.9649498516496
6632.951261979194,0.2718,3913.3959953322947
6633.001275423805,0.2678,4031.1736629157613
6633.051288868419,0.2937,3351.5449336224483
6633.1013023130345,0.334,2591.554596212904
6633.151315757652,0.3428,2460.207490372655
6633.201329202274,0.3044,3120.0657569514365
6633.251342646899,0.3307,2643.5338776598664
6633.301356091527,0.3376,2536.579323129227
6633.361372225083,0.3246,2743.823616868732
6633.411385669718,0.3253,2732.027710770497
6633.461399114354,0.3147,2919.171772295897
6633.511412558996,0.3199,2825.0406502301144
6633.561426003639,0.31,3008.359318526563
6633.611439448286,0.287,3509.854205300112
6633.661452892933,0.2657,4095.147216679788
6633.711466337587,0.3157,2900.7077924223854
6633.761479782241,0.3623,2202.504636051701
6633.811493226899,0.2908,3418.724508998033
6633.871509360493,0.3015,3180.3753804405696
6633.921522805159,0.318,2858.8997412394115
6633.971536249827,0.2947,3328.838131911303
6634.021549694496,0.2716,3919.1615659413524
6634.071563139169,0.2872,3504.9675480594015
6634.121576583845,0.3258,2723.6485734511043
6634.171590028525,0.3313,2633.967446762326
6634.221603473208,0.2933,3360.692751951901
6634.271616917893,0.3199,2825.0406502301144
6634.321630362581,0.3033,3142.738257103709
6634.3716438072715,0.3359,2562.3196267628896
6634.431659940906,0.3179,2860.6986342241853
6634.481673385601,0.2889,3463.8398677219484
6634.5316868303025,0.2784,3730.0470928168825
6634.581700275006,0.2963,3292.9843166449605
6634.631713719714,0.3166,2884.2395791753224
6634.681727164425,0.3335,2599.331176448008
6634.731740609135,0.3253,2732.027710770497
6634.781754053852,0.3127,2956.6325686153614
6634.831767498571,0.2834,3599.5908569210164
6634.881780943291,0.2255,5685.372866157796
6634.931794388015,-0.1782,9104.275088165785
6634.99181052169,-1.1463,220.01894082305975
6635.04182396642,0.0469,131429.14767195447
6635.091837411154,-1.4103,145.35617990917197
6635.141850855891,0.2715,3922.0491304985076
6635.19186430063,0.2088,6631.178952462043
6635.241877745373,0.2399,5023.3308184551415
6635.291891190119,0.2846,3569.3000106059667
6635.341904634869,0.3163,2889.713366569046
6635.39191807962,0.3273,2698.741157177062
6635.441931524375,0.335,2576.105767010457
6635.501947658083,0.3001,3210.118108804225
6635.551961102844,0.2796,3698.0983424601222
6635.601974547609,0.3092,3023.946595945445
6635.651987992374,0.3253,2732.027710770497
6635.7020014371465,0.3374,2539.5874127587376
6635.7520148819185,0.3428,2460.207490372655
6635.802028326695,0.3131,2949.0829435270957
6635.8520417714735,0.3349,2577.6444249267183
6635.902055216255,0.307,3067.441694701488
6635.95206866104,0.3,3212.2585370872675
6636.012084794786,0.2553,4435.584578840328
6636.062098239576,0.2526,4530.913443562813
6636.1121116843715,0.3266,2710.3219133465172
6636.162125129168,0.3384,2524.600252092078
6636.212138573967,0.3061,3085.5060331712075
6636.262152018772,0.3262,2716.9729871640734
6636.312165463578,0.3206,2812.7177342814084
6636.362178908385,0.2774,3756.9883821196468
6636.412192353198,0.2805,3674.4053857364806
6636.462205798014,0.2868,3514.7510892015907
6636.522221931795,0.2683,4016.1628449969126
6636.572235376617,0.2542,4474.0557080356475
6636.622248821441,0.2866,3519.6582283198545
6636.67226226627,0.3455,2421.9059787236383
6636.7222757111,0.3241,2752.2960995360236
6636.772289155932,0.3139,2934.0701849050934
6636.822302600768,0.3396,2506.7901289834685
6636.8723160456075,0.3788,2014.8079836094234
6636.9223294904505,0.3537,2310.9115402995226
6636.972342935294,0.3464,2409.3374020011433
6637.022356380143,0.3425,2464.519217842696
6637.082372513965,0.3397,2505.3144658803876
6637.13238595882,0.3403,2496.4877888518704
6637.182399403678,0.3012,3186.713923594403
6637.232412848538,0.2631,4176.484742636591
6637.2824262934,0.2953,3315.3246402940645
6637.332439738268,0.2959,3301.8932694378636
6637.382453183138,0.2671,4052.3305974262867
6637.43246662801,0.3427,2461.6434747637713
6637.482480072885,0.304,3128.281831043402
6637.532493517764,0.2528,4523.747140962834
6637.582506962645,0.309,3027.862344070884
6637.642523096507,0.3113,2983.285829013653
6637.692536541393,0.2892,3456.657230158815
6637.742549986285,0.2828,3614.8810830349903
6637.79256343118,0.285,3559.2879889009005
6637.842576876074,0.3045,3118.0167959085725
6637.892590320975,0.3191,2839.223404403825
6637.942603765877,0.3234,2764.223659042831
6637.992617210781,0.2864,3524.575651310661
6638.04263065569,0.2839,3586.922986437832
6638.092644100602,0.3283,2682.325544709768
6638.152660234499,0.3125,2960.41825722181
6638.202673679417,0.297,3277.4801762823113
6638.25268712434,0.3163,2889.713366569046
6638.302700569263,0.2755,3808.9874136160897
6638.352714014189,0.2931,3365.2807122124536
6638.40272745912,0.3539,2308.3003484036926
6638.452740904051,0.286,3534.4414640341424
6638.502754348988,0.3346,2582.2686788357832
6638.552767793926,0.2525,4534.502982337386
6638.602781238868,0.3157,2900.7077924223854
6638.662797372802,0.3626,2198.861634225426
6638.712810817749,0.337,2545.6196668632056
6638.7628242627015,0.3376,2536.579323129227
6638.812837707653,0.3237,2759.1023722804402
6638.86285115261,0.3,3212.2585370872675
6638.912864597571,0.3269,2705.3496221576283
6638.962878042535,0.3466,2406.5576728380383
6639.0128914874995,0.317,2876.965356380058
6639.062904932468,0.2921,3388.362051794945
6639.11291837744,0.2739,3853.61799257035
6639.162931822415,0.2743,3842.3870944857767
6639.222947956389,0.2988,3238.111533567312
6639.272961401371,0.3079,3049.535531735518
6639.322974846353,0.2865,3522.115652536298
6639.37298829134,0.3042,3124.1697426927344
6639.423001736331,0.3186,2848.1419303585953
6639.473015181324,0.3786,2016.9372333002268
6639.523028626319,0.337,2545.6196668632056
6639.573042071319,0.3447,2433.1607945617
6639.62305551632,0.3181,2857.1025445179766
6639.673068961325,0.3509,2347.9383260024315
6639.733085095335,0.3737,2070.1765116067954
6639.783098540345,0.3133,2945.3189700323283
6639.83311198536,0.2821,3632.8431336614085
6639.883125430378,0.2966,3286.3262427558984
6639.933138875398,0.3029,3151.04410845394
6639.983152320421,0.3264,2713.644393705383
6640.033165765448,0.3287,2675.801211730145
6640.083179210477,0.2794,3703.394561046866
6640.1331926555085,0.2939,3346.98502458049
6640.183206100544,0.3166,2884.2395791753224
6640.233219545581,0.3715,2094.7679592318805
6640.293235679631,0.3292,2667.6792158382887
6640.343249124676,0.3267,2708.6629609026913
6640.3932625697225,0.3331,2605.5776707256055
6640.443276014773,0.3107,2994.8191026088543
6640.493289459825,0.269,3995.288155597152
6640.543302904882,0.3199,2825.0406502301144
6640.593316349941,0.33,2654.760730500015
6640.643329795003,0.3073,3061.4554901410593
6640.693343240068,0.2792,3708.7021652273843
6640.743356685137,0.2789,3716.684990958872
6640.803372819221,0.3014,3182.4861252483956
6640.853386264296,0.3106,2996.74781578318
6640.903399709373,0.3336,2597.773062659615
6640.953413154455,0.289,3461.4431697246805
6641.003426599538,0.2621,4208.41481586787
6641.053440044623,0.3287,2675.801211730145
6641.103453489715,0.3312,2635.558242131648
6641.153466934805,0.2652,4110.603446614893
6641.203480379901,0.2898,3442.3588160509594
6641.253493824999,0.3236,2760.80788535653
6641.31350995912,0.3214,2798.7328759241436
6641.363523404226,0.3559,2282.4300692527218
6641.413536849333,0.3119,2971.8190506149413
6641.463550294443,0.2953,3315.3246402940645
6641.513563739557,0.3002,3207.979819160057
6641.563577184673,0.3183,2853.513231340545
6641.613590629793,0.3142,2928.469942788107
6641.6636040749145,0.304,3128.281831043402
6641.71361752004,0.2791,3711.3602471165027
6641.763630965169,0.3049,3109.8411020778326
6641.8136444103,0.3113,2983.285829013653
6641.87366054446,0.3061,3085.5060331712075
6641.923673989599,0.3259,2721.9773722525542
6641.973687434739,0.2568,4383.9185389681525
6642.023700879883,0.2513,4577.912243249819
6642.07371432503,0.3089,3029.8230709357736
6642.123727770179,0.3432,2454.4760995965175
6642.1737412153325,0.3481,2385.862191087195
6642.223754660487,0.3593,2239.438008220025
6642.273768105645,0.3481,2385.862191087195
6642.323781550807,0.3051,3105.765308396951
6642.373794995971,0.2966,3286.3262427558984
6642.433811130173,0.3155,2904.3865474054237
6642.4838245753435,0.3583,2251.955768915221
6642.533838020516,0.3622,2203.720982047752
6642.5838514656925,0.2976,3264.2778969515994
6642.633864910874,0.317,2876.965356380058
6642.683878356055,0.3532,2317.458937480823
6642.733891801241,0.2939,3346.98502458049
6642.783905246428,0.2868,3514.7510892015907
6642.833918691621,0.3731,2076.8401477231337
6642.883932136816,0.3215,2796.99210521702
6642.943948271052,0.3461,2413.5160347256206
6642.993961716252,0.3135,2941.562197993522
6643.043975161456,0.3079,3049.535531735518
6643.0939886066635,0.2665,4070.597961391036
6643.144002051873,0.2789,3716.684990958872
6643.194015497087,0.3559,2282.4300692527218
6643.244028942301,0.3367,2550.1579730841986
6643.29404238752,0.275,3822.8508181740917
6643.344055832741,0.3054,3099.6666252458385
6643.394069277966,0.3186,2848.1419303585953
6643.454085412238,0.311,2989.044121832443
6643.50409885747,0.3219,2790.045238177157
6643.554112302704,0.3156,2902.5462956878578
6643.60412574794,0.3041,3126.2247727095646
6643.6541391931805,0.297,3277.4801762823113
6643.704152638423,0.2966,3286.3262427558984
6643.754166083668,0.31,3008.359318526563
6643.804179528917,0.2898,3442.3588160509594
6643.854192974169,0.2873,3502.5280455402512
